#t[yr]	ecc	inc	eachmass	totalmass
0.000000e+00	5.000000000000000e-02	2.500000000000000e-02	5.000000000000000e-15	3.000000000000000e-07
1.000000e-03	5.000002340325402e-02	2.500000966010725e-02	5.000000000000000e-15	3.000000000000000e-07
1.000000e-02	5.000023403191855e-02	2.500009660086789e-02	5.000000000000000e-15	3.000000000000000e-07
1.000000e-01	5.000234025818507e-02	2.500096598855149e-02	5.000000000000000e-15	3.000000000000000e-07
1.000000e+00	5.002339648585671e-02	2.500965787388810e-02	5.000000000000000e-15	3.000000000000000e-07
1.000000e+01	5.023335812851110e-02	2.509637835652792e-02	5.000000000000000e-15	3.000000000000000e-07
2.069880e+01	5.048045967684275e-02	2.519869294777966e-02	5.000000000000000e-15	3.000000000000000e-07
3.154694e+01	5.072817886678518e-02	2.530155430480666e-02	5.000000000000000e-15	3.000000000000000e-07
4.257311e+01	5.097711299572159e-02	2.540521190162764e-02	5.000000000000000e-15	3.000000000000000e-07
5.378025e+01	5.122725826303606e-02	2.550966689111966e-02	5.000000000000000e-15	3.000000000000000e-07
6.517183e+01	5.147862064621347e-02	2.561492448664105e-02	5.000000000000000e-15	3.000000000000000e-07
7.675135e+01	5.173120599243061e-02	2.572098985660802e-02	5.000000000000000e-15	3.000000000000000e-07
8.852239e+01	5.198502017984292e-02	2.582786819133064e-02	5.000000000000000e-15	3.000000000000000e-07
1.000000e+02	5.222967884054233e-02	2.593117578319585e-02	5.000000000000000e-15	3.000000000000000e-07
1.121652e+02	5.248608946211059e-02	2.603973475063983e-02	5.000000000000000e-15	3.000000000000000e-07
1.245248e+02	5.274357293917364e-02	2.614904885917537e-02	5.000000000000000e-15	3.000000000000000e-07
1.370910e+02	5.300231168871116e-02	2.625919790471211e-02	5.000000000000000e-15	3.000000000000000e-07
1.498678e+02	5.326230881251974e-02	2.637018594234291e-02	5.000000000000000e-15	3.000000000000000e-07
1.628591e+02	5.352357040972468e-02	2.648201830445306e-02	5.000000000000000e-15	3.000000000000000e-07
1.760691e+02	5.378610255973941e-02	2.659470032243152e-02	5.000000000000000e-15	3.000000000000000e-07
1.895020e+02	5.404991137249346e-02	2.670823734778848e-02	5.000000000000000e-15	3.000000000000000e-07
2.031623e+02	5.431500298776928e-02	2.682263475164893e-02	5.000000000000000e-15	3.000000000000000e-07
2.170543e+02	5.458138357538694e-02	2.693789792460214e-02	5.000000000000000e-15	3.000000000000000e-07
2.311825e+02	5.484905933537589e-02	2.705403227654024e-02	5.000000000000000e-15	3.000000000000000e-07
2.455516e+02	5.511803649814850e-02	2.717104323649212e-02	5.000000000000000e-15	3.000000000000000e-07
2.601663e+02	5.538832132467474e-02	2.728893625245238e-02	5.000000000000000e-15	3.000000000000000e-07
2.750314e+02	5.565992010665830e-02	2.740771679120541e-02	5.000000000000000e-15	3.000000000000000e-07
2.901518e+02	5.593283916671402e-02	2.752739033814443e-02	5.000000000000000e-15	3.000000000000000e-07
3.055327e+02	5.620708485854666e-02	2.764796239708554e-02	5.000000000000000e-15	3.000000000000000e-07
3.211791e+02	5.648266356713105e-02	2.776943849007667e-02	5.000000000000000e-15	3.000000000000000e-07
3.370962e+02	5.675958170889359e-02	2.789182415720143e-02	5.000000000000000e-15	3.000000000000000e-07
3.532896e+02	5.703784573189512e-02	2.801512495637784e-02	5.000000000000000e-15	3.000000000000000e-07
3.697646e+02	5.731746211601511e-02	2.813934646315176e-02	5.000000000000000e-15	3.000000000000000e-07
3.865269e+02	5.759843737313733e-02	2.826449427048521e-02	5.000000000000000e-15	3.000000000000000e-07
4.035821e+02	5.788077804733678e-02	2.839057398853935e-02	5.000000000000000e-15	3.000000000000000e-07
4.209362e+02	5.816449071506807e-02	2.851759124445213e-02	5.000000000000000e-15	3.000000000000000e-07
4.385952e+02	5.844958198535517e-02	2.864555168211062e-02	5.000000000000000e-15	3.000000000000000e-07
4.565651e+02	5.873605849998254e-02	2.877446096191798e-02	5.000000000000000e-15	3.000000000000000e-07
4.748522e+02	5.902392693368762e-02	2.890432476055500e-02	5.000000000000000e-15	3.000000000000000e-07
4.934630e+02	5.931319399435482e-02	2.903514877073614e-02	5.000000000000000e-15	3.000000000000000e-07
5.124038e+02	5.960386642321074e-02	2.916693870096021e-02	5.000000000000000e-15	3.000000000000000e-07
5.316815e+02	5.989595099502090e-02	2.929970027525544e-02	5.000000000000000e-15	3.000000000000000e-07
5.513027e+02	6.018945451828788e-02	2.943343923291914e-02	5.000000000000000e-15	3.000000000000000e-07
5.712746e+02	6.048438383545073e-02	2.956816132825169e-02	5.000000000000000e-15	3.000000000000000e-07
5.916042e+02	6.078074582308594e-02	2.970387233028503e-02	5.000000000000000e-15	3.000000000000000e-07
6.122987e+02	6.107854739210963e-02	2.984057802250561e-02	5.000000000000000e-15	3.000000000000000e-07
6.333657e+02	6.137779548798133e-02	2.997828420257165e-02	5.000000000000000e-15	3.000000000000000e-07
6.548128e+02	6.167849709090901e-02	3.011699668202486e-02	5.000000000000000e-15	3.000000000000000e-07
6.766476e+02	6.198065921605551e-02	3.025672128599645e-02	5.000000000000000e-15	3.000000000000000e-07
6.988783e+02	6.228428891374645e-02	3.039746385290764e-02	5.000000000000000e-15	3.000000000000000e-07
7.215128e+02	6.258939326967948e-02	3.053923023416444e-02	5.000000000000000e-15	3.000000000000000e-07
7.445595e+02	6.289597940513489e-02	3.068202629384680e-02	5.000000000000000e-15	3.000000000000000e-07
7.680269e+02	6.320405447718762e-02	3.082585790839218e-02	5.000000000000000e-15	3.000000000000000e-07
7.919236e+02	6.351362567892069e-02	3.097073096627346e-02	5.000000000000000e-15	3.000000000000000e-07
8.162586e+02	6.382470023963994e-02	3.111665136767125e-02	5.000000000000000e-15	3.000000000000000e-07
8.410409e+02	6.413728542509026e-02	3.126362502414057e-02	5.000000000000000e-15	3.000000000000000e-07
8.662797e+02	6.445138853767293e-02	3.141165785827196e-02	5.000000000000000e-15	3.000000000000000e-07
8.919846e+02	6.476701691666469e-02	3.156075580334709e-02	5.000000000000000e-15	3.000000000000000e-07
9.181652e+02	6.508417793843781e-02	3.171092480298869e-02	5.000000000000000e-15	3.000000000000000e-07
9.448314e+02	6.540287901668175e-02	3.186217081080514e-02	5.000000000000000e-15	3.000000000000000e-07
9.719934e+02	6.572312760262602e-02	3.201449979002946e-02	5.000000000000000e-15	3.000000000000000e-07
9.996615e+02	6.604493118526453e-02	3.216791771315292e-02	5.000000000000000e-15	3.000000000000000e-07
1.000000e+03	6.604882461798131e-02	3.216977801282378e-02	5.000000000000000e-15	3.000000000000000e-07
1.028712e+03	6.637817361196609e-02	3.232715404875197e-02	5.000000000000000e-15	3.000000000000000e-07
1.057431e+03	6.670304707033684e-02	3.248274844463764e-02	5.000000000000000e-15	3.000000000000000e-07
1.086698e+03	6.702961066567178e-02	3.263950356314209e-02	5.000000000000000e-15	3.000000000000000e-07
1.116516e+03	6.735775773910828e-02	3.279737078164435e-02	5.000000000000000e-15	3.000000000000000e-07
1.146895e+03	6.768749809959691e-02	3.295635713209059e-02	5.000000000000000e-15	3.000000000000000e-07
1.177848e+03	6.801883942903376e-02	3.311646861569709e-02	5.000000000000000e-15	3.000000000000000e-07
1.209387e+03	6.835178948908285e-02	3.327771125960511e-02	5.000000000000000e-15	3.000000000000000e-07
1.241523e+03	6.868635608026573e-02	3.344009109671844e-02	5.000000000000000e-15	3.000000000000000e-07
1.274271e+03	6.902254704296627e-02	3.360361416566061e-02	5.000000000000000e-15	3.000000000000000e-07
1.307642e+03	6.936037025765326e-02	3.376828651035045e-02	5.000000000000000e-15	3.000000000000000e-07
1.341649e+03	6.969983364511903e-02	3.393411417958014e-02	5.000000000000000e-15	3.000000000000000e-07
1.376308e+03	7.004094516671892e-02	3.410110322658855e-02	5.000000000000000e-15	3.000000000000000e-07
1.411630e+03	7.038371282461195e-02	3.426925970863027e-02	5.000000000000000e-15	3.000000000000000e-07
1.447631e+03	7.072814466200268e-02	3.443858968654030e-02	5.000000000000000e-15	3.000000000000000e-07
1.484324e+03	7.107424876338424e-02	3.460909922429470e-02	5.000000000000000e-15	3.000000000000000e-07
1.521725e+03	7.142203325478241e-02	3.478079438856711e-02	5.000000000000000e-15	3.000000000000000e-07
1.559849e+03	7.177150630400093e-02	3.495368124828162e-02	5.000000000000000e-15	3.000000000000000e-07
1.598710e+03	7.212267612086785e-02	3.512776587416177e-02	5.000000000000000e-15	3.000000000000000e-07
1.638326e+03	7.247555095748300e-02	3.530305433827620e-02	5.000000000000000e-15	3.000000000000000e-07
1.678711e+03	7.283013910846646e-02	3.547955271358084e-02	5.000000000000000e-15	3.000000000000000e-07
1.719883e+03	7.318644891120819e-02	3.565726707345802e-02	5.000000000000000e-15	3.000000000000000e-07
1.761858e+03	7.354448874611860e-02	3.583620349125259e-02	5.000000000000000e-15	3.000000000000000e-07
1.804654e+03	7.390426703688018e-02	3.601636803980527e-02	5.000000000000000e-15	3.000000000000000e-07
1.848288e+03	7.426579225070000e-02	3.619776679098349e-02	5.000000000000000e-15	3.000000000000000e-07
1.892779e+03	7.462907289856342e-02	3.638040581520986e-02	5.000000000000000e-15	3.000000000000000e-07
1.938144e+03	7.499411753548847e-02	3.656429118098852e-02	5.000000000000000e-15	3.000000000000000e-07
1.984402e+03	7.536093476078136e-02	3.674942895442977e-02	5.000000000000000e-15	3.000000000000000e-07
2.031574e+03	7.572953321829277e-02	3.693582519877284e-02	5.000000000000000e-15	3.000000000000000e-07
2.079678e+03	7.609992159667509e-02	3.712348597390757e-02	5.000000000000000e-15	3.000000000000000e-07
2.128734e+03	7.647210862964042e-02	3.731241733589481e-02	5.000000000000000e-15	3.000000000000000e-07
2.178764e+03	7.684610309621960e-02	3.750262533648608e-02	5.000000000000000e-15	3.000000000000000e-07
2.229789e+03	7.722191382102174e-02	3.769411602264277e-02	5.000000000000000e-15	3.000000000000000e-07
2.281829e+03	7.759954967449485e-02	3.788689543605499e-02	5.000000000000000e-15	3.000000000000000e-07
2.334907e+03	7.797901957318698e-02	3.808096961266061e-02	5.000000000000000e-15	3.000000000000000e-07
2.389046e+03	7.836033248000827e-02	3.827634458216464e-02	5.000000000000000e-15	3.000000000000000e-07
2.444268e+03	7.874349740449355e-02	3.847302636755939e-02	5.000000000000000e-15	3.000000000000000e-07
2.500597e+03	7.912852340306574e-02	3.867102098464566e-02	5.000000000000000e-15	3.000000000000000e-07
2.558057e+03	7.951541957929988e-02	3.887033444155533e-02	5.000000000000000e-15	3.000000000000000e-07
2.616673e+03	7.990419508418767e-02	3.907097273827580e-02	5.000000000000000e-15	3.000000000000000e-07
2.676470e+03	8.029485911640280e-02	3.927294186617651e-02	5.000000000000000e-15	3.000000000000000e-07
2.737474e+03	8.068742092256671e-02	3.947624780753796e-02	5.000000000000000e-15	3.000000000000000e-07
2.799710e+03	8.108188979751489e-02	3.968089653508371e-02	5.000000000000000e-15	3.000000000000000e-07
2.863206e+03	8.147827508456382e-02	3.988689401151563e-02	5.000000000000000e-15	3.000000000000000e-07
2.927989e+03	8.187658617577823e-02	4.009424618905288e-02	5.000000000000000e-15	3.000000000000000e-07
2.994087e+03	8.227683251223895e-02	4.030295900897500e-02	5.000000000000000e-15	3.000000000000000e-07
3.061530e+03	8.267902358431116e-02	4.051303840116961e-02	5.000000000000000e-15	3.000000000000000e-07
3.130346e+03	8.308316893191295e-02	4.072449028368498e-02	5.000000000000000e-15	3.000000000000000e-07
3.200565e+03	8.348927814478437e-02	4.093732056228818e-02	5.000000000000000e-15	3.000000000000000e-07
3.272218e+03	8.389736086275677e-02	4.115153513002898e-02	5.000000000000000e-15	3.000000000000000e-07
3.345337e+03	8.430742677602249e-02	4.136713986681016e-02	5.000000000000000e-15	3.000000000000000e-07
3.419953e+03	8.471948562540474e-02	4.158414063896462e-02	5.000000000000000e-15	3.000000000000000e-07
3.496099e+03	8.513354720262786e-02	4.180254329883977e-02	5.000000000000000e-15	3.000000000000000e-07
3.573809e+03	8.554962135058776e-02	4.202235368438963e-02	5.000000000000000e-15	3.000000000000000e-07
3.653118e+03	8.596771796362249e-02	4.224357761877534e-02	5.000000000000000e-15	3.000000000000000e-07
3.734059e+03	8.638784698778311e-02	4.246622090997422e-02	5.000000000000000e-15	3.000000000000000e-07
3.816669e+03	8.681001842110458e-02	4.269028935039822e-02	5.000000000000000e-15	3.000000000000000e-07
3.900984e+03	8.723424231387689e-02	4.291578871652211e-02	5.000000000000000e-15	3.000000000000000e-07
3.987042e+03	8.766052876891617e-02	4.314272476852192e-02	5.000000000000000e-15	3.000000000000000e-07
4.074881e+03	8.808888794183588e-02	4.337110324992417e-02	5.000000000000000e-15	3.000000000000000e-07
4.164540e+03	8.851933004131810e-02	4.360092988726642e-02	5.000000000000000e-15	3.000000000000000e-07
4.256058e+03	8.895186532938475e-02	4.383221038976970e-02	5.000000000000000e-15	3.000000000000000e-07
4.349477e+03	8.938650412166883e-02	4.406495044902325e-02	5.000000000000000e-15	3.000000000000000e-07
4.444839e+03	8.982325678768562e-02	4.429915573868216e-02	5.000000000000000e-15	3.000000000000000e-07
4.542185e+03	9.026213375110374e-02	4.453483191417851e-02	5.000000000000000e-15	3.000000000000000e-07
4.641560e+03	9.070314549001623e-02	4.477198461244643e-02	5.000000000000000e-15	3.000000000000000e-07
4.743008e+03	9.114630253721144e-02	4.501061945166162e-02	5.000000000000000e-15	3.000000000000000e-07
4.846574e+03	9.159161548044370e-02	4.525074203099602e-02	5.000000000000000e-15	3.000000000000000e-07
4.952304e+03	9.203909496270402e-02	4.549235793038794e-02	5.000000000000000e-15	3.000000000000000e-07
5.060247e+03	9.248875168249045e-02	4.573547271032832e-02	5.000000000000000e-15	3.000000000000000e-07
5.170451e+03	9.294059639407823e-02	4.598009191166373e-02	5.000000000000000e-15	3.000000000000000e-07
5.282965e+03	9.339463990778979e-02	4.622622105541636e-02	5.000000000000000e-15	3.000000000000000e-07
5.397839e+03	9.385089309026448e-02	4.647386564262181e-02	5.000000000000000e-15	3.000000000000000e-07
5.515127e+03	9.430936686472793e-02	4.672303115418509e-02	5.000000000000000e-15	3.000000000000000e-07
5.634879e+03	9.477007221126130e-02	4.697372305075527e-02	5.000000000000000e-15	3.000000000000000e-07
5.757151e+03	9.523302016707007e-02	4.722594677261942e-02	5.000000000000000e-15	3.000000000000000e-07
5.881998e+03	9.569822182675260e-02	4.747970773961621e-02	5.000000000000000e-15	3.000000000000000e-07
6.009476e+03	9.616568834256832e-02	4.773501135106984e-02	5.000000000000000e-15	3.000000000000000e-07
6.139642e+03	9.663543092470560e-02	4.799186298574457e-02	5.000000000000000e-15	3.000000000000000e-07
6.272555e+03	9.710746084154924e-02	4.825026800182045e-02	5.000000000000000e-15	3.000000000000000e-07
6.408276e+03	9.758178941994761e-02	4.851023173689074e-02	5.000000000000000e-15	3.000000000000000e-07
6.546865e+03	9.805842804547933e-02	4.877175950798143e-02	5.000000000000000e-15	3.000000000000000e-07
6.688386e+03	9.853738816271976e-02	4.903485661159317e-02	5.000000000000000e-15	3.000000000000000e-07
6.832902e+03	9.901868127550685e-02	4.929952832376636e-02	5.000000000000000e-15	3.000000000000000e-07
6.980479e+03	9.950231894720674e-02	4.956577990016944e-02	5.000000000000000e-15	3.000000000000000e-07
7.131184e+03	9.998831280097896e-02	4.983361657621108e-02	5.000000000000000e-15	3.000000000000000e-07
7.285084e+03	1.004766745200411e-01	5.010304356717647e-02	5.000000000000000e-15	3.000000000000000e-07
7.442250e+03	1.009674158479333e-01	5.037406606838817e-02	5.000000000000000e-15	3.000000000000000e-07
7.602752e+03	1.014605485887821e-01	5.064668925539178e-02	5.000000000000000e-15	3.000000000000000e-07
7.766663e+03	1.019560846075637e-01	5.092091828416685e-02	5.000000000000000e-15	3.000000000000000e-07
7.934058e+03	1.024540358303679e-01	5.119675829136339e-02	5.000000000000000e-15	3.000000000000000e-07
8.105012e+03	1.029544142446597e-01	5.147421439456397e-02	5.000000000000000e-15	3.000000000000000e-07
8.279602e+03	1.034572318995426e-01	5.175329169257219e-02	5.000000000000000e-15	3.000000000000000e-07
8.457908e+03	1.039625009060202e-01	5.203399526572721e-02	5.000000000000000e-15	3.000000000000000e-07
8.640010e+03	1.044702334372576e-01	5.231633017624505e-02	5.000000000000000e-15	3.000000000000000e-07
8.825990e+03	1.049804417288429e-01	5.260030146858650e-02	5.000000000000000e-15	3.000000000000000e-07
9.015933e+03	1.054931380790479e-01	5.288591416985204e-02	5.000000000000000e-15	3.000000000000000e-07
9.209924e+03	1.060083348490889e-01	5.317317329020390e-02	5.000000000000000e-15	3.000000000000000e-07
9.408051e+03	1.065260444633867e-01	5.346208382331524e-02	5.000000000000000e-15	3.000000000000000e-07
9.610403e+03	1.070462794098264e-01	5.375265074684676e-02	5.000000000000000e-15	3.000000000000000e-07
9.817072e+03	1.075690522400177e-01	5.404487902295069e-02	5.000000000000000e-15	3.000000000000000e-07
1.000000e+04	1.080244616919348e-01	5.429966928746708e-02	5.000000000000000e-15	3.000000000000000e-07
1.021558e+04	1.085534853545890e-01	5.459583974521509e-02	5.000000000000000e-15	3.000000000000000e-07
1.043515e+04	1.090835809359967e-01	5.489284553516611e-02	5.000000000000000e-15	3.000000000000000e-07
1.065942e+04	1.096162953181369e-01	5.519154951612285e-02	5.000000000000000e-15	3.000000000000000e-07
1.088848e+04	1.101516089581209e-01	5.549193844331145e-02	5.000000000000000e-15	3.000000000000000e-07
1.112243e+04	1.106895354716277e-01	5.579401758299478e-02	5.000000000000000e-15	3.000000000000000e-07
1.136138e+04	1.112300878405785e-01	5.609779179843163e-02	5.000000000000000e-15	3.000000000000000e-07
1.160543e+04	1.117732791274330e-01	5.640326595057970e-02	5.000000000000000e-15	3.000000000000000e-07
1.185470e+04	1.123191224603578e-01	5.671044489038243e-02	5.000000000000000e-15	3.000000000000000e-07
1.210929e+04	1.128676310338044e-01	5.701933345972091e-02	5.000000000000000e-15	3.000000000000000e-07
1.236932e+04	1.134188181087602e-01	5.732993649220949e-02	5.000000000000000e-15	3.000000000000000e-07
1.263491e+04	1.139726970130078e-01	5.764225881402151e-02	5.000000000000000e-15	3.000000000000000e-07
1.290617e+04	1.145292811413834e-01	5.795630524474087e-02	5.000000000000000e-15	3.000000000000000e-07
1.318323e+04	1.150885839560359e-01	5.827208059823913e-02	5.000000000000000e-15	3.000000000000000e-07
1.346621e+04	1.156506189866861e-01	5.858958968357792e-02	5.000000000000000e-15	3.000000000000000e-07
1.375523e+04	1.162153998308861e-01	5.890883730593616e-02	5.000000000000000e-15	3.000000000000000e-07
1.405042e+04	1.167829401542793e-01	5.922982826756171e-02	5.000000000000000e-15	3.000000000000000e-07
1.435192e+04	1.173532536908600e-01	5.955256736874713e-02	5.000000000000000e-15	3.000000000000000e-07
1.465986e+04	1.179263542432347e-01	5.987705940882886e-02	5.000000000000000e-15	3.000000000000000e-07
1.497437e+04	1.185022556828831e-01	6.020330918720950e-02	5.000000000000000e-15	3.000000000000000e-07
1.529560e+04	1.190809719504193e-01	6.053132150440269e-02	5.000000000000000e-15	3.000000000000000e-07
1.562368e+04	1.196625170558546e-01	6.086110116309981e-02	5.000000000000000e-15	3.000000000000000e-07
1.595876e+04	1.202469050788600e-01	6.119265296925819e-02	5.000000000000000e-15	3.000000000000000e-07
1.630099e+04	1.208341501690303e-01	6.152598173321015e-02	5.000000000000000e-15	3.000000000000000e-07
1.665053e+04	1.214242665461478e-01	6.186109227079203e-02	5.000000000000000e-15	3.000000000000000e-07
1.700751e+04	1.220172685004484e-01	6.219798940449298e-02	5.000000000000000e-15	3.000000000000000e-07
1.737210e+04	1.226131703928870e-01	6.253667796462237e-02	5.000000000000000e-15	3.000000000000000e-07
1.774447e+04	1.232119866554052e-01	6.287716279049549e-02	5.000000000000000e-15	3.000000000000000e-07
1.812476e+04	1.238137317911986e-01	6.321944873163657e-02	5.000000000000000e-15	3.000000000000000e-07
1.851315e+04	1.244184203749871e-01	6.356354064899859e-02	5.000000000000000e-15	3.000000000000000e-07
1.890981e+04	1.250260670532841e-01	6.390944341619888e-02	5.000000000000000e-15	3.000000000000000e-07
1.931492e+04	1.256366865446690e-01	6.425716192076991e-02	5.000000000000000e-15	3.000000000000000e-07
1.972863e+04	1.262502936400593e-01	6.460670106542449e-02	5.000000000000000e-15	3.000000000000000e-07
2.015115e+04	1.268669032029851e-01	6.495806576933433e-02	5.000000000000000e-15	3.000000000000000e-07
2.058264e+04	1.274865301698647e-01	6.531126096942144e-02	5.000000000000000e-15	3.000000000000000e-07
2.102330e+04	1.281091895502817e-01	6.566629162166128e-02	5.000000000000000e-15	3.000000000000000e-07
2.147332e+04	1.287348964272630e-01	6.602316270239691e-02	5.000000000000000e-15	3.000000000000000e-07
2.193288e+04	1.293636659575597e-01	6.638187920966325e-02	5.000000000000000e-15	3.000000000000000e-07
2.240220e+04	1.299955133719286e-01	6.674244616452057e-02	5.000000000000000e-15	3.000000000000000e-07
2.288146e+04	1.306304539754158e-01	6.710486861239634e-02	5.000000000000000e-15	3.000000000000000e-07
2.337088e+04	1.312685031476421e-01	6.746915162443441e-02	5.000000000000000e-15	3.000000000000000e-07
2.387066e+04	1.319096763430901e-01	6.783530029885082e-02	5.000000000000000e-15	3.000000000000000e-07
2.438102e+04	1.325539890913935e-01	6.820331976229518e-02	5.000000000000000e-15	3.000000000000000e-07
2.490217e+04	1.332014569976285e-01	6.857321517121673e-02	5.000000000000000e-15	3.000000000000000e-07
2.543435e+04	1.338520957426065e-01	6.894499171323409e-02	5.000000000000000e-15	3.000000000000000e-07
2.597776e+04	1.345059210831697e-01	6.931865460850806e-02	5.000000000000000e-15	3.000000000000000e-07
2.653265e+04	1.351629488524890e-01	6.969420911111610e-02	5.000000000000000e-15	3.000000000000000e-07
2.709925e+04	1.358231949603629e-01	7.007166051042796e-02	5.000000000000000e-15	3.000000000000000e-07
2.767779e+04	1.364866753935207e-01	7.045101413248132e-02	5.000000000000000e-15	3.000000000000000e-07
2.826853e+04	1.371534062159258e-01	7.083227534135661e-02	5.000000000000000e-15	3.000000000000000e-07
2.887170e+04	1.378234035690836e-01	7.121544954055004e-02	5.000000000000000e-15	3.000000000000000e-07
2.948757e+04	1.384966836723503e-01	7.160054217434399e-02	5.000000000000000e-15	3.000000000000000e-07
3.011639e+04	1.391732628232450e-01	7.198755872917392e-02	5.000000000000000e-15	3.000000000000000e-07
3.075842e+04	1.398531573977642e-01	7.237650473499063e-02	5.000000000000000e-15	3.000000000000000e-07
3.141393e+04	1.405363838506992e-01	7.276738576661743e-02	5.000000000000000e-15	3.000000000000000e-07
3.208320e+04	1.412229587159556e-01	7.316020744510086e-02	5.000000000000000e-15	3.000000000000000e-07
3.276650e+04	1.419128986068765e-01	7.355497543905463e-02	5.000000000000000e-15	3.000000000000000e-07
3.346411e+04	1.426062202165675e-01	7.395169546599542e-02	5.000000000000000e-15	3.000000000000000e-07
3.417633e+04	1.433029403182257e-01	7.435037329367009e-02	5.000000000000000e-15	3.000000000000000e-07
3.490344e+04	1.440030757654702e-01	7.475101474137330e-02	5.000000000000000e-15	3.000000000000000e-07
3.564575e+04	1.447066434926773e-01	7.515362568125486e-02	5.000000000000000e-15	3.000000000000000e-07
3.640357e+04	1.454136605153172e-01	7.555821203961587e-02	5.000000000000000e-15	3.000000000000000e-07
3.717719e+04	1.461241439302943e-01	7.596477979819310e-02	5.000000000000000e-15	3.000000000000000e-07
3.796695e+04	1.468381109162912e-01	7.637333499543073e-02	5.000000000000000e-15	3.000000000000000e-07
3.877316e+04	1.475555787341150e-01	7.678388372773866e-02	5.000000000000000e-15	3.000000000000000e-07
3.959615e+04	1.482765647270471e-01	7.719643215073703e-02	5.000000000000000e-15	3.000000000000000e-07
4.043625e+04	1.490010863211962e-01	7.761098648048585e-02	5.000000000000000e-15	3.000000000000000e-07
4.129381e+04	1.497291610258551e-01	7.802755299469935e-02	5.000000000000000e-15	3.000000000000000e-07
4.216917e+04	1.504608064338595e-01	7.844613803394442e-02	5.000000000000000e-15	3.000000000000000e-07
4.306269e+04	1.511960402219518e-01	7.886674800282238e-02	5.000000000000000e-15	3.000000000000000e-07
4.397473e+04	1.519348801511471e-01	7.928938937113374e-02	5.000000000000000e-15	3.000000000000000e-07
4.490565e+04	1.526773440671028e-01	7.971406867502506e-02	5.000000000000000e-15	3.000000000000000e-07
4.585583e+04	1.534234499004919e-01	8.014079251811787e-02	5.000000000000000e-15	3.000000000000000e-07
4.682564e+04	1.541732156673797e-01	8.056956757261857e-02	5.000000000000000e-15	3.000000000000000e-07
4.781548e+04	1.549266594696041e-01	8.100040058040936e-02	5.000000000000000e-15	3.000000000000000e-07
4.882575e+04	1.556837994951588e-01	8.143329835411948e-02	5.000000000000000e-15	3.000000000000000e-07
4.985683e+04	1.564446540185808e-01	8.186826777817632e-02	5.000000000000000e-15	3.000000000000000e-07
5.090914e+04	1.572092414013412e-01	8.230531580983619e-02	5.000000000000000e-15	3.000000000000000e-07
5.198310e+04	1.579775800922393e-01	8.274444948019422e-02	5.000000000000000e-15	3.000000000000000e-07
5.307914e+04	1.587496886278004e-01	8.318567589517321e-02	5.000000000000000e-15	3.000000000000000e-07
5.419768e+04	1.595255856326778e-01	8.362900223649095e-02	5.000000000000000e-15	3.000000000000000e-07
5.533917e+04	1.603052898200576e-01	8.407443576260588e-02	5.000000000000000e-15	3.000000000000000e-07
5.650404e+04	1.610888199920675e-01	8.452198380964078e-02	5.000000000000000e-15	3.000000000000000e-07
5.769277e+04	1.618761950401894e-01	8.497165379228432e-02	5.000000000000000e-15	3.000000000000000e-07
5.890582e+04	1.626674339456752e-01	8.542345320467008e-02	5.000000000000000e-15	3.000000000000000e-07
6.014365e+04	1.634625557799670e-01	8.587738962123330e-02	5.000000000000000e-15	3.000000000000000e-07
6.140675e+04	1.642615797051201e-01	8.633347069754470e-02	5.000000000000000e-15	3.000000000000000e-07
6.269562e+04	1.650645249742308e-01	8.679170417112164e-02	5.000000000000000e-15	3.000000000000000e-07
6.401074e+04	1.658714109318664e-01	8.725209786221645e-02	5.000000000000000e-15	3.000000000000000e-07
6.535263e+04	1.666822570145003e-01	8.771465967458170e-02	5.000000000000000e-15	3.000000000000000e-07
6.672182e+04	1.674970827509502e-01	8.817939759621266e-02	5.000000000000000e-15	3.000000000000000e-07
6.811881e+04	1.683159077628196e-01	8.864631970006671e-02	5.000000000000000e-15	3.000000000000000e-07
6.954416e+04	1.691387517649440e-01	8.911543414475993e-02	5.000000000000000e-15	3.000000000000000e-07
7.099841e+04	1.699656345658398e-01	8.958674917524062e-02	5.000000000000000e-15	3.000000000000000e-07
7.248212e+04	1.707965760681575e-01	9.006027312344016e-02	5.000000000000000e-15	3.000000000000000e-07
7.399585e+04	1.716315962691383e-01	9.053601440890111e-02	5.000000000000000e-15	3.000000000000000e-07
7.554018e+04	1.724707152610747e-01	9.101398153938264e-02	5.000000000000000e-15	3.000000000000000e-07
7.711569e+04	1.733139532317742e-01	9.149418311144361e-02	5.000000000000000e-15	3.000000000000000e-07
7.872300e+04	1.741613304650275e-01	9.197662781100321e-02	5.000000000000000e-15	3.000000000000000e-07
8.036270e+04	1.750128673410795e-01	9.246132441387957e-02	5.000000000000000e-15	3.000000000000000e-07
8.203542e+04	1.758685843371047e-01	9.294828178630644e-02	5.000000000000000e-15	3.000000000000000e-07
8.374178e+04	1.767285020276857e-01	9.343750888542819e-02	5.000000000000000e-15	3.000000000000000e-07
8.548243e+04	1.775926410852958e-01	9.392901475977326e-02	5.000000000000000e-15	3.000000000000000e-07
8.725803e+04	1.784610222807846e-01	9.442280854970660e-02	5.000000000000000e-15	3.000000000000000e-07
8.906925e+04	1.793336664838681e-01	9.491889948786096e-02	5.000000000000000e-15	3.000000000000000e-07
9.091675e+04	1.802105946636217e-01	9.541729689954784e-02	5.000000000000000e-15	3.000000000000000e-07
9.280123e+04	1.810918278889770e-01	9.591801020314784e-02	5.000000000000000e-15	3.000000000000000e-07
9.472340e+04	1.819773873292222e-01	9.642104891048137e-02	5.000000000000000e-15	3.000000000000000e-07
9.668396e+04	1.828672942545060e-01	9.692642262715932e-02	5.000000000000000e-15	3.000000000000000e-07
9.868366e+04	1.837615700363456e-01	9.743414105291487e-02	5.000000000000000e-15	3.000000000000000e-07
1.000000e+05	1.843420723497962e-01	9.776364772082664e-02	5.000000000000000e-15	3.000000000000000e-07
1.020802e+05	1.852498789385806e-01	9.827881698445966e-02	5.000000000000000e-15	3.000000000000000e-07
1.041871e+05	1.861557277902323e-01	9.879273411457361e-02	5.000000000000000e-15	3.000000000000000e-07
1.063361e+05	1.870661502356613e-01	9.930910357756548e-02	5.000000000000000e-15	3.000000000000000e-07
1.085279e+05	1.879810398586761e-01	9.982786273880431e-02	5.000000000000000e-15	3.000000000000000e-07
1.107631e+05	1.889004211386540e-01	1.003490232674989e-01	5.000000000000000e-15	3.000000000000000e-07
1.130427e+05	1.898243160850698e-01	1.008725954682759e-01	5.000000000000000e-15	3.000000000000000e-07
1.153674e+05	1.907527468634044e-01	1.013985897705452e-01	5.000000000000000e-15	3.000000000000000e-07
1.177382e+05	1.916857357440503e-01	1.019270166994019e-01	5.000000000000000e-15	3.000000000000000e-07
1.201558e+05	1.926233051038670e-01	1.024578868763674e-01	5.000000000000000e-15	3.000000000000000e-07
1.226212e+05	1.935654774267057e-01	1.029912110195294e-01	5.000000000000000e-15	3.000000000000000e-07
1.251352e+05	1.945122753039577e-01	1.035269999436786e-01	5.000000000000000e-15	3.000000000000000e-07
1.276988e+05	1.954637214351054e-01	1.040652645604320e-01	5.000000000000000e-15	3.000000000000000e-07
1.303130e+05	1.964198386282773e-01	1.046060158783412e-01	5.000000000000000e-15	3.000000000000000e-07
1.329785e+05	1.973806498008057e-01	1.051492650029906e-01	5.000000000000000e-15	3.000000000000000e-07
1.356965e+05	1.983461779797879e-01	1.056950231370797e-01	5.000000000000000e-15	3.000000000000000e-07
1.384679e+05	1.993164463026512e-01	1.062433015804954e-01	5.000000000000000e-15	3.000000000000000e-07
1.412936e+05	2.002914780177203e-01	1.067941117303723e-01	5.000000000000000e-15	3.000000000000000e-07
1.441748e+05	2.012712964847890e-01	1.073474650811419e-01	5.000000000000000e-15	3.000000000000000e-07
1.471124e+05	2.022559251756941e-01	1.079033732245712e-01	5.000000000000000e-15	3.000000000000000e-07
1.501075e+05	2.032453876748934e-01	1.084618478497912e-01	5.000000000000000e-15	3.000000000000000e-07
1.531612e+05	2.042397076800468e-01	1.090229007433152e-01	5.000000000000000e-15	3.000000000000000e-07
1.562745e+05	2.052389090025999e-01	1.095865437890490e-01	5.000000000000000e-15	3.000000000000000e-07
1.594486e+05	2.062430155683720e-01	1.101527889682914e-01	5.000000000000000e-15	3.000000000000000e-07
1.626846e+05	2.072520514181462e-01	1.107216483597267e-01	5.000000000000000e-15	3.000000000000000e-07
1.659837e+05	2.082660407082636e-01	1.112931341394097e-01	5.000000000000000e-15	3.000000000000000e-07
1.693470e+05	2.092850077112199e-01	1.118672585807432e-01	5.000000000000000e-15	3.000000000000000e-07
1.727758e+05	2.103089768162654e-01	1.124440340544480e-01	5.000000000000000e-15	3.000000000000000e-07
1.762712e+05	2.113379725300090e-01	1.130234730285276e-01	5.000000000000000e-15	3.000000000000000e-07
1.798344e+05	2.123720194770237e-01	1.136055880682262e-01	5.000000000000000e-15	3.000000000000000e-07
1.834668e+05	2.134111424004569e-01	1.141903918359810e-01	5.000000000000000e-15	3.000000000000000e-07
1.871696e+05	2.144553661626427e-01	1.147778970913697e-01	5.000000000000000e-15	3.000000000000000e-07
1.909442e+05	2.155047157457179e-01	1.153681166910538e-01	5.000000000000000e-15	3.000000000000000e-07
1.947918e+05	2.165592162522409e-01	1.159610635887160e-01	5.000000000000000e-15	3.000000000000000e-07
1.987138e+05	2.176188929058138e-01	1.165567508349959e-01	5.000000000000000e-15	3.000000000000000e-07
2.027116e+05	2.186837710517074e-01	1.171551915774205e-01	5.000000000000000e-15	3.000000000000000e-07
2.067866e+05	2.197538761574897e-01	1.177563990603325e-01	5.000000000000000e-15	3.000000000000000e-07
2.109402e+05	2.208292338136570e-01	1.183603866248159e-01	5.000000000000000e-15	3.000000000000000e-07
2.151739e+05	2.219098697342684e-01	1.189671677086189e-01	5.000000000000000e-15	3.000000000000000e-07
2.194892e+05	2.229958097575836e-01	1.195767558460756e-01	5.000000000000000e-15	3.000000000000000e-07
2.238875e+05	2.240870798467032e-01	1.201891646680253e-01	5.000000000000000e-15	3.000000000000000e-07
2.283703e+05	2.251837060902122e-01	1.208044079017315e-01	5.000000000000000e-15	3.000000000000000e-07
2.329394e+05	2.262857147028274e-01	1.214224993707996e-01	5.000000000000000e-15	3.000000000000000e-07
2.375961e+05	2.273931320260464e-01	1.220434529950943e-01	5.000000000000000e-15	3.000000000000000e-07
2.423422e+05	2.285059845288012e-01	1.226672827906567e-01	5.000000000000000e-15	3.000000000000000e-07
2.471794e+05	2.296242988081137e-01	1.232940028696218e-01	5.000000000000000e-15	3.000000000000000e-07
2.521092e+05	2.307481015897551e-01	1.239236274401367e-01	5.000000000000000e-15	3.000000000000000e-07
2.571333e+05	2.318774197289075e-01	1.245561708062790e-01	5.000000000000000e-15	3.000000000000000e-07
2.622536e+05	2.330122802108296e-01	1.251916473679773e-01	5.000000000000000e-15	3.000000000000000e-07
2.674718e+05	2.341527101515247e-01	1.258300716209319e-01	5.000000000000000e-15	3.000000000000000e-07
2.727897e+05	2.352987367984119e-01	1.264714581565388e-01	5.000000000000000e-15	3.000000000000000e-07
2.782091e+05	2.364503875310007e-01	1.271158216618139e-01	5.000000000000000e-15	3.000000000000000e-07
2.837319e+05	2.376076898615685e-01	1.277631769193212e-01	5.000000000000000e-15	3.000000000000000e-07
2.893600e+05	2.387706714358409e-01	1.284135388071022e-01	5.000000000000000e-15	3.000000000000000e-07
2.950953e+05	2.399393600336757e-01	1.290669222986090e-01	5.000000000000000e-15	3.000000000000000e-07
3.009399e+05	2.411137835697494e-01	1.297233424626398e-01	5.000000000000000e-15	3.000000000000000e-07
3.068956e+05	2.422939700942471e-01	1.303828144632778e-01	5.000000000000000e-15	3.000000000000000e-07
3.129645e+05	2.434799477935556e-01	1.310453535598341e-01	5.000000000000000e-15	3.000000000000000e-07
3.191488e+05	2.446717449909591e-01	1.317109751067937e-01	5.000000000000000e-15	3.000000000000000e-07
3.254504e+05	2.458693901473388e-01	1.323796945537654e-01	5.000000000000000e-15	3.000000000000000e-07
3.318717e+05	2.470729118618751e-01	1.330515274454364e-01	5.000000000000000e-15	3.000000000000000e-07
3.384147e+05	2.482823388727527e-01	1.337264894215306e-01	5.000000000000000e-15	3.000000000000000e-07
3.450818e+05	2.494977000578698e-01	1.344045962167717e-01	5.000000000000000e-15	3.000000000000000e-07
3.518751e+05	2.507190244355491e-01	1.350858636608511e-01	5.000000000000000e-15	3.000000000000000e-07
3.587970e+05	2.519463411652535e-01	1.357703076784000e-01	5.000000000000000e-15	3.000000000000000e-07
3.658499e+05	2.531796795483036e-01	1.364579442889676e-01	5.000000000000000e-15	3.000000000000000e-07
3.730361e+05	2.544190690285990e-01	1.371487896070032e-01	5.000000000000000e-15	3.000000000000000e-07
3.803581e+05	2.556645391933430e-01	1.378428598418447e-01	5.000000000000000e-15	3.000000000000000e-07
3.878183e+05	2.569161197737702e-01	1.385401712977117e-01	5.000000000000000e-15	3.000000000000000e-07
3.954193e+05	2.581738406458772e-01	1.392407403737048e-01	5.000000000000000e-15	3.000000000000000e-07
4.031638e+05	2.594377318311569e-01	1.399445835638103e-01	5.000000000000000e-15	3.000000000000000e-07
4.110542e+05	2.607078234973355e-01	1.406517174569109e-01	5.000000000000000e-15	3.000000000000000e-07
4.190932e+05	2.619841459591135e-01	1.413621587368018e-01	5.000000000000000e-15	3.000000000000000e-07
4.272837e+05	2.632667296789092e-01	1.420759241822138e-01	5.000000000000000e-15	3.000000000000000e-07
4.356283e+05	2.645556052676064e-01	1.427930306668415e-01	5.000000000000000e-15	3.000000000000000e-07
4.441298e+05	2.658508034853041e-01	1.435134951593786e-01	5.000000000000000e-15	3.000000000000000e-07
4.527912e+05	2.671523552420706e-01	1.442373347235591e-01	5.000000000000000e-15	3.000000000000000e-07
4.616153e+05	2.684602915987008e-01	1.449645665182047e-01	5.000000000000000e-15	3.000000000000000e-07
4.706052e+05	2.697746437674763e-01	1.456952077972792e-01	5.000000000000000e-15	3.000000000000000e-07
4.797638e+05	2.710954431129291e-01	1.464292759099492e-01	5.000000000000000e-15	3.000000000000000e-07
4.890942e+05	2.724227211526090e-01	1.471667883006510e-01	5.000000000000000e-15	3.000000000000000e-07
4.985996e+05	2.737565095578542e-01	1.479077625091651e-01	5.000000000000000e-15	3.000000000000000e-07
5.082831e+05	2.750968401545646e-01	1.486522161706964e-01	5.000000000000000e-15	3.000000000000000e-07
5.181481e+05	2.764437449239802e-01	1.494001670159621e-01	5.000000000000000e-15	3.000000000000000e-07
5.281977e+05	2.777972560034608e-01	1.501516328712856e-01	5.000000000000000e-15	3.000000000000000e-07
5.384355e+05	2.791574056872710e-01	1.509066316586977e-01	5.000000000000000e-15	3.000000000000000e-07
5.488648e+05	2.805242264273678e-01	1.516651813960450e-01	5.000000000000000e-15	3.000000000000000e-07
5.594891e+05	2.818977508341915e-01	1.524273001971043e-01	5.000000000000000e-15	3.000000000000000e-07
5.703119e+05	2.832780116774607e-01	1.531930062717049e-01	5.000000000000000e-15	3.000000000000000e-07
5.813370e+05	2.846650418869706e-01	1.539623179258570e-01	5.000000000000000e-15	3.000000000000000e-07
5.925679e+05	2.860588745533947e-01	1.547352535618882e-01	5.000000000000000e-15	3.000000000000000e-07
6.040085e+05	2.874595429290904e-01	1.555118316785858e-01	5.000000000000000e-15	3.000000000000000e-07
6.156625e+05	2.888670804289074e-01	1.562920708713470e-01	5.000000000000000e-15	3.000000000000000e-07
6.275338e+05	2.902815206310010e-01	1.570759898323356e-01	5.000000000000000e-15	3.000000000000000e-07
6.396265e+05	2.917028972776480e-01	1.578636073506459e-01	5.000000000000000e-15	3.000000000000000e-07
6.519445e+05	2.931312442760665e-01	1.586549423124738e-01	5.000000000000000e-15	3.000000000000000e-07
6.644919e+05	2.945665956992393e-01	1.594500137012948e-01	5.000000000000000e-15	3.000000000000000e-07
6.772729e+05	2.960089857867417e-01	1.602488405980486e-01	5.000000000000000e-15	3.000000000000000e-07
6.902919e+05	2.974584489455718e-01	1.610514421813315e-01	5.000000000000000e-15	3.000000000000000e-07
7.035530e+05	2.989150197509856e-01	1.618578377275956e-01	5.000000000000000e-15	3.000000000000000e-07
7.170608e+05	3.003787329473350e-01	1.626680466113539e-01	5.000000000000000e-15	3.000000000000000e-07
7.308197e+05	3.018496234489104e-01	1.634820883053942e-01	5.000000000000000e-15	3.000000000000000e-07
7.448343e+05	3.033277263407866e-01	1.642999823809986e-01	5.000000000000000e-15	3.000000000000000e-07
7.591093e+05	3.048130768796724e-01	1.651217485081704e-01	5.000000000000000e-15	3.000000000000000e-07
7.736493e+05	3.063057104947645e-01	1.659474064558679e-01	5.000000000000000e-15	3.000000000000000e-07
7.884593e+05	3.078056627886050e-01	1.667769760922449e-01	5.000000000000000e-15	3.000000000000000e-07
8.035441e+05	3.093129695379426e-01	1.676104773848986e-01	5.000000000000000e-15	3.000000000000000e-07
8.189087e+05	3.108276666945980e-01	1.684479304011236e-01	5.000000000000000e-15	3.000000000000000e-07
8.345583e+05	3.123497903863335e-01	1.692893553081732e-01	5.000000000000000e-15	3.000000000000000e-07
8.504980e+05	3.138793769177257e-01	1.701347723735275e-01	5.000000000000000e-15	3.000000000000000e-07
8.667331e+05	3.154164627710428e-01	1.709842019651677e-01	5.000000000000000e-15	3.000000000000000e-07
8.832690e+05	3.169610846071262e-01	1.718376645518580e-01	5.000000000000000e-15	3.000000000000000e-07
9.001112e+05	3.185132792662750e-01	1.726951807034334e-01	5.000000000000000e-15	3.000000000000000e-07
9.172652e+05	3.200730837691357e-01	1.735567710910944e-01	5.000000000000000e-15	3.000000000000000e-07
9.347367e+05	3.216405353175959e-01	1.744224564877085e-01	5.000000000000000e-15	3.000000000000000e-07
9.525316e+05	3.232156712956807e-01	1.752922577681181e-01	5.000000000000000e-15	3.000000000000000e-07
9.706556e+05	3.247985292704552e-01	1.761661959094546e-01	5.000000000000000e-15	3.000000000000000e-07
9.891148e+05	3.263891469929298e-01	1.770442919914599e-01	5.000000000000000e-15	3.000000000000000e-07
1.000000e+06	3.273155579069658e-01	1.775556509843721e-01	5.000000000000000e-15	3.000000000000000e-07
1.019148e+06	3.289308564042041e-01	1.784471719473765e-01	5.000000000000000e-15	3.000000000000000e-07
1.038500e+06	3.305415058369061e-01	1.793360021281281e-01	5.000000000000000e-15	3.000000000000000e-07
1.058213e+06	3.321602809896492e-01	1.802291931140528e-01	5.000000000000000e-15	3.000000000000000e-07
1.078290e+06	3.337869872725174e-01	1.811266377598067e-01	5.000000000000000e-15	3.000000000000000e-07
1.098738e+06	3.354216677500060e-01	1.820283600802768e-01	5.000000000000000e-15	3.000000000000000e-07
1.119563e+06	3.370643613297201e-01	1.829343817965357e-01	5.000000000000000e-15	3.000000000000000e-07
1.140772e+06	3.387151071897706e-01	1.838447247788002e-01	5.000000000000000e-15	3.000000000000000e-07
1.162373e+06	3.403739446987107e-01	1.847594110021124e-01	5.000000000000000e-15	3.000000000000000e-07
1.184372e+06	3.420409134179641e-01	1.856784625475380e-01	5.000000000000000e-15	3.000000000000000e-07
1.206777e+06	3.437160531027491e-01	1.866019016025384e-01	5.000000000000000e-15	3.000000000000000e-07
1.229595e+06	3.453994037030347e-01	1.875297504613643e-01	5.000000000000000e-15	3.000000000000000e-07
1.252834e+06	3.470910053645004e-01	1.884620315254545e-01	5.000000000000000e-15	3.000000000000000e-07
1.276501e+06	3.487908984295008e-01	1.893987673038409e-01	5.000000000000000e-15	3.000000000000000e-07
1.300604e+06	3.504991234380347e-01	1.903399804135594e-01	5.000000000000000e-15	3.000000000000000e-07
1.325151e+06	3.522157211287182e-01	1.912856935800664e-01	5.000000000000000e-15	3.000000000000000e-07
1.350151e+06	3.539407324397632e-01	1.922359296376616e-01	5.000000000000000e-15	3.000000000000000e-07
1.375610e+06	3.556741985099598e-01	1.931907115299155e-01	5.000000000000000e-15	3.000000000000000e-07
1.401538e+06	3.574161606796638e-01	1.941500623101041e-01	5.000000000000000e-15	3.000000000000000e-07
1.427944e+06	3.591666604917883e-01	1.951140051416476e-01	5.000000000000000e-15	3.000000000000000e-07
1.454836e+06	3.609257396928007e-01	1.960825632985562e-01	5.000000000000000e-15	3.000000000000000e-07
1.482222e+06	3.626934402337235e-01	1.970557601658805e-01	5.000000000000000e-15	3.000000000000000e-07
1.510112e+06	3.644698042711408e-01	1.980336192401676e-01	5.000000000000000e-15	3.000000000000000e-07
1.538515e+06	3.662548741682088e-01	1.990161641299232e-01	5.000000000000000e-15	3.000000000000000e-07
1.567441e+06	3.680486924956711e-01	2.000034185560784e-01	5.000000000000000e-15	3.000000000000000e-07
1.596898e+06	3.698513020328794e-01	2.009954063524625e-01	5.000000000000000e-15	3.000000000000000e-07
1.626897e+06	3.716627457688186e-01	2.019921514662809e-01	5.000000000000000e-15	3.000000000000000e-07
1.657448e+06	3.734830669031367e-01	2.029936779585982e-01	5.000000000000000e-15	3.000000000000000e-07
1.688559e+06	3.753123088471795e-01	2.040000100048270e-01	5.000000000000000e-15	3.000000000000000e-07
1.720243e+06	3.771505152250310e-01	2.050111718952217e-01	5.000000000000000e-15	3.000000000000000e-07
1.752508e+06	3.789977298745575e-01	2.060271880353772e-01	5.000000000000000e-15	3.000000000000000e-07
1.785366e+06	3.808539968484576e-01	2.070480829467336e-01	5.000000000000000e-15	3.000000000000000e-07
1.818828e+06	3.827193604153169e-01	2.080738812670849e-01	5.000000000000000e-15	3.000000000000000e-07
1.852904e+06	3.845938650606676e-01	2.091046077510941e-01	5.000000000000000e-15	3.000000000000000e-07
1.887606e+06	3.864775554880536e-01	2.101402872708123e-01	5.000000000000000e-15	3.000000000000000e-07
1.922945e+06	3.883704766200998e-01	2.111809448162032e-01	5.000000000000000e-15	3.000000000000000e-07
1.958932e+06	3.902726735995874e-01	2.122266054956731e-01	5.000000000000000e-15	3.000000000000000e-07
1.995580e+06	3.921841917905342e-01	2.132772945366047e-01	5.000000000000000e-15	3.000000000000000e-07
2.032901e+06	3.941050767792789e-01	2.143330372858971e-01	5.000000000000000e-15	3.000000000000000e-07
2.070906e+06	3.960353743755728e-01	2.153938592105101e-01	5.000000000000000e-15	3.000000000000000e-07
2.109608e+06	3.979751306136746e-01	2.164597858980130e-01	5.000000000000000e-15	3.000000000000000e-07
2.149021e+06	3.999243917534513e-01	2.175308430571390e-01	5.000000000000000e-15	3.000000000000000e-07
2.189156e+06	4.018832042814848e-01	2.186070565183441e-01	5.000000000000000e-15	3.000000000000000e-07
2.230028e+06	4.038516149121830e-01	2.196884522343702e-01	5.000000000000000e-15	3.000000000000000e-07
2.271649e+06	4.058296705888966e-01	2.207750562808144e-01	5.000000000000000e-15	3.000000000000000e-07
2.314033e+06	4.078174184850415e-01	2.218668948567012e-01	5.000000000000000e-15	3.000000000000000e-07
2.357194e+06	4.098149060052261e-01	2.229639942850608e-01	5.000000000000000e-15	3.000000000000000e-07
2.401146e+06	4.118221807863843e-01	2.240663810135116e-01	5.000000000000000e-15	3.000000000000000e-07
2.445905e+06	4.138392906989140e-01	2.251740816148469e-01	5.000000000000000e-15	3.000000000000000e-07
2.491483e+06	4.158662838478207e-01	2.262871227876272e-01	5.000000000000000e-15	3.000000000000000e-07
2.537897e+06	4.179032085738674e-01	2.274055313567759e-01	5.000000000000000e-15	3.000000000000000e-07
2.585161e+06	4.199501134547288e-01	2.285293342741810e-01	5.000000000000000e-15	3.000000000000000e-07
2.633291e+06	4.220070473061526e-01	2.296585586192997e-01	5.000000000000000e-15	3.000000000000000e-07
2.682304e+06	4.240740591831248e-01	2.307932315997689e-01	5.000000000000000e-15	3.000000000000000e-07
2.732214e+06	4.261511983810418e-01	2.319333805520195e-01	5.000000000000000e-15	3.000000000000000e-07
2.783038e+06	4.282385144368876e-01	2.330790329418954e-01	5.000000000000000e-15	3.000000000000000e-07
2.834793e+06	4.303360571304170e-01	2.342302163652770e-01	5.000000000000000e-15	3.000000000000000e-07
2.887497e+06	4.324438764853442e-01	2.353869585487088e-01	5.000000000000000e-15	3.000000000000000e-07
2.941165e+06	4.345620227705372e-01	2.365492873500319e-01	5.000000000000000e-15	3.000000000000000e-07
2.995817e+06	4.366905465012183e-01	2.377172307590209e-01	5.000000000000000e-15	3.000000000000000e-07
3.051469e+06	4.388294984401699e-01	2.388908168980245e-01	5.000000000000000e-15	3.000000000000000e-07
3.108140e+06	4.409789295989464e-01	2.400700740226112e-01	5.000000000000000e-15	3.000000000000000e-07
3.165849e+06	4.431388912390922e-01	2.412550305222194e-01	5.000000000000000e-15	3.000000000000000e-07
3.224615e+06	4.453094348733651e-01	2.424457149208108e-01	5.000000000000000e-15	3.000000000000000e-07
3.284456e+06	4.474906122669660e-01	2.436421558775299e-01	5.000000000000000e-15	3.000000000000000e-07
3.345393e+06	4.496824754387743e-01	2.448443821873658e-01	5.000000000000000e-15	3.000000000000000e-07
3.407445e+06	4.518850766625895e-01	2.460524227818202e-01	5.000000000000000e-15	3.000000000000000e-07
3.470633e+06	4.540984684683788e-01	2.472663067295779e-01	5.000000000000000e-15	3.000000000000000e-07
3.534978e+06	4.563227036435306e-01	2.484860632371834e-01	5.000000000000000e-15	3.000000000000000e-07
3.600501e+06	4.585578352341138e-01	2.497117216497199e-01	5.000000000000000e-15	3.000000000000000e-07
3.667222e+06	4.608039165461444e-01	2.509433114514941e-01	5.000000000000000e-15	3.000000000000000e-07
3.735165e+06	4.630610011468568e-01	2.521808622667245e-01	5.000000000000000e-15	3.000000000000000e-07
3.804351e+06	4.653291428659820e-01	2.534244038602340e-01	5.000000000000000e-15	3.000000000000000e-07
3.874803e+06	4.676083957970317e-01	2.546739661381467e-01	5.000000000000000e-15	3.000000000000000e-07
3.946545e+06	4.698988142985893e-01	2.559295791485891e-01	5.000000000000000e-15	3.000000000000000e-07
4.019599e+06	4.722004529956066e-01	2.571912730823956e-01	5.000000000000000e-15	3.000000000000000e-07
4.093990e+06	4.745133667807064e-01	2.584590782738175e-01	5.000000000000000e-15	3.000000000000000e-07
4.169742e+06	4.768376108154927e-01	2.597330252012373e-01	5.000000000000000e-15	3.000000000000000e-07
4.246881e+06	4.791732405318657e-01	2.610131444878863e-01	5.000000000000000e-15	3.000000000000000e-07
4.325430e+06	4.815203116333450e-01	2.622994669025667e-01	5.000000000000000e-15	3.000000000000000e-07
4.405417e+06	4.838788800963971e-01	2.635920233603778e-01	5.000000000000000e-15	3.000000000000000e-07
4.486867e+06	4.862490021717715e-01	2.648908449234468e-01	5.000000000000000e-15	3.000000000000000e-07
4.569807e+06	4.886307343858417e-01	2.661959628016631e-01	5.000000000000000e-15	3.000000000000000e-07
4.654265e+06	4.910241335419538e-01	2.675074083534171e-01	5.000000000000000e-15	3.000000000000000e-07
4.740268e+06	4.934292567217807e-01	2.688252130863434e-01	5.000000000000000e-15	3.000000000000000e-07
4.827844e+06	4.958461612866837e-01	2.701494086580679e-01	5.000000000000000e-15	3.000000000000000e-07
4.917022e+06	4.982749048790806e-01	2.714800268769585e-01	5.000000000000000e-15	3.000000000000000e-07
5.007831e+06	5.007155454238198e-01	2.728170997028819e-01	5.000000000000000e-15	3.000000000000000e-07
5.100302e+06	5.031681411295622e-01	2.741606592479616e-01	5.000000000000000e-15	3.000000000000000e-07
5.194464e+06	5.056327504901686e-01	2.755107377773430e-01	5.000000000000000e-15	3.000000000000000e-07
5.290349e+06	5.081094322860953e-01	2.768673677099607e-01	5.000000000000000e-15	3.000000000000000e-07
5.387988e+06	5.105982455857947e-01	2.782305816193110e-01	5.000000000000000e-15	3.000000000000000e-07
5.487412e+06	5.130992497471246e-01	2.796004122342279e-01	5.000000000000000e-15	3.000000000000000e-07
5.588656e+06	5.156125044187634e-01	2.809768924396638e-01	5.000000000000000e-15	3.000000000000000e-07
5.691752e+06	5.181380695416313e-01	2.823600552774739e-01	5.000000000000000e-15	3.000000000000000e-07
5.796733e+06	5.206760053503212e-01	2.837499339472055e-01	5.000000000000000e-15	3.000000000000000e-07
5.903635e+06	5.232263723745334e-01	2.851465618068905e-01	5.000000000000000e-15	3.000000000000000e-07
6.012492e+06	5.257892314405190e-01	2.865499723738430e-01	5.000000000000000e-15	3.000000000000000e-07
6.123341e+06	5.283646436725308e-01	2.879601993254604e-01	5.000000000000000e-15	3.000000000000000e-07
6.236217e+06	5.309526704942795e-01	2.893772765000294e-01	5.000000000000000e-15	3.000000000000000e-07
6.351158e+06	5.335533736303991e-01	2.908012378975353e-01	5.000000000000000e-15	3.000000000000000e-07
6.468202e+06	5.361668151079177e-01	2.922321176804764e-01	5.000000000000000e-15	3.000000000000000e-07
6.587387e+06	5.387930572577365e-01	2.936699501746820e-01	5.000000000000000e-15	3.000000000000000e-07
6.708752e+06	5.414321627161157e-01	2.951147698701350e-01	5.000000000000000e-15	3.000000000000000e-07
6.832337e+06	5.440841944261676e-01	2.965666114217985e-01	5.000000000000000e-15	3.000000000000000e-07
6.958183e+06	5.467492156393572e-01	2.980255096504468e-01	5.000000000000000e-15	3.000000000000000e-07
7.086332e+06	5.494272899170100e-01	2.994914995435004e-01	5.000000000000000e-15	3.000000000000000e-07
7.216824e+06	5.521184811318272e-01	3.009646162558653e-01	5.000000000000000e-15	3.000000000000000e-07
7.349704e+06	5.548228534694082e-01	3.024448951107775e-01	5.000000000000000e-15	3.000000000000000e-07
7.485015e+06	5.575404714297808e-01	3.039323716006497e-01	5.000000000000000e-15	3.000000000000000e-07
7.622802e+06	5.602713998289386e-01	3.054270813879245e-01	5.000000000000000e-15	3.000000000000000e-07
7.763109e+06	5.630157038003858e-01	3.069290603059305e-01	5.000000000000000e-15	3.000000000000000e-07
7.905983e+06	5.657734487966903e-01	3.084383443597435e-01	5.000000000000000e-15	3.000000000000000e-07
8.051472e+06	5.685447005910436e-01	3.099549697270509e-01	5.000000000000000e-15	3.000000000000000e-07
8.199622e+06	5.713295252788282e-01	3.114789727590221e-01	5.000000000000000e-15	3.000000000000000e-07
8.350483e+06	5.741279892791936e-01	3.130103899811815e-01	5.000000000000000e-15	3.000000000000000e-07
8.504104e+06	5.769401593366398e-01	3.145492580942874e-01	5.000000000000000e-15	3.000000000000000e-07
8.660537e+06	5.797661025226070e-01	3.160956139752137e-01	5.000000000000000e-15	3.000000000000000e-07
8.819832e+06	5.826058862370754e-01	3.176494946778375e-01	5.000000000000000e-15	3.000000000000000e-07
8.982041e+06	5.854595782101716e-01	3.192109374339300e-01	5.000000000000000e-15	3.000000000000000e-07
9.147219e+06	5.883272465037820e-01	3.207799796540522e-01	5.000000000000000e-15	3.000000000000000e-07
9.315420e+06	5.912089595131763e-01	3.223566589284553e-01	5.000000000000000e-15	3.000000000000000e-07
9.486699e+06	5.941047859686371e-01	3.239410130279848e-01	5.000000000000000e-15	3.000000000000000e-07
9.661112e+06	5.970147949370981e-01	3.255330799049894e-01	5.000000000000000e-15	3.000000000000000e-07
9.838718e+06	5.999390558237904e-01	3.271328976942351e-01	5.000000000000000e-15	3.000000000000000e-07
1.000000e+07	6.025602908499564e-01	3.285668950021206e-01	5.000000000000000e-15	3.000000000000000e-07
1.018417e+07	6.055174710119315e-01	3.301846354634420e-01	5.000000000000000e-15	3.000000000000000e-07
1.037134e+07	6.084832694069484e-01	3.318070453052865e-01	5.000000000000000e-15	3.000000000000000e-07
1.056194e+07	6.114636991128680e-01	3.334374142296863e-01	5.000000000000000e-15	3.000000000000000e-07
1.075603e+07	6.144587234311537e-01	3.350757223145787e-01	5.000000000000000e-15	3.000000000000000e-07
1.095368e+07	6.174684157499867e-01	3.367220098582351e-01	5.000000000000000e-15	3.000000000000000e-07
1.115494e+07	6.204928478168578e-01	3.383763162588594e-01	5.000000000000000e-15	3.000000000000000e-07
1.135989e+07	6.235320917669444e-01	3.400386811241927e-01	5.000000000000000e-15	3.000000000000000e-07
1.156859e+07	6.265862200880672e-01	3.417091442523565e-01	5.000000000000000e-15	3.000000000000000e-07
1.178111e+07	6.296553056230840e-01	3.433877456331768e-01	5.000000000000000e-15	3.000000000000000e-07
1.199752e+07	6.327394215716147e-01	3.450745254491397e-01	5.000000000000000e-15	3.000000000000000e-07
1.221790e+07	6.358386414917847e-01	3.467695240763595e-01	5.000000000000000e-15	3.000000000000000e-07
1.244231e+07	6.389530393019796e-01	3.484727820855508e-01	5.000000000000000e-15	3.000000000000000e-07
1.267083e+07	6.420826892826058e-01	3.501843402430058e-01	5.000000000000000e-15	3.000000000000000e-07
1.290353e+07	6.452276660778615e-01	3.519042395115758e-01	5.000000000000000e-15	3.000000000000000e-07
1.314049e+07	6.483880446975154e-01	3.536325210516579e-01	5.000000000000000e-15	3.000000000000000e-07
1.338180e+07	6.515639005186949e-01	3.553692262221855e-01	5.000000000000000e-15	3.000000000000000e-07
1.362752e+07	6.547553092876819e-01	3.571143965816252e-01	5.000000000000000e-15	3.000000000000000e-07
1.387775e+07	6.579623471217185e-01	3.588680738889770e-01	5.000000000000000e-15	3.000000000000000e-07
1.413255e+07	6.611850905108213e-01	3.606303001047795e-01	5.000000000000000e-15	3.000000000000000e-07
1.439203e+07	6.644236163196041e-01	3.624011173921213e-01	5.000000000000000e-15	3.000000000000000e-07
1.465626e+07	6.676780017891101e-01	3.641805681176550e-01	5.000000000000000e-15	3.000000000000000e-07
1.492532e+07	6.709483245386524e-01	3.659686948526182e-01	5.000000000000000e-15	3.000000000000000e-07
1.519932e+07	6.742346625676645e-01	3.677655403738580e-01	5.000000000000000e-15	3.000000000000000e-07
1.547834e+07	6.775370942575587e-01	3.695711476648610e-01	5.000000000000000e-15	3.000000000000000e-07
1.576247e+07	6.808556983735947e-01	3.713855599167882e-01	5.000000000000000e-15	3.000000000000000e-07
1.605180e+07	6.841905540667564e-01	3.732088205295144e-01	5.000000000000000e-15	3.000000000000000e-07
1.634644e+07	6.875417408756387e-01	3.750409731126734e-01	5.000000000000000e-15	3.000000000000000e-07
1.664648e+07	6.909093387283429e-01	3.768820614867074e-01	5.000000000000000e-15	3.000000000000000e-07
1.695201e+07	6.942934279443818e-01	3.787321296839218e-01	5.000000000000000e-15	3.000000000000000e-07
1.726314e+07	6.976940892365938e-01	3.805912219495451e-01	5.000000000000000e-15	3.000000000000000e-07
1.757998e+07	7.011114037130669e-01	3.824593827427936e-01	5.000000000000000e-15	3.000000000000000e-07
1.790262e+07	7.045454528790713e-01	3.843366567379413e-01	5.000000000000000e-15	3.000000000000000e-07
1.823118e+07	7.079963186390024e-01	3.862230888253951e-01	5.000000000000000e-15	3.000000000000000e-07
1.856576e+07	7.114640832983324e-01	3.881187241127751e-01	5.000000000000000e-15	3.000000000000000e-07
1.890647e+07	7.149488295655724e-01	3.900236079259993e-01	5.000000000000000e-15	3.000000000000000e-07
1.925343e+07	7.184506405542431e-01	3.919377858103750e-01	5.000000000000000e-15	3.000000000000000e-07
1.960675e+07	7.219695997848563e-01	3.938613035316935e-01	5.000000000000000e-15	3.000000000000000e-07
1.996655e+07	7.255057911869048e-01	3.957942070773319e-01	5.000000000000000e-15	3.000000000000000e-07
2.033294e+07	7.290592991008632e-01	3.977365426573591e-01	5.000000000000000e-15	3.000000000000000e-07
2.070605e+07	7.326302082801979e-01	3.996883567056469e-01	5.000000000000000e-15	3.000000000000000e-07
2.108601e+07	7.362186038933868e-01	4.016496958809870e-01	5.000000000000000e-15	3.000000000000000e-07
2.147293e+07	7.398245715259497e-01	4.036206070682131e-01	5.000000000000000e-15	3.000000000000000e-07
2.186695e+07	7.434481971824874e-01	4.056011373793286e-01	5.000000000000000e-15	3.000000000000000e-07
2.226820e+07	7.470895672887324e-01	4.075913341546388e-01	5.000000000000000e-15	3.000000000000000e-07
2.267680e+07	7.507487686936078e-01	4.095912449638899e-01	5.000000000000000e-15	3.000000000000000e-07
2.309290e+07	7.544258886712976e-01	4.116009176074118e-01	5.000000000000000e-15	3.000000000000000e-07
2.351663e+07	7.581210149233270e-01	4.136204001172680e-01	5.000000000000000e-15	3.000000000000000e-07
2.394814e+07	7.618342355806522e-01	4.156497407584099e-01	5.000000000000000e-15	3.000000000000000e-07
2.438756e+07	7.655656392057615e-01	4.176889880298366e-01	5.000000000000000e-15	3.000000000000000e-07
2.483505e+07	7.693153147947852e-01	4.197381906657610e-01	5.000000000000000e-15	3.000000000000000e-07
2.529074e+07	7.730833517796173e-01	4.217973976367808e-01	5.000000000000000e-15	3.000000000000000e-07
2.575480e+07	7.768698400300470e-01	4.238666581510551e-01	5.000000000000000e-15	3.000000000000000e-07
2.622738e+07	7.806748698559004e-01	4.259460216554871e-01	5.000000000000000e-15	3.000000000000000e-07
2.670862e+07	7.844985320091930e-01	4.280355378369120e-01	5.000000000000000e-15	3.000000000000000e-07
2.719870e+07	7.883409176862927e-01	4.301352566232907e-01	5.000000000000000e-15	3.000000000000000e-07
2.769778e+07	7.922021185300934e-01	4.322452281849090e-01	5.000000000000000e-15	3.000000000000000e-07
2.820601e+07	7.960822266321991e-01	4.343655029355833e-01	5.000000000000000e-15	3.000000000000000e-07
2.872357e+07	7.999813345351188e-01	4.364961315338709e-01	5.000000000000000e-15	3.000000000000000e-07
2.925064e+07	8.038995352344722e-01	4.386371648842868e-01	5.000000000000000e-15	3.000000000000000e-07
2.978738e+07	8.078369221812063e-01	4.407886541385264e-01	5.000000000000000e-15	3.000000000000000e-07
3.033398e+07	8.117935892838224e-01	4.429506506966934e-01	5.000000000000000e-15	3.000000000000000e-07
3.089061e+07	8.157696309106146e-01	4.451232062085345e-01	5.000000000000000e-15	3.000000000000000e-07
3.145747e+07	8.197651418919186e-01	4.473063725746790e-01	5.000000000000000e-15	3.000000000000000e-07
3.203473e+07	8.237802175223726e-01	4.495002019478849e-01	5.000000000000000e-15	3.000000000000000e-07
3.262260e+07	8.278149535631878e-01	4.517047467342909e-01	5.000000000000000e-15	3.000000000000000e-07
3.322126e+07	8.318694462444312e-01	4.539200595946745e-01	5.000000000000000e-15	3.000000000000000e-07
3.383092e+07	8.359437922673187e-01	4.561461934457155e-01	5.000000000000000e-15	3.000000000000000e-07
3.445177e+07	8.400380888065210e-01	4.583832014612665e-01	5.000000000000000e-15	3.000000000000000e-07
3.508403e+07	8.441524335124785e-01	4.606311370736283e-01	5.000000000000000e-15	3.000000000000000e-07
3.572791e+07	8.482869245137291e-01	4.628900539748328e-01	5.000000000000000e-15	3.000000000000000e-07
3.638362e+07	8.524416604192475e-01	4.651600061179307e-01	5.000000000000000e-15	3.000000000000000e-07
3.705137e+07	8.566167403207947e-01	4.674410477182860e-01	5.000000000000000e-15	3.000000000000000e-07
3.773140e+07	8.608122637952805e-01	4.697332332548772e-01	5.000000000000000e-15	3.000000000000000e-07
3.842392e+07	8.650283309071364e-01	4.720366174716033e-01	5.000000000000000e-15	3.000000000000000e-07
3.912916e+07	8.692650422107007e-01	4.743512553785975e-01	5.000000000000000e-15	3.000000000000000e-07
3.984737e+07	8.735224987526152e-01	4.766772022535465e-01	5.000000000000000e-15	3.000000000000000e-07
4.057878e+07	8.778008020742337e-01	4.790145136430162e-01	5.000000000000000e-15	3.000000000000000e-07
4.132363e+07	8.821000542140421e-01	4.813632453637835e-01	5.000000000000000e-15	3.000000000000000e-07
4.208218e+07	8.864203577100904e-01	4.837234535041752e-01	5.000000000000000e-15	3.000000000000000e-07
4.285467e+07	8.907618156024366e-01	4.860951944254124e-01	5.000000000000000e-15	3.000000000000000e-07
4.364136e+07	8.951245314356027e-01	4.884785247629623e-01	5.000000000000000e-15	3.000000000000000e-07
4.444252e+07	8.995086092610429e-01	4.908735014278955e-01	5.000000000000000e-15	3.000000000000000e-07
4.525840e+07	9.039141536396234e-01	4.932801816082505e-01	5.000000000000000e-15	3.000000000000000e-07
4.608929e+07	9.083412696441142e-01	4.956986227704047e-01	5.000000000000000e-15	3.000000000000000e-07
4.693546e+07	9.127900628616944e-01	4.981288826604511e-01	5.000000000000000e-15	3.000000000000000e-07
4.779719e+07	9.172606393964681e-01	5.005710193055835e-01	5.000000000000000e-15	3.000000000000000e-07
4.867478e+07	9.217531058719935e-01	5.030250910154859e-01	5.000000000000000e-15	3.000000000000000e-07
4.956850e+07	9.262675694338246e-01	5.054911563837304e-01	5.000000000000000e-15	3.000000000000000e-07
5.047866e+07	9.308041377520648e-01	5.079692742891818e-01	5.000000000000000e-15	3.000000000000000e-07
5.140557e+07	9.353629190239330e-01	5.104595038974071e-01	5.000000000000000e-15	3.000000000000000e-07
5.234953e+07	9.399440219763427e-01	5.129619046620939e-01	5.000000000000000e-15	3.000000000000000e-07
5.331086e+07	9.445475558684938e-01	5.154765363264745e-01	5.000000000000000e-15	3.000000000000000e-07
5.428987e+07	9.491736304944760e-01	5.180034589247572e-01	5.000000000000000e-15	3.000000000000000e-07
5.528690e+07	9.538223561858867e-01	5.205427327835642e-01	5.000000000000000e-15	3.000000000000000e-07
5.630228e+07	9.584938438144601e-01	5.230944185233769e-01	5.000000000000000e-15	3.000000000000000e-07
5.733635e+07	9.631882047947100e-01	5.256585770599871e-01	5.000000000000000e-15	3.000000000000000e-07
5.838945e+07	9.679055510865855e-01	5.282352696059567e-01	5.000000000000000e-15	3.000000000000000e-07
5.946193e+07	9.726459951981395e-01	5.308245576720831e-01	5.000000000000000e-15	3.000000000000000e-07
6.055415e+07	9.774096501882105e-01	5.334265030688726e-01	5.000000000000000e-15	3.000000000000000e-07
6.166648e+07	9.821966296691169e-01	5.360411679080198e-01	5.000000000000000e-15	3.000000000000000e-07
6.279929e+07	9.870070478093658e-01	5.386686146038954e-01	5.000000000000000e-15	3.000000000000000e-07
6.395296e+07	9.918410193363735e-01	5.413089058750399e-01	5.000000000000000e-15	3.000000000000000e-07
6.512787e+07	9.966986595392004e-01	5.439621047456659e-01	5.000000000000000e-15	3.000000000000000e-07
6.632442e+07	1.001580084271299e+00	5.466282745471661e-01	5.000000000000000e-15	3.000000000000000e-07
6.754300e+07	1.006485409953275e+00	5.493074789196297e-01	5.000000000000000e-15	3.000000000000000e-07
6.878402e+07	1.011414753575664e+00	5.519997818133656e-01	5.000000000000000e-15	3.000000000000000e-07
7.004790e+07	1.016368232701715e+00	5.547052474904332e-01	5.000000000000000e-15	3.000000000000000e-07
7.133506e+07	1.021345965470199e+00	5.574239405261796e-01	5.000000000000000e-15	3.000000000000000e-07
7.264593e+07	1.026348070598221e+00	5.601559258107867e-01	5.000000000000000e-15	3.000000000000000e-07
7.398095e+07	1.031374667384051e+00	5.629012685508221e-01	5.000000000000000e-15	3.000000000000000e-07
7.534057e+07	1.036425875709967e+00	5.656600342708010e-01	5.000000000000000e-15	3.000000000000000e-07
7.672523e+07	1.041501816045113e+00	5.684322888147534e-01	5.000000000000000e-15	3.000000000000000e-07
7.813541e+07	1.046602609448368e+00	5.712180983477994e-01	5.000000000000000e-15	3.000000000000000e-07
7.957158e+07	1.051728377571237e+00	5.740175293577326e-01	5.000000000000000e-15	3.000000000000000e-07
8.103421e+07	1.056879242660744e+00	5.768306486566108e-01	5.000000000000000e-15	3.000000000000000e-07
8.252381e+07	1.062055327562352e+00	5.796575233823540e-01	5.000000000000000e-15	3.000000000000000e-07
8.404085e+07	1.067256755722886e+00	5.824982210003506e-01	5.000000000000000e-15	3.000000000000000e-07
8.558586e+07	1.072483651193478e+00	5.853528093050716e-01	5.000000000000000e-15	3.000000000000000e-07
8.715935e+07	1.077736138632524e+00	5.882213564216915e-01	5.000000000000000e-15	3.000000000000000e-07
8.876185e+07	1.083014343308655e+00	5.911039308077182e-01	5.000000000000000e-15	3.000000000000000e-07
9.039389e+07	1.088318391103722e+00	5.940006012546304e-01	5.000000000000000e-15	3.000000000000000e-07
9.205602e+07	1.093648408515798e+00	5.969114368895225e-01	5.000000000000000e-15	3.000000000000000e-07
9.374881e+07	1.099004522662191e+00	5.998365071767578e-01	5.000000000000000e-15	3.000000000000000e-07
9.547281e+07	1.104386861282476e+00	6.027758819196301e-01	5.000000000000000e-15	3.000000000000000e-07
9.722860e+07	1.109795552741540e+00	6.057296312620317e-01	5.000000000000000e-15	3.000000000000000e-07
9.901677e+07	1.115230726032640e+00	6.086978256901324e-01	5.000000000000000e-15	3.000000000000000e-07
1.000000e+08	1.118182807183513e+00	6.103099742511396e-01	5.000000000000000e-15	3.000000000000000e-07
1.018548e+08	1.123705059273148e+00	6.133256970140327e-01	5.000000000000000e-15	3.000000000000000e-07
1.037279e+08	1.129207494561850e+00	6.163305810033975e-01	5.000000000000000e-15	3.000000000000000e-07
1.056360e+08	1.134737726967613e+00	6.193506285027824e-01	5.000000000000000e-15	3.000000000000000e-07
1.075792e+08	1.140295020474957e+00	6.223854376106895e-01	5.000000000000000e-15	3.000000000000000e-07
1.095583e+08	1.145879523486392e+00	6.254350894079522e-01	5.000000000000000e-15	3.000000000000000e-07
1.115739e+08	1.151491368897229e+00	6.284996565060870e-01	5.000000000000000e-15	3.000000000000000e-07
1.136267e+08	1.157130690550100e+00	6.315792120331094e-01	5.000000000000000e-15	3.000000000000000e-07
1.157174e+08	1.162797622937387e+00	6.346738294710365e-01	5.000000000000000e-15	3.000000000000000e-07
1.178466e+08	1.168492301209921e+00	6.377835826606454e-01	5.000000000000000e-15	3.000000000000000e-07
1.200152e+08	1.174214861180109e+00	6.409085458031838e-01	5.000000000000000e-15	3.000000000000000e-07
1.222238e+08	1.179965439325171e+00	6.440487934621441e-01	5.000000000000000e-15	3.000000000000000e-07
1.244732e+08	1.185744172790391e+00	6.472044005650456e-01	5.000000000000000e-15	3.000000000000000e-07
1.267641e+08	1.191551199392388e+00	6.503754424052249e-01	5.000000000000000e-15	3.000000000000000e-07
1.290973e+08	1.197386657622401e+00	6.535619946436353e-01	5.000000000000000e-15	3.000000000000000e-07
1.314735e+08	1.203250686649591e+00	6.567641333106549e-01	5.000000000000000e-15	3.000000000000000e-07
1.338937e+08	1.209143426324355e+00	6.599819348079031e-01	5.000000000000000e-15	3.000000000000000e-07
1.363585e+08	1.215065017181662e+00	6.632154759100666e-01	5.000000000000000e-15	3.000000000000000e-07
1.388689e+08	1.221015600444403e+00	6.664648337667334e-01	5.000000000000000e-15	3.000000000000000e-07
1.414256e+08	1.226995318026757e+00	6.697300859042362e-01	5.000000000000000e-15	3.000000000000000e-07
1.440295e+08	1.233004312537570e+00	6.730113102275052e-01	5.000000000000000e-15	3.000000000000000e-07
1.466816e+08	1.239042727283762e+00	6.763085850219283e-01	5.000000000000000e-15	3.000000000000000e-07
1.493826e+08	1.245110706273735e+00	6.796219889552222e-01	5.000000000000000e-15	3.000000000000000e-07
1.521335e+08	1.251208394220811e+00	6.829516010793116e-01	5.000000000000000e-15	3.000000000000000e-07
1.549353e+08	1.257335936546677e+00	6.862975008322174e-01	5.000000000000000e-15	3.000000000000000e-07
1.577888e+08	1.263493479384856e+00	6.896597680399541e-01	5.000000000000000e-15	3.000000000000000e-07
1.606951e+08	1.269681169584187e+00	6.930384829184374e-01	5.000000000000000e-15	3.000000000000000e-07
1.636550e+08	1.275899154712327e+00	6.964337260753992e-01	5.000000000000000e-15	3.000000000000000e-07
1.666697e+08	1.282147583059266e+00	6.998455785123140e-01	5.000000000000000e-15	3.000000000000000e-07
1.697401e+08	1.288426603640864e+00	7.032741216263327e-01	5.000000000000000e-15	3.000000000000000e-07
1.728672e+08	1.294736366202405e+00	7.067194372122276e-01	5.000000000000000e-15	3.000000000000000e-07
1.760522e+08	1.301077021222160e+00	7.101816074643449e-01	5.000000000000000e-15	3.000000000000000e-07
1.792960e+08	1.307448719914979e+00	7.136607149785684e-01	5.000000000000000e-15	3.000000000000000e-07
1.825998e+08	1.313851614235894e+00	7.171568427542921e-01	5.000000000000000e-15	3.000000000000000e-07
1.859646e+08	1.320285856883743e+00	7.206700741964018e-01	5.000000000000000e-15	3.000000000000000e-07
1.893917e+08	1.326751601304804e+00	7.242004931172673e-01	5.000000000000000e-15	3.000000000000000e-07
1.928822e+08	1.333249001696459e+00	7.277481837387434e-01	5.000000000000000e-15	3.000000000000000e-07
1.964372e+08	1.339778213010866e+00	7.313132306941817e-01	5.000000000000000e-15	3.000000000000000e-07
2.000579e+08	1.346339390958654e+00	7.348957190304510e-01	5.000000000000000e-15	3.000000000000000e-07
2.037456e+08	1.352932692012634e+00	7.384957342099681e-01	5.000000000000000e-15	3.000000000000000e-07
2.075016e+08	1.359558273411527e+00	7.421133621127380e-01	5.000000000000000e-15	3.000000000000000e-07
2.113270e+08	1.366216293163717e+00	7.457486890384059e-01	5.000000000000000e-15	3.000000000000000e-07
2.152231e+08	1.372906910051009e+00	7.494018017083155e-01	5.000000000000000e-15	3.000000000000000e-07
2.191914e+08	1.379630283632424e+00	7.530727872675815e-01	5.000000000000000e-15	3.000000000000000e-07
2.232331e+08	1.386386574247993e+00	7.567617332871689e-01	5.000000000000000e-15	3.000000000000000e-07
2.273495e+08	1.393175943022587e+00	7.604687277659840e-01	5.000000000000000e-15	3.000000000000000e-07
2.315421e+08	1.399998551869749e+00	7.641938591329757e-01	5.000000000000000e-15	3.000000000000000e-07
2.358123e+08	1.406854563495563e+00	7.679372162492458e-01	5.000000000000000e-15	3.000000000000000e-07
2.401616e+08	1.413744141402522e+00	7.716988884101711e-01	5.000000000000000e-15	3.000000000000000e-07
2.445913e+08	1.420667449893436e+00	7.754789653475341e-01	5.000000000000000e-15	3.000000000000000e-07
2.491030e+08	1.427624654075339e+00	7.792775372316662e-01	5.000000000000000e-15	3.000000000000000e-07
2.536983e+08	1.434615919863432e+00	7.830946946735989e-01	5.000000000000000e-15	3.000000000000000e-07
2.583786e+08	1.441641413985030e+00	7.869305287272277e-01	5.000000000000000e-15	3.000000000000000e-07
2.631455e+08	1.448701303983545e+00	7.907851308914849e-01	5.000000000000000e-15	3.000000000000000e-07
2.680007e+08	1.455795758222474e+00	7.946585931125240e-01	5.000000000000000e-15	3.000000000000000e-07
2.729459e+08	1.462924945889411e+00	7.985510077859139e-01	5.000000000000000e-15	3.000000000000000e-07
2.779825e+08	1.470089037000086e+00	8.024624677588444e-01	5.000000000000000e-15	3.000000000000000e-07
2.831125e+08	1.477288202402410e+00	8.063930663323428e-01	5.000000000000000e-15	3.000000000000000e-07
2.883374e+08	1.484522613780554e+00	8.103428972634994e-01	5.000000000000000e-15	3.000000000000000e-07
2.936592e+08	1.491792443659038e+00	8.143120547677066e-01	5.000000000000000e-15	3.000000000000000e-07
2.990795e+08	1.499097865406842e+00	8.183006335209067e-01	5.000000000000000e-15	3.000000000000000e-07
3.046002e+08	1.506439053241543e+00	8.223087286618512e-01	5.000000000000000e-15	3.000000000000000e-07
3.102231e+08	1.513816182233462e+00	8.263364357943721e-01	5.000000000000000e-15	3.000000000000000e-07
3.159503e+08	1.521229428309844e+00	8.303838509896626e-01	5.000000000000000e-15	3.000000000000000e-07
3.217835e+08	1.528678968259044e+00	8.344510707885704e-01	5.000000000000000e-15	3.000000000000000e-07
3.277248e+08	1.536164979734747e+00	8.385381922039012e-01	5.000000000000000e-15	3.000000000000000e-07
3.337763e+08	1.543687641260197e+00	8.426453127227341e-01	5.000000000000000e-15	3.000000000000000e-07
3.399398e+08	1.551247132232460e+00	8.467725303087474e-01	5.000000000000000e-15	3.000000000000000e-07
3.462176e+08	1.558843632926693e+00	8.509199434045567e-01	5.000000000000000e-15	3.000000000000000e-07
3.526117e+08	1.566477324500442e+00	8.550876509340637e-01	5.000000000000000e-15	3.000000000000000e-07
3.591244e+08	1.574148388997967e+00	8.592757523048170e-01	5.000000000000000e-15	3.000000000000000e-07
3.657577e+08	1.581857009354571e+00	8.634843474103837e-01	5.000000000000000e-15	3.000000000000000e-07
3.725141e+08	1.589603369400969e+00	8.677135366327334e-01	5.000000000000000e-15	3.000000000000000e-07
3.793957e+08	1.597387653867665e+00	8.719634208446329e-01	5.000000000000000e-15	3.000000000000000e-07
3.864048e+08	1.605210048389358e+00	8.762341014120533e-01	5.000000000000000e-15	3.000000000000000e-07
3.935439e+08	1.613070739509365e+00	8.805256801965886e-01	5.000000000000000e-15	3.000000000000000e-07
4.008154e+08	1.620969914684069e+00	8.848382595578861e-01	5.000000000000000e-15	3.000000000000000e-07
4.082218e+08	1.628907762287384e+00	8.891719423560883e-01	5.000000000000000e-15	3.000000000000000e-07
4.157655e+08	1.636884471615252e+00	8.935268319542873e-01	5.000000000000000e-15	3.000000000000000e-07
4.234491e+08	1.644900232890147e+00	8.979030322209908e-01	5.000000000000000e-15	3.000000000000000e-07
4.312752e+08	1.652955237265614e+00	9.023006475326000e-01	5.000000000000000e-15	3.000000000000000e-07
4.392464e+08	1.661049676830825e+00	9.067197827758999e-01	5.000000000000000e-15	3.000000000000000e-07
4.473656e+08	1.669183744615158e+00	9.111605433505621e-01	5.000000000000000e-15	3.000000000000000e-07
4.556353e+08	1.677357634592795e+00	9.156230351716583e-01	5.000000000000000e-15	3.000000000000000e-07
4.640585e+08	1.685571541687348e+00	9.201073646721879e-01	5.000000000000000e-15	3.000000000000000e-07
4.726379e+08	1.693825661776508e+00	9.246136388056166e-01	5.000000000000000e-15	3.000000000000000e-07
4.813766e+08	1.702120191696707e+00	9.291419650484284e-01	5.000000000000000e-15	3.000000000000000e-07
4.902774e+08	1.710455329247818e+00	9.336924514026890e-01	5.000000000000000e-15	3.000000000000000e-07
4.993433e+08	1.718831273197863e+00	9.382652063986223e-01	5.000000000000000e-15	3.000000000000000e-07
5.085776e+08	1.727248223287754e+00	9.428603390971999e-01	5.000000000000000e-15	3.000000000000000e-07
5.179832e+08	1.735706380236054e+00	9.474779590927419e-01	5.000000000000000e-15	3.000000000000000e-07
5.275633e+08	1.744205945743763e+00	9.521181765155320e-01	5.000000000000000e-15	3.000000000000000e-07
5.373213e+08	1.752747122499120e+00	9.567811020344439e-01	5.000000000000000e-15	3.000000000000000e-07
5.472605e+08	1.761330114182443e+00	9.614668468595815e-01	5.000000000000000e-15	3.000000000000000e-07
5.573841e+08	1.769955125470975e+00	9.661755227449319e-01	5.000000000000000e-15	3.000000000000000e-07
5.676958e+08	1.778622362043769e+00	9.709072419910304e-01	5.000000000000000e-15	3.000000000000000e-07
5.781988e+08	1.787332030586589e+00	9.756621174476400e-01	5.000000000000000e-15	3.000000000000000e-07
5.888969e+08	1.796084338796836e+00	9.804402625164423e-01	5.000000000000000e-15	3.000000000000000e-07
5.997937e+08	1.804879495388498e+00	9.852417911537434e-01	5.000000000000000e-15	3.000000000000000e-07
6.108928e+08	1.813717710097126e+00	9.900668178731912e-01	5.000000000000000e-15	3.000000000000000e-07
6.221980e+08	1.822599193684835e+00	9.949154577485070e-01	5.000000000000000e-15	3.000000000000000e-07
6.337132e+08	1.831524157945325e+00	9.997878264162302e-01	5.000000000000000e-15	3.000000000000000e-07
6.454423e+08	1.840492815708928e+00	1.004684040078477e+00	5.000000000000000e-15	3.000000000000000e-07
6.573893e+08	1.849505380847688e+00	1.009604215505710e+00	5.000000000000000e-15	3.000000000000000e-07
6.695582e+08	1.858562068280452e+00	1.014548470039527e+00	5.000000000000000e-15	3.000000000000000e-07
6.819531e+08	1.867663093977993e+00	1.019516921595454e+00	5.000000000000000e-15	3.000000000000000e-07
6.945784e+08	1.876808674968164e+00	1.024509688665764e+00	5.000000000000000e-15	3.000000000000000e-07
7.074382e+08	1.885999029341064e+00	1.029526890322299e+00	5.000000000000000e-15	3.000000000000000e-07
7.205370e+08	1.895234376254243e+00	1.034568646219309e+00	5.000000000000000e-15	3.000000000000000e-07
7.338792e+08	1.904514935937919e+00	1.039635076596310e+00	5.000000000000000e-15	3.000000000000000e-07
7.474693e+08	1.913840929700235e+00	1.044726302280949e+00	5.000000000000000e-15	3.000000000000000e-07
7.613120e+08	1.923212579932525e+00	1.049842444691882e+00	5.000000000000000e-15	3.000000000000000e-07
7.754120e+08	1.932630110114625e+00	1.054983625841678e+00	5.000000000000000e-15	3.000000000000000e-07
7.897741e+08	1.942093744820192e+00	1.060149968339723e+00	5.000000000000000e-15	3.000000000000000e-07
8.044032e+08	1.951603709722062e+00	1.065341595395144e+00	5.000000000000000e-15	3.000000000000000e-07
8.193042e+08	1.961160231597624e+00	1.070558630819750e+00	5.000000000000000e-15	3.000000000000000e-07
8.344822e+08	1.970763538334233e+00	1.075801199030984e+00	5.000000000000000e-15	3.000000000000000e-07
8.499424e+08	1.980413858934634e+00	1.081069425054888e+00	5.000000000000000e-15	3.000000000000000e-07
8.656901e+08	1.990111423522425e+00	1.086363434529087e+00	5.000000000000000e-15	3.000000000000000e-07
8.817305e+08	1.999856463347542e+00	1.091683353705784e+00	5.000000000000000e-15	3.000000000000000e-07
8.980693e+08	2.009649210791771e+00	1.097029309454771e+00	5.000000000000000e-15	3.000000000000000e-07
9.147119e+08	2.019489899374285e+00	1.102401429266456e+00	5.000000000000000e-15	3.000000000000000e-07
9.316640e+08	2.029378763757213e+00	1.107799841254899e+00	5.000000000000000e-15	3.000000000000000e-07
9.489314e+08	2.039316039751232e+00	1.113224674160872e+00	5.000000000000000e-15	3.000000000000000e-07
9.665200e+08	2.049301964321185e+00	1.118676057354927e+00	5.000000000000000e-15	3.000000000000000e-07
9.844358e+08	2.059336775591738e+00	1.124154120840480e+00	5.000000000000000e-15	3.000000000000000e-07
1.000000e+09	2.067940217998788e+00	1.128850785397650e+00	5.000000000000000e-15	3.000000000000000e-07
