#t[yr]	ecc	inc	eachmass	totalmass
0.000000e+00	1.000000000000000e-02	5.000000000000000e-03	3.000000000000000e-06	3.000000000000000e-06
1.100000e-01	9.976522508410066e-03	4.979061376446684e-03	3.000000000000000e-06	3.000000000000000e-06
1.200000e-01	9.974396894873984e-03	4.977162044837725e-03	3.000000000000000e-06	3.000000000000000e-06
1.300000e-01	9.972272728783800e-03	4.975263409060598e-03	3.000000000000000e-06	3.000000000000000e-06
1.500000e-01	9.968028735988245e-03	4.971468224288448e-03	3.000000000000000e-06	3.000000000000000e-06
1.600000e-01	9.965908907806749e-03	4.969571674936604e-03	3.000000000000000e-06	3.000000000000000e-06
1.800000e-01	9.961673584186948e-03	4.965780661408962e-03	3.000000000000000e-06	3.000000000000000e-06
2.000000e-01	9.957444032640378e-03	4.961992426925589e-03	3.000000000000000e-06	3.000000000000000e-06
2.300000e-01	9.951110515053360e-03	4.956315282781896e-03	3.000000000000000e-06	3.000000000000000e-06
2.600000e-01	9.944789951455865e-03	4.950644383445028e-03	3.000000000000000e-06	3.000000000000000e-06
2.900000e-01	9.938482321956363e-03	4.944979724084330e-03	3.000000000000000e-06	3.000000000000000e-06
3.200000e-01	9.932187606673875e-03	4.939321299865399e-03	3.000000000000000e-06	3.000000000000000e-06
3.600000e-01	9.923814707403644e-03	4.931786424986911e-03	3.000000000000000e-06	3.000000000000000e-06
4.000000e-01	9.915464684347255e-03	4.924262614725331e-03	3.000000000000000e-06	3.000000000000000e-06
4.500000e-01	9.905059253549292e-03	4.914873394011561e-03	3.000000000000000e-06	3.000000000000000e-06
5.100000e-01	9.892619692538594e-03	4.903629094598183e-03	3.000000000000000e-06	3.000000000000000e-06
5.700000e-01	9.880231206555620e-03	4.892409593503272e-03	3.000000000000000e-06	3.000000000000000e-06
6.400000e-01	9.865842314929337e-03	4.879351465952214e-03	3.000000000000000e-06	3.000000000000000e-06
7.100000e-01	9.851522475662528e-03	4.866326976801183e-03	3.000000000000000e-06	3.000000000000000e-06
8.000000e-01	9.833212315075984e-03	4.849630533132048e-03	3.000000000000000e-06	3.000000000000000e-06
9.000000e-01	9.813000436372841e-03	4.831143865704505e-03	3.000000000000000e-06	3.000000000000000e-06
1.000000e+00	9.792927584478462e-03	4.812725377372135e-03	3.000000000000000e-06	3.000000000000000e-06
1.130000e+00	9.767039527263087e-03	4.788882971565230e-03	3.000000000000000e-06	3.000000000000000e-06
1.260000e+00	9.741383604858411e-03	4.765155081672426e-03	3.000000000000000e-06	3.000000000000000e-06
1.420000e+00	9.710123407995253e-03	4.736108137926736e-03	3.000000000000000e-06	3.000000000000000e-06
1.590000e+00	9.677288801925026e-03	4.705434327696804e-03	3.000000000000000e-06	3.000000000000000e-06
1.780000e+00	9.641049574427610e-03	4.671380660016581e-03	3.000000000000000e-06	3.000000000000000e-06
2.000000e+00	9.599686466804442e-03	4.632250254576600e-03	3.000000000000000e-06	3.000000000000000e-06
2.240000e+00	9.555286624031611e-03	4.589927719109564e-03	3.000000000000000e-06	3.000000000000000e-06
2.520000e+00	9.504428367034221e-03	4.541029738328275e-03	3.000000000000000e-06	3.000000000000000e-06
2.820000e+00	9.451045913305733e-03	4.489206273570049e-03	3.000000000000000e-06	3.000000000000000e-06
3.170000e+00	9.390191231211695e-03	4.429480704233978e-03	3.000000000000000e-06	3.000000000000000e-06
3.550000e+00	9.325824993578717e-03	4.365523415105158e-03	3.000000000000000e-06	3.000000000000000e-06
3.990000e+00	9.253464756817247e-03	4.292609137657046e-03	3.000000000000000e-06	3.000000000000000e-06
4.470000e+00	9.177116813990317e-03	4.214445899037597e-03	3.000000000000000e-06	3.000000000000000e-06
5.020000e+00	9.092866038756317e-03	4.126628282049557e-03	3.000000000000000e-06	3.000000000000000e-06
5.630000e+00	9.003334485360094e-03	4.031374297046080e-03	3.000000000000000e-06	3.000000000000000e-06
6.310000e+00	8.908204834975895e-03	3.927798513748287e-03	3.000000000000000e-06	3.000000000000000e-06
7.080000e+00	8.806197792996602e-03	3.813766374543227e-03	3.000000000000000e-06	3.000000000000000e-06
7.950000e+00	8.697910976008676e-03	3.688983599480192e-03	3.000000000000000e-06	3.000000000000000e-06
8.920000e+00	8.585440282865422e-03	3.554800362400197e-03	3.000000000000000e-06	3.000000000000000e-06
1.000000e+01	8.469860568932569e-03	3.411348186334702e-03	3.000000000000000e-06	3.000000000000000e-06
1.123000e+01	8.349775049725934e-03	3.255347454370901e-03	3.000000000000000e-06	3.000000000000000e-06
1.259000e+01	8.230221475921739e-03	3.091655498490609e-03	3.000000000000000e-06	3.000000000000000e-06
1.413000e+01	8.110153064160006e-03	2.916974297570712e-03	3.000000000000000e-06	3.000000000000000e-06
1.585000e+01	7.993375799888885e-03	2.734636899213834e-03	3.000000000000000e-06	3.000000000000000e-06
1.779000e+01	7.881136120360522e-03	2.544264095879769e-03	3.000000000000000e-06	3.000000000000000e-06
1.996000e+01	7.776937160409701e-03	2.349361228789054e-03	3.000000000000000e-06	3.000000000000000e-06
2.239000e+01	7.683157865601799e-03	2.152183716241820e-03	3.000000000000000e-06	3.000000000000000e-06
2.512000e+01	7.601990394066316e-03	1.955212322530042e-03	3.000000000000000e-06	3.000000000000000e-06
2.819000e+01	7.535737336544620e-03	1.762100665493470e-03	3.000000000000000e-06	3.000000000000000e-06
3.163000e+01	7.486604854359902e-03	1.578000426710876e-03	3.000000000000000e-06	3.000000000000000e-06
3.549000e+01	7.456007907846660e-03	1.407622261656813e-03	3.000000000000000e-06	3.000000000000000e-06
3.982000e+01	7.445030690457418e-03	1.256322165305315e-03	3.000000000000000e-06	3.000000000000000e-06
4.467000e+01	7.454329474015924e-03	1.129378658293453e-03	3.000000000000000e-06	3.000000000000000e-06
5.012000e+01	7.484367972412189e-03	1.030522875764771e-03	3.000000000000000e-06	3.000000000000000e-06
5.624000e+01	7.535516731337152e-03	9.620438620133063e-04	3.000000000000000e-06	3.000000000000000e-06
6.310000e+01	7.608013907907770e-03	9.233127678639684e-04	3.000000000000000e-06	3.000000000000000e-06
7.080000e+01	7.702350729151899e-03	9.107861860063575e-04	3.000000000000000e-06	3.000000000000000e-06
7.944000e+01	7.818933196754425e-03	9.195157079550153e-04	3.000000000000000e-06	3.000000000000000e-06
8.913000e+01	7.957954236385690e-03	9.445948145968751e-04	3.000000000000000e-06	3.000000000000000e-06
1.000100e+02	8.119405100508291e-03	9.823143614514599e-04	3.000000000000000e-06	3.000000000000000e-06
1.122100e+02	8.302201060017361e-03	1.030308968266917e-03	3.000000000000000e-06	3.000000000000000e-06
1.259000e+02	8.504779723470380e-03	1.087436541062687e-03	3.000000000000000e-06	3.000000000000000e-06
1.412600e+02	8.724841102892809e-03	1.153194214165794e-03	3.000000000000000e-06	3.000000000000000e-06
1.584900e+02	8.960111243383641e-03	1.227316189707372e-03	3.000000000000000e-06	3.000000000000000e-06
1.778300e+02	9.209532247240342e-03	1.309576688391898e-03	3.000000000000000e-06	3.000000000000000e-06
1.995300e+02	9.473698191887961e-03	1.399547092781632e-03	3.000000000000000e-06	3.000000000000000e-06
2.238800e+02	9.755487631601051e-03	1.496746233185181e-03	3.000000000000000e-06	3.000000000000000e-06
2.511900e+02	1.005916873953975e-02	1.600657301046657e-03	3.000000000000000e-06	3.000000000000000e-06
2.818400e+02	1.038970290974353e-02	1.711030500604504e-03	3.000000000000000e-06	3.000000000000000e-06
3.162300e+02	1.075097035803178e-02	1.827778335812069e-03	3.000000000000000e-06	3.000000000000000e-06
3.548200e+02	1.114554926843538e-02	1.951185509566116e-03	3.000000000000000e-06	3.000000000000000e-06
3.981100e+02	1.157446182613324e-02	2.081879532498827e-03	3.000000000000000e-06	3.000000000000000e-06
4.466900e+02	1.203799742179511e-02	2.221011531367170e-03	3.000000000000000e-06	3.000000000000000e-06
5.011900e+02	1.253561363635308e-02	2.370132048916153e-03	3.000000000000000e-06	3.000000000000000e-06
5.623500e+02	1.306688629948767e-02	2.531423037008771e-03	3.000000000000000e-06	3.000000000000000e-06
6.309600e+02	1.363109097772032e-02	2.707564032987999e-03	3.000000000000000e-06	3.000000000000000e-06
7.079500e+02	1.422795028378261e-02	2.901978576375425e-03	3.000000000000000e-06	3.000000000000000e-06
7.943300e+02	1.485697709027345e-02	3.118621675440192e-03	3.000000000000000e-06	3.000000000000000e-06
8.912600e+02	1.551777838603642e-02	3.361959985645758e-03	3.000000000000000e-06	3.000000000000000e-06
1.000010e+03	1.620944937145350e-02	3.636423913572303e-03	3.000000000000000e-06	3.000000000000000e-06
