#t[yr]	ecc	inc	eachmass	totalmass
0.000000e+00	1.000000000000000e-01	5.000000000000000e-02	3.000000000000000e-08	3.000000000000000e-07
1.000000e-03	1.000000043054593e-01	5.000000198657306e-02	3.000000000000000e-08	3.000000000000000e-07
1.000000e-02	1.000000430545819e-01	5.000001986572612e-02	3.000000000000000e-08	3.000000000000000e-07
1.000000e-01	1.000004305447542e-01	5.000019865682215e-02	3.000000000000000e-08	3.000000000000000e-07
1.000000e+00	1.000043053410720e-01	5.000198652432756e-02	3.000000000000000e-08	3.000000000000000e-07
1.000000e+01	1.000430427684572e-01	5.001986085565745e-02	3.000000000000000e-08	3.000000000000000e-07
1.000000e+02	1.004293680968568e-01	5.019817155352057e-02	3.000000000000000e-08	3.000000000000000e-07
2.163077e+02	1.009235243532397e-01	5.042661323848564e-02	3.000000000000000e-08	3.000000000000000e-07
3.342061e+02	1.014182557760175e-01	5.065576896361215e-02	3.000000000000000e-08	3.000000000000000e-07
4.541664e+02	1.019154228635515e-01	5.088650101921141e-02	3.000000000000000e-08	3.000000000000000e-07
5.762221e+02	1.024150052799276e-01	5.111880365718990e-02	3.000000000000000e-08	3.000000000000000e-07
7.004153e+02	1.029170151989304e-01	5.135268617311535e-02	3.000000000000000e-08	3.000000000000000e-07
8.267888e+02	1.034214642900054e-01	5.158815763881277e-02	3.000000000000000e-08	3.000000000000000e-07
9.553863e+02	1.039283642896621e-01	5.182522716683708e-02	3.000000000000000e-08	3.000000000000000e-07
1.000000e+03	1.041022911456171e-01	5.190671776138213e-02	3.000000000000000e-08	3.000000000000000e-07
1.133181e+03	1.046184063433974e-01	5.214871619038833e-02	3.000000000000000e-08	3.000000000000000e-07
1.267164e+03	1.051310175728001e-01	5.238953384682811e-02	3.000000000000000e-08	3.000000000000000e-07
1.403553e+03	1.056462245832815e-01	5.263202967461707e-02	3.000000000000000e-08	3.000000000000000e-07
1.542367e+03	1.061639324201873e-01	5.287616278511772e-02	3.000000000000000e-08	3.000000000000000e-07
1.683657e+03	1.066841550157788e-01	5.312194336712416e-02	3.000000000000000e-08	3.000000000000000e-07
1.827472e+03	1.072069044450675e-01	5.336938074397207e-02	3.000000000000000e-08	3.000000000000000e-07
1.973865e+03	1.077321928766755e-01	5.361848428994652e-02	3.000000000000000e-08	3.000000000000000e-07
2.122887e+03	1.082600325387387e-01	5.386926341387709e-02	3.000000000000000e-08	3.000000000000000e-07
2.274593e+03	1.087904357198613e-01	5.412172755922701e-02	3.000000000000000e-08	3.000000000000000e-07
2.429037e+03	1.093234147694511e-01	5.437588620388248e-02	3.000000000000000e-08	3.000000000000000e-07
2.586276e+03	1.098589820980686e-01	5.463174885993969e-02	3.000000000000000e-08	3.000000000000000e-07
2.746367e+03	1.103971501777787e-01	5.488932507348444e-02	3.000000000000000e-08	3.000000000000000e-07
2.909369e+03	1.109379315425041e-01	5.514862442436428e-02	3.000000000000000e-08	3.000000000000000e-07
3.075341e+03	1.114813387883818e-01	5.540965652595298e-02	3.000000000000000e-08	3.000000000000000e-07
3.244345e+03	1.120273845741213e-01	5.567243102490740e-02	3.000000000000000e-08	3.000000000000000e-07
3.416444e+03	1.125760816213663e-01	5.593695760091667e-02	3.000000000000000e-08	3.000000000000000e-07
3.591702e+03	1.131274427150574e-01	5.620324596644358e-02	3.000000000000000e-08	3.000000000000000e-07
3.770185e+03	1.136814807037989e-01	5.647130586645797e-02	3.000000000000000e-08	3.000000000000000e-07
3.951959e+03	1.142382085002263e-01	5.674114707816241e-02	3.000000000000000e-08	3.000000000000000e-07
4.137093e+03	1.147976390813780e-01	5.701277941070969e-02	3.000000000000000e-08	3.000000000000000e-07
4.325657e+03	1.153597854890679e-01	5.728621270491237e-02	3.000000000000000e-08	3.000000000000000e-07
4.517724e+03	1.159246608302616e-01	5.756145683294412e-02	3.000000000000000e-08	3.000000000000000e-07
4.713365e+03	1.164922782774547e-01	5.783852169803298e-02	3.000000000000000e-08	3.000000000000000e-07
4.912657e+03	1.170626510690530e-01	5.811741723414626e-02	3.000000000000000e-08	3.000000000000000e-07
5.115675e+03	1.176357925097564e-01	5.839815340566725e-02	3.000000000000000e-08	3.000000000000000e-07
5.322499e+03	1.182117159709438e-01	5.868074020706349e-02	3.000000000000000e-08	3.000000000000000e-07
5.533208e+03	1.187904348910618e-01	5.896518766254673e-02	3.000000000000000e-08	3.000000000000000e-07
5.747885e+03	1.193719627760154e-01	5.925150582572441e-02	3.000000000000000e-08	3.000000000000000e-07
5.966612e+03	1.199563131995604e-01	5.953970477924266e-02	3.000000000000000e-08	3.000000000000000e-07
6.189477e+03	1.205434998036997e-01	5.982979463442076e-02	3.000000000000000e-08	3.000000000000000e-07
6.416566e+03	1.211335362990810e-01	6.012178553087710e-02	3.000000000000000e-08	3.000000000000000e-07
6.647969e+03	1.217264364653975e-01	6.041568763614653e-02	3.000000000000000e-08	3.000000000000000e-07
6.883778e+03	1.223222141517906e-01	6.071151114528905e-02	3.000000000000000e-08	3.000000000000000e-07
7.124087e+03	1.229208832772558e-01	6.100926628048998e-02	3.000000000000000e-08	3.000000000000000e-07
7.368992e+03	1.235224578310504e-01	6.130896329065137e-02	3.000000000000000e-08	3.000000000000000e-07
7.618590e+03	1.241269518731039e-01	6.161061245097486e-02	3.000000000000000e-08	3.000000000000000e-07
7.872982e+03	1.247343795344311e-01	6.191422406253579e-02	3.000000000000000e-08	3.000000000000000e-07
8.132272e+03	1.253447550175470e-01	6.221980845184868e-02	3.000000000000000e-08	3.000000000000000e-07
8.396563e+03	1.259580925968851e-01	6.252737597042410e-02	3.000000000000000e-08	3.000000000000000e-07
8.665963e+03	1.265744066192175e-01	6.283693699431681e-02	3.000000000000000e-08	3.000000000000000e-07
8.940582e+03	1.271937115040772e-01	6.314850192366538e-02	3.000000000000000e-08	3.000000000000000e-07
9.220532e+03	1.278160217441836e-01	6.346208118222312e-02	3.000000000000000e-08	3.000000000000000e-07
9.505928e+03	1.284413519058702e-01	6.377768521688046e-02	3.000000000000000e-08	3.000000000000000e-07
9.796888e+03	1.290697166295139e-01	6.409532449717893e-02	3.000000000000000e-08	3.000000000000000e-07
1.000000e+04	1.295023787642851e-01	6.431438468794935e-02	3.000000000000000e-08	3.000000000000000e-07
1.030245e+04	1.301397565745018e-01	6.463743635133277e-02	3.000000000000000e-08	3.000000000000000e-07
1.060896e+04	1.307762880832171e-01	6.496056752577825e-02	3.000000000000000e-08	3.000000000000000e-07
1.092152e+04	1.314159850324798e-01	6.528581140241126e-02	3.000000000000000e-08	3.000000000000000e-07
1.124023e+04	1.320587847504545e-01	6.561313918467690e-02	3.000000000000000e-08	3.000000000000000e-07
1.156523e+04	1.327047038195417e-01	6.594256222910289e-02	3.000000000000000e-08	3.000000000000000e-07
1.189665e+04	1.333537573573352e-01	6.627409112868177e-02	3.000000000000000e-08	3.000000000000000e-07
1.223464e+04	1.340059605889419e-01	6.660773651033473e-02	3.000000000000000e-08	3.000000000000000e-07
1.257933e+04	1.346613288167614e-01	6.694350901875926e-02	3.000000000000000e-08	3.000000000000000e-07
1.293087e+04	1.353198774215383e-01	6.728141931616953e-02	3.000000000000000e-08	3.000000000000000e-07
1.328941e+04	1.359816218628054e-01	6.762147808171792e-02	3.000000000000000e-08	3.000000000000000e-07
1.365510e+04	1.366465776793415e-01	6.796369601091529e-02	3.000000000000000e-08	3.000000000000000e-07
1.402811e+04	1.373147604896308e-01	6.830808381504370e-02	3.000000000000000e-08	3.000000000000000e-07
1.440859e+04	1.379861859923245e-01	6.865465222056237e-02	3.000000000000000e-08	3.000000000000000e-07
1.479671e+04	1.386608699667045e-01	6.900341196850646e-02	3.000000000000000e-08	3.000000000000000e-07
1.519262e+04	1.393388282731500e-01	6.935437381387943e-02	3.000000000000000e-08	3.000000000000000e-07
1.559651e+04	1.400200768536053e-01	6.970754852503874e-02	3.000000000000000e-08	3.000000000000000e-07
1.600855e+04	1.407046317320504e-01	7.006294688307539e-02	3.000000000000000e-08	3.000000000000000e-07
1.642893e+04	1.413925090149733e-01	7.042057968118751e-02	3.000000000000000e-08	3.000000000000000e-07
1.685781e+04	1.420837248918445e-01	7.078045772404799e-02	3.000000000000000e-08	3.000000000000000e-07
1.729539e+04	1.427782956355936e-01	7.114259182716690e-02	3.000000000000000e-08	3.000000000000000e-07
1.774187e+04	1.434762376030881e-01	7.150699281624848e-02	3.000000000000000e-08	3.000000000000000e-07
1.819744e+04	1.441775672356136e-01	7.187367152654324e-02	3.000000000000000e-08	3.000000000000000e-07
1.866230e+04	1.448823010593567e-01	7.224263880219563e-02	3.000000000000000e-08	3.000000000000000e-07
1.913665e+04	1.455904556858893e-01	7.261390549558713e-02	3.000000000000000e-08	3.000000000000000e-07
1.962071e+04	1.463020478126550e-01	7.298748246667563e-02	3.000000000000000e-08	3.000000000000000e-07
2.011469e+04	1.470170942234574e-01	7.336338058233116e-02	3.000000000000000e-08	3.000000000000000e-07
2.061882e+04	1.477356117889501e-01	7.374161071566827e-02	3.000000000000000e-08	3.000000000000000e-07
2.113331e+04	1.484576174671287e-01	7.412218374537580e-02	3.000000000000000e-08	3.000000000000000e-07
2.165840e+04	1.491831283038244e-01	7.450511055504391e-02	3.000000000000000e-08	3.000000000000000e-07
2.219432e+04	1.499121614331994e-01	7.489040203248948e-02	3.000000000000000e-08	3.000000000000000e-07
2.274132e+04	1.506447340782439e-01	7.527806906907952e-02	3.000000000000000e-08	3.000000000000000e-07
2.329963e+04	1.513808635512752e-01	7.566812255905374e-02	3.000000000000000e-08	3.000000000000000e-07
2.386952e+04	1.521205672544375e-01	7.606057339884635e-02	3.000000000000000e-08	3.000000000000000e-07
2.445124e+04	1.528638626802042e-01	7.645543248640763e-02	3.000000000000000e-08	3.000000000000000e-07
2.504506e+04	1.536107674118814e-01	7.685271072052592e-02	3.000000000000000e-08	3.000000000000000e-07
2.565123e+04	1.543612991241128e-01	7.725241900015042e-02	3.000000000000000e-08	3.000000000000000e-07
2.627005e+04	1.551154755833860e-01	7.765456822371529e-02	3.000000000000000e-08	3.000000000000000e-07
2.690179e+04	1.558733146485405e-01	7.805916928846574e-02	3.000000000000000e-08	3.000000000000000e-07
2.754675e+04	1.566348342712770e-01	7.846623308978667e-02	3.000000000000000e-08	3.000000000000000e-07
2.820521e+04	1.574000524966677e-01	7.887577052053431e-02	3.000000000000000e-08	3.000000000000000e-07
2.887747e+04	1.581689874636684e-01	7.928779247037146e-02	3.000000000000000e-08	3.000000000000000e-07
2.956386e+04	1.589416574056312e-01	7.970230982510727e-02	3.000000000000000e-08	3.000000000000000e-07
3.026468e+04	1.597180806508191e-01	8.011933346604175e-02	3.000000000000000e-08	3.000000000000000e-07
3.098025e+04	1.604982756229210e-01	8.053887426931593e-02	3.000000000000000e-08	3.000000000000000e-07
3.171092e+04	1.612822608415687e-01	8.096094310526826e-02	3.000000000000000e-08	3.000000000000000e-07
3.245701e+04	1.620700549228538e-01	8.138555083779804e-02	3.000000000000000e-08	3.000000000000000e-07
3.321887e+04	1.628616765798466e-01	8.181270832373630e-02	3.000000000000000e-08	3.000000000000000e-07
3.399685e+04	1.636571446231155e-01	8.224242641222519e-02	3.000000000000000e-08	3.000000000000000e-07
3.479132e+04	1.644564779612472e-01	8.267471594410640e-02	3.000000000000000e-08	3.000000000000000e-07
3.560264e+04	1.652596956013681e-01	8.310958775131935e-02	3.000000000000000e-08	3.000000000000000e-07
3.643120e+04	1.660668166496660e-01	8.354705265630998e-02	3.000000000000000e-08	3.000000000000000e-07
3.727738e+04	1.668778603119130e-01	8.398712147145089e-02	3.000000000000000e-08	3.000000000000000e-07
3.814158e+04	1.676928458939891e-01	8.442980499847366e-02	3.000000000000000e-08	3.000000000000000e-07
3.902420e+04	1.685117928024056e-01	8.487511402791391e-02	3.000000000000000e-08	3.000000000000000e-07
3.992564e+04	1.693347205448307e-01	8.532305933857029e-02	3.000000000000000e-08	3.000000000000000e-07
4.084635e+04	1.701616487306136e-01	8.577365169697786e-02	3.000000000000000e-08	3.000000000000000e-07
4.178674e+04	1.709925970713110e-01	8.622690185689691e-02	3.000000000000000e-08	3.000000000000000e-07
4.274727e+04	1.718275853812128e-01	8.668282055881800e-02	3.000000000000000e-08	3.000000000000000e-07
4.372838e+04	1.726666335778685e-01	8.714141852948394e-02	3.000000000000000e-08	3.000000000000000e-07
4.473053e+04	1.735097616826142e-01	8.760270648142979e-02	3.000000000000000e-08	3.000000000000000e-07
4.575419e+04	1.743569898210995e-01	8.806669511254153e-02	3.000000000000000e-08	3.000000000000000e-07
4.679986e+04	1.752083382238149e-01	8.853339510563447e-02	3.000000000000000e-08	3.000000000000000e-07
4.786802e+04	1.760638272266191e-01	8.900281712805201e-02	3.000000000000000e-08	3.000000000000000e-07
4.895918e+04	1.769234772712666e-01	8.947497183128592e-02	3.000000000000000e-08	3.000000000000000e-07
5.007385e+04	1.777873089059355e-01	8.994986985061873e-02	3.000000000000000e-08	3.000000000000000e-07
5.121257e+04	1.786553427857552e-01	9.042752180478941e-02	3.000000000000000e-08	3.000000000000000e-07
5.237586e+04	1.795275996733335e-01	9.090793829568294e-02	3.000000000000000e-08	3.000000000000000e-07
5.356429e+04	1.804041004392851e-01	9.139112990804489e-02	3.000000000000000e-08	3.000000000000000e-07
5.477842e+04	1.812848660627583e-01	9.187710720922163e-02	3.000000000000000e-08	3.000000000000000e-07
5.601881e+04	1.821699176319626e-01	9.236588074892740e-02	3.000000000000000e-08	3.000000000000000e-07
5.728607e+04	1.830592763446955e-01	9.285746105903876e-02	3.000000000000000e-08	3.000000000000000e-07
5.858078e+04	1.839529635088698e-01	9.335185865341752e-02	3.000000000000000e-08	3.000000000000000e-07
5.990358e+04	1.848510005430399e-01	9.384908402776292e-02	3.000000000000000e-08	3.000000000000000e-07
6.125508e+04	1.857534089769277e-01	9.434914765949393e-02	3.000000000000000e-08	3.000000000000000e-07
6.263593e+04	1.866602104519491e-01	9.485206000766258e-02	3.000000000000000e-08	3.000000000000000e-07
6.404678e+04	1.875714267217386e-01	9.535783151289905e-02	3.000000000000000e-08	3.000000000000000e-07
6.548831e+04	1.884870796526749e-01	9.586647259738937e-02	3.000000000000000e-08	3.000000000000000e-07
6.696120e+04	1.894071912244050e-01	9.637799366488670e-02	3.000000000000000e-08	3.000000000000000e-07
6.846615e+04	1.903317835303684e-01	9.689240510075672e-02	3.000000000000000e-08	3.000000000000000e-07
7.000389e+04	1.912608787783203e-01	9.740971727205817e-02	3.000000000000000e-08	3.000000000000000e-07
7.157513e+04	1.921944992908545e-01	9.792994052765908e-02	3.000000000000000e-08	3.000000000000000e-07
7.318062e+04	1.931326675059259e-01	9.845308519838965e-02	3.000000000000000e-08	3.000000000000000e-07
7.482114e+04	1.940754059773717e-01	9.897916159723230e-02	3.000000000000000e-08	3.000000000000000e-07
7.649746e+04	1.950227373754324e-01	9.950818001954984e-02	3.000000000000000e-08	3.000000000000000e-07
7.821038e+04	1.959746844872725e-01	1.000401507433521e-01	3.000000000000000e-08	3.000000000000000e-07
7.996072e+04	1.969312702174996e-01	1.005750840296020e-01	3.000000000000000e-08	3.000000000000000e-07
8.174930e+04	1.978925175886838e-01	1.011129901225615e-01	3.000000000000000e-08	3.000000000000000e-07
8.357697e+04	1.988584497418754e-01	1.016538792501783e-01	3.000000000000000e-08	3.000000000000000e-07
8.544462e+04	1.998290899371229e-01	1.021977616245131e-01	3.000000000000000e-08	3.000000000000000e-07
8.735311e+04	2.008044615539892e-01	1.027446474422093e-01	3.000000000000000e-08	3.000000000000000e-07
8.930336e+04	2.017845880920682e-01	1.032945468850043e-01	3.000000000000000e-08	3.000000000000000e-07
9.129629e+04	2.027694931714996e-01	1.038474701202831e-01	3.000000000000000e-08	3.000000000000000e-07
9.333286e+04	2.037592005334840e-01	1.044034273016762e-01	3.000000000000000e-08	3.000000000000000e-07
9.541402e+04	2.047537340407964e-01	1.049624285696999e-01	3.000000000000000e-08	3.000000000000000e-07
9.754076e+04	2.057531176782993e-01	1.055244840524406e-01	3.000000000000000e-08	3.000000000000000e-07
9.971409e+04	2.067573755534556e-01	1.060896038662834e-01	3.000000000000000e-08	3.000000000000000e-07
1.000000e+05	2.068875639843722e-01	1.061629201270612e-01	3.000000000000000e-08	3.000000000000000e-07
1.022696e+05	2.079165482169496e-01	1.067423162560402e-01	3.000000000000000e-08	3.000000000000000e-07
1.045456e+05	2.089309431667827e-01	1.073138181529873e-01	3.000000000000000e-08	3.000000000000000e-07
1.068724e+05	2.099507121081846e-01	1.078886543357596e-01	3.000000000000000e-08	3.000000000000000e-07
1.092502e+05	2.109754474275465e-01	1.084665915472330e-01	3.000000000000000e-08	3.000000000000000e-07
1.116801e+05	2.120051832440792e-01	1.090476451359610e-01	3.000000000000000e-08	3.000000000000000e-07
1.141633e+05	2.130399442269429e-01	1.096318250504184e-01	3.000000000000000e-08	3.000000000000000e-07
1.167010e+05	2.140797553792016e-01	1.102191413509243e-01	3.000000000000000e-08	3.000000000000000e-07
1.192942e+05	2.151246418261686e-01	1.108096040911663e-01	3.000000000000000e-08	3.000000000000000e-07
1.219443e+05	2.161746288205151e-01	1.114032233219352e-01	3.000000000000000e-08	3.000000000000000e-07
1.246525e+05	2.172297417426773e-01	1.120000090922546e-01	3.000000000000000e-08	3.000000000000000e-07
1.274201e+05	2.182900061013653e-01	1.125999714506121e-01	3.000000000000000e-08	3.000000000000000e-07
1.302483e+05	2.193554475340697e-01	1.132031204462349e-01	3.000000000000000e-08	3.000000000000000e-07
1.331386e+05	2.204260918075676e-01	1.138094661304086e-01	3.000000000000000e-08	3.000000000000000e-07
1.360921e+05	2.215019648184292e-01	1.144190185578410e-01	3.000000000000000e-08	3.000000000000000e-07
1.391104e+05	2.225830925935231e-01	1.150317877880685e-01	3.000000000000000e-08	3.000000000000000e-07
1.421948e+05	2.236695012905233e-01	1.156477838869072e-01	3.000000000000000e-08	3.000000000000000e-07
1.453468e+05	2.247612171984152e-01	1.162670169279450e-01	3.000000000000000e-08	3.000000000000000e-07
1.485678e+05	2.258582667380017e-01	1.168894969940769e-01	3.000000000000000e-08	3.000000000000000e-07
1.518593e+05	2.269606764624100e-01	1.175152341790817e-01	3.000000000000000e-08	3.000000000000000e-07
1.552229e+05	2.280684730575989e-01	1.181442385892398e-01	3.000000000000000e-08	3.000000000000000e-07
1.586600e+05	2.291816833428661e-01	1.187765203449907e-01	3.000000000000000e-08	3.000000000000000e-07
1.621724e+05	2.303003342713560e-01	1.194120895826307e-01	3.000000000000000e-08	3.000000000000000e-07
1.657616e+05	2.314244529305687e-01	1.200509564560487e-01	3.000000000000000e-08	3.000000000000000e-07
1.694293e+05	2.325540665428691e-01	1.206931311385006e-01	3.000000000000000e-08	3.000000000000000e-07
1.731772e+05	2.336892024659973e-01	1.213386238244203e-01	3.000000000000000e-08	3.000000000000000e-07
1.770069e+05	2.348298881935796e-01	1.219874447312665e-01	3.000000000000000e-08	3.000000000000000e-07
1.809204e+05	2.359761513556405e-01	1.226396041014055e-01	3.000000000000000e-08	3.000000000000000e-07
1.849192e+05	2.371280197191168e-01	1.232951122040269e-01	3.000000000000000e-08	3.000000000000000e-07
1.890053e+05	2.382855211883713e-01	1.239539793370937e-01	3.000000000000000e-08	3.000000000000000e-07
1.931806e+05	2.394486838057096e-01	1.246162158293230e-01	3.000000000000000e-08	3.000000000000000e-07
1.974469e+05	2.406175357518971e-01	1.252818320421979e-01	3.000000000000000e-08	3.000000000000000e-07
2.018062e+05	2.417921053466786e-01	1.259508383720099e-01	3.000000000000000e-08	3.000000000000000e-07
2.062605e+05	2.429724210492992e-01	1.266232452519278e-01	3.000000000000000e-08	3.000000000000000e-07
2.108118e+05	2.441585114590268e-01	1.272990631540953e-01	3.000000000000000e-08	3.000000000000000e-07
2.154621e+05	2.453504053156775e-01	1.279783025917534e-01	3.000000000000000e-08	3.000000000000000e-07
2.202136e+05	2.465481315001423e-01	1.286609741213876e-01	3.000000000000000e-08	3.000000000000000e-07
2.250683e+05	2.477517190349166e-01	1.293470883448983e-01	3.000000000000000e-08	3.000000000000000e-07
2.300286e+05	2.489611970846317e-01	1.300366559117919e-01	3.000000000000000e-08	3.000000000000000e-07
2.350966e+05	2.501765949565895e-01	1.307296875213937e-01	3.000000000000000e-08	3.000000000000000e-07
2.402745e+05	2.513979421012990e-01	1.314261939250777e-01	3.000000000000000e-08	3.000000000000000e-07
2.455648e+05	2.526252681130165e-01	1.321261859285151e-01	3.000000000000000e-08	3.000000000000000e-07
2.509697e+05	2.538586027302882e-01	1.328296743939382e-01	3.000000000000000e-08	3.000000000000000e-07
2.564917e+05	2.550979758364961e-01	1.335366702424180e-01	3.000000000000000e-08	3.000000000000000e-07
2.621333e+05	2.563434174604072e-01	1.342471844561550e-01	3.000000000000000e-08	3.000000000000000e-07
2.678969e+05	2.575949577767260e-01	1.349612280807812e-01	3.000000000000000e-08	3.000000000000000e-07
2.737850e+05	2.588526271066506e-01	1.356788122276713e-01	3.000000000000000e-08	3.000000000000000e-07
2.798004e+05	2.601164559184321e-01	1.363999480762619e-01	3.000000000000000e-08	3.000000000000000e-07
2.859457e+05	2.613864748279385e-01	1.371246468763779e-01	3.000000000000000e-08	3.000000000000000e-07
2.922235e+05	2.626627145992221e-01	1.378529199505625e-01	3.000000000000000e-08	3.000000000000000e-07
2.986366e+05	2.639452061450907e-01	1.385847786964111e-01	3.000000000000000e-08	3.000000000000000e-07
3.051878e+05	2.652339805276837e-01	1.393202345889070e-01	3.000000000000000e-08	3.000000000000000e-07
3.118801e+05	2.665290689590520e-01	1.400592991827566e-01	3.000000000000000e-08	3.000000000000000e-07
3.187163e+05	2.678305028017429e-01	1.408019841147231e-01	3.000000000000000e-08	3.000000000000000e-07
3.256993e+05	2.691383135693887e-01	1.415483011059573e-01	3.000000000000000e-08	3.000000000000000e-07
3.328324e+05	2.704525329273014e-01	1.422982619643239e-01	3.000000000000000e-08	3.000000000000000e-07
3.401184e+05	2.717731926930710e-01	1.430518785867204e-01	3.000000000000000e-08	3.000000000000000e-07
3.475606e+05	2.731003248371698e-01	1.438091629613891e-01	3.000000000000000e-08	3.000000000000000e-07
3.551622e+05	2.744339614835612e-01	1.445701271702198e-01	3.000000000000000e-08	3.000000000000000e-07
3.629265e+05	2.757741349103138e-01	1.453347833910408e-01	3.000000000000000e-08	3.000000000000000e-07
3.708568e+05	2.771208775502215e-01	1.461031438998976e-01	3.000000000000000e-08	3.000000000000000e-07
3.789565e+05	2.784742219914282e-01	1.468752210733187e-01	3.000000000000000e-08	3.000000000000000e-07
3.872291e+05	2.798342009780594e-01	1.476510273905646e-01	3.000000000000000e-08	3.000000000000000e-07
3.956780e+05	2.812008474108578e-01	1.484305754358611e-01	3.000000000000000e-08	3.000000000000000e-07
4.043070e+05	2.825741943478265e-01	1.492138779006136e-01	3.000000000000000e-08	3.000000000000000e-07
4.131197e+05	2.839542750048769e-01	1.500009475856028e-01	3.000000000000000e-08	3.000000000000000e-07
4.221197e+05	2.853411227564835e-01	1.507917974031583e-01	3.000000000000000e-08	3.000000000000000e-07
4.313110e+05	2.867347711363443e-01	1.515864403793112e-01	3.000000000000000e-08	3.000000000000000e-07
4.406974e+05	2.881352538380480e-01	1.523848896559223e-01	3.000000000000000e-08	3.000000000000000e-07
4.502828e+05	2.895426047157469e-01	1.531871584927862e-01	3.000000000000000e-08	3.000000000000000e-07
4.600713e+05	2.909568577848370e-01	1.539932602697091e-01	3.000000000000000e-08	3.000000000000000e-07
4.700669e+05	2.923780472226444e-01	1.548032084885602e-01	3.000000000000000e-08	3.000000000000000e-07
4.802740e+05	2.938062073691178e-01	1.556170167752942e-01	3.000000000000000e-08	3.000000000000000e-07
4.906966e+05	2.952413727275286e-01	1.564346988819450e-01	3.000000000000000e-08	3.000000000000000e-07
5.013392e+05	2.966835779651774e-01	1.572562686885893e-01	3.000000000000000e-08	3.000000000000000e-07
5.122061e+05	2.981328579141071e-01	1.580817402052788e-01	3.000000000000000e-08	3.000000000000000e-07
5.233020e+05	2.995892475718236e-01	1.589111275739404e-01	3.000000000000000e-08	3.000000000000000e-07
5.346312e+05	3.010527821020230e-01	1.597444450702434e-01	3.000000000000000e-08	3.000000000000000e-07
5.461986e+05	3.025234968353258e-01	1.605817071054328e-01	3.000000000000000e-08	3.000000000000000e-07
5.580089e+05	3.040014272700192e-01	1.614229282281281e-01	3.000000000000000e-08	3.000000000000000e-07
5.700670e+05	3.054866090728050e-01	1.622681231260869e-01	3.000000000000000e-08	3.000000000000000e-07
5.823777e+05	3.069790780795565e-01	1.631173066279323e-01	3.000000000000000e-08	3.000000000000000e-07
5.949461e+05	3.084788702960813e-01	1.639704937048436e-01	3.000000000000000e-08	3.000000000000000e-07
6.077773e+05	3.099860218988924e-01	1.648276994722100e-01	3.000000000000000e-08	3.000000000000000e-07
6.208766e+05	3.115005692359860e-01	1.656889391912468e-01	3.000000000000000e-08	3.000000000000000e-07
6.342492e+05	3.130225488276273e-01	1.665542282705726e-01	3.000000000000000e-08	3.000000000000000e-07
6.479006e+05	3.145519973671435e-01	1.674235822677485e-01	3.000000000000000e-08	3.000000000000000e-07
6.618362e+05	3.160889517217242e-01	1.682970168907787e-01	3.000000000000000e-08	3.000000000000000e-07
6.760618e+05	3.176334489332294e-01	1.691745479995703e-01	3.000000000000000e-08	3.000000000000000e-07
6.905830e+05	3.191855262190054e-01	1.700561916073545e-01	3.000000000000000e-08	3.000000000000000e-07
7.054056e+05	3.207452209727076e-01	1.709419638820698e-01	3.000000000000000e-08	3.000000000000000e-07
7.205356e+05	3.223125707651314e-01	1.718318811477013e-01	3.000000000000000e-08	3.000000000000000e-07
7.359791e+05	3.238876133450505e-01	1.727259598855823e-01	3.000000000000000e-08	3.000000000000000e-07
7.517421e+05	3.254703866400629e-01	1.736242167356559e-01	3.000000000000000e-08	3.000000000000000e-07
7.678309e+05	3.270609287574444e-01	1.745266684976954e-01	3.000000000000000e-08	3.000000000000000e-07
7.842519e+05	3.286592779850098e-01	1.754333321324854e-01	3.000000000000000e-08	3.000000000000000e-07
8.010117e+05	3.302654727919817e-01	1.763442247629619e-01	3.000000000000000e-08	3.000000000000000e-07
8.181168e+05	3.318795518298666e-01	1.772593636753136e-01	3.000000000000000e-08	3.000000000000000e-07
8.355740e+05	3.335015539333396e-01	1.781787663200421e-01	3.000000000000000e-08	3.000000000000000e-07
8.533901e+05	3.351315181211352e-01	1.791024503129833e-01	3.000000000000000e-08	3.000000000000000e-07
8.715722e+05	3.367694835969471e-01	1.800304334362890e-01	3.000000000000000e-08	3.000000000000000e-07
8.901273e+05	3.384154897503346e-01	1.809627336393698e-01	3.000000000000000e-08	3.000000000000000e-07
9.090627e+05	3.400695761576371e-01	1.818993690397993e-01	3.000000000000000e-08	3.000000000000000e-07
9.283858e+05	3.417317825828960e-01	1.828403579241790e-01	3.000000000000000e-08	3.000000000000000e-07
9.481041e+05	3.434021489787838e-01	1.837857187489664e-01	3.000000000000000e-08	3.000000000000000e-07
9.682253e+05	3.450807154875417e-01	1.847354701412649e-01	3.000000000000000e-08	3.000000000000000e-07
9.887571e+05	3.467675224419227e-01	1.856896308995768e-01	3.000000000000000e-08	3.000000000000000e-07
1.000000e+06	3.476782103456397e-01	1.862046664619754e-01	3.000000000000000e-08	3.000000000000000e-07
1.021377e+06	3.493936372241682e-01	1.871746156812417e-01	3.000000000000000e-08	3.000000000000000e-07
1.042987e+06	3.511012978788732e-01	1.881399126739451e-01	3.000000000000000e-08	3.000000000000000e-07
1.065041e+06	3.528176681018655e-01	1.891098705867781e-01	3.000000000000000e-08	3.000000000000000e-07
1.087542e+06	3.545424580616851e-01	1.900843218536142e-01	3.000000000000000e-08	3.000000000000000e-07
1.110500e+06	3.562757158269567e-01	1.910632900002320e-01	3.000000000000000e-08	3.000000000000000e-07
1.133923e+06	3.580174828676589e-01	1.920467948871355e-01	3.000000000000000e-08	3.000000000000000e-07
1.157821e+06	3.597678009882499e-01	1.930348566279690e-01	3.000000000000000e-08	3.000000000000000e-07
1.182201e+06	3.615267121893295e-01	1.940274955112425e-01	3.000000000000000e-08	3.000000000000000e-07
1.207075e+06	3.632942586714510e-01	1.950247320023419e-01	3.000000000000000e-08	3.000000000000000e-07
1.232451e+06	3.650704828360869e-01	1.960265867438951e-01	3.000000000000000e-08	3.000000000000000e-07
1.258338e+06	3.668554272866577e-01	1.970330805561422e-01	3.000000000000000e-08	3.000000000000000e-07
1.284747e+06	3.686491348295676e-01	1.980442344372763e-01	3.000000000000000e-08	3.000000000000000e-07
1.311687e+06	3.704516484752470e-01	1.990600695637557e-01	3.000000000000000e-08	3.000000000000000e-07
1.339169e+06	3.722630114392017e-01	2.000806072905895e-01	3.000000000000000e-08	3.000000000000000e-07
1.367203e+06	3.740832671430691e-01	2.011058691515969e-01	3.000000000000000e-08	3.000000000000000e-07
1.395799e+06	3.759124592156813e-01	2.021358768596416e-01	3.000000000000000e-08	3.000000000000000e-07
1.424968e+06	3.777506314941356e-01	2.031706523068405e-01	3.000000000000000e-08	3.000000000000000e-07
1.454722e+06	3.795978280248704e-01	2.042102175647498e-01	3.000000000000000e-08	3.000000000000000e-07
1.485070e+06	3.814540930647496e-01	2.052545948845279e-01	3.000000000000000e-08	3.000000000000000e-07
1.516025e+06	3.833194710821521e-01	2.063038066970764e-01	3.000000000000000e-08	3.000000000000000e-07
1.547599e+06	3.851940067580693e-01	2.073578756131599e-01	3.000000000000000e-08	3.000000000000000e-07
1.579801e+06	3.870777449872081e-01	2.084168244235061e-01	3.000000000000000e-08	3.000000000000000e-07
1.612646e+06	3.889707308791017e-01	2.094806760988858e-01	3.000000000000000e-08	3.000000000000000e-07
1.646144e+06	3.908730097592256e-01	2.105494537901755e-01	3.000000000000000e-08	3.000000000000000e-07
1.680308e+06	3.927846271701212e-01	2.116231808284016e-01	3.000000000000000e-08	3.000000000000000e-07
1.715152e+06	3.947056288725253e-01	2.127018807247684e-01	3.000000000000000e-08	3.000000000000000e-07
1.750686e+06	3.966360608465064e-01	2.137855771706707e-01	3.000000000000000e-08	3.000000000000000e-07
1.786926e+06	3.985759692926069e-01	2.148742940376902e-01	3.000000000000000e-08	3.000000000000000e-07
1.823883e+06	4.005254006329924e-01	2.159680553775795e-01	3.000000000000000e-08	3.000000000000000e-07
1.861572e+06	4.024844015126064e-01	2.170668854222320e-01	3.000000000000000e-08	3.000000000000000e-07
1.900007e+06	4.044530188003324e-01	2.181708085836396e-01	3.000000000000000e-08	3.000000000000000e-07
1.939200e+06	4.064312995901608e-01	2.192798494538390e-01	3.000000000000000e-08	3.000000000000000e-07
1.979168e+06	4.084192912023639e-01	2.203940328048477e-01	3.000000000000000e-08	3.000000000000000e-07
2.019923e+06	4.104170411846753e-01	2.215133835885895e-01	3.000000000000000e-08	3.000000000000000e-07
2.061482e+06	4.124245973134768e-01	2.226379269368121e-01	3.000000000000000e-08	3.000000000000000e-07
2.103859e+06	4.144420075949906e-01	2.237676881609953e-01	3.000000000000000e-08	3.000000000000000e-07
2.147069e+06	4.164693202664777e-01	2.249026927522529e-01	3.000000000000000e-08	3.000000000000000e-07
2.191129e+06	4.185065837974435e-01	2.260429663812275e-01	3.000000000000000e-08	3.000000000000000e-07
2.236053e+06	4.205538468908475e-01	2.271885348979796e-01	3.000000000000000e-08	3.000000000000000e-07
2.281859e+06	4.226111584843207e-01	2.283394243318717e-01	3.000000000000000e-08	3.000000000000000e-07
2.328563e+06	4.246785677513886e-01	2.294956608914480e-01	3.000000000000000e-08	3.000000000000000e-07
2.376182e+06	4.267561241026995e-01	2.306572709643110e-01	3.000000000000000e-08	3.000000000000000e-07
2.424732e+06	4.288438771872595e-01	2.318242811169945e-01	3.000000000000000e-08	3.000000000000000e-07
2.474232e+06	4.309418768936738e-01	2.329967180948352e-01	3.000000000000000e-08	3.000000000000000e-07
2.524699e+06	4.330501733513925e-01	2.341746088218423e-01	3.000000000000000e-08	3.000000000000000e-07
2.576151e+06	4.351688169319641e-01	2.353579804005670e-01	3.000000000000000e-08	3.000000000000000e-07
2.628606e+06	4.372978582502933e-01	2.365468601119711e-01	3.000000000000000e-08	3.000000000000000e-07
2.682084e+06	4.394373481659064e-01	2.377412754152966e-01	3.000000000000000e-08	3.000000000000000e-07
2.736603e+06	4.415873377842207e-01	2.389412539479364e-01	3.000000000000000e-08	3.000000000000000e-07
2.792183e+06	4.437478784578212e-01	2.401468235253070e-01	3.000000000000000e-08	3.000000000000000e-07
2.848844e+06	4.459190217877428e-01	2.413580121407228e-01	3.000000000000000e-08	3.000000000000000e-07
2.906605e+06	4.481008196247583e-01	2.425748479652742e-01	3.000000000000000e-08	3.000000000000000e-07
2.965488e+06	4.502933240706718e-01	2.437973593477088e-01	3.000000000000000e-08	3.000000000000000e-07
3.025513e+06	4.524965874796189e-01	2.450255748143165e-01	3.000000000000000e-08	3.000000000000000e-07
3.086702e+06	4.547106624593721e-01	2.462595230688193e-01	3.000000000000000e-08	3.000000000000000e-07
3.149076e+06	4.569356018726523e-01	2.474992329922666e-01	3.000000000000000e-08	3.000000000000000e-07
3.212657e+06	4.591714588384457e-01	2.487447336429351e-01	3.000000000000000e-08	3.000000000000000e-07
3.277468e+06	4.614182867333274e-01	2.499960542562355e-01	3.000000000000000e-08	3.000000000000000e-07
3.343532e+06	4.636761391927902e-01	2.512532242446257e-01	3.000000000000000e-08	3.000000000000000e-07
3.410871e+06	4.659450701125796e-01	2.525162731975302e-01	3.000000000000000e-08	3.000000000000000e-07
3.479510e+06	4.682251336500342e-01	2.537852308812678e-01	3.000000000000000e-08	3.000000000000000e-07
3.549473e+06	4.705163842254326e-01	2.550601272389864e-01	3.000000000000000e-08	3.000000000000000e-07
3.620785e+06	4.728188765233457e-01	2.563409923906064e-01	3.000000000000000e-08	3.000000000000000e-07
3.693470e+06	4.751326654939955e-01	2.576278566327719e-01	3.000000000000000e-08	3.000000000000000e-07
3.767554e+06	4.774578063546187e-01	2.589207504388120e-01	3.000000000000000e-08	3.000000000000000e-07
3.843063e+06	4.797943545908377e-01	2.602197044587100e-01	3.000000000000000e-08	3.000000000000000e-07
3.920023e+06	4.821423659580361e-01	2.615247495190831e-01	3.000000000000000e-08	3.000000000000000e-07
3.998462e+06	4.845018964827410e-01	2.628359166231717e-01	3.000000000000000e-08	3.000000000000000e-07
4.078407e+06	4.868730024640115e-01	2.641532369508389e-01	3.000000000000000e-08	3.000000000000000e-07
4.159885e+06	4.892557404748321e-01	2.654767418585799e-01	3.000000000000000e-08	3.000000000000000e-07
4.242926e+06	4.916501673635129e-01	2.668064628795434e-01	3.000000000000000e-08	3.000000000000000e-07
4.327558e+06	4.940563402550961e-01	2.681424317235628e-01	3.000000000000000e-08	3.000000000000000e-07
4.413810e+06	4.964743165527675e-01	2.694846802771990e-01	3.000000000000000e-08	3.000000000000000e-07
4.501713e+06	4.989041539392748e-01	2.708332406037947e-01	3.000000000000000e-08	3.000000000000000e-07
4.591298e+06	5.013459103783524e-01	2.721881449435405e-01	3.000000000000000e-08	3.000000000000000e-07
4.682594e+06	5.037996441161507e-01	2.735494257135530e-01	3.000000000000000e-08	3.000000000000000e-07
4.775635e+06	5.062654136826737e-01	2.749171155079639e-01	3.000000000000000e-08	3.000000000000000e-07
4.870453e+06	5.087432778932206e-01	2.762912470980229e-01	3.000000000000000e-08	3.000000000000000e-07
4.967080e+06	5.112332958498353e-01	2.776718534322115e-01	3.000000000000000e-08	3.000000000000000e-07
5.065549e+06	5.137355269427614e-01	2.790589676363708e-01	3.000000000000000e-08	3.000000000000000e-07
5.165896e+06	5.162500308519026e-01	2.804526230138407e-01	3.000000000000000e-08	3.000000000000000e-07
5.268154e+06	5.187768675482913e-01	2.818528530456125e-01	3.000000000000000e-08	3.000000000000000e-07
5.372359e+06	5.213160972955619e-01	2.832596913904945e-01	3.000000000000000e-08	3.000000000000000e-07
5.478548e+06	5.238677806514311e-01	2.846731718852904e-01	3.000000000000000e-08	3.000000000000000e-07
5.586756e+06	5.264319784691839e-01	2.860933285449911e-01	3.000000000000000e-08	3.000000000000000e-07
5.697021e+06	5.290087518991670e-01	2.875201955629793e-01	3.000000000000000e-08	3.000000000000000e-07
5.809381e+06	5.315981623902881e-01	2.889538073112480e-01	3.000000000000000e-08	3.000000000000000e-07
5.923875e+06	5.342002716915214e-01	2.903941983406316e-01	3.000000000000000e-08	3.000000000000000e-07
6.040542e+06	5.368151418534198e-01	2.918414033810512e-01	3.000000000000000e-08	3.000000000000000e-07
6.159423e+06	5.394428352296341e-01	2.932954573417728e-01	3.000000000000000e-08	3.000000000000000e-07
6.280558e+06	5.420834144784380e-01	2.947563953116794e-01	3.000000000000000e-08	3.000000000000000e-07
6.403989e+06	5.447369425642600e-01	2.962242525595563e-01	3.000000000000000e-08	3.000000000000000e-07
6.529759e+06	5.474034827592220e-01	2.976990645343903e-01	3.000000000000000e-08	3.000000000000000e-07
6.657910e+06	5.500830986446851e-01	2.991808668656823e-01	3.000000000000000e-08	3.000000000000000e-07
6.788486e+06	5.527758541128005e-01	3.006696953637736e-01	3.000000000000000e-08	3.000000000000000e-07
6.921533e+06	5.554818133680692e-01	3.021655860201857e-01	3.000000000000000e-08	3.000000000000000e-07
7.057097e+06	5.582010409289071e-01	3.036685750079738e-01	3.000000000000000e-08	3.000000000000000e-07
7.195222e+06	5.609336016292170e-01	3.051786986820941e-01	3.000000000000000e-08	3.000000000000000e-07
7.335958e+06	5.636795606199686e-01	3.066959935797838e-01	3.000000000000000e-08	3.000000000000000e-07
7.479351e+06	5.664389833707840e-01	3.082204964209563e-01	3.000000000000000e-08	3.000000000000000e-07
7.625451e+06	5.692119356715308e-01	3.097522441086082e-01	3.000000000000000e-08	3.000000000000000e-07
7.774309e+06	5.719984836339227e-01	3.112912737292409e-01	3.000000000000000e-08	3.000000000000000e-07
7.925974e+06	5.747986936931258e-01	3.128376225532952e-01	3.000000000000000e-08	3.000000000000000e-07
8.080499e+06	5.776126326093737e-01	3.143913280355999e-01	3.000000000000000e-08	3.000000000000000e-07
8.237936e+06	5.804403674695879e-01	3.159524278158327e-01	3.000000000000000e-08	3.000000000000000e-07
8.398340e+06	5.832819656890073e-01	3.175209597189959e-01	3.000000000000000e-08	3.000000000000000e-07
8.561764e+06	5.861374950128230e-01	3.190969617559039e-01	3.000000000000000e-08	3.000000000000000e-07
8.728266e+06	5.890070235178217e-01	3.206804721236851e-01	3.000000000000000e-08	3.000000000000000e-07
8.897900e+06	5.918906196140360e-01	3.222715292062964e-01	3.000000000000000e-08	3.000000000000000e-07
9.070726e+06	5.947883520464020e-01	3.238701715750510e-01	3.000000000000000e-08	3.000000000000000e-07
9.246802e+06	5.977002898964241e-01	3.254764379891589e-01	3.000000000000000e-08	3.000000000000000e-07
9.426189e+06	6.006265025838478e-01	3.270903673962811e-01	3.000000000000000e-08	3.000000000000000e-07
9.608946e+06	6.035670598683393e-01	3.287119989330957e-01	3.000000000000000e-08	3.000000000000000e-07
9.795136e+06	6.065220318511733e-01	3.303413719258779e-01	3.000000000000000e-08	3.000000000000000e-07
9.984824e+06	6.094914889769281e-01	3.319785258910918e-01	3.000000000000000e-08	3.000000000000000e-07
1.000000e+07	6.097263609975793e-01	3.321080055582044e-01	3.000000000000000e-08	3.000000000000000e-07
1.019688e+07	6.127629638779594e-01	3.337819538920228e-01	3.000000000000000e-08	3.000000000000000e-07
1.039404e+07	6.157620568512072e-01	3.354350194169832e-01	3.000000000000000e-08	3.000000000000000e-07
1.059497e+07	6.187768245720884e-01	3.370965237914313e-01	3.000000000000000e-08	3.000000000000000e-07
1.079966e+07	6.218063515632869e-01	3.387659630564509e-01	3.000000000000000e-08	3.000000000000000e-07
1.100819e+07	6.248507283958910e-01	3.404433878215471e-01	3.000000000000000e-08	3.000000000000000e-07
1.122063e+07	6.279100273033327e-01	3.421288385881655e-01	3.000000000000000e-08	3.000000000000000e-07
1.143706e+07	6.309843212218812e-01	3.438223562438913e-01	3.000000000000000e-08	3.000000000000000e-07
1.165753e+07	6.340736834386665e-01	3.455239818681988e-01	3.000000000000000e-08	3.000000000000000e-07
1.188214e+07	6.371781876000162e-01	3.472337567367760e-01	3.000000000000000e-08	3.000000000000000e-07
1.211095e+07	6.402979077131076e-01	3.489517223221740e-01	3.000000000000000e-08	3.000000000000000e-07
1.234404e+07	6.434329181477523e-01	3.506779202945361e-01	3.000000000000000e-08	3.000000000000000e-07
1.258149e+07	6.465832936381872e-01	3.524123925223379e-01	3.000000000000000e-08	3.000000000000000e-07
1.282339e+07	6.497491092848733e-01	3.541551810731383e-01	3.000000000000000e-08	3.000000000000000e-07
1.306981e+07	6.529304405563021e-01	3.559063282143428e-01	3.000000000000000e-08	3.000000000000000e-07
1.332083e+07	6.561273632908122e-01	3.576658764139779e-01	3.000000000000000e-08	3.000000000000000e-07
1.357655e+07	6.593399536984120e-01	3.594338683414769e-01	3.000000000000000e-08	3.000000000000000e-07
1.383705e+07	6.625682883626127e-01	3.612103468684770e-01	3.000000000000000e-08	3.000000000000000e-07
1.410241e+07	6.658124442422685e-01	3.629953550696268e-01	3.000000000000000e-08	3.000000000000000e-07
1.437274e+07	6.690724986734264e-01	3.647889362234067e-01	3.000000000000000e-08	3.000000000000000e-07
1.464810e+07	6.723485293711835e-01	3.665911338129582e-01	3.000000000000000e-08	3.000000000000000e-07
1.492861e+07	6.756406144315538e-01	3.684019915269256e-01	3.000000000000000e-08	3.000000000000000e-07
1.521436e+07	6.789488323333430e-01	3.702215532603078e-01	3.000000000000000e-08	3.000000000000000e-07
1.550544e+07	6.822732619400331e-01	3.720498631153207e-01	3.000000000000000e-08	3.000000000000000e-07
1.580195e+07	6.856139825016742e-01	3.738869654022712e-01	3.000000000000000e-08	3.000000000000000e-07
1.610399e+07	6.889710736567863e-01	3.757329046404403e-01	3.000000000000000e-08	3.000000000000000e-07
1.641166e+07	6.923446154342702e-01	3.775877255589780e-01	3.000000000000000e-08	3.000000000000000e-07
1.672507e+07	6.957346882553261e-01	3.794514730978075e-01	3.000000000000000e-08	3.000000000000000e-07
1.704432e+07	6.991413729353825e-01	3.813241924085406e-01	3.000000000000000e-08	3.000000000000000e-07
1.736952e+07	7.025647506860332e-01	3.832059288554026e-01	3.000000000000000e-08	3.000000000000000e-07
1.770078e+07	7.060049031169842e-01	3.850967280161679e-01	3.000000000000000e-08	3.000000000000000e-07
1.803821e+07	7.094619122380091e-01	3.869966356831049e-01	3.000000000000000e-08	3.000000000000000e-07
1.838193e+07	7.129358604609143e-01	3.889056978639319e-01	3.000000000000000e-08	3.000000000000000e-07
1.873205e+07	7.164268306015122e-01	3.908239607827818e-01	3.000000000000000e-08	3.000000000000000e-07
1.908869e+07	7.199349058816062e-01	3.927514708811773e-01	3.000000000000000e-08	3.000000000000000e-07
1.945197e+07	7.234601699309822e-01	3.946882748190157e-01	3.000000000000000e-08	3.000000000000000e-07
1.982201e+07	7.270027067894113e-01	3.966344194755633e-01	3.000000000000000e-08	3.000000000000000e-07
2.019893e+07	7.305626009086620e-01	3.985899519504591e-01	3.000000000000000e-08	3.000000000000000e-07
2.058287e+07	7.341399371545205e-01	4.005549195647287e-01	3.000000000000000e-08	3.000000000000000e-07
2.097396e+07	7.377348008088229e-01	4.025293698618071e-01	3.000000000000000e-08	3.000000000000000e-07
2.137232e+07	7.413472775714944e-01	4.045133506085706e-01	3.000000000000000e-08	3.000000000000000e-07
2.177808e+07	7.449774535626001e-01	4.065069097963789e-01	3.000000000000000e-08	3.000000000000000e-07
2.219140e+07	7.486254153244053e-01	4.085100956421259e-01	3.000000000000000e-08	3.000000000000000e-07
2.261239e+07	7.522912498234444e-01	4.105229565892991e-01	3.000000000000000e-08	3.000000000000000e-07
2.304122e+07	7.559750444526017e-01	4.125455413090497e-01	3.000000000000000e-08	3.000000000000000e-07
2.347802e+07	7.596768870331997e-01	4.145778987012698e-01	3.000000000000000e-08	3.000000000000000e-07
2.392293e+07	7.633968658170996e-01	4.166200778956800e-01	3.000000000000000e-08	3.000000000000000e-07
2.437611e+07	7.671350694888107e-01	4.186721282529254e-01	3.000000000000000e-08	3.000000000000000e-07
2.483771e+07	7.708915871676094e-01	4.207340993656803e-01	3.000000000000000e-08	3.000000000000000e-07
2.530789e+07	7.746665084096699e-01	4.228060410597625e-01	3.000000000000000e-08	3.000000000000000e-07
2.578680e+07	7.784599232102034e-01	4.248880033952549e-01	3.000000000000000e-08	3.000000000000000e-07
2.627461e+07	7.822719220056090e-01	4.269800366676374e-01	3.000000000000000e-08	3.000000000000000e-07
2.677148e+07	7.861025956756340e-01	4.290821914089263e-01	3.000000000000000e-08	3.000000000000000e-07
2.727757e+07	7.899520355455447e-01	4.311945183888232e-01	3.000000000000000e-08	3.000000000000000e-07
2.779306e+07	7.938203333883080e-01	4.333170686158710e-01	3.000000000000000e-08	3.000000000000000e-07
2.831812e+07	7.977075814267829e-01	4.354498933386207e-01	3.000000000000000e-08	3.000000000000000e-07
2.885292e+07	8.016138723359232e-01	4.375930440468040e-01	3.000000000000000e-08	3.000000000000000e-07
2.939766e+07	8.055392992449903e-01	4.397465724725168e-01	3.000000000000000e-08	3.000000000000000e-07
2.995250e+07	8.094839557397771e-01	4.419105305914087e-01	3.000000000000000e-08	3.000000000000000e-07
3.051764e+07	8.134479358648417e-01	4.440849706238831e-01	3.000000000000000e-08	3.000000000000000e-07
3.109326e+07	8.174313341257531e-01	4.462699450363039e-01	3.000000000000000e-08	3.000000000000000e-07
3.167957e+07	8.214342454913472e-01	4.484655065422111e-01	3.000000000000000e-08	3.000000000000000e-07
3.227675e+07	8.254567653959931e-01	4.506717081035448e-01	3.000000000000000e-08	3.000000000000000e-07
3.288501e+07	8.294989897418709e-01	4.528886029318768e-01	3.000000000000000e-08	3.000000000000000e-07
3.350455e+07	8.335610149012610e-01	4.551162444896511e-01	3.000000000000000e-08	3.000000000000000e-07
3.413559e+07	8.376429377188435e-01	4.573546864914316e-01	3.000000000000000e-08	3.000000000000000e-07
3.477833e+07	8.417448555140090e-01	4.596039829051586e-01	3.000000000000000e-08	3.000000000000000e-07
3.543298e+07	8.458668660831813e-01	4.618641879534132e-01	3.000000000000000e-08	3.000000000000000e-07
3.609978e+07	8.500090677021500e-01	4.641353561146894e-01	3.000000000000000e-08	3.000000000000000e-07
3.677894e+07	8.541715591284157e-01	4.664175421246746e-01	3.000000000000000e-08	3.000000000000000e-07
3.747069e+07	8.583544396035457e-01	4.687108009775376e-01	3.000000000000000e-08	3.000000000000000e-07
3.817526e+07	8.625578088555416e-01	4.710151879272251e-01	3.000000000000000e-08	3.000000000000000e-07
3.889290e+07	8.667817671012181e-01	4.733307584887658e-01	3.000000000000000e-08	3.000000000000000e-07
3.962383e+07	8.710264150485936e-01	4.756575684395820e-01	3.000000000000000e-08	3.000000000000000e-07
4.036832e+07	8.752918538992915e-01	4.779956738208101e-01	3.000000000000000e-08	3.000000000000000e-07
4.112661e+07	8.795781853509552e-01	4.803451309386280e-01	3.000000000000000e-08	3.000000000000000e-07
4.189894e+07	8.838855115996721e-01	4.827059963655908e-01	3.000000000000000e-08	3.000000000000000e-07
4.268559e+07	8.882139353424116e-01	4.850783269419741e-01	3.000000000000000e-08	3.000000000000000e-07
4.348682e+07	8.925635597794739e-01	4.874621797771252e-01	3.000000000000000e-08	3.000000000000000e-07
4.430290e+07	8.969344886169511e-01	4.898576122508224e-01	3.000000000000000e-08	3.000000000000000e-07
4.513409e+07	9.013268260691994e-01	4.922646820146414e-01	3.000000000000000e-08	3.000000000000000e-07
4.598069e+07	9.057406768613251e-01	4.946834469933300e-01	3.000000000000000e-08	3.000000000000000e-07
4.684297e+07	9.101761462316802e-01	4.971139653861905e-01	3.000000000000000e-08	3.000000000000000e-07
4.772122e+07	9.146333399343728e-01	4.995562956684698e-01	3.000000000000000e-08	3.000000000000000e-07
4.861575e+07	9.191123642417879e-01	5.020104965927568e-01	3.000000000000000e-08	3.000000000000000e-07
4.952684e+07	9.236133259471209e-01	5.044766271903883e-01	3.000000000000000e-08	3.000000000000000e-07
5.045482e+07	9.281363323669235e-01	5.069547467728625e-01	3.000000000000000e-08	3.000000000000000e-07
5.139998e+07	9.326814913436626e-01	5.094449149332591e-01	3.000000000000000e-08	3.000000000000000e-07
5.236265e+07	9.372489112482904e-01	5.119471915476687e-01	3.000000000000000e-08	3.000000000000000e-07
5.334315e+07	9.418387009828281e-01	5.144616367766293e-01	3.000000000000000e-08	3.000000000000000e-07
5.434181e+07	9.464509699829621e-01	5.169883110665699e-01	3.000000000000000e-08	3.000000000000000e-07
5.535896e+07	9.510858282206518e-01	5.195272751512627e-01	3.000000000000000e-08	3.000000000000000e-07
5.639495e+07	9.557433862067517e-01	5.220785900532825e-01	3.000000000000000e-08	3.000000000000000e-07
5.745013e+07	9.604237549936451e-01	5.246423170854743e-01	3.000000000000000e-08	3.000000000000000e-07
5.852485e+07	9.651270461778909e-01	5.272185178524275e-01	3.000000000000000e-08	3.000000000000000e-07
5.961947e+07	9.698533719028839e-01	5.298072542519595e-01	3.000000000000000e-08	3.000000000000000e-07
6.073437e+07	9.746028448615270e-01	5.324085884766061e-01	3.000000000000000e-08	3.000000000000000e-07
6.186990e+07	9.793755782989179e-01	5.350225830151187e-01	3.000000000000000e-08	3.000000000000000e-07
6.302647e+07	9.841716860150469e-01	5.376493006539713e-01	3.000000000000000e-08	3.000000000000000e-07
6.420445e+07	9.889912823675104e-01	5.402888044788738e-01	3.000000000000000e-08	3.000000000000000e-07
6.540424e+07	9.938344822742354e-01	5.429411578762933e-01	3.000000000000000e-08	3.000000000000000e-07
6.662625e+07	9.987014012162185e-01	5.456064245349832e-01	3.000000000000000e-08	3.000000000000000e-07
6.787088e+07	1.003592155240278e+00	5.482846684475207e-01	3.000000000000000e-08	3.000000000000000e-07
6.913856e+07	1.008506860961818e+00	5.509759539118508e-01	3.000000000000000e-08	3.000000000000000e-07
7.042972e+07	1.013445635567612e+00	5.536803455328398e-01	3.000000000000000e-08	3.000000000000000e-07
7.174478e+07	1.018408596818590e+00	5.563979082238348e-01	3.000000000000000e-08	3.000000000000000e-07
7.308418e+07	1.023395863052646e+00	5.591287072082323e-01	3.000000000000000e-08	3.000000000000000e-07
7.444839e+07	1.028407553187462e+00	5.618728080210542e-01	3.000000000000000e-08	3.000000000000000e-07
7.583785e+07	1.033443786723337e+00	5.646302765105317e-01	3.000000000000000e-08	3.000000000000000e-07
7.725304e+07	1.038504683746037e+00	5.674011788396972e-01	3.000000000000000e-08	3.000000000000000e-07
7.869443e+07	1.043590364929656e+00	5.701855814879836e-01	3.000000000000000e-08	3.000000000000000e-07
8.016251e+07	1.048700951539491e+00	5.729835512528323e-01	3.000000000000000e-08	3.000000000000000e-07
8.165777e+07	1.053836565434933e+00	5.757951552513085e-01	3.000000000000000e-08	3.000000000000000e-07
8.318071e+07	1.058997329072370e+00	5.786204609217246e-01	3.000000000000000e-08	3.000000000000000e-07
8.473185e+07	1.064183365508103e+00	5.814595360252717e-01	3.000000000000000e-08	3.000000000000000e-07
8.631171e+07	1.069394798401283e+00	5.843124486476590e-01	3.000000000000000e-08	3.000000000000000e-07
8.792081e+07	1.074631752016852e+00	5.871792672007611e-01	3.000000000000000e-08	3.000000000000000e-07
8.955971e+07	1.079894351228507e+00	5.900600604242737e-01	3.000000000000000e-08	3.000000000000000e-07
9.122896e+07	1.085182721521677e+00	5.929548973873771e-01	3.000000000000000e-08	3.000000000000000e-07
9.292911e+07	1.090496988996509e+00	5.958638474904071e-01	3.000000000000000e-08	3.000000000000000e-07
9.466073e+07	1.095837280370876e+00	5.987869804665358e-01	3.000000000000000e-08	3.000000000000000e-07
9.642442e+07	1.101203722983393e+00	6.017243663834583e-01	3.000000000000000e-08	3.000000000000000e-07
9.822076e+07	1.106596444796456e+00	6.046760756450895e-01	3.000000000000000e-08	3.000000000000000e-07
1.000000e+08	1.111866744098515e+00	6.075607186211578e-01	3.000000000000000e-08	3.000000000000000e-07
1.018635e+08	1.117314412928136e+00	6.105423846303121e-01	3.000000000000000e-08	3.000000000000000e-07
1.037605e+08	1.122785977294407e+00	6.135370703720868e-01	3.000000000000000e-08	3.000000000000000e-07
1.056927e+08	1.128284386270815e+00	6.165463903284434e-01	3.000000000000000e-08	3.000000000000000e-07
1.076606e+08	1.133809719255300e+00	6.195703882974212e-01	3.000000000000000e-08	3.000000000000000e-07
1.096650e+08	1.139362108948919e+00	6.226091372462551e-01	3.000000000000000e-08	3.000000000000000e-07
1.117065e+08	1.144941687731911e+00	6.256627099616545e-01	3.000000000000000e-08	3.000000000000000e-07
1.137858e+08	1.150548588650749e+00	6.287311795900672e-01	3.000000000000000e-08	3.000000000000000e-07
1.159036e+08	1.156182945403258e+00	6.318146196295696e-01	3.000000000000000e-08	3.000000000000000e-07
1.180606e+08	1.161844892342130e+00	6.349131039318271e-01	3.000000000000000e-08	3.000000000000000e-07
1.202576e+08	1.167534564478123e+00	6.380267067038777e-01	3.000000000000000e-08	3.000000000000000e-07
1.224953e+08	1.173252097483273e+00	6.411555025099286e-01	3.000000000000000e-08	3.000000000000000e-07
1.247744e+08	1.178997627694133e+00	6.442995662731594e-01	3.000000000000000e-08	3.000000000000000e-07
1.270957e+08	1.184771292115015e+00	6.474589732775362e-01	3.000000000000000e-08	3.000000000000000e-07
1.294599e+08	1.190573228421258e+00	6.506337991696323e-01	3.000000000000000e-08	3.000000000000000e-07
1.318680e+08	1.196403574962506e+00	6.538241199604589e-01	3.000000000000000e-08	3.000000000000000e-07
1.343207e+08	1.202262470766009e+00	6.570300120273035e-01	3.000000000000000e-08	3.000000000000000e-07
1.368188e+08	1.208150055539930e+00	6.602515521155781e-01	3.000000000000000e-08	3.000000000000000e-07
1.393631e+08	1.214066469676677e+00	6.634888173406747e-01	3.000000000000000e-08	3.000000000000000e-07
1.419546e+08	1.220011854256247e+00	6.667418851898311e-01	3.000000000000000e-08	3.000000000000000e-07
1.445941e+08	1.225986351049589e+00	6.700108335240047e-01	3.000000000000000e-08	3.000000000000000e-07
1.472825e+08	1.231990102521978e+00	6.732957405797551e-01	3.000000000000000e-08	3.000000000000000e-07
1.500207e+08	1.238023251836416e+00	6.765966849711357e-01	3.000000000000000e-08	3.000000000000000e-07
1.528096e+08	1.244085942857036e+00	6.799137456915950e-01	3.000000000000000e-08	3.000000000000000e-07
1.556501e+08	1.250178320152535e+00	6.832470021158855e-01	3.000000000000000e-08	3.000000000000000e-07
1.585433e+08	1.256300528999616e+00	6.865965340019827e-01	3.000000000000000e-08	3.000000000000000e-07
1.614901e+08	1.262452715386451e+00	6.899624214930130e-01	3.000000000000000e-08	3.000000000000000e-07
1.644914e+08	1.268635026016159e+00	6.933447451191899e-01	3.000000000000000e-08	3.000000000000000e-07
1.675484e+08	1.274847608310301e+00	6.967435857997605e-01	3.000000000000000e-08	3.000000000000000e-07
1.706620e+08	1.281090610412391e+00	7.001590248449605e-01	3.000000000000000e-08	3.000000000000000e-07
1.738333e+08	1.287364181191430e+00	7.035911439579785e-01	3.000000000000000e-08	3.000000000000000e-07
1.770633e+08	1.293668470245452e+00	7.070400252369297e-01	3.000000000000000e-08	3.000000000000000e-07
1.803532e+08	1.300003627905083e+00	7.105057511768388e-01	3.000000000000000e-08	3.000000000000000e-07
1.837041e+08	1.306369805237132e+00	7.139884046716320e-01	3.000000000000000e-08	3.000000000000000e-07
1.871170e+08	1.312767154048183e+00	7.174880690161395e-01	3.000000000000000e-08	3.000000000000000e-07
1.905932e+08	1.319195826888216e+00	7.210048279081056e-01	3.000000000000000e-08	3.000000000000000e-07
1.941338e+08	1.325655977054242e+00	7.245387654502102e-01	3.000000000000000e-08	3.000000000000000e-07
1.977400e+08	1.332147758593952e+00	7.280899661520983e-01	3.000000000000000e-08	3.000000000000000e-07
2.014131e+08	1.338671326309393e+00	7.316585149324201e-01	3.000000000000000e-08	3.000000000000000e-07
2.051542e+08	1.345226835760651e+00	7.352444971208802e-01	3.000000000000000e-08	3.000000000000000e-07
2.089647e+08	1.351814443269563e+00	7.388479984602966e-01	3.000000000000000e-08	3.000000000000000e-07
2.128458e+08	1.358434305923439e+00	7.424691051086695e-01	3.000000000000000e-08	3.000000000000000e-07
2.167988e+08	1.365086581578803e+00	7.461079036412595e-01	3.000000000000000e-08	3.000000000000000e-07
2.208251e+08	1.371771428865159e+00	7.497644810526762e-01	3.000000000000000e-08	3.000000000000000e-07
2.249260e+08	1.378489007188767e+00	7.534389247589766e-01	3.000000000000000e-08	3.000000000000000e-07
2.291030e+08	1.385239476736445e+00	7.571313225997719e-01	3.000000000000000e-08	3.000000000000000e-07
2.333574e+08	1.392022998479382e+00	7.608417628403472e-01	3.000000000000000e-08	3.000000000000000e-07
2.376906e+08	1.398839734176975e+00	7.645703341737882e-01	3.000000000000000e-08	3.000000000000000e-07
2.421042e+08	1.405689846380686e+00	7.683171257231194e-01	3.000000000000000e-08	3.000000000000000e-07
2.465996e+08	1.412573498437912e+00	7.720822270434529e-01	3.000000000000000e-08	3.000000000000000e-07
2.511784e+08	1.419490854495879e+00	7.758657281241460e-01	3.000000000000000e-08	3.000000000000000e-07
2.558421e+08	1.426442079505553e+00	7.796677193909699e-01	3.000000000000000e-08	3.000000000000000e-07
2.605922e+08	1.433427339225569e+00	7.834882917082884e-01	3.000000000000000e-08	3.000000000000000e-07
2.654304e+08	1.440446800226186e+00	7.873275363812466e-01	3.000000000000000e-08	3.000000000000000e-07
2.703584e+08	1.447500629893249e+00	7.911855451579711e-01	3.000000000000000e-08	3.000000000000000e-07
2.753777e+08	1.454588996432182e+00	7.950624102317786e-01	3.000000000000000e-08	3.000000000000000e-07
2.804902e+08	1.461712068871997e+00	7.989582242433969e-01	3.000000000000000e-08	3.000000000000000e-07
2.856974e+08	1.468870017069318e+00	8.028730802831950e-01	3.000000000000000e-08	3.000000000000000e-07
2.910012e+08	1.476063011712432e+00	8.068070718934253e-01	3.000000000000000e-08	3.000000000000000e-07
2.964034e+08	1.483291224325354e+00	8.107602930704741e-01	3.000000000000000e-08	3.000000000000000e-07
3.019058e+08	1.490554827271915e+00	8.147328382671256e-01	3.000000000000000e-08	3.000000000000000e-07
3.075103e+08	1.497853993759872e+00	8.187248023948336e-01	3.000000000000000e-08	3.000000000000000e-07
3.132188e+08	1.505188897845029e+00	8.227362808260067e-01	3.000000000000000e-08	3.000000000000000e-07
3.190331e+08	1.512559714435392e+00	8.267673693963024e-01	3.000000000000000e-08	3.000000000000000e-07
3.249553e+08	1.519966619295332e+00	8.308181644069330e-01	3.000000000000000e-08	3.000000000000000e-07
3.309874e+08	1.527409789049776e+00	8.348887626269826e-01	3.000000000000000e-08	3.000000000000000e-07
3.371314e+08	1.534889401188414e+00	8.389792612957337e-01	3.000000000000000e-08	3.000000000000000e-07
3.433894e+08	1.542405634069929e+00	8.430897581250070e-01	3.000000000000000e-08	3.000000000000000e-07
3.497635e+08	1.549958666926248e+00	8.472203513015100e-01	3.000000000000000e-08	3.000000000000000e-07
3.562560e+08	1.557548679866815e+00	8.513711394891988e-01	3.000000000000000e-08	3.000000000000000e-07
3.628689e+08	1.565175853882877e+00	8.555422218316499e-01	3.000000000000000e-08	3.000000000000000e-07
3.696045e+08	1.572840370851804e+00	8.597336979544428e-01	3.000000000000000e-08	3.000000000000000e-07
3.764651e+08	1.580542413541417e+00	8.639456679675557e-01	3.000000000000000e-08	3.000000000000000e-07
3.834531e+08	1.588282165614348e+00	8.681782324677713e-01	3.000000000000000e-08	3.000000000000000e-07
3.905707e+08	1.596059811632417e+00	8.724314925410939e-01	3.000000000000000e-08	3.000000000000000e-07
3.978205e+08	1.603875537061023e+00	8.767055497651782e-01	3.000000000000000e-08	3.000000000000000e-07
4.052049e+08	1.611729528273574e+00	8.810005062117707e-01	3.000000000000000e-08	3.000000000000000e-07
4.127263e+08	1.619621972555921e+00	8.853164644491609e-01	3.000000000000000e-08	3.000000000000000e-07
4.203874e+08	1.627553058110822e+00	8.896535275446454e-01	3.000000000000000e-08	3.000000000000000e-07
4.281907e+08	1.635522974062432e+00	8.940117990670038e-01	3.000000000000000e-08	3.000000000000000e-07
4.361389e+08	1.643531910460803e+00	8.983913830889853e-01	3.000000000000000e-08	3.000000000000000e-07
4.442347e+08	1.651580058286417e+00	9.027923841898082e-01	3.000000000000000e-08	3.000000000000000e-07
4.524807e+08	1.659667609454738e+00	9.072149074576712e-01	3.000000000000000e-08	3.000000000000000e-07
4.608800e+08	1.667794756820782e+00	9.116590584922759e-01	3.000000000000000e-08	3.000000000000000e-07
4.694351e+08	1.675961694183716e+00	9.161249434073621e-01	3.000000000000000e-08	3.000000000000000e-07
4.781492e+08	1.684168616291476e+00	9.206126688332548e-01	3.000000000000000e-08	3.000000000000000e-07
4.870251e+08	1.692415718845407e+00	9.251223419194238e-01	3.000000000000000e-08	3.000000000000000e-07
4.960659e+08	1.700703198504926e+00	9.296540703370547e-01	3.000000000000000e-08	3.000000000000000e-07
5.052746e+08	1.709031252892210e+00	9.342079622816333e-01	3.000000000000000e-08	3.000000000000000e-07
5.146543e+08	1.717400080596907e+00	9.387841264755405e-01	3.000000000000000e-08	3.000000000000000e-07
5.242082e+08	1.725809881180866e+00	9.433826721706626e-01	3.000000000000000e-08	3.000000000000000e-07
5.339397e+08	1.734260855182892e+00	9.480037091510103e-01	3.000000000000000e-08	3.000000000000000e-07
5.438519e+08	1.742753204123531e+00	9.526473477353536e-01	3.000000000000000e-08	3.000000000000000e-07
5.539483e+08	1.751287130509865e+00	9.573136987798671e-01	3.000000000000000e-08	3.000000000000000e-07
5.642323e+08	1.759862837840341e+00	9.620028736807891e-01	3.000000000000000e-08	3.000000000000000e-07
5.747074e+08	1.768480530609626e+00	9.667149843770926e-01	3.000000000000000e-08	3.000000000000000e-07
5.853771e+08	1.777140414313470e+00	9.714501433531700e-01	3.000000000000000e-08	3.000000000000000e-07
5.962450e+08	1.785842695453612e+00	9.762084636415300e-01	3.000000000000000e-08	3.000000000000000e-07
6.073150e+08	1.794587581542697e+00	9.809900588255069e-01	3.000000000000000e-08	3.000000000000000e-07
6.185906e+08	1.803375281109223e+00	9.857950430419847e-01	3.000000000000000e-08	3.000000000000000e-07
6.300758e+08	1.812206003702512e+00	9.906235309841320e-01	3.000000000000000e-08	3.000000000000000e-07
6.417745e+08	1.821079959897698e+00	9.954756379041516e-01	3.000000000000000e-08	3.000000000000000e-07
6.536907e+08	1.829997361300754e+00	1.000351479616043e+00	3.000000000000000e-08	3.000000000000000e-07
6.658283e+08	1.838958420553527e+00	1.005251172498377e+00	3.000000000000000e-08	3.000000000000000e-07
6.781916e+08	1.847963351338812e+00	1.010174833497085e+00	3.000000000000000e-08	3.000000000000000e-07
6.907847e+08	1.857012368385439e+00	1.015122580128261e+00	3.000000000000000e-08	3.000000000000000e-07
7.036119e+08	1.866105687473397e+00	1.020094530480979e+00	3.000000000000000e-08	3.000000000000000e-07
7.166777e+08	1.875243525438969e+00	1.025090803220119e+00	3.000000000000000e-08	3.000000000000000e-07
7.299863e+08	1.884426100179904e+00	1.030111517589212e+00	3.000000000000000e-08	3.000000000000000e-07
7.435424e+08	1.893653630660612e+00	1.035156793413293e+00	3.000000000000000e-08	3.000000000000000e-07
7.573506e+08	1.902926336917378e+00	1.040226751101778e+00	3.000000000000000e-08	3.000000000000000e-07
7.714156e+08	1.912244440063606e+00	1.045321511651340e+00	3.000000000000000e-08	3.000000000000000e-07
7.857421e+08	1.921608162295095e+00	1.050441196648811e+00	3.000000000000000e-08	3.000000000000000e-07
8.003351e+08	1.931017726895325e+00	1.055585928274094e+00	3.000000000000000e-08	3.000000000000000e-07
8.151995e+08	1.940473358240786e+00	1.060755829303085e+00	3.000000000000000e-08	3.000000000000000e-07
8.303404e+08	1.949975281806323e+00	1.065951023110618e+00	3.000000000000000e-08	3.000000000000000e-07
8.457629e+08	1.959523724170508e+00	1.071171633673414e+00	3.000000000000000e-08	3.000000000000000e-07
8.614723e+08	1.969118913021043e+00	1.076417785573051e+00	3.000000000000000e-08	3.000000000000000e-07
8.774740e+08	1.978761077160183e+00	1.081689603998947e+00	3.000000000000000e-08	3.000000000000000e-07
8.937733e+08	1.988450446510194e+00	1.086987214751355e+00	3.000000000000000e-08	3.000000000000000e-07
9.103759e+08	1.998187252118824e+00	1.092310744244376e+00	3.000000000000000e-08	3.000000000000000e-07
9.272875e+08	2.007971726164822e+00	1.097660319508982e+00	3.000000000000000e-08	3.000000000000000e-07
9.445136e+08	2.017804101963457e+00	1.103036068196061e+00	3.000000000000000e-08	3.000000000000000e-07
9.620604e+08	2.027684613972093e+00	1.108438118579465e+00	3.000000000000000e-08	3.000000000000000e-07
9.799336e+08	2.037613497795764e+00	1.113866599559085e+00	3.000000000000000e-08	3.000000000000000e-07
9.981395e+08	2.047590990192798e+00	1.119321640663933e+00	3.000000000000000e-08	3.000000000000000e-07
1.000000e+09	2.048599080806415e+00	1.119872797352646e+00	3.000000000000000e-08	3.000000000000000e-07
