#t[yr]	ecc	inc	eachmass	totalmass
0.000000e+00	1.000000000000000e-01	5.000000000000000e-02	3.000000000000000e-06	3.000000000000000e-06
1.000000e-03	9.999999668919962e-02	4.999999883562622e-02	3.000000000000000e-06	3.000000000000000e-06
1.000000e-02	9.999996689199384e-02	4.999998835626177e-02	3.000000000000000e-06	3.000000000000000e-06
1.000000e-01	9.999966891968642e-02	4.999988356256518e-02	3.000000000000000e-06	3.000000000000000e-06
1.000000e+00	9.999668917166071e-02	4.999883562040332e-02	3.000000000000000e-06	3.000000000000000e-06
1.000000e+01	9.996688919535925e-02	4.998835567904397e-02	3.000000000000000e-06	3.000000000000000e-06
1.000000e+02	9.966863893650953e-02	4.988350415112009e-02	3.000000000000000e-06	3.000000000000000e-06
2.163125e+02	9.928496458987005e-02	4.974856224385770e-02	3.000000000000000e-06	3.000000000000000e-06
3.342613e+02	9.889840793363111e-02	4.961250736117907e-02	3.000000000000000e-06	3.000000000000000e-06
4.543383e+02	9.850744781327371e-02	4.947480077800605e-02	3.000000000000000e-06	3.000000000000000e-06
5.765865e+02	9.811205933233107e-02	4.933542918620957e-02	3.000000000000000e-06	3.000000000000000e-06
7.010587e+02	9.771219040428150e-02	4.919436954227115e-02	3.000000000000000e-06	3.000000000000000e-06
8.278092e+02	9.730778901361141e-02	4.905159864306536e-02	3.000000000000000e-06	3.000000000000000e-06
9.568939e+02	9.689880274142061e-02	4.890709295164327e-02	3.000000000000000e-06	3.000000000000000e-06
1.000000e+03	9.676338651027314e-02	4.885918686073743e-02	3.000000000000000e-06	3.000000000000000e-06
1.133928e+03	9.634302990904781e-02	4.871050240850101e-02	3.000000000000000e-06	3.000000000000000e-06
1.268677e+03	9.592319916677769e-02	4.856187568253666e-02	3.000000000000000e-06	3.000000000000000e-06
1.405991e+03	9.549850792778568e-02	4.841139852143828e-02	3.000000000000000e-06	3.000000000000000e-06
1.545903e+03	9.506900199257855e-02	4.825908118489795e-02	3.000000000000000e-06	3.000000000000000e-06
1.688480e+03	9.463462530631619e-02	4.810489769115245e-02	3.000000000000000e-06	3.000000000000000e-06
1.833791e+03	9.419532347877159e-02	4.794882240208390e-02	3.000000000000000e-06	3.000000000000000e-06
1.981906e+03	9.375104186897640e-02	4.779082933573963e-02	3.000000000000000e-06	3.000000000000000e-06
2.132898e+03	9.330172565753415e-02	4.763089218170966e-02	3.000000000000000e-06	3.000000000000000e-06
2.286842e+03	9.284731988456027e-02	4.746898430393379e-02	3.000000000000000e-06	3.000000000000000e-06
2.443818e+03	9.238776949179307e-02	4.730507874457478e-02	3.000000000000000e-06	3.000000000000000e-06
2.602787e+03	9.192627045729526e-02	4.714030808762432e-02	3.000000000000000e-06	3.000000000000000e-06
2.762307e+03	9.146709308974861e-02	4.697619317308645e-02	3.000000000000000e-06	3.000000000000000e-06
2.922383e+03	9.101021104655638e-02	4.681272512645211e-02	3.000000000000000e-06	3.000000000000000e-06
3.083020e+03	9.055561292897424e-02	4.664990040337261e-02	3.000000000000000e-06	3.000000000000000e-06
3.244220e+03	9.010328734379001e-02	4.648771546555352e-02	3.000000000000000e-06	3.000000000000000e-06
3.405985e+03	8.965322295484725e-02	4.632616679894063e-02	3.000000000000000e-06	3.000000000000000e-06
3.568318e+03	8.920540848258514e-02	4.616525091336285e-02	3.000000000000000e-06	3.000000000000000e-06
3.731221e+03	8.875983270376020e-02	4.600496434224281e-02	3.000000000000000e-06	3.000000000000000e-06
3.894698e+03	8.831648445116878e-02	4.584530364231068e-02	3.000000000000000e-06	3.000000000000000e-06
4.058750e+03	8.787535261337080e-02	4.568626539332119e-02	3.000000000000000e-06	3.000000000000000e-06
4.223382e+03	8.743642613441498e-02	4.552784619777390e-02	3.000000000000000e-06	3.000000000000000e-06
4.388594e+03	8.699969401356537e-02	4.537004268063659e-02	3.000000000000000e-06	3.000000000000000e-06
4.554392e+03	8.656514530502921e-02	4.521285148907174e-02	3.000000000000000e-06	3.000000000000000e-06
4.720776e+03	8.613276911768616e-02	4.505626929216604e-02	3.000000000000000e-06	3.000000000000000e-06
4.887750e+03	8.570255461481883e-02	4.490029278066288e-02	3.000000000000000e-06	3.000000000000000e-06
5.055317e+03	8.527449101384474e-02	4.474491866669767e-02	3.000000000000000e-06	3.000000000000000e-06
5.223480e+03	8.484856758604942e-02	4.459014368353614e-02	3.000000000000000e-06	3.000000000000000e-06
5.392242e+03	8.442477365632106e-02	4.443596458531528e-02	3.000000000000000e-06	3.000000000000000e-06
5.561605e+03	8.400309860288629e-02	4.428237814678717e-02	3.000000000000000e-06	3.000000000000000e-06
5.731573e+03	8.358353185704738e-02	4.412938116306537e-02	3.000000000000000e-06	3.000000000000000e-06
5.902149e+03	8.316606290292067e-02	4.397697044937399e-02	3.000000000000000e-06	3.000000000000000e-06
6.073336e+03	8.275068127717636e-02	4.382514284079935e-02	3.000000000000000e-06	3.000000000000000e-06
6.245137e+03	8.233737656877957e-02	4.367389519204411e-02	3.000000000000000e-06	3.000000000000000e-06
6.417554e+03	8.192613841873271e-02	4.352322437718389e-02	3.000000000000000e-06	3.000000000000000e-06
6.590592e+03	8.151695651981909e-02	4.337312728942638e-02	3.000000000000000e-06	3.000000000000000e-06
6.764254e+03	8.110982061634786e-02	4.322360084087265e-02	3.000000000000000e-06	3.000000000000000e-06
6.938542e+03	8.070472050390018e-02	4.307464196228093e-02	3.000000000000000e-06	3.000000000000000e-06
7.113460e+03	8.030164602907672e-02	4.292624760283259e-02	3.000000000000000e-06	3.000000000000000e-06
7.289012e+03	7.990058708924637e-02	4.277841472990030e-02	3.000000000000000e-06	3.000000000000000e-06
7.465200e+03	7.950153363229620e-02	4.263114032881846e-02	3.000000000000000e-06	3.000000000000000e-06
7.642028e+03	7.910447565638279e-02	4.248442140265560e-02	3.000000000000000e-06	3.000000000000000e-06
7.819500e+03	7.870940320968464e-02	4.233825497198901e-02	3.000000000000000e-06	3.000000000000000e-06
7.997618e+03	7.831630639015595e-02	4.219263807468124e-02	3.000000000000000e-06	3.000000000000000e-06
8.176387e+03	7.792517534528161e-02	4.204756776565868e-02	3.000000000000000e-06	3.000000000000000e-06
8.355810e+03	7.753600027183341e-02	4.190304111669201e-02	3.000000000000000e-06	3.000000000000000e-06
8.535890e+03	7.714877141562751e-02	4.175905521617856e-02	3.000000000000000e-06	3.000000000000000e-06
8.716632e+03	7.676347907128311e-02	4.161560716892650e-02	3.000000000000000e-06	3.000000000000000e-06
8.898038e+03	7.638011358198235e-02	4.147269409594077e-02	3.000000000000000e-06	3.000000000000000e-06
9.080113e+03	7.599866533923141e-02	4.133031313421084e-02	3.000000000000000e-06	3.000000000000000e-06
9.262860e+03	7.561912478262291e-02	4.118846143650010e-02	3.000000000000000e-06	3.000000000000000e-06
9.446283e+03	7.524148239959939e-02	4.104713617113687e-02	3.000000000000000e-06	3.000000000000000e-06
9.630386e+03	7.486572872521813e-02	4.090633452180718e-02	3.000000000000000e-06	3.000000000000000e-06
9.815173e+03	7.449185434191698e-02	4.076605368734888e-02	3.000000000000000e-06	3.000000000000000e-06
1.000000e+04	7.412115029620461e-02	4.062677906738427e-02	3.000000000000000e-06	3.000000000000000e-06
1.018617e+04	7.375099510702177e-02	4.048752790963212e-02	3.000000000000000e-06	3.000000000000000e-06
1.037302e+04	7.338269613220284e-02	4.034879108683444e-02	3.000000000000000e-06	3.000000000000000e-06
1.056058e+04	7.301623926147451e-02	4.021056402446017e-02	3.000000000000000e-06	3.000000000000000e-06
1.074885e+04	7.265161532867029e-02	4.007284400083500e-02	3.000000000000000e-06	3.000000000000000e-06
1.093782e+04	7.228881519543595e-02	3.993562830139524e-02	3.000000000000000e-06	3.000000000000000e-06
1.112750e+04	7.192782976926135e-02	3.979891422535493e-02	3.000000000000000e-06	3.000000000000000e-06
1.131790e+04	7.156865000318775e-02	3.966269908548536e-02	3.000000000000000e-06	3.000000000000000e-06
1.150902e+04	7.121126689558480e-02	3.952698020792152e-02	3.000000000000000e-06	3.000000000000000e-06
1.170086e+04	7.085567148992813e-02	3.939175493196957e-02	3.000000000000000e-06	3.000000000000000e-06
1.189344e+04	7.050185487457833e-02	3.925702060991530e-02	3.000000000000000e-06	3.000000000000000e-06
1.208674e+04	7.014980818256086e-02	3.912277460683374e-02	3.000000000000000e-06	3.000000000000000e-06
1.228079e+04	6.979952259134738e-02	3.898901430039971e-02	3.000000000000000e-06	3.000000000000000e-06
1.247558e+04	6.945098932263789e-02	3.885573708069939e-02	3.000000000000000e-06	3.000000000000000e-06
1.267112e+04	6.910419964214438e-02	3.872294035004262e-02	3.000000000000000e-06	3.000000000000000e-06
1.286741e+04	6.875914485937530e-02	3.859062152277636e-02	3.000000000000000e-06	3.000000000000000e-06
1.306446e+04	6.841581632742136e-02	3.845877802509862e-02	3.000000000000000e-06	3.000000000000000e-06
1.326226e+04	6.807420544274237e-02	3.832740729487354e-02	3.000000000000000e-06	3.000000000000000e-06
1.346084e+04	6.773430364495524e-02	3.819650678144684e-02	3.000000000000000e-06	3.000000000000000e-06
1.366019e+04	6.739610241662308e-02	3.806607394546226e-02	3.000000000000000e-06	3.000000000000000e-06
1.386031e+04	6.705959328304552e-02	3.793610625867844e-02	3.000000000000000e-06	3.000000000000000e-06
1.406122e+04	6.672476781204992e-02	3.780660120378654e-02	3.000000000000000e-06	3.000000000000000e-06
1.426291e+04	6.639161761378400e-02	3.767755627422828e-02	3.000000000000000e-06	3.000000000000000e-06
1.446540e+04	6.606013434050932e-02	3.754896897401463e-02	3.000000000000000e-06	3.000000000000000e-06
1.466868e+04	6.573030968639604e-02	3.742083681754484e-02	3.000000000000000e-06	3.000000000000000e-06
1.487277e+04	6.540213538731865e-02	3.729315732942596e-02	3.000000000000000e-06	3.000000000000000e-06
1.507766e+04	6.507560322065294e-02	3.716592804429271e-02	3.000000000000000e-06	3.000000000000000e-06
1.528337e+04	6.475070500507395e-02	3.703914650662764e-02	3.000000000000000e-06	3.000000000000000e-06
1.548990e+04	6.442743260035516e-02	3.691281027058165e-02	3.000000000000000e-06	3.000000000000000e-06
1.569725e+04	6.410577790716862e-02	3.678691689979460e-02	3.000000000000000e-06	3.000000000000000e-06
1.590543e+04	6.378573286688623e-02	3.666146396721624e-02	3.000000000000000e-06	3.000000000000000e-06
1.611445e+04	6.346728946138221e-02	3.653644905492717e-02	3.000000000000000e-06	3.000000000000000e-06
1.632431e+04	6.315043971283651e-02	3.641186975395991e-02	3.000000000000000e-06	3.000000000000000e-06
1.653502e+04	6.283517568353943e-02	3.628772366412000e-02	3.000000000000000e-06	3.000000000000000e-06
1.674659e+04	6.252148947569719e-02	3.616400839380706e-02	3.000000000000000e-06	3.000000000000000e-06
1.695901e+04	6.220937323123880e-02	3.604072155983580e-02	3.000000000000000e-06	3.000000000000000e-06
1.717231e+04	6.189881913162373e-02	3.591786078725685e-02	3.000000000000000e-06	3.000000000000000e-06
1.738647e+04	6.158981939765095e-02	3.579542370917744e-02	3.000000000000000e-06	3.000000000000000e-06
1.760151e+04	6.128236628926882e-02	3.567340796658185e-02	3.000000000000000e-06	3.000000000000000e-06
1.781744e+04	6.097645210538618e-02	3.555181120815157e-02	3.000000000000000e-06	3.000000000000000e-06
1.803427e+04	6.067206918368452e-02	3.543063109008499e-02	3.000000000000000e-06	3.000000000000000e-06
1.825199e+04	6.036920990043116e-02	3.530986527591688e-02	3.000000000000000e-06	3.000000000000000e-06
1.847062e+04	6.006786667029356e-02	3.518951143633722e-02	3.000000000000000e-06	3.000000000000000e-06
1.869016e+04	5.976803194615467e-02	3.506956724900965e-02	3.000000000000000e-06	3.000000000000000e-06
1.891062e+04	5.946969821892943e-02	3.495003039838915e-02	3.000000000000000e-06	3.000000000000000e-06
1.913200e+04	5.917285801738221e-02	3.483089857553927e-02	3.000000000000000e-06	3.000000000000000e-06
1.935432e+04	5.887750390794547e-02	3.471216947794847e-02	3.000000000000000e-06	3.000000000000000e-06
1.957759e+04	5.858362849453940e-02	3.459384080934578e-02	3.000000000000000e-06	3.000000000000000e-06
1.980180e+04	5.829122441839266e-02	3.447591027951556e-02	3.000000000000000e-06	3.000000000000000e-06
2.002696e+04	5.800028435786423e-02	3.435837560411138e-02	3.000000000000000e-06	3.000000000000000e-06
2.025309e+04	5.771080102826626e-02	3.424123450446887e-02	3.000000000000000e-06	3.000000000000000e-06
2.048020e+04	5.742276718168807e-02	3.412448470741757e-02	3.000000000000000e-06	3.000000000000000e-06
2.070828e+04	5.713617560682121e-02	3.400812394509155e-02	3.000000000000000e-06	3.000000000000000e-06
2.093735e+04	5.685101912878556e-02	3.389214995473891e-02	3.000000000000000e-06	3.000000000000000e-06
2.116741e+04	5.656729060895656e-02	3.377656047852998e-02	3.000000000000000e-06	3.000000000000000e-06
2.139848e+04	5.628498294479349e-02	3.366135326336411e-02	3.000000000000000e-06	3.000000000000000e-06
2.163056e+04	5.600408906966885e-02	3.354652606067506e-02	3.000000000000000e-06	3.000000000000000e-06
2.186365e+04	5.572460195269884e-02	3.343207662623487e-02	3.000000000000000e-06	3.000000000000000e-06
2.209778e+04	5.544651459857484e-02	3.331800271995602e-02	3.000000000000000e-06	3.000000000000000e-06
2.233295e+04	5.516982004739616e-02	3.320430210569207e-02	3.000000000000000e-06	3.000000000000000e-06
2.256916e+04	5.489451137450369e-02	3.309097255103628e-02	3.000000000000000e-06	3.000000000000000e-06
2.280643e+04	5.462058169031476e-02	3.297801182711852e-02	3.000000000000000e-06	3.000000000000000e-06
2.304477e+04	5.434802414015907e-02	3.286541770840018e-02	3.000000000000000e-06	3.000000000000000e-06
2.328417e+04	5.407683190411575e-02	3.275318797246687e-02	3.000000000000000e-06	3.000000000000000e-06
2.352466e+04	5.380699819685149e-02	3.264132039981912e-02	3.000000000000000e-06	3.000000000000000e-06
2.376625e+04	5.353851626745978e-02	3.252981277366061e-02	3.000000000000000e-06	3.000000000000000e-06
2.400894e+04	5.327137939930134e-02	3.241866287968417e-02	3.000000000000000e-06	3.000000000000000e-06
2.425274e+04	5.300558090984561e-02	3.230786850585520e-02	3.000000000000000e-06	3.000000000000000e-06
2.449766e+04	5.274111415051334e-02	3.219742744219244e-02	3.000000000000000e-06	3.000000000000000e-06
2.474372e+04	5.247797250652045e-02	3.208733748054605e-02	3.000000000000000e-06	3.000000000000000e-06
2.499092e+04	5.221614939672285e-02	3.197759641437281e-02	3.000000000000000e-06	3.000000000000000e-06
2.523928e+04	5.195563827346256e-02	3.186820203850838e-02	3.000000000000000e-06	3.000000000000000e-06
2.548880e+04	5.169643262241495e-02	3.175915214893632e-02	3.000000000000000e-06	3.000000000000000e-06
2.573950e+04	5.143852596243707e-02	3.165044454255403e-02	3.000000000000000e-06	3.000000000000000e-06
2.599139e+04	5.118191184541723e-02	3.154207701693514e-02	3.000000000000000e-06	3.000000000000000e-06
2.624447e+04	5.092658385612576e-02	3.143404737008845e-02	3.000000000000000e-06	3.000000000000000e-06
2.649877e+04	5.067253561206696e-02	3.132635340021319e-02	3.000000000000000e-06	3.000000000000000e-06
2.675429e+04	5.041976076333219e-02	3.121899290545038e-02	3.000000000000000e-06	3.000000000000000e-06
2.701104e+04	5.016825299245425e-02	3.111196368363023e-02	3.000000000000000e-06	3.000000000000000e-06
2.726904e+04	4.991800601426297e-02	3.100526353201540e-02	3.000000000000000e-06	3.000000000000000e-06
2.752830e+04	4.966901357574199e-02	3.089889024703983e-02	3.000000000000000e-06	3.000000000000000e-06
2.778883e+04	4.942126945588688e-02	3.079284162404318e-02	3.000000000000000e-06	3.000000000000000e-06
2.805065e+04	4.917476746556438e-02	3.068711545700043e-02	3.000000000000000e-06	3.000000000000000e-06
2.831376e+04	4.892950144737310e-02	3.058170953824674e-02	3.000000000000000e-06	3.000000000000000e-06
2.857819e+04	4.868546527550537e-02	3.047662165819704e-02	3.000000000000000e-06	3.000000000000000e-06
2.884394e+04	4.844265285561043e-02	3.037184960506048e-02	3.000000000000000e-06	3.000000000000000e-06
2.911103e+04	4.820105812465900e-02	3.026739116454926e-02	3.000000000000000e-06	3.000000000000000e-06
2.937947e+04	4.796067505080916e-02	3.016324411958181e-02	3.000000000000000e-06	3.000000000000000e-06
2.964928e+04	4.772149763327355e-02	3.005940624997987e-02	3.000000000000000e-06	3.000000000000000e-06
2.992048e+04	4.748351990218805e-02	2.995587533215953e-02	3.000000000000000e-06	3.000000000000000e-06
3.019307e+04	4.724673591848175e-02	2.985264913881564e-02	3.000000000000000e-06	3.000000000000000e-06
3.046707e+04	4.701113977374843e-02	2.974972543859964e-02	3.000000000000000e-06	3.000000000000000e-06
3.074250e+04	4.677672559011947e-02	2.964710199579026e-02	3.000000000000000e-06	3.000000000000000e-06
3.101938e+04	4.654348752013823e-02	2.954477656995708e-02	3.000000000000000e-06	3.000000000000000e-06
3.129771e+04	4.631141974663588e-02	2.944274691561640e-02	3.000000000000000e-06	3.000000000000000e-06
3.157752e+04	4.608051648260887e-02	2.934101078187933e-02	3.000000000000000e-06	3.000000000000000e-06
3.185883e+04	4.585077197109784e-02	2.923956591209156e-02	3.000000000000000e-06	3.000000000000000e-06
3.214165e+04	4.562218048506819e-02	2.913841004346477e-02	3.000000000000000e-06	3.000000000000000e-06
3.242599e+04	4.539473632729222e-02	2.903754090669895e-02	3.000000000000000e-06	3.000000000000000e-06
3.271188e+04	4.516843383023299e-02	2.893695622559569e-02	3.000000000000000e-06	3.000000000000000e-06
3.299934e+04	4.494326735592979e-02	2.883665371666168e-02	3.000000000000000e-06	3.000000000000000e-06
3.328838e+04	4.471923129588540e-02	2.873663108870229e-02	3.000000000000000e-06	3.000000000000000e-06
3.357902e+04	4.449632007095505e-02	2.863688604240468e-02	3.000000000000000e-06	3.000000000000000e-06
3.387128e+04	4.427452813123725e-02	2.853741626991007e-02	3.000000000000000e-06	3.000000000000000e-06
3.416519e+04	4.405384995596647e-02	2.843821945437466e-02	3.000000000000000e-06	3.000000000000000e-06
3.446075e+04	4.383428005340766e-02	2.833929326951886e-02	3.000000000000000e-06	3.000000000000000e-06
3.475800e+04	4.361581296075277e-02	2.824063537916411e-02	3.000000000000000e-06	3.000000000000000e-06
3.505695e+04	4.339844324401925e-02	2.814224343675701e-02	3.000000000000000e-06	3.000000000000000e-06
3.535762e+04	4.318216549795059e-02	2.804411508488008e-02	3.000000000000000e-06	3.000000000000000e-06
3.566005e+04	4.296697434591904e-02	2.794624795474864e-02	3.000000000000000e-06	3.000000000000000e-06
3.596424e+04	4.275286443983039e-02	2.784863966569319e-02	3.000000000000000e-06	3.000000000000000e-06
3.627022e+04	4.253983046003109e-02	2.775128782462667e-02	3.000000000000000e-06	3.000000000000000e-06
3.657802e+04	4.232786711521763e-02	2.765419002549596e-02	3.000000000000000e-06	3.000000000000000e-06
3.688766e+04	4.211696914234827e-02	2.755734384871701e-02	3.000000000000000e-06	3.000000000000000e-06
3.719917e+04	4.190713130655731e-02	2.746074686059267e-02	3.000000000000000e-06	3.000000000000000e-06
3.751256e+04	4.169834840107180e-02	2.736439661271279e-02	3.000000000000000e-06	3.000000000000000e-06
3.782787e+04	4.149061524713092e-02	2.726829064133543e-02	3.000000000000000e-06	3.000000000000000e-06
3.814512e+04	4.128392669390804e-02	2.717242646674876e-02	3.000000000000000e-06	3.000000000000000e-06
3.846434e+04	4.107827761843561e-02	2.707680159261235e-02	3.000000000000000e-06	3.000000000000000e-06
3.878555e+04	4.087366292553295e-02	2.698141350527734e-02	3.000000000000000e-06	3.000000000000000e-06
3.910879e+04	4.067007754773704e-02	2.688625967308421e-02	3.000000000000000e-06	3.000000000000000e-06
3.943409e+04	4.046751644523640e-02	2.679133754563735e-02	3.000000000000000e-06	3.000000000000000e-06
3.976146e+04	4.026597460580829e-02	2.669664455305525e-02	3.000000000000000e-06	3.000000000000000e-06
4.009095e+04	4.006544704475921e-02	2.660217810519523e-02	3.000000000000000e-06	3.000000000000000e-06
4.042259e+04	3.986592880486894e-02	2.650793559085152e-02	3.000000000000000e-06	3.000000000000000e-06
4.075639e+04	3.966741495633819e-02	2.641391437692547e-02	3.000000000000000e-06	3.000000000000000e-06
4.109241e+04	3.946990059674006e-02	2.632011180756655e-02	3.000000000000000e-06	3.000000000000000e-06
4.143067e+04	3.927338085097549e-02	2.622652520328275e-02	3.000000000000000e-06	3.000000000000000e-06
4.177121e+04	3.907785087123279e-02	2.613315186001896e-02	3.000000000000000e-06	3.000000000000000e-06
4.211405e+04	3.888330583695148e-02	2.603998904820174e-02	3.000000000000000e-06	3.000000000000000e-06
4.245925e+04	3.868974095479065e-02	2.594703401174893e-02	3.000000000000000e-06	3.000000000000000e-06
4.280682e+04	3.849715145860198e-02	2.585428396704223e-02	3.000000000000000e-06	3.000000000000000e-06
4.315682e+04	3.830553260940773e-02	2.576173610186110e-02	3.000000000000000e-06	3.000000000000000e-06
4.350928e+04	3.811487969538387e-02	2.566938757427600e-02	3.000000000000000e-06	3.000000000000000e-06
4.386424e+04	3.792518803184851e-02	2.557723551149883e-02	3.000000000000000e-06	3.000000000000000e-06
4.422174e+04	3.773645296125615e-02	2.548527700868858e-02	3.000000000000000e-06	3.000000000000000e-06
4.458183e+04	3.754866985319771e-02	2.539350912770976e-02	3.000000000000000e-06	3.000000000000000e-06
4.494454e+04	3.736183410440691e-02	2.530192889584133e-02	3.000000000000000e-06	3.000000000000000e-06
4.530992e+04	3.717594113877307e-02	2.521053330443337e-02	3.000000000000000e-06	3.000000000000000e-06
4.567802e+04	3.699098640736093e-02	2.511931930750902e-02	3.000000000000000e-06	3.000000000000000e-06
4.604888e+04	3.680696538843763e-02	2.502828382030847e-02	3.000000000000000e-06	3.000000000000000e-06
4.642256e+04	3.662387358750738e-02	2.493742371777230e-02	3.000000000000000e-06	3.000000000000000e-06
4.679909e+04	3.644170653735411e-02	2.484673583296056e-02	3.000000000000000e-06	3.000000000000000e-06
4.717854e+04	3.626045979809266e-02	2.475621695540430e-02	3.000000000000000e-06	3.000000000000000e-06
4.756095e+04	3.608012895722893e-02	2.466586382938585e-02	3.000000000000000e-06	3.000000000000000e-06
4.794638e+04	3.590070962972949e-02	2.457567315214380e-02	3.000000000000000e-06	3.000000000000000e-06
4.833489e+04	3.572219745810115e-02	2.448564157199860e-02	3.000000000000000e-06	3.000000000000000e-06
4.872652e+04	3.554458811248126e-02	2.439576568639419e-02	3.000000000000000e-06	3.000000000000000e-06
4.912135e+04	3.536787729073905e-02	2.430604203985100e-02	3.000000000000000e-06	3.000000000000000e-06
4.951942e+04	3.519206071858903e-02	2.421646712182508e-02	3.000000000000000e-06	3.000000000000000e-06
4.992081e+04	3.501713414971686e-02	2.412703736446807e-02	3.000000000000000e-06	3.000000000000000e-06
5.032558e+04	3.484309336591870e-02	2.403774914028199e-02	3.000000000000000e-06	3.000000000000000e-06
5.073380e+04	3.466993417725479e-02	2.394859875966283e-02	3.000000000000000e-06	3.000000000000000e-06
5.114552e+04	3.449765242221805e-02	2.385958246832602e-02	3.000000000000000e-06	3.000000000000000e-06
5.156083e+04	3.432624396791890e-02	2.377069644460687e-02	3.000000000000000e-06	3.000000000000000e-06
5.197980e+04	3.415570471028716e-02	2.368193679662810e-02	3.000000000000000e-06	3.000000000000000e-06
5.240250e+04	3.398603057429222e-02	2.359329955932639e-02	3.000000000000000e-06	3.000000000000000e-06
5.282901e+04	3.381721751418268e-02	2.350478069132892e-02	3.000000000000000e-06	3.000000000000000e-06
5.325941e+04	3.364926151374690e-02	2.341637607167063e-02	3.000000000000000e-06	3.000000000000000e-06
5.369379e+04	3.348215858659569e-02	2.332808149634177e-02	3.000000000000000e-06	3.000000000000000e-06
5.413222e+04	3.331590477646881e-02	2.323989267465480e-02	3.000000000000000e-06	3.000000000000000e-06
5.457481e+04	3.315049615756702e-02	2.315180522541884e-02	3.000000000000000e-06	3.000000000000000e-06
5.502164e+04	3.298592883491135e-02	2.306381467290877e-02	3.000000000000000e-06	3.000000000000000e-06
5.547281e+04	3.282219894473164e-02	2.297591644261519e-02	3.000000000000000e-06	3.000000000000000e-06
5.592841e+04	3.265930265488660e-02	2.288810585676046e-02	3.000000000000000e-06	3.000000000000000e-06
5.638856e+04	3.249723616531756e-02	2.280037812956440e-02	3.000000000000000e-06	3.000000000000000e-06
5.685334e+04	3.233599570853860e-02	2.271272836224244e-02	3.000000000000000e-06	3.000000000000000e-06
5.732289e+04	3.217557755016577e-02	2.262515153771712e-02	3.000000000000000e-06	3.000000000000000e-06
5.779730e+04	3.201597798948858e-02	2.253764251502251e-02	3.000000000000000e-06	3.000000000000000e-06
5.827671e+04	3.185719336008683e-02	2.245019602337913e-02	3.000000000000000e-06	3.000000000000000e-06
5.876122e+04	3.169922003049673e-02	2.236280665591524e-02	3.000000000000000e-06	3.000000000000000e-06
5.925098e+04	3.154205440493008e-02	2.227546886300799e-02	3.000000000000000e-06	3.000000000000000e-06
5.974611e+04	3.138569292405101e-02	2.218817694521579e-02	3.000000000000000e-06	3.000000000000000e-06
6.024675e+04	3.123013206581500e-02	2.210092504577053e-02	3.000000000000000e-06	3.000000000000000e-06
6.075305e+04	3.107536834637564e-02	2.201370714259530e-02	3.000000000000000e-06	3.000000000000000e-06
6.126515e+04	3.092139832106469e-02	2.192651703981031e-02	3.000000000000000e-06	3.000000000000000e-06
6.178322e+04	3.076821858545223e-02	2.183934835868592e-02	3.000000000000000e-06	3.000000000000000e-06
6.230741e+04	3.061582577649360e-02	2.175219452799793e-02	3.000000000000000e-06	3.000000000000000e-06
6.283790e+04	3.046421657377133e-02	2.166504877373575e-02	3.000000000000000e-06	3.000000000000000e-06
6.337485e+04	3.031338770084056e-02	2.157790410810926e-02	3.000000000000000e-06	3.000000000000000e-06
6.391847e+04	3.016333592668768e-02	2.149075331779469e-02	3.000000000000000e-06	3.000000000000000e-06
6.446894e+04	3.001405806731283e-02	2.140358895135385e-02	3.000000000000000e-06	3.000000000000000e-06
6.502647e+04	2.986555098744827e-02	2.131640330575387e-02	3.000000000000000e-06	3.000000000000000e-06
6.559126e+04	2.971781160242588e-02	2.122918841190747e-02	3.000000000000000e-06	3.000000000000000e-06
6.616353e+04	2.957083688020862e-02	2.114193601914467e-02	3.000000000000000e-06	3.000000000000000e-06
6.674353e+04	2.942462384360255e-02	2.105463757851731e-02	3.000000000000000e-06	3.000000000000000e-06
6.733149e+04	2.927916957266795e-02	2.096728422482700e-02	3.000000000000000e-06	3.000000000000000e-06
6.792767e+04	2.913447120735054e-02	2.087986675725431e-02	3.000000000000000e-06	3.000000000000000e-06
6.853234e+04	2.899052595035614e-02	2.079237561845341e-02	3.000000000000000e-06	3.000000000000000e-06
6.914578e+04	2.884733107029528e-02	2.070480087196006e-02	3.000000000000000e-06	3.000000000000000e-06
6.976828e+04	2.870488390512759e-02	2.061713217774354e-02	3.000000000000000e-06	3.000000000000000e-06
7.040017e+04	2.856318186593987e-02	2.052935876570890e-02	3.000000000000000e-06	3.000000000000000e-06
7.104177e+04	2.842222244109601e-02	2.044146940694082e-02	3.000000000000000e-06	3.000000000000000e-06
7.169342e+04	2.828200320080251e-02	2.035345238244187e-02	3.000000000000000e-06	3.000000000000000e-06
7.235550e+04	2.814252180213918e-02	2.026529544909538e-02	3.000000000000000e-06	3.000000000000000e-06
7.302839e+04	2.800377599461170e-02	2.017698580254384e-02	3.000000000000000e-06	3.000000000000000e-06
7.371251e+04	2.786576362629114e-02	2.008851003663291e-02	3.000000000000000e-06	3.000000000000000e-06
7.440829e+04	2.772848265061497e-02	1.999985409902311e-02	3.000000000000000e-06	3.000000000000000e-06
7.511620e+04	2.759193113393546e-02	1.991100324251543e-02	3.000000000000000e-06	3.000000000000000e-06
7.583671e+04	2.745610726391481e-02	1.982194197157230e-02	3.000000000000000e-06	3.000000000000000e-06
7.657036e+04	2.732100935888181e-02	1.973265398343909e-02	3.000000000000000e-06	3.000000000000000e-06
7.731771e+04	2.718663587828378e-02	1.964312210318257e-02	3.000000000000000e-06	3.000000000000000e-06
7.807933e+04	2.705298543438937e-02	1.955332821185734e-02	3.000000000000000e-06	3.000000000000000e-06
7.885588e+04	2.692005680542453e-02	1.946325316688773e-02	3.000000000000000e-06	3.000000000000000e-06
7.964802e+04	2.678784895035554e-02	1.937287671360539e-02	3.000000000000000e-06	3.000000000000000e-06
8.045648e+04	2.665636102557122e-02	1.928217738670762e-02	3.000000000000000e-06	3.000000000000000e-06
8.128203e+04	2.652559240376257e-02	1.919113240019251e-02	3.000000000000000e-06	3.000000000000000e-06
8.212553e+04	2.639554269535442e-02	1.909971752407498e-02	3.000000000000000e-06	3.000000000000000e-06
8.298785e+04	2.626621177291176e-02	1.900790694588498e-02	3.000000000000000e-06	3.000000000000000e-06
8.386999e+04	2.613759979902799e-02	1.891567311458084e-02	3.000000000000000e-06	3.000000000000000e-06
8.477299e+04	2.600970725830555e-02	1.882298656406281e-02	3.000000000000000e-06	3.000000000000000e-06
8.569799e+04	2.588253499416830e-02	1.872981571292262e-02	3.000000000000000e-06	3.000000000000000e-06
8.664622e+04	2.575608425140554e-02	1.863612663638816e-02	3.000000000000000e-06	3.000000000000000e-06
8.761905e+04	2.563035672554915e-02	1.854188280558381e-02	3.000000000000000e-06	3.000000000000000e-06
8.861793e+04	2.550535462044015e-02	1.844704478818065e-02	3.000000000000000e-06	3.000000000000000e-06
8.964449e+04	2.538108071566602e-02	1.835156990319674e-02	3.000000000000000e-06	3.000000000000000e-06
9.070049e+04	2.525753844596614e-02	1.825541182104600e-02	3.000000000000000e-06	3.000000000000000e-06
9.178788e+04	2.513473199524169e-02	1.815852009781561e-02	3.000000000000000e-06	3.000000000000000e-06
9.290883e+04	2.501266640850876e-02	1.806083963003023e-02	3.000000000000000e-06	3.000000000000000e-06
9.406571e+04	2.489134772605840e-02	1.796231001263349e-02	3.000000000000000e-06	3.000000000000000e-06
9.526121e+04	2.477078314531648e-02	1.786286477830153e-02	3.000000000000000e-06	3.000000000000000e-06
9.649829e+04	2.465098121754766e-02	1.776243049010483e-02	3.000000000000000e-06	3.000000000000000e-06
9.778031e+04	2.453195208879095e-02	1.766092565138798e-02	3.000000000000000e-06	3.000000000000000e-06
9.911107e+04	2.441370779749933e-02	1.755825938572879e-02	3.000000000000000e-06	3.000000000000000e-06
1.000000e+05	2.433832672190921e-02	1.749156649054691e-02	3.000000000000000e-06	3.000000000000000e-06
1.014417e+05	2.421964968634386e-02	1.738519427386515e-02	3.000000000000000e-06	3.000000000000000e-06
1.029237e+05	2.410364273548304e-02	1.727898067748069e-02	3.000000000000000e-06	3.000000000000000e-06
1.044744e+05	2.398840870351106e-02	1.717109204656751e-02	3.000000000000000e-06	3.000000000000000e-06
1.061001e+05	2.387405803235274e-02	1.706143961737081e-02	3.000000000000000e-06	3.000000000000000e-06
1.078094e+05	2.376062055287135e-02	1.694983098165425e-02	3.000000000000000e-06	3.000000000000000e-06
1.096123e+05	2.364813759046513e-02	1.683604545186740e-02	3.000000000000000e-06	3.000000000000000e-06
1.115211e+05	2.353666003212982e-02	1.671982209372776e-02	3.000000000000000e-06	3.000000000000000e-06
1.135505e+05	2.342625160585146e-02	1.660084887163328e-02	3.000000000000000e-06	3.000000000000000e-06
1.157186e+05	2.331699326439978e-02	1.647874735562882e-02	3.000000000000000e-06	3.000000000000000e-06
1.180484e+05	2.320898962976717e-02	1.635305103302816e-02	3.000000000000000e-06	3.000000000000000e-06
1.205692e+05	2.310237874575001e-02	1.622317361095481e-02	3.000000000000000e-06	3.000000000000000e-06
1.233194e+05	2.299734739816284e-02	1.608836105430925e-02	3.000000000000000e-06	3.000000000000000e-06
1.263360e+05	2.289466168781027e-02	1.594830673752347e-02	3.000000000000000e-06	3.000000000000000e-06
1.294063e+05	2.280305061165934e-02	1.581407043324749e-02	3.000000000000000e-06	3.000000000000000e-06
1.325350e+05	2.272193101614434e-02	1.568538271358660e-02	3.000000000000000e-06	3.000000000000000e-06
1.357232e+05	2.265088550465118e-02	1.556217720384198e-02	3.000000000000000e-06	3.000000000000000e-06
1.389715e+05	2.258950014013851e-02	1.544438019504615e-02	3.000000000000000e-06	3.000000000000000e-06
1.422811e+05	2.253736841830617e-02	1.533191475936579e-02	3.000000000000000e-06	3.000000000000000e-06
1.456527e+05	2.249409227861487e-02	1.522470097294643e-02	3.000000000000000e-06	3.000000000000000e-06
1.490874e+05	2.245928302349577e-02	1.512265619920387e-02	3.000000000000000e-06	3.000000000000000e-06
1.525861e+05	2.243256210222713e-02	1.502569536162729e-02	3.000000000000000e-06	3.000000000000000e-06
1.561499e+05	2.241356176595724e-02	1.493373120758582e-02	3.000000000000000e-06	3.000000000000000e-06
1.597798e+05	2.240192560052990e-02	1.484667456331385e-02	3.000000000000000e-06	3.000000000000000e-06
1.634768e+05	2.239730894454764e-02	1.476443458024723e-02	3.000000000000000e-06	3.000000000000000e-06
1.672422e+05	2.239937920066730e-02	1.468691897284947e-02	3.000000000000000e-06	3.000000000000000e-06
1.710768e+05	2.240781604848821e-02	1.461403424803373e-02	3.000000000000000e-06	3.000000000000000e-06
1.749820e+05	2.242231156758321e-02	1.454568592625138e-02	3.000000000000000e-06	3.000000000000000e-06
1.789588e+05	2.244257027925686e-02	1.448177875428597e-02	3.000000000000000e-06	3.000000000000000e-06
1.830085e+05	2.246830911551304e-02	1.442221690976222e-02	3.000000000000000e-06	3.000000000000000e-06
1.871322e+05	2.249925732349830e-02	1.436690419735506e-02	3.000000000000000e-06	3.000000000000000e-06
1.913313e+05	2.253515631337780e-02	1.431574423666456e-02	3.000000000000000e-06	3.000000000000000e-06
1.956069e+05	2.257575945721699e-02	1.426864064170912e-02	3.000000000000000e-06	3.000000000000000e-06
1.999604e+05	2.262083184600380e-02	1.422549719198174e-02	3.000000000000000e-06	3.000000000000000e-06
2.043931e+05	2.267015001146833e-02	1.418621799501320e-02	3.000000000000000e-06	3.000000000000000e-06
2.089064e+05	2.272350161885538e-02	1.415070764038962e-02	3.000000000000000e-06	3.000000000000000e-06
2.135015e+05	2.278068513629264e-02	1.411887134518229e-02	3.000000000000000e-06	3.000000000000000e-06
2.181800e+05	2.284150948588361e-02	1.409061509076161e-02	3.000000000000000e-06	3.000000000000000e-06
2.229433e+05	2.290579368114960e-02	1.406584575098585e-02	3.000000000000000e-06	3.000000000000000e-06
2.277928e+05	2.297336645495577e-02	1.404447121177757e-02	3.000000000000000e-06	3.000000000000000e-06
2.327300e+05	2.304406588158772e-02	1.402640048212498e-02	3.000000000000000e-06	3.000000000000000e-06
2.377565e+05	2.311773899620204e-02	1.401154379657279e-02	3.000000000000000e-06	3.000000000000000e-06
2.428738e+05	2.319424141445907e-02	1.399981270929438e-02	3.000000000000000e-06	3.000000000000000e-06
2.480835e+05	2.327343695476044e-02	1.399112017986590e-02	3.000000000000000e-06	3.000000000000000e-06
2.533872e+05	2.335519726515950e-02	1.398538065089118e-02	3.000000000000000e-06	3.000000000000000e-06
2.587865e+05	2.343940145668818e-02	1.398251011765341e-02	3.000000000000000e-06	3.000000000000000e-06
2.642832e+05	2.352593574455019e-02	1.398242618999637e-02	3.000000000000000e-06	3.000000000000000e-06
2.698790e+05	2.361469309836561e-02	1.398504814666182e-02	3.000000000000000e-06	3.000000000000000e-06
2.755755e+05	2.370557290241557e-02	1.399029698233269e-02	3.000000000000000e-06	3.000000000000000e-06
2.813747e+05	2.379848062662520e-02	1.399809544765138e-02	3.000000000000000e-06	3.000000000000000e-06
2.872782e+05	2.389332750883799e-02	1.400836808250030e-02	3.000000000000000e-06	3.000000000000000e-06
2.932879e+05	2.399003024877192e-02	1.402104124284628e-02	3.000000000000000e-06	3.000000000000000e-06
2.994058e+05	2.408851071390697e-02	1.403604312146294e-02	3.000000000000000e-06	3.000000000000000e-06
3.056337e+05	2.418869565743098e-02	1.405330376285413e-02	3.000000000000000e-06	3.000000000000000e-06
3.119737e+05	2.429051644826711e-02	1.407275507270820e-02	3.000000000000000e-06	3.000000000000000e-06
3.184276e+05	2.439390881311707e-02	1.409433082221698e-02	3.000000000000000e-06	3.000000000000000e-06
3.249975e+05	2.449881259037998e-02	1.411796664759459e-02	3.000000000000000e-06	3.000000000000000e-06
3.316855e+05	2.460517149574517e-02	1.414360004513046e-02	3.000000000000000e-06	3.000000000000000e-06
3.384937e+05	2.471293289920616e-02	1.417117036210784e-02	3.000000000000000e-06	3.000000000000000e-06
3.454242e+05	2.482204761320292e-02	1.420061878391408e-02	3.000000000000000e-06	3.000000000000000e-06
3.524792e+05	2.493246969156682e-02	1.423188831766217e-02	3.000000000000000e-06	3.000000000000000e-06
3.596610e+05	2.504415623891878e-02	1.426492377263480e-02	3.000000000000000e-06	3.000000000000000e-06
3.669718e+05	2.515706723015272e-02	1.429967173785230e-02	3.000000000000000e-06	3.000000000000000e-06
3.744139e+05	2.527116533962429e-02	1.433608055705536e-02	3.000000000000000e-06	3.000000000000000e-06
3.819897e+05	2.538641577965733e-02	1.437410030138146e-02	3.000000000000000e-06	3.000000000000000e-06
3.897015e+05	2.550278614797705e-02	1.441368274000157e-02	3.000000000000000e-06	3.000000000000000e-06
3.975518e+05	2.562024628367914e-02	1.445478130897071e-02	3.000000000000000e-06	3.000000000000000e-06
4.055432e+05	2.573876813134677e-02	1.449735107853245e-02	3.000000000000000e-06	3.000000000000000e-06
4.136780e+05	2.585832561293301e-02	1.454134871910400e-02	3.000000000000000e-06	3.000000000000000e-06
4.219589e+05	2.597889450703335e-02	1.458673246615445e-02	3.000000000000000e-06	3.000000000000000e-06
4.303885e+05	2.610045233518197e-02	1.463346208417545e-02	3.000000000000000e-06	3.000000000000000e-06
4.389695e+05	2.622297825481561e-02	1.468149882992961e-02	3.000000000000000e-06	3.000000000000000e-06
4.477046e+05	2.634645295855973e-02	1.473080541514888e-02	3.000000000000000e-06	3.000000000000000e-06
4.565966e+05	2.647085857950380e-02	1.478134596884195e-02	3.000000000000000e-06	3.000000000000000e-06
4.656483e+05	2.659617860214451e-02	1.483308599935700e-02	3.000000000000000e-06	3.000000000000000e-06
4.748625e+05	2.672239777868861e-02	1.488599235633411e-02	3.000000000000000e-06	3.000000000000000e-06
4.842422e+05	2.684950205041966e-02	1.494003319266961e-02	3.000000000000000e-06	3.000000000000000e-06
4.937904e+05	2.697747847384592e-02	1.499517792660364e-02	3.000000000000000e-06	3.000000000000000e-06
5.035100e+05	2.710631515135931e-02	1.505139720403120e-02	3.000000000000000e-06	3.000000000000000e-06
5.134043e+05	2.723600116614805e-02	1.510866286112713e-02	3.000000000000000e-06	3.000000000000000e-06
5.234762e+05	2.736652652111790e-02	1.516694788736565e-02	3.000000000000000e-06	3.000000000000000e-06
5.337291e+05	2.749788208158917e-02	1.522622638900604e-02	3.000000000000000e-06	3.000000000000000e-06
5.441662e+05	2.763005952154817e-02	1.528647355310769e-02	3.000000000000000e-06	3.000000000000000e-06
5.547908e+05	2.776305127324375e-02	1.534766561212973e-02	3.000000000000000e-06	3.000000000000000e-06
5.656062e+05	2.789685047992981e-02	1.540977980916323e-02	3.000000000000000e-06	3.000000000000000e-06
5.766160e+05	2.803145095156621e-02	1.547279436383686e-02	3.000000000000000e-06	3.000000000000000e-06
5.878236e+05	2.816684712329998e-02	1.553668843893087e-02	3.000000000000000e-06	3.000000000000000e-06
5.992326e+05	2.830303401655899e-02	1.560144210772815e-02	3.000000000000000e-06	3.000000000000000e-06
6.108466e+05	2.844000720259945e-02	1.566703632212608e-02	3.000000000000000e-06	3.000000000000000e-06
6.226693e+05	2.857776276835758e-02	1.573345288152758e-02	3.000000000000000e-06	3.000000000000000e-06
6.347045e+05	2.871629728446429e-02	1.580067440252571e-02	3.000000000000000e-06	3.000000000000000e-06
6.469561e+05	2.885560777529007e-02	1.586868428939175e-02	3.000000000000000e-06	3.000000000000000e-06
6.594278e+05	2.899569169089459e-02	1.593746670537326e-02	3.000000000000000e-06	3.000000000000000e-06
6.721238e+05	2.913654688076327e-02	1.600700654480514e-02	3.000000000000000e-06	3.000000000000000e-06
6.850480e+05	2.927817156921986e-02	1.607728940603379e-02	3.000000000000000e-06	3.000000000000000e-06
6.982045e+05	2.942056433241056e-02	1.614830156515172e-02	3.000000000000000e-06	3.000000000000000e-06
7.115977e+05	2.956372407676156e-02	1.622002995053775e-02	3.000000000000000e-06	3.000000000000000e-06
7.252316e+05	2.970765001881797e-02	1.629246211819558e-02	3.000000000000000e-06	3.000000000000000e-06
7.391107e+05	2.985234166637714e-02	1.636558622788184e-02	3.000000000000000e-06	3.000000000000000e-06
7.532395e+05	2.999779880083529e-02	1.643939102001311e-02	3.000000000000000e-06	3.000000000000000e-06
7.676223e+05	3.014402146067082e-02	1.651386579333979e-02	3.000000000000000e-06	3.000000000000000e-06
7.822639e+05	3.029100992599261e-02	1.658900038337371e-02	3.000000000000000e-06	3.000000000000000e-06
7.971688e+05	3.043876470408596e-02	1.666478514155528e-02	3.000000000000000e-06	3.000000000000000e-06
8.123419e+05	3.058728651589301e-02	1.674121091514488e-02	3.000000000000000e-06	3.000000000000000e-06
8.277880e+05	3.073657628336832e-02	1.681826902782294e-02	3.000000000000000e-06	3.000000000000000e-06
8.435120e+05	3.088663511765401e-02	1.689595126098200e-02	3.000000000000000e-06	3.000000000000000e-06
8.595190e+05	3.103746430802237e-02	1.697424983569406e-02	3.000000000000000e-06	3.000000000000000e-06
8.758140e+05	3.118906531153700e-02	1.705315739533590e-02	3.000000000000000e-06	3.000000000000000e-06
8.924022e+05	3.134143974338674e-02	1.713266698885494e-02	3.000000000000000e-06	3.000000000000000e-06
9.092891e+05	3.149458936784931e-02	1.721277205465782e-02	3.000000000000000e-06	3.000000000000000e-06
9.264799e+05	3.164851608984460e-02	1.729346640510421e-02	3.000000000000000e-06	3.000000000000000e-06
9.439802e+05	3.180322194703964e-02	1.737474421158790e-02	3.000000000000000e-06	3.000000000000000e-06
9.617956e+05	3.195870910247027e-02	1.745659999018754e-02	3.000000000000000e-06	3.000000000000000e-06
9.799317e+05	3.211497983764598e-02	1.753902858786942e-02	3.000000000000000e-06	3.000000000000000e-06
9.983945e+05	3.227203654610730e-02	1.762202516922494e-02	3.000000000000000e-06	3.000000000000000e-06
1.000000e+06	3.228555024825287e-02	1.762917856190898e-02	3.000000000000000e-06	3.000000000000000e-06
1.019134e+06	3.244605472127054e-02	1.771415872032036e-02	3.000000000000000e-06	3.000000000000000e-06
1.038297e+06	3.260472566028971e-02	1.779831016326232e-02	3.000000000000000e-06	3.000000000000000e-06
1.057811e+06	3.276423750575750e-02	1.788304129706083e-02	3.000000000000000e-06	3.000000000000000e-06
1.077676e+06	3.292454535848827e-02	1.796832320450721e-02	3.000000000000000e-06	3.000000000000000e-06
1.097899e+06	3.308565294931810e-02	1.805415293401970e-02	3.000000000000000e-06	3.000000000000000e-06
1.118487e+06	3.324756322331084e-02	1.814052732156702e-02	3.000000000000000e-06	3.000000000000000e-06
1.139445e+06	3.341027921800176e-02	1.822744344870067e-02	3.000000000000000e-06	3.000000000000000e-06
1.160781e+06	3.357380404394324e-02	1.831489862464271e-02	3.000000000000000e-06	3.000000000000000e-06
1.182502e+06	3.373814088153095e-02	1.840289037728117e-02	3.000000000000000e-06	3.000000000000000e-06
1.204614e+06	3.390329297777508e-02	1.849141644438761e-02	3.000000000000000e-06	3.000000000000000e-06
1.227125e+06	3.406926364329255e-02	1.858047476519786e-02	3.000000000000000e-06	3.000000000000000e-06
1.250041e+06	3.423605624950154e-02	1.867006347233990e-02	3.000000000000000e-06	3.000000000000000e-06
1.273371e+06	3.440367422600502e-02	1.876018088409566e-02	3.000000000000000e-06	3.000000000000000e-06
1.297121e+06	3.457212105815125e-02	1.885082549698422e-02	3.000000000000000e-06	3.000000000000000e-06
1.321299e+06	3.474140028475976e-02	1.894199597865391e-02	3.000000000000000e-06	3.000000000000000e-06
1.345914e+06	3.491151549600219e-02	1.903369116107158e-02	3.000000000000000e-06	3.000000000000000e-06
1.370972e+06	3.508247033142777e-02	1.912591003399741e-02	3.000000000000000e-06	3.000000000000000e-06
1.396482e+06	3.525426847812439e-02	1.921865173873410e-02	3.000000000000000e-06	3.000000000000000e-06
1.422453e+06	3.542691366900624e-02	1.931191556213973e-02	3.000000000000000e-06	3.000000000000000e-06
1.448892e+06	3.560040968121998e-02	1.940570093089380e-02	3.000000000000000e-06	3.000000000000000e-06
1.475808e+06	3.577476033466173e-02	1.950000740600641e-02	3.000000000000000e-06	3.000000000000000e-06
1.503209e+06	3.594996949059770e-02	1.959483467756097e-02	3.000000000000000e-06	3.000000000000000e-06
1.531105e+06	3.612604105038175e-02	1.969018255968089e-02	3.000000000000000e-06	3.000000000000000e-06
1.559505e+06	3.630297895426368e-02	1.978605098571147e-02	3.000000000000000e-06	3.000000000000000e-06
1.588417e+06	3.648078718028231e-02	1.988244000360807e-02	3.000000000000000e-06	3.000000000000000e-06
1.617850e+06	3.665946974323789e-02	1.997934977152232e-02	3.000000000000000e-06	3.000000000000000e-06
1.647816e+06	3.683903069373876e-02	2.007678055357830e-02	3.000000000000000e-06	3.000000000000000e-06
1.678322e+06	3.701947411731733e-02	2.017473271583080e-02	3.000000000000000e-06	3.000000000000000e-06
1.709378e+06	3.720080413361106e-02	2.027320672239839e-02	3.000000000000000e-06	3.000000000000000e-06
1.740996e+06	3.738302489560418e-02	2.037220313176396e-02	3.000000000000000e-06	3.000000000000000e-06
1.773185e+06	3.756614058892614e-02	2.047172259323581e-02	3.000000000000000e-06	3.000000000000000e-06
1.805954e+06	3.775015543120326e-02	2.057176584356282e-02	3.000000000000000e-06	3.000000000000000e-06
1.839316e+06	3.793507367146010e-02	2.067233370369708e-02	3.000000000000000e-06	3.000000000000000e-06
1.873280e+06	3.812089958956728e-02	2.077342707569804e-02	3.000000000000000e-06	3.000000000000000e-06
1.907858e+06	3.830763749573288e-02	2.087504693977216e-02	3.000000000000000e-06	3.000000000000000e-06
1.943061e+06	3.849529173003449e-02	2.097719435144245e-02	3.000000000000000e-06	3.000000000000000e-06
1.978899e+06	3.868386666198931e-02	2.107987043884246e-02	3.000000000000000e-06	3.000000000000000e-06
2.015386e+06	3.887336669016005e-02	2.118307640012953e-02	3.000000000000000e-06	3.000000000000000e-06
2.052531e+06	3.906379624179394e-02	2.128681350101216e-02	3.000000000000000e-06	3.000000000000000e-06
2.090348e+06	3.925515977249316e-02	2.139108307238695e-02	3.000000000000000e-06	3.000000000000000e-06
2.128848e+06	3.944746176591431e-02	2.149588650808014e-02	3.000000000000000e-06	3.000000000000000e-06
2.168045e+06	3.964070673349530e-02	2.160122526268969e-02	3.000000000000000e-06	3.000000000000000e-06
2.207950e+06	3.983489921420779e-02	2.170710084952342e-02	3.000000000000000e-06	3.000000000000000e-06
2.248576e+06	4.003004377433358e-02	2.181351483862920e-02	3.000000000000000e-06	3.000000000000000e-06
2.289937e+06	4.022614500726346e-02	2.192046885491326e-02	3.000000000000000e-06	3.000000000000000e-06
2.332046e+06	4.042320753331692e-02	2.202796457634304e-02	3.000000000000000e-06	3.000000000000000e-06
2.374917e+06	4.062123599958171e-02	2.213600373223068e-02	3.000000000000000e-06	3.000000000000000e-06
2.418563e+06	4.082023507977164e-02	2.224458810159408e-02	3.000000000000000e-06	3.000000000000000e-06
2.462998e+06	4.102020947410166e-02	2.235371951159186e-02	3.000000000000000e-06	3.000000000000000e-06
2.508238e+06	4.122116390917917e-02	2.246339983602944e-02	3.000000000000000e-06	3.000000000000000e-06
2.554295e+06	4.142310313791037e-02	2.257363099393285e-02	3.000000000000000e-06	3.000000000000000e-06
2.601187e+06	4.162603193942081e-02	2.268441494818767e-02	3.000000000000000e-06	3.000000000000000e-06
2.648926e+06	4.182995511898927e-02	2.279575370424009e-02	3.000000000000000e-06	3.000000000000000e-06
2.697530e+06	4.203487750799405e-02	2.290764930885764e-02	3.000000000000000e-06	3.000000000000000e-06
2.747013e+06	4.224080396387094e-02	2.302010384894685e-02	3.000000000000000e-06	3.000000000000000e-06
2.797392e+06	4.244773937008223e-02	2.313311945042549e-02	3.000000000000000e-06	3.000000000000000e-06
2.848683e+06	4.265568863609585e-02	2.324669827714710e-02	3.000000000000000e-06	3.000000000000000e-06
2.900903e+06	4.286465669737430e-02	2.336084252987542e-02	3.000000000000000e-06	3.000000000000000e-06
2.954068e+06	4.307464851537252e-02	2.347555444530681e-02	3.000000000000000e-06	3.000000000000000e-06
3.008196e+06	4.328566907754436e-02	2.359083629513829e-02	3.000000000000000e-06	3.000000000000000e-06
3.063304e+06	4.349772339735691e-02	2.370669038517953e-02	3.000000000000000e-06	3.000000000000000e-06
3.119410e+06	4.371081651431245e-02	2.382311905450681e-02	3.000000000000000e-06	3.000000000000000e-06
3.176532e+06	4.392495349397736e-02	2.394012467465700e-02	3.000000000000000e-06	3.000000000000000e-06
3.234689e+06	4.414013942801771e-02	2.405770964886009e-02	3.000000000000000e-06	3.000000000000000e-06
3.293900e+06	4.435637943424103e-02	2.417587641130843e-02	3.000000000000000e-06	3.000000000000000e-06
3.354184e+06	4.457367865664402e-02	2.429462742646117e-02	3.000000000000000e-06	3.000000000000000e-06
3.415559e+06	4.479204226546569e-02	2.441396518838238e-02	3.000000000000000e-06	3.000000000000000e-06
3.478048e+06	4.501147545724579e-02	2.453389222011143e-02	3.000000000000000e-06	3.000000000000000e-06
3.541668e+06	4.523198345488808e-02	2.465441107306416e-02	3.000000000000000e-06	3.000000000000000e-06
3.606442e+06	4.545357150772825e-02	2.477552432646363e-02	3.000000000000000e-06	3.000000000000000e-06
3.672390e+06	4.567624489160619e-02	2.489723458679910e-02	3.000000000000000e-06	3.000000000000000e-06
3.739534e+06	4.590000890894241e-02	2.501954448731204e-02	3.000000000000000e-06	3.000000000000000e-06
3.807895e+06	4.612486888881828e-02	2.514245668750805e-02	3.000000000000000e-06	3.000000000000000e-06
3.877495e+06	4.635083018706002e-02	2.526597387269350e-02	3.000000000000000e-06	3.000000000000000e-06
3.948358e+06	4.657789818632616e-02	2.539009875353592e-02	3.000000000000000e-06	3.000000000000000e-06
4.020505e+06	4.680607829619823e-02	2.551483406564707e-02	3.000000000000000e-06	3.000000000000000e-06
4.093962e+06	4.703537595327467e-02	2.564018256918770e-02	3.000000000000000e-06	3.000000000000000e-06
4.168751e+06	4.726579662126764e-02	2.576614704849311e-02	3.000000000000000e-06	3.000000000000000e-06
4.244896e+06	4.749734579110260e-02	2.589273031171862e-02	3.000000000000000e-06	3.000000000000000e-06
4.322423e+06	4.773002898102071e-02	2.601993519050404e-02	3.000000000000000e-06	3.000000000000000e-06
4.401357e+06	4.796385173668358e-02	2.614776453965643e-02	3.000000000000000e-06	3.000000000000000e-06
4.481724e+06	4.819881963128060e-02	2.627622123685023e-02	3.000000000000000e-06	3.000000000000000e-06
4.563548e+06	4.843493826563847e-02	2.640530818234418e-02	3.000000000000000e-06	3.000000000000000e-06
4.646858e+06	4.867221326833298e-02	2.653502829871412e-02	3.000000000000000e-06	3.000000000000000e-06
4.731680e+06	4.891065029580288e-02	2.666538453060122e-02	3.000000000000000e-06	3.000000000000000e-06
4.818042e+06	4.915025503246574e-02	2.679637984447476e-02	3.000000000000000e-06	3.000000000000000e-06
4.905972e+06	4.939103319083575e-02	2.692801722840902e-02	3.000000000000000e-06	3.000000000000000e-06
4.995499e+06	4.963299051164338e-02	2.706029969187354e-02	3.000000000000000e-06	3.000000000000000e-06
5.086651e+06	4.987613276395673e-02	2.719323026553629e-02	3.000000000000000e-06	3.000000000000000e-06
5.179458e+06	5.012046574530468e-02	2.732681200107913e-02	3.000000000000000e-06	3.000000000000000e-06
5.273952e+06	5.036599528180163e-02	2.746104797102510e-02	3.000000000000000e-06	3.000000000000000e-06
5.370161e+06	5.061272722827378e-02	2.759594126857694e-02	3.000000000000000e-06	3.000000000000000e-06
5.468119e+06	5.086066746838695e-02	2.773149500746654e-02	3.000000000000000e-06	3.000000000000000e-06
5.567856e+06	5.110982191477594e-02	2.786771232181463e-02	3.000000000000000e-06	3.000000000000000e-06
5.669405e+06	5.136019650917514e-02	2.800459636600050e-02	3.000000000000000e-06	3.000000000000000e-06
5.772800e+06	5.161179722255071e-02	2.814215031454115e-02	3.000000000000000e-06	3.000000000000000e-06
5.878073e+06	5.186463005523394e-02	2.828037736197961e-02	3.000000000000000e-06	3.000000000000000e-06
5.985260e+06	5.211870103705597e-02	2.841928072278198e-02	3.000000000000000e-06	3.000000000000000e-06
6.094395e+06	5.237401622748374e-02	2.855886363124280e-02	3.000000000000000e-06	3.000000000000000e-06
6.205514e+06	5.263058171575719e-02	2.869912934139849e-02	3.000000000000000e-06	3.000000000000000e-06
6.318654e+06	5.288840362102766e-02	2.884008112694842e-02	3.000000000000000e-06	3.000000000000000e-06
6.433850e+06	5.314748809249737e-02	2.898172228118337e-02	3.000000000000000e-06	3.000000000000000e-06
6.551141e+06	5.340784130956017e-02	2.912405611692110e-02	3.000000000000000e-06	3.000000000000000e-06
6.670565e+06	5.366946948194325e-02	2.926708596644858e-02	3.000000000000000e-06	3.000000000000000e-06
6.792161e+06	5.393237884985013e-02	2.941081518147081e-02	3.000000000000000e-06	3.000000000000000e-06
6.915969e+06	5.419657568410450e-02	2.955524713306582e-02	3.000000000000000e-06	3.000000000000000e-06
7.042029e+06	5.446206628629526e-02	2.970038521164564e-02	3.000000000000000e-06	3.000000000000000e-06
7.170383e+06	5.472885698892260e-02	2.984623282692304e-02	3.000000000000000e-06	3.000000000000000e-06
7.301071e+06	5.499695415554499e-02	2.999279340788367e-02	3.000000000000000e-06	3.000000000000000e-06
7.434138e+06	5.526636418092723e-02	3.014007040276362e-02	3.000000000000000e-06	3.000000000000000e-06
7.569626e+06	5.553709349118952e-02	3.028806727903186e-02	3.000000000000000e-06	3.000000000000000e-06
7.707580e+06	5.580914854395746e-02	3.043678752337773e-02	3.000000000000000e-06	3.000000000000000e-06
7.848045e+06	5.608253582851300e-02	3.058623464170293e-02	3.000000000000000e-06	3.000000000000000e-06
7.991068e+06	5.635726186594640e-02	3.073641215911809e-02	3.000000000000000e-06	3.000000000000000e-06
8.136693e+06	5.663333320930908e-02	3.088732361994360e-02	3.000000000000000e-06	3.000000000000000e-06
8.284970e+06	5.691075644376744e-02	3.103897258771461e-02	3.000000000000000e-06	3.000000000000000e-06
8.435947e+06	5.718953818675755e-02	3.119136264518991e-02	3.000000000000000e-06	3.000000000000000e-06
8.589674e+06	5.746968508814088e-02	3.134449739436478e-02	3.000000000000000e-06	3.000000000000000e-06
8.746200e+06	5.775120383036078e-02	3.149838045648733e-02	3.000000000000000e-06	3.000000000000000e-06
8.905577e+06	5.803410112860000e-02	3.165301547207855e-02	3.000000000000000e-06	3.000000000000000e-06
9.067857e+06	5.831838373093908e-02	3.180840610095557e-02	3.000000000000000e-06	3.000000000000000e-06
9.233093e+06	5.860405841851558e-02	3.196455602225834e-02	3.000000000000000e-06	3.000000000000000e-06
9.401340e+06	5.889113200568426e-02	3.212146893447938e-02	3.000000000000000e-06	3.000000000000000e-06
9.572652e+06	5.917961134017819e-02	3.227914855549653e-02	3.000000000000000e-06	3.000000000000000e-06
9.747086e+06	5.946950330327064e-02	3.243759862260869e-02	3.000000000000000e-06	3.000000000000000e-06
9.924699e+06	5.976081480993792e-02	3.259682289257428e-02	3.000000000000000e-06	3.000000000000000e-06
1.000000e+07	5.988287587732966e-02	3.266353818819660e-02	3.000000000000000e-06	3.000000000000000e-06
1.018415e+07	6.017930649359238e-02	3.282555798398488e-02	3.000000000000000e-06	3.000000000000000e-06
1.036969e+07	6.047403784953166e-02	3.298664728059927e-02	3.000000000000000e-06	3.000000000000000e-06
1.055865e+07	6.077026935510985e-02	3.314855476594576e-02	3.000000000000000e-06	3.000000000000000e-06
1.075105e+07	6.106795040891451e-02	3.331125276432429e-02	3.000000000000000e-06	3.000000000000000e-06
1.094696e+07	6.136708915362355e-02	3.347474570835306e-02	3.000000000000000e-06	3.000000000000000e-06
1.114645e+07	6.166769270597400e-02	3.363903747067522e-02	3.000000000000000e-06	3.000000000000000e-06
1.134957e+07	6.196976823680889e-02	3.380413195423312e-02	3.000000000000000e-06	3.000000000000000e-06
1.155640e+07	6.227332295173544e-02	3.397003308166233e-02	3.000000000000000e-06	3.000000000000000e-06
1.176700e+07	6.257836409164871e-02	3.413674479554484e-02	3.000000000000000e-06	3.000000000000000e-06
1.198144e+07	6.288489893289737e-02	3.430427105846809e-02	3.000000000000000e-06	3.000000000000000e-06
1.219980e+07	6.319293478745663e-02	3.447261585308922e-02	3.000000000000000e-06	3.000000000000000e-06
1.242213e+07	6.350247900310216e-02	3.464178318220132e-02	3.000000000000000e-06	3.000000000000000e-06
1.264853e+07	6.381353896358463e-02	3.481177706880120e-02	3.000000000000000e-06	3.000000000000000e-06
1.287906e+07	6.412612208880544e-02	3.498260155615907e-02	3.000000000000000e-06	3.000000000000000e-06
1.311379e+07	6.444023583499313e-02	3.515426070788969e-02	3.000000000000000e-06	3.000000000000000e-06
1.335281e+07	6.475588769488072e-02	3.532675860802529e-02	3.000000000000000e-06	3.000000000000000e-06
1.359619e+07	6.507308519788405e-02	3.550009936108991e-02	3.000000000000000e-06	3.000000000000000e-06
1.384402e+07	6.539183591028086e-02	3.567428709217529e-02	3.000000000000000e-06	3.000000000000000e-06
1.409637e+07	6.571214743539092e-02	3.584932594701827e-02	3.000000000000000e-06	3.000000000000000e-06
1.435333e+07	6.603402741375697e-02	3.602522009207956e-02	3.000000000000000e-06	3.000000000000000e-06
1.461498e+07	6.635748352332661e-02	3.620197371462389e-02	3.000000000000000e-06	3.000000000000000e-06
1.488141e+07	6.668252347963509e-02	3.637959102280158e-02	3.000000000000000e-06	3.000000000000000e-06
1.515270e+07	6.700915503598895e-02	3.655807624573128e-02	3.000000000000000e-06	3.000000000000000e-06
1.542896e+07	6.733738598365074e-02	3.673743363358417e-02	3.000000000000000e-06	3.000000000000000e-06
1.571025e+07	6.766722415202450e-02	3.691766745766926e-02	3.000000000000000e-06	3.000000000000000e-06
1.599669e+07	6.799867740884219e-02	3.709878201051994e-02	3.000000000000000e-06	3.000000000000000e-06
1.628836e+07	6.833175366035114e-02	3.728078160598177e-02	3.000000000000000e-06	3.000000000000000e-06
1.658536e+07	6.866646085150235e-02	3.746367057930135e-02	3.000000000000000e-06	3.000000000000000e-06
1.688779e+07	6.900280696613970e-02	3.764745328721635e-02	3.000000000000000e-06	3.000000000000000e-06
1.719575e+07	6.934080002719015e-02	3.783213410804669e-02	3.000000000000000e-06	3.000000000000000e-06
1.750933e+07	6.968044809685495e-02	3.801771744178672e-02	3.000000000000000e-06	3.000000000000000e-06
1.782865e+07	7.002175927680163e-02	3.820420771019851e-02	3.000000000000000e-06	3.000000000000000e-06
1.815381e+07	7.036474170835701e-02	3.839160935690614e-02	3.000000000000000e-06	3.000000000000000e-06
1.848491e+07	7.070940357270127e-02	3.857992684749108e-02	3.000000000000000e-06	3.000000000000000e-06
1.882206e+07	7.105575309106282e-02	3.876916466958848e-02	3.000000000000000e-06	3.000000000000000e-06
1.916538e+07	7.140379852491420e-02	3.895932733298443e-02	3.000000000000000e-06	3.000000000000000e-06
1.951498e+07	7.175354817616898e-02	3.915041936971431e-02	3.000000000000000e-06	3.000000000000000e-06
1.987098e+07	7.210501038737956e-02	3.934244533416191e-02	3.000000000000000e-06	3.000000000000000e-06
2.023348e+07	7.245819354193597e-02	3.953540980315962e-02	3.000000000000000e-06	3.000000000000000e-06
2.060262e+07	7.281310606426572e-02	3.972931737608942e-02	3.000000000000000e-06	3.000000000000000e-06
2.097851e+07	7.316975642003448e-02	3.992417267498487e-02	3.000000000000000e-06	3.000000000000000e-06
2.136128e+07	7.352815311634792e-02	4.011998034463386e-02	3.000000000000000e-06	3.000000000000000e-06
2.175105e+07	7.388830470195440e-02	4.031674505268237e-02	3.000000000000000e-06	3.000000000000000e-06
2.214796e+07	7.425021976744878e-02	4.051447148973902e-02	3.000000000000000e-06	3.000000000000000e-06
2.255213e+07	7.461390694547707e-02	4.071316436948039e-02	3.000000000000000e-06	3.000000000000000e-06
2.296370e+07	7.497937491094230e-02	4.091282842875735e-02	3.000000000000000e-06	3.000000000000000e-06
2.338280e+07	7.534663238121120e-02	4.111346842770208e-02	3.000000000000000e-06	3.000000000000000e-06
2.380957e+07	7.571568811632200e-02	4.131508914983593e-02	3.000000000000000e-06	3.000000000000000e-06
2.424416e+07	7.608655091919327e-02	4.151769540217815e-02	3.000000000000000e-06	3.000000000000000e-06
2.468671e+07	7.645922963583367e-02	4.172129201535535e-02	3.000000000000000e-06	3.000000000000000e-06
2.513736e+07	7.683373315555288e-02	4.192588384371175e-02	3.000000000000000e-06	3.000000000000000e-06
2.559626e+07	7.721007041117342e-02	4.213147576542031e-02	3.000000000000000e-06	3.000000000000000e-06
2.606357e+07	7.758825037924366e-02	4.233807268259451e-02	3.000000000000000e-06	3.000000000000000e-06
2.653944e+07	7.796828208025168e-02	4.254567952140097e-02	3.000000000000000e-06	3.000000000000000e-06
2.702402e+07	7.835017457884040e-02	4.275430123217284e-02	3.000000000000000e-06	3.000000000000000e-06
2.751749e+07	7.873393698402360e-02	4.296394278952390e-02	3.000000000000000e-06	3.000000000000000e-06
2.801999e+07	7.911957844940305e-02	4.317460919246346e-02	3.000000000000000e-06	3.000000000000000e-06
2.853171e+07	7.950710817338673e-02	4.338630546451201e-02	3.000000000000000e-06	3.000000000000000e-06
2.905280e+07	7.989653539940809e-02	4.359903665381753e-02	3.000000000000000e-06	3.000000000000000e-06
2.958344e+07	8.028786941614642e-02	4.381280783327267e-02	3.000000000000000e-06	3.000000000000000e-06
3.012380e+07	8.068111955774822e-02	4.402762410063255e-02	3.000000000000000e-06	3.000000000000000e-06
3.067408e+07	8.107629520404971e-02	4.424349057863337e-02	3.000000000000000e-06	3.000000000000000e-06
3.123444e+07	8.147340578080052e-02	4.446041241511171e-02	3.000000000000000e-06	3.000000000000000e-06
3.180507e+07	8.187246075988824e-02	4.467839478312452e-02	3.000000000000000e-06	3.000000000000000e-06
3.238617e+07	8.227346965956436e-02	4.489744288106992e-02	3.000000000000000e-06	3.000000000000000e-06
3.297792e+07	8.267644204467106e-02	4.511756193280867e-02	3.000000000000000e-06	3.000000000000000e-06
3.358052e+07	8.308138752686924e-02	4.533875718778631e-02	3.000000000000000e-06	3.000000000000000e-06
3.419418e+07	8.348831576486769e-02	4.556103392115614e-02	3.000000000000000e-06	3.000000000000000e-06
3.481909e+07	8.389723646465334e-02	4.578439743390276e-02	3.000000000000000e-06	3.000000000000000e-06
3.545546e+07	8.430815937972259e-02	4.600885305296646e-02	3.000000000000000e-06	3.000000000000000e-06
3.610351e+07	8.472109431131383e-02	4.623440613136823e-02	3.000000000000000e-06	3.000000000000000e-06
3.676345e+07	8.513605110864114e-02	4.646106204833551e-02	3.000000000000000e-06	3.000000000000000e-06
3.743550e+07	8.555303966912901e-02	4.668882620942869e-02	3.000000000000000e-06	3.000000000000000e-06
3.811987e+07	8.597206993864835e-02	4.691770404666818e-02	3.000000000000000e-06	3.000000000000000e-06
3.881681e+07	8.639315191175355e-02	4.714770101866242e-02	3.000000000000000e-06	3.000000000000000e-06
3.952654e+07	8.681629563192073e-02	4.737882261073633e-02	3.000000000000000e-06	3.000000000000000e-06
4.024930e+07	8.724151119178720e-02	4.761107433506069e-02	3.000000000000000e-06	3.000000000000000e-06
4.098532e+07	8.766880873339204e-02	4.784446173078209e-02	3.000000000000000e-06	3.000000000000000e-06
4.173486e+07	8.809819844841786e-02	4.807899036415362e-02	3.000000000000000e-06	3.000000000000000e-06
4.249816e+07	8.852969057843377e-02	4.831466582866634e-02	3.000000000000000e-06	3.000000000000000e-06
4.327547e+07	8.896329541513956e-02	4.855149374518131e-02	3.000000000000000e-06	3.000000000000000e-06
4.406706e+07	8.939902330061099e-02	4.878947976206251e-02	3.000000000000000e-06	3.000000000000000e-06
4.487318e+07	8.983688462754637e-02	4.902862955531028e-02	3.000000000000000e-06	3.000000000000000e-06
4.569411e+07	9.027688983951428e-02	4.926894882869561e-02	3.000000000000000e-06	3.000000000000000e-06
4.653012e+07	9.071904943120258e-02	4.951044331389510e-02	3.000000000000000e-06	3.000000000000000e-06
4.738148e+07	9.116337394866857e-02	4.975311877062660e-02	3.000000000000000e-06	3.000000000000000e-06
4.824849e+07	9.160987398959035e-02	4.999698098678559e-02	3.000000000000000e-06	3.000000000000000e-06
4.913142e+07	9.205856020351955e-02	5.024203577858231e-02	3.000000000000000e-06	3.000000000000000e-06
5.003058e+07	9.250944329213513e-02	5.048828899067949e-02	3.000000000000000e-06	3.000000000000000e-06
5.094626e+07	9.296253400949854e-02	5.073574649633093e-02	3.000000000000000e-06	3.000000000000000e-06
5.187876e+07	9.341784316231007e-02	5.098441419752074e-02	3.000000000000000e-06	3.000000000000000e-06
5.282841e+07	9.387538161016644e-02	5.123429802510329e-02	3.000000000000000e-06	3.000000000000000e-06
5.379551e+07	9.433516026581974e-02	5.148540393894385e-02	3.000000000000000e-06	3.000000000000000e-06
5.478039e+07	9.479719009543755e-02	5.173773792806009e-02	3.000000000000000e-06	3.000000000000000e-06
5.578337e+07	9.526148211886434e-02	5.199130601076413e-02	3.000000000000000e-06	3.000000000000000e-06
5.680479e+07	9.572804740988422e-02	5.224611423480544e-02	3.000000000000000e-06	3.000000000000000e-06
5.784499e+07	9.619689709648488e-02	5.250216867751440e-02	3.000000000000000e-06	3.000000000000000e-06
5.890432e+07	9.666804236112288e-02	5.275947544594665e-02	3.000000000000000e-06	3.000000000000000e-06
5.998314e+07	9.714149444099029e-02	5.301804067702815e-02	3.000000000000000e-06	3.000000000000000e-06
6.108179e+07	9.761726462828245e-02	5.327787053770093e-02	3.000000000000000e-06	3.000000000000000e-06
6.220065e+07	9.809536427046728e-02	5.353897122506966e-02	3.000000000000000e-06	3.000000000000000e-06
6.334009e+07	9.857580477055573e-02	5.380134896654889e-02	3.000000000000000e-06	3.000000000000000e-06
6.450049e+07	9.905859758737362e-02	5.406501002001111e-02	3.000000000000000e-06	3.000000000000000e-06
6.568224e+07	9.954375423583484e-02	5.432996067393545e-02	3.000000000000000e-06	3.000000000000000e-06
6.688573e+07	1.000312862872158e-01	5.459620724755725e-02	3.000000000000000e-06	3.000000000000000e-06
6.811137e+07	1.005212053694312e-01	5.486375609101828e-02	3.000000000000000e-06	3.000000000000000e-06
6.935956e+07	1.010135231673117e-01	5.513261358551778e-02	3.000000000000000e-06	3.000000000000000e-06
7.063072e+07	1.015082514228815e-01	5.540278614346423e-02	3.000000000000000e-06	3.000000000000000e-06
7.192528e+07	1.020054019356395e-01	5.567428020862785e-02	3.000000000000000e-06	3.000000000000000e-06
7.324367e+07	1.025049865628394e-01	5.594710225629396e-02	3.000000000000000e-06	3.000000000000000e-06
7.458633e+07	1.030070172197732e-01	5.622125879341698e-02	3.000000000000000e-06	3.000000000000000e-06
7.595370e+07	1.035115058800550e-01	5.649675635877530e-02	3.000000000000000e-06	3.000000000000000e-06
7.734625e+07	1.040184645759061e-01	5.677360152312685e-02	3.000000000000000e-06	3.000000000000000e-06
7.876444e+07	1.045279053984424e-01	5.705180088936554e-02	3.000000000000000e-06	3.000000000000000e-06
8.020875e+07	1.050398404979621e-01	5.733136109267833e-02	3.000000000000000e-06	3.000000000000000e-06
8.167965e+07	1.055542820842359e-01	5.761228880070323e-02	3.000000000000000e-06	3.000000000000000e-06
8.317765e+07	1.060712424267975e-01	5.789459071368800e-02	3.000000000000000e-06	3.000000000000000e-06
8.470323e+07	1.065907338552364e-01	5.817827356464968e-02	3.000000000000000e-06	3.000000000000000e-06
8.625692e+07	1.071127687594919e-01	5.846334411953483e-02	3.000000000000000e-06	3.000000000000000e-06
8.783923e+07	1.076373595901483e-01	5.874980917738073e-02	3.000000000000000e-06	3.000000000000000e-06
8.945069e+07	1.081645188587316e-01	5.903767557047716e-02	3.000000000000000e-06	3.000000000000000e-06
9.109184e+07	1.086942591380080e-01	5.932695016452917e-02	3.000000000000000e-06	3.000000000000000e-06
9.276323e+07	1.092265930622836e-01	5.961763985882057e-02	3.000000000000000e-06	3.000000000000000e-06
9.446543e+07	1.097615333277052e-01	5.990975158637821e-02	3.000000000000000e-06	3.000000000000000e-06
9.619899e+07	1.102990926925637e-01	6.020329231413713e-02	3.000000000000000e-06	3.000000000000000e-06
9.796450e+07	1.108392839775973e-01	6.049826904310646e-02	3.000000000000000e-06	3.000000000000000e-06
9.976256e+07	1.113821200662980e-01	6.079468880853624e-02	3.000000000000000e-06	3.000000000000000e-06
1.000000e+08	1.114530016032724e-01	6.083339409185284e-02	3.000000000000000e-06	3.000000000000000e-06
1.018650e+08	1.120075628697572e-01	6.113621512233131e-02	3.000000000000000e-06	3.000000000000000e-06
1.037344e+08	1.125559596110035e-01	6.143566879670431e-02	3.000000000000000e-06	3.000000000000000e-06
1.056388e+08	1.131072035234469e-01	6.173667601154290e-02	3.000000000000000e-06	3.000000000000000e-06
1.075783e+08	1.136611433797209e-01	6.203915418852488e-02	3.000000000000000e-06	3.000000000000000e-06
1.095536e+08	1.142177953942448e-01	6.234311218162744e-02	3.000000000000000e-06	3.000000000000000e-06
1.115653e+08	1.147771727881145e-01	6.264855721029011e-02	3.000000000000000e-06	3.000000000000000e-06
1.136141e+08	1.153392889032811e-01	6.295549655991896e-02	3.000000000000000e-06	3.000000000000000e-06
1.157008e+08	1.159041571459741e-01	6.326393755099272e-02	3.000000000000000e-06	3.000000000000000e-06
1.178259e+08	1.164717909880607e-01	6.357388753980492e-02	3.000000000000000e-06	3.000000000000000e-06
1.199902e+08	1.170422039673476e-01	6.388535391862878e-02	3.000000000000000e-06	3.000000000000000e-06
1.221944e+08	1.176154096879048e-01	6.419834411589354e-02	3.000000000000000e-06	3.000000000000000e-06
1.244393e+08	1.181914218203889e-01	6.451286559636150e-02	3.000000000000000e-06	3.000000000000000e-06
1.267256e+08	1.187702541023699e-01	6.482892586130584e-02	3.000000000000000e-06	3.000000000000000e-06
1.290541e+08	1.193519203386582e-01	6.514653244868941e-02	3.000000000000000e-06	3.000000000000000e-06
1.314256e+08	1.199364344016337e-01	6.546569293334434e-02	3.000000000000000e-06	3.000000000000000e-06
1.338409e+08	1.205238102315768e-01	6.578641492715254e-02	3.000000000000000e-06	3.000000000000000e-06
1.363007e+08	1.211140618370001e-01	6.610870607922713e-02	3.000000000000000e-06	3.000000000000000e-06
1.388059e+08	1.217072032949831e-01	6.643257407609472e-02	3.000000000000000e-06	3.000000000000000e-06
1.413574e+08	1.223032487515072e-01	6.675802664187855e-02	3.000000000000000e-06	3.000000000000000e-06
1.439560e+08	1.229022124217931e-01	6.708507153848263e-02	3.000000000000000e-06	3.000000000000000e-06
1.466026e+08	1.235041085906397e-01	6.741371656577666e-02	3.000000000000000e-06	3.000000000000000e-06
1.492980e+08	1.241089516127647e-01	6.774396956178197e-02	3.000000000000000e-06	3.000000000000000e-06
1.520432e+08	1.247167559131465e-01	6.807583840285832e-02	3.000000000000000e-06	3.000000000000000e-06
1.548391e+08	1.253275359873684e-01	6.840933100389157e-02	3.000000000000000e-06	3.000000000000000e-06
1.576867e+08	1.259413064019639e-01	6.874445531848239e-02	3.000000000000000e-06	3.000000000000000e-06
1.605868e+08	1.265580817947641e-01	6.908121933913576e-02	3.000000000000000e-06	3.000000000000000e-06
1.635405e+08	1.271778768752465e-01	6.941963109745149e-02	3.000000000000000e-06	3.000000000000000e-06
1.665488e+08	1.278007064248858e-01	6.975969866431565e-02	3.000000000000000e-06	3.000000000000000e-06
1.696127e+08	1.284265852975061e-01	7.010143015009293e-02	3.000000000000000e-06	3.000000000000000e-06
1.727331e+08	1.290555284196351e-01	7.044483370481994e-02	3.000000000000000e-06	3.000000000000000e-06
1.759112e+08	1.296875507908598e-01	7.078991751839947e-02	3.000000000000000e-06	3.000000000000000e-06
1.791481e+08	1.303226674841843e-01	7.113668982079568e-02	3.000000000000000e-06	3.000000000000000e-06
1.824447e+08	1.309608936463889e-01	7.148515888223032e-02	3.000000000000000e-06	3.000000000000000e-06
1.858023e+08	1.316022444983911e-01	7.183533301337976e-02	3.000000000000000e-06	3.000000000000000e-06
1.892220e+08	1.322467353356086e-01	7.218722056557315e-02	3.000000000000000e-06	3.000000000000000e-06
1.927049e+08	1.328943815283239e-01	7.254082993099147e-02	3.000000000000000e-06	3.000000000000000e-06
1.962521e+08	1.335451985220507e-01	7.289616954286750e-02	3.000000000000000e-06	3.000000000000000e-06
1.998649e+08	1.341992018379018e-01	7.325324787568693e-02	3.000000000000000e-06	3.000000000000000e-06
2.035445e+08	1.348564070729598e-01	7.361207344539031e-02	3.000000000000000e-06	3.000000000000000e-06
2.072922e+08	1.355168299006480e-01	7.397265480957600e-02	3.000000000000000e-06	3.000000000000000e-06
2.111092e+08	1.361804860711046e-01	7.433500056770423e-02	3.000000000000000e-06	3.000000000000000e-06
2.149967e+08	1.368473914115579e-01	7.469911936130201e-02	3.000000000000000e-06	3.000000000000000e-06
2.189562e+08	1.375175618267041e-01	7.506501987416911e-02	3.000000000000000e-06	3.000000000000000e-06
2.229888e+08	1.381910132990855e-01	7.543271083258514e-02	3.000000000000000e-06	3.000000000000000e-06
2.270961e+08	1.388677618894722e-01	7.580220100551745e-02	3.000000000000000e-06	3.000000000000000e-06
2.312793e+08	1.395478237372449e-01	7.617349920483020e-02	3.000000000000000e-06	3.000000000000000e-06
2.355400e+08	1.402312150607794e-01	7.654661428549440e-02	3.000000000000000e-06	3.000000000000000e-06
2.398794e+08	1.409179521578332e-01	7.692155514579901e-02	3.000000000000000e-06	3.000000000000000e-06
2.442992e+08	1.416080514059342e-01	7.729833072756298e-02	3.000000000000000e-06	3.000000000000000e-06
2.488007e+08	1.423015292627709e-01	7.767695001634844e-02	3.000000000000000e-06	3.000000000000000e-06
2.533855e+08	1.429984022665849e-01	7.805742204167493e-02	3.000000000000000e-06	3.000000000000000e-06
2.580552e+08	1.436986870365652e-01	7.843975587723451e-02	3.000000000000000e-06	3.000000000000000e-06
2.628113e+08	1.444024002732437e-01	7.882396064110819e-02	3.000000000000000e-06	3.000000000000000e-06
2.676555e+08	1.451095587588944e-01	7.921004549598321e-02	3.000000000000000e-06	3.000000000000000e-06
2.725893e+08	1.458201793579325e-01	7.959801964937141e-02	3.000000000000000e-06	3.000000000000000e-06
2.776144e+08	1.465342790173169e-01	7.998789235382880e-02	3.000000000000000e-06	3.000000000000000e-06
2.827326e+08	1.472518747669539e-01	8.037967290717608e-02	3.000000000000000e-06	3.000000000000000e-06
2.879455e+08	1.479729837201034e-01	8.077337065272025e-02	3.000000000000000e-06	3.000000000000000e-06
2.932550e+08	1.486976230737867e-01	8.116899497947731e-02	3.000000000000000e-06	3.000000000000000e-06
2.986628e+08	1.494258101091964e-01	8.156655532239615e-02	3.000000000000000e-06	3.000000000000000e-06
3.041707e+08	1.501575621921085e-01	8.196606116258338e-02	3.000000000000000e-06	3.000000000000000e-06
3.097806e+08	1.508928967732961e-01	8.236752202752939e-02	3.000000000000000e-06	3.000000000000000e-06
3.154945e+08	1.516318313889458e-01	8.277094749133537e-02	3.000000000000000e-06	3.000000000000000e-06
3.213141e+08	1.523743836610753e-01	8.317634717494164e-02	3.000000000000000e-06	3.000000000000000e-06
3.272416e+08	1.531205712979534e-01	8.358373074635692e-02	3.000000000000000e-06	3.000000000000000e-06
3.332789e+08	1.538704120945226e-01	8.399310792088879e-02	3.000000000000000e-06	3.000000000000000e-06
3.394280e+08	1.546239239328231e-01	8.440448846137530e-02	3.000000000000000e-06	3.000000000000000e-06
3.456911e+08	1.553811247824187e-01	8.481788217841769e-02	3.000000000000000e-06	3.000000000000000e-06
3.520702e+08	1.561420327008257e-01	8.523329893061425e-02	3.000000000000000e-06	3.000000000000000e-06
3.585675e+08	1.569066658339428e-01	8.565074862479527e-02	3.000000000000000e-06	3.000000000000000e-06
3.651852e+08	1.576750424164841e-01	8.607024121625927e-02	3.000000000000000e-06	3.000000000000000e-06
3.719256e+08	1.584471807724136e-01	8.649178670901027e-02	3.000000000000000e-06	3.000000000000000e-06
3.787909e+08	1.592230993153819e-01	8.691539515599625e-02	3.000000000000000e-06	3.000000000000000e-06
3.857835e+08	1.600028165491652e-01	8.734107665934880e-02	3.000000000000000e-06	3.000000000000000e-06
3.929057e+08	1.607863510681066e-01	8.776884137062396e-02	3.000000000000000e-06	3.000000000000000e-06
4.001599e+08	1.615737215575587e-01	8.819869949104410e-02	3.000000000000000e-06	3.000000000000000e-06
4.075486e+08	1.623649467943299e-01	8.863066127174124e-02	3.000000000000000e-06	3.000000000000000e-06
4.150743e+08	1.631600456471313e-01	8.906473701400128e-02	3.000000000000000e-06	3.000000000000000e-06
4.227395e+08	1.639590370770266e-01	8.950093706950961e-02	3.000000000000000e-06	3.000000000000000e-06
4.305469e+08	1.647619401378844e-01	8.993927184059790e-02	3.000000000000000e-06	3.000000000000000e-06
4.384991e+08	1.655687739768321e-01	9.037975178049198e-02	3.000000000000000e-06	3.000000000000000e-06
4.465987e+08	1.663795578347123e-01	9.082238739356109e-02	3.000000000000000e-06	3.000000000000000e-06
4.548486e+08	1.671943110465415e-01	9.126718923556827e-02	3.000000000000000e-06	3.000000000000000e-06
4.632515e+08	1.680130530419713e-01	9.171416791392191e-02	3.000000000000000e-06	3.000000000000000e-06
4.718103e+08	1.688358033457508e-01	9.216333408792869e-02	3.000000000000000e-06	3.000000000000000e-06
4.805279e+08	1.696625815781930e-01	9.261469846904760e-02	3.000000000000000e-06	3.000000000000000e-06
4.894072e+08	1.704934074556415e-01	9.306827182114535e-02	3.000000000000000e-06	3.000000000000000e-06
4.984512e+08	1.713283007909414e-01	9.352406496075286e-02	3.000000000000000e-06	3.000000000000000e-06
5.076631e+08	1.721672814939106e-01	9.398208875732315e-02	3.000000000000000e-06	3.000000000000000e-06
5.170459e+08	1.730103695718155e-01	9.444235413349047e-02	3.000000000000000e-06	3.000000000000000e-06
5.266028e+08	1.738575851298468e-01	9.490487206533056e-02	3.000000000000000e-06	3.000000000000000e-06
5.363371e+08	1.747089483715996e-01	9.536965358262239e-02	3.000000000000000e-06	3.000000000000000e-06
5.462520e+08	1.755644795995547e-01	9.583670976911103e-02	3.000000000000000e-06	3.000000000000000e-06
5.563510e+08	1.764241992155622e-01	9.630605176277186e-02	3.000000000000000e-06	3.000000000000000e-06
5.666375e+08	1.772881277213286e-01	9.677769075607610e-02	3.000000000000000e-06	3.000000000000000e-06
5.771149e+08	1.781562857189046e-01	9.725163799625756e-02	3.000000000000000e-06	3.000000000000000e-06
5.877868e+08	1.790286939111770e-01	9.772790478558079e-02	3.000000000000000e-06	3.000000000000000e-06
5.986569e+08	1.799053731023615e-01	9.820650248161042e-02	3.000000000000000e-06	3.000000000000000e-06
6.097288e+08	1.807863441984991e-01	9.868744249748196e-02	3.000000000000000e-06	3.000000000000000e-06
6.210063e+08	1.816716282079542e-01	9.917073630217385e-02	3.000000000000000e-06	3.000000000000000e-06
6.324932e+08	1.825612462419155e-01	9.965639542078084e-02	3.000000000000000e-06	3.000000000000000e-06
6.441934e+08	1.834552195148991e-01	1.001444314347887e-01	3.000000000000000e-06	3.000000000000000e-06
6.561110e+08	1.843535693452543e-01	1.006348559823502e-01	3.000000000000000e-06	3.000000000000000e-06
6.682499e+08	1.852563171556717e-01	1.011276807585627e-01	3.000000000000000e-06	3.000000000000000e-06
6.806143e+08	1.861634844736938e-01	1.016229175157470e-01	3.000000000000000e-06	3.000000000000000e-06
6.932083e+08	1.870750929322282e-01	1.021205780637271e-01	3.000000000000000e-06	3.000000000000000e-06
7.060364e+08	1.879911642700632e-01	1.026206742701120e-01	3.000000000000000e-06	3.000000000000000e-06
7.191028e+08	1.889117203323864e-01	1.031232180605786e-01	3.000000000000000e-06	3.000000000000000e-06
7.324119e+08	1.898367830713046e-01	1.036282214191559e-01	3.000000000000000e-06	3.000000000000000e-06
7.459683e+08	1.907663745463677e-01	1.041356963885105e-01	3.000000000000000e-06	3.000000000000000e-06
7.597767e+08	1.917005169250945e-01	1.046456550702340e-01	3.000000000000000e-06	3.000000000000000e-06
7.738417e+08	1.926392324835007e-01	1.051581096251312e-01	3.000000000000000e-06	3.000000000000000e-06
7.881680e+08	1.935825436066304e-01	1.056730722735102e-01	3.000000000000000e-06	3.000000000000000e-06
8.027607e+08	1.945304727890892e-01	1.061905552954733e-01	3.000000000000000e-06	3.000000000000000e-06
8.176246e+08	1.954830426355808e-01	1.067105710312103e-01	3.000000000000000e-06	3.000000000000000e-06
8.327647e+08	1.964402758614454e-01	1.072331318812920e-01	3.000000000000000e-06	3.000000000000000e-06
8.481864e+08	1.974021952932017e-01	1.077582503069665e-01	3.000000000000000e-06	3.000000000000000e-06
8.638947e+08	1.983688238690904e-01	1.082859388304554e-01	3.000000000000000e-06	3.000000000000000e-06
8.798951e+08	1.993401846396216e-01	1.088162100352530e-01	3.000000000000000e-06	3.000000000000000e-06
8.961930e+08	2.003163007681237e-01	1.093490765664261e-01	3.000000000000000e-06	3.000000000000000e-06
9.127939e+08	2.012971955312956e-01	1.098845511309152e-01	3.000000000000000e-06	3.000000000000000e-06
9.297035e+08	2.022828923197621e-01	1.104226464978373e-01	3.000000000000000e-06	3.000000000000000e-06
9.469277e+08	2.032734146386307e-01	1.109633754987908e-01	3.000000000000000e-06	3.000000000000000e-06
9.644721e+08	2.042687861080524e-01	1.115067510281609e-01	3.000000000000000e-06	3.000000000000000e-06
9.823429e+08	2.052690304637843e-01	1.120527860434272e-01	3.000000000000000e-06	3.000000000000000e-06
1.000000e+09	2.062440914974539e-01	1.125850728319683e-01	3.000000000000000e-06	3.000000000000000e-06
