#t[yr]	ecc	inc	eachmass	totalmass
0.000000e+00	1.000000000000000e-01	5.000000000000000e-02	3.000000000000000e-06	3.000000000000000e-06
1.000000e-03	9.999999712959329e-02	4.999999903178833e-02	3.000000000000000e-06	3.000000000000000e-06
1.000000e-02	9.999997129593162e-02	4.999999031788312e-02	3.000000000000000e-06	3.000000000000000e-06
1.000000e-01	9.999971295917631e-02	4.999990317881228e-02	3.000000000000000e-06	3.000000000000000e-06
1.000000e+00	9.999712957775600e-02	4.999903178622560e-02	3.000000000000000e-06	3.000000000000000e-06
1.000000e+01	9.997129437637044e-02	4.999031767247809e-02	3.000000000000000e-06	3.000000000000000e-06
1.000000e+02	9.971280318081123e-02	4.990315769125329e-02	3.000000000000000e-06	3.000000000000000e-06
2.268658e+02	9.935051714310474e-02	4.978094974290679e-02	3.000000000000000e-06	3.000000000000000e-06
3.554727e+02	9.898648571353597e-02	4.965805263595143e-02	3.000000000000000e-06	3.000000000000000e-06
4.865512e+02	9.861875436038500e-02	4.953380324589941e-02	3.000000000000000e-06	3.000000000000000e-06
6.201518e+02	9.824733588203749e-02	4.940820098865199e-02	3.000000000000000e-06	3.000000000000000e-06
7.563403e+02	9.787220652920776e-02	4.928123275754080e-02	3.000000000000000e-06	3.000000000000000e-06
8.951842e+02	9.749334412581556e-02	4.915288576731822e-02	3.000000000000000e-06	3.000000000000000e-06
1.000000e+03	9.721020485020904e-02	4.905686223222710e-02	3.000000000000000e-06	3.000000000000000e-06
1.144367e+03	9.682282746570817e-02	4.892541828347897e-02	3.000000000000000e-06	3.000000000000000e-06
1.290855e+03	9.643364578908212e-02	4.879323336774972e-02	3.000000000000000e-06	3.000000000000000e-06
1.440288e+03	9.604061760313681e-02	4.865960947336630e-02	3.000000000000000e-06	3.000000000000000e-06
1.592729e+03	9.564376610404605e-02	4.852454807827022e-02	3.000000000000000e-06	3.000000000000000e-06
1.748260e+03	9.524307491658876e-02	4.838803697696881e-02	3.000000000000000e-06	3.000000000000000e-06
1.906967e+03	9.483852997620625e-02	4.825006447298327e-02	3.000000000000000e-06	3.000000000000000e-06
2.068936e+03	9.443011881223716e-02	4.811061912473670e-02	3.000000000000000e-06	3.000000000000000e-06
2.234258e+03	9.401783068965328e-02	4.796968978251730e-02	3.000000000000000e-06	3.000000000000000e-06
2.403028e+03	9.360165674127764e-02	4.782726562186614e-02	3.000000000000000e-06	3.000000000000000e-06
2.575341e+03	9.318159010836455e-02	4.768333617946851e-02	3.000000000000000e-06	3.000000000000000e-06
2.751299e+03	9.275762608961023e-02	4.753789139157898e-02	3.000000000000000e-06	3.000000000000000e-06
2.931006e+03	9.232976229903876e-02	4.739092163514039e-02	3.000000000000000e-06	3.000000000000000e-06
3.114569e+03	9.189799883321419e-02	4.724241777176311e-02	3.000000000000000e-06	3.000000000000000e-06
3.302100e+03	9.146233844824238e-02	4.709237119473842e-02	3.000000000000000e-06	3.000000000000000e-06
3.493715e+03	9.102278674703762e-02	4.694077387926873e-02	3.000000000000000e-06	3.000000000000000e-06
3.689533e+03	9.057935237733830e-02	4.678761843610482e-02	3.000000000000000e-06	3.000000000000000e-06
3.889679e+03	9.013204724096326e-02	4.663289816878885e-02	3.000000000000000e-06	3.000000000000000e-06
4.092828e+03	8.968409777326276e-02	4.647771859086014e-02	3.000000000000000e-06	3.000000000000000e-06
4.297716e+03	8.923844089131762e-02	4.632309136947112e-02	3.000000000000000e-06	3.000000000000000e-06
4.504388e+03	8.879504085788617e-02	4.616900227525249e-02	3.000000000000000e-06	3.000000000000000e-06
4.712879e+03	8.835388725401935e-02	4.601544577936448e-02	3.000000000000000e-06	3.000000000000000e-06
4.923226e+03	8.791496951752344e-02	4.586241625124881e-02	3.000000000000000e-06	3.000000000000000e-06
5.135467e+03	8.747827716207189e-02	4.570990803210379e-02	3.000000000000000e-06	3.000000000000000e-06
5.349641e+03	8.704379977589909e-02	4.555791543195752e-02	3.000000000000000e-06	3.000000000000000e-06
5.565788e+03	8.661152702245889e-02	4.540643272731298e-02	3.000000000000000e-06	3.000000000000000e-06
5.783950e+03	8.618144864112125e-02	4.525545415868966e-02	3.000000000000000e-06	3.000000000000000e-06
6.004171e+03	8.575355444792788e-02	4.510497392806171e-02	3.000000000000000e-06	3.000000000000000e-06
6.226493e+03	8.532783433641059e-02	4.495498619618565e-02	3.000000000000000e-06	3.000000000000000e-06
6.450965e+03	8.490427827847702e-02	4.480548507981045e-02	3.000000000000000e-06	3.000000000000000e-06
6.677633e+03	8.448287632536861e-02	4.465646464876222e-02	3.000000000000000e-06	3.000000000000000e-06
6.906547e+03	8.406361860869589e-02	4.450791892289528e-02	3.000000000000000e-06	3.000000000000000e-06
7.137758e+03	8.364649534155713e-02	4.435984186890049e-02	3.000000000000000e-06	3.000000000000000e-06
7.371320e+03	8.323149681974625e-02	4.421222739696127e-02	3.000000000000000e-06	3.000000000000000e-06
7.607287e+03	8.281861342305710e-02	4.406506935724687e-02	3.000000000000000e-06	3.000000000000000e-06
7.845716e+03	8.240783561669152e-02	4.391836153623156e-02	3.000000000000000e-06	3.000000000000000e-06
8.086668e+03	8.199915395277903e-02	4.377209765282766e-02	3.000000000000000e-06	3.000000000000000e-06
8.330202e+03	8.159255907201744e-02	4.362627135431909e-02	3.000000000000000e-06	3.000000000000000e-06
8.576385e+03	8.118804170544379e-02	4.348087621208142e-02	3.000000000000000e-06	3.000000000000000e-06
8.825280e+03	8.078559267634648e-02	4.333590571707256e-02	3.000000000000000e-06	3.000000000000000e-06
9.076959e+03	8.038520290233027e-02	4.319135327507770e-02	3.000000000000000e-06	3.000000000000000e-06
9.331493e+03	7.998686339754696e-02	4.304721220168993e-02	3.000000000000000e-06	3.000000000000000e-06
9.588956e+03	7.959056527510605e-02	4.290347571700678e-02	3.000000000000000e-06	3.000000000000000e-06
9.849427e+03	7.919629974968087e-02	4.276013694002108e-02	3.000000000000000e-06	3.000000000000000e-06
1.000000e+04	7.897244939622686e-02	4.267852887525109e-02	3.000000000000000e-06	3.000000000000000e-06
1.026673e+04	7.857933208204425e-02	4.253506249144597e-02	3.000000000000000e-06	3.000000000000000e-06
1.053532e+04	7.819028586787528e-02	4.239272517705394e-02	3.000000000000000e-06	3.000000000000000e-06
1.080724e+04	7.780321677119262e-02	4.225075094854235e-02	3.000000000000000e-06	3.000000000000000e-06
1.108256e+04	7.741814176477789e-02	4.210914159033971e-02	3.000000000000000e-06	3.000000000000000e-06
1.136140e+04	7.703505237764609e-02	4.196788942469815e-02	3.000000000000000e-06	3.000000000000000e-06
1.164384e+04	7.665394057833565e-02	4.182698674133632e-02	3.000000000000000e-06	3.000000000000000e-06
1.193000e+04	7.627479846125466e-02	4.168642567213519e-02	3.000000000000000e-06	3.000000000000000e-06
1.222000e+04	7.589761825588487e-02	4.154619818312410e-02	3.000000000000000e-06	3.000000000000000e-06
1.251395e+04	7.552239233241745e-02	4.140629606433682e-02	3.000000000000000e-06	3.000000000000000e-06
1.281197e+04	7.514911320795194e-02	4.126671091897629e-02	3.000000000000000e-06	3.000000000000000e-06
1.311420e+04	7.477777355325987e-02	4.112743415180438e-02	3.000000000000000e-06	3.000000000000000e-06
1.342078e+04	7.440836620017421e-02	4.098845695668554e-02	3.000000000000000e-06	3.000000000000000e-06
1.373184e+04	7.404088414967257e-02	4.084977030320452e-02	3.000000000000000e-06	3.000000000000000e-06
1.404754e+04	7.367532058073098e-02	4.071136492226977e-02	3.000000000000000e-06	3.000000000000000e-06
1.436804e+04	7.331166886003510e-02	4.057323129060351e-02	3.000000000000000e-06	3.000000000000000e-06
1.469350e+04	7.294992255264753e-02	4.043535961400806e-02	3.000000000000000e-06	3.000000000000000e-06
1.502411e+04	7.259007543374309e-02	4.029773980928433e-02	3.000000000000000e-06	3.000000000000000e-06
1.536006e+04	7.223212150153994e-02	4.016036148466370e-02	3.000000000000000e-06	3.000000000000000e-06
1.570153e+04	7.187605499157240e-02	4.002321391859643e-02	3.000000000000000e-06	3.000000000000000e-06
1.604875e+04	7.152187039247229e-02	3.988628603672040e-02	3.000000000000000e-06	3.000000000000000e-06
1.640193e+04	7.116956246345110e-02	3.974956638681040e-02	3.000000000000000e-06	3.000000000000000e-06
1.676131e+04	7.081912625370346e-02	3.961304311148178e-02	3.000000000000000e-06	3.000000000000000e-06
1.712714e+04	7.047055712398750e-02	3.947670391839151e-02	3.000000000000000e-06	3.000000000000000e-06
1.749969e+04	7.012385077067754e-02	3.934053604764366e-02	3.000000000000000e-06	3.000000000000000e-06
1.787924e+04	6.977900325263256e-02	3.920452623606468e-02	3.000000000000000e-06	3.000000000000000e-06
1.826609e+04	6.943601102128134e-02	3.906866067796496e-02	3.000000000000000e-06	3.000000000000000e-06
1.866057e+04	6.909487095439260e-02	3.893292498194581e-02	3.000000000000000e-06	3.000000000000000e-06
1.906302e+04	6.875558039408049e-02	3.879730412324346e-02	3.000000000000000e-06	3.000000000000000e-06
1.947382e+04	6.841813718969414e-02	3.866178239102188e-02	3.000000000000000e-06	3.000000000000000e-06
1.989336e+04	6.808253974635842e-02	3.852634332993134e-02	3.000000000000000e-06	3.000000000000000e-06
2.032206e+04	6.774878708007791e-02	3.839096967513681e-02	3.000000000000000e-06	3.000000000000000e-06
2.076040e+04	6.741687888049214e-02	3.825564327988476e-02	3.000000000000000e-06	3.000000000000000e-06
2.120886e+04	6.708681558258638e-02	3.812034503451461e-02	3.000000000000000e-06	3.000000000000000e-06
2.166798e+04	6.675859844892962e-02	3.798505477562399e-02	3.000000000000000e-06	3.000000000000000e-06
2.213835e+04	6.643222966434195e-02	3.784975118385860e-02	3.000000000000000e-06	3.000000000000000e-06
2.262060e+04	6.610771244530739e-02	3.771441166850525e-02	3.000000000000000e-06	3.000000000000000e-06
2.311542e+04	6.578505116696688e-02	3.757901223670878e-02	3.000000000000000e-06	3.000000000000000e-06
2.362356e+04	6.546425151118336e-02	3.744352734469047e-02	3.000000000000000e-06	3.000000000000000e-06
2.414584e+04	6.514532064000579e-02	3.730792972779519e-02	3.000000000000000e-06	3.000000000000000e-06
2.468317e+04	6.482826739993296e-02	3.717219020550502e-02	3.000000000000000e-06	3.000000000000000e-06
2.523655e+04	6.451310256376416e-02	3.703627745668801e-02	3.000000000000000e-06	3.000000000000000e-06
2.580707e+04	6.419983911863460e-02	3.690015775924602e-02	3.000000000000000e-06	3.000000000000000e-06
2.639597e+04	6.388849261121574e-02	3.676379468691036e-02	3.000000000000000e-06	3.000000000000000e-06
2.700460e+04	6.357908156422856e-02	3.662714875410528e-02	3.000000000000000e-06	3.000000000000000e-06
2.763448e+04	6.327162798267358e-02	3.649017699741283e-02	3.000000000000000e-06	3.000000000000000e-06
2.828734e+04	6.296615797396332e-02	3.635283247902850e-02	3.000000000000000e-06	3.000000000000000e-06
2.896511e+04	6.266270251409689e-02	3.621506369340706e-02	3.000000000000000e-06	3.000000000000000e-06
2.966997e+04	6.236129840309992e-02	3.607681385265026e-02	3.000000000000000e-06	3.000000000000000e-06
3.040446e+04	6.206198946862690e-02	3.593802001847568e-02	3.000000000000000e-06	3.000000000000000e-06
3.117146e+04	6.176482809913200e-02	3.579861203792706e-02	3.000000000000000e-06	3.000000000000000e-06
3.197431e+04	6.146987722090452e-02	3.565851122497212e-02	3.000000000000000e-06	3.000000000000000e-06
3.281694e+04	6.117721288223752e-02	3.551762870866809e-02	3.000000000000000e-06	3.000000000000000e-06
3.370397e+04	6.088692768245418e-02	3.537586333731160e-02	3.000000000000000e-06	3.000000000000000e-06
3.464089e+04	6.059913539937853e-02	3.523309898151296e-02	3.000000000000000e-06	3.000000000000000e-06
3.563433e+04	6.031397735386688e-02	3.508920100843949e-02	3.000000000000000e-06	3.000000000000000e-06
3.669241e+04	6.003163135427241e-02	3.494401158913282e-02	3.000000000000000e-06	3.000000000000000e-06
3.780645e+04	5.975695327971464e-02	3.479977337631360e-02	3.000000000000000e-06	3.000000000000000e-06
3.895013e+04	5.949793814085314e-02	3.466057351335580e-02	3.000000000000000e-06	3.000000000000000e-06
4.012474e+04	5.925460325487718e-02	3.452648435235980e-02	3.000000000000000e-06	3.000000000000000e-06
4.133083e+04	5.902712883826534e-02	3.439767368110901e-02	3.000000000000000e-06	3.000000000000000e-06
4.256892e+04	5.881564776530233e-02	3.427429602705376e-02	3.000000000000000e-06	3.000000000000000e-06
4.383954e+04	5.862025047120785e-02	3.415649470125011e-02	3.000000000000000e-06	3.000000000000000e-06
4.514323e+04	5.844098481329139e-02	3.404440106497972e-02	3.000000000000000e-06	3.000000000000000e-06
4.648047e+04	5.827785647198502e-02	3.393813397019330e-02	3.000000000000000e-06	3.000000000000000e-06
4.785179e+04	5.813082974108511e-02	3.383779930491684e-02	3.000000000000000e-06	3.000000000000000e-06
4.925766e+04	5.799982869211156e-02	3.374348965011915e-02	3.000000000000000e-06	3.000000000000000e-06
5.069858e+04	5.788473868710708e-02	3.365528405051561e-02	3.000000000000000e-06	3.000000000000000e-06
5.217502e+04	5.778540820811642e-02	3.357324789975324e-02	3.000000000000000e-06	3.000000000000000e-06
5.368745e+04	5.770165096647616e-02	3.349743293839152e-02	3.000000000000000e-06	3.000000000000000e-06
5.523633e+04	5.763324825112650e-02	3.342787736117456e-02	3.000000000000000e-06	3.000000000000000e-06
5.682214e+04	5.757995147249498e-02	3.336460602833616e-02	3.000000000000000e-06	3.000000000000000e-06
5.844533e+04	5.754148485711436e-02	3.330763077413335e-02	3.000000000000000e-06	3.000000000000000e-06
6.010636e+04	5.751754824798076e-02	3.325695080450157e-02	3.000000000000000e-06	3.000000000000000e-06
6.180568e+04	5.750781996664917e-02	3.321255317468613e-02	3.000000000000000e-06	3.000000000000000e-06
6.354375e+04	5.751195969507392e-02	3.317441333694296e-02	3.000000000000000e-06	3.000000000000000e-06
6.532104e+04	5.752961133807907e-02	3.314249574791471e-02	3.000000000000000e-06	3.000000000000000e-06
6.713800e+04	5.756040583091276e-02	3.311675452506788e-02	3.000000000000000e-06	3.000000000000000e-06
6.899510e+04	5.760396386042219e-02	3.309713414160344e-02	3.000000000000000e-06	3.000000000000000e-06
7.089282e+04	5.765989847279892e-02	3.308357014949680e-02	3.000000000000000e-06	3.000000000000000e-06
7.283164e+04	5.772781754542117e-02	3.307598992077707e-02	3.000000000000000e-06	3.000000000000000e-06
7.481205e+04	5.780732610490290e-02	3.307431339773698e-02	3.000000000000000e-06	3.000000000000000e-06
7.683454e+04	5.789802847791757e-02	3.307845384350436e-02	3.000000000000000e-06	3.000000000000000e-06
7.889962e+04	5.799953026558489e-02	3.308831858521705e-02	3.000000000000000e-06	3.000000000000000e-06
8.100781e+04	5.811144013610745e-02	3.310380974292053e-02	3.000000000000000e-06	3.000000000000000e-06
8.315964e+04	5.823337143385646e-02	3.312482493821407e-02	3.000000000000000e-06	3.000000000000000e-06
8.535566e+04	5.836494360619502e-02	3.315125797758181e-02	3.000000000000000e-06	3.000000000000000e-06
8.759643e+04	5.850578345197233e-02	3.318299950623701e-02	3.000000000000000e-06	3.000000000000000e-06
8.988251e+04	5.865552619782301e-02	3.321993762916318e-02	3.000000000000000e-06	3.000000000000000e-06
9.221450e+04	5.881381641017423e-02	3.326195849684015e-02	3.000000000000000e-06	3.000000000000000e-06
9.459301e+04	5.898030875222493e-02	3.330894685388512e-02	3.000000000000000e-06	3.000000000000000e-06
9.701864e+04	5.915466859614677e-02	3.336078654951226e-02	3.000000000000000e-06	3.000000000000000e-06
9.949205e+04	5.933657250140632e-02	3.341736100931463e-02	3.000000000000000e-06	3.000000000000000e-06
1.000000e+05	5.937471712515578e-02	3.342969556676680e-02	3.000000000000000e-06	3.000000000000000e-06
1.025709e+05	5.956819951452108e-02	3.349275684901536e-02	3.000000000000000e-06	3.000000000000000e-06
1.051519e+05	5.976565532401613e-02	3.355938506561165e-02	3.000000000000000e-06	3.000000000000000e-06
1.077835e+05	5.996975293638220e-02	3.363039417168971e-02	3.000000000000000e-06	3.000000000000000e-06
1.104658e+05	6.018015988984795e-02	3.370565089320086e-02	3.000000000000000e-06	3.000000000000000e-06
1.131994e+05	6.039661565353948e-02	3.378504300836645e-02	3.000000000000000e-06	3.000000000000000e-06
1.159853e+05	6.061887035717623e-02	3.386845956894267e-02	3.000000000000000e-06	3.000000000000000e-06
1.188240e+05	6.084668583572381e-02	3.395579152497282e-02	3.000000000000000e-06	3.000000000000000e-06
1.217165e+05	6.107983539451971e-02	3.404693190340863e-02	3.000000000000000e-06	3.000000000000000e-06
1.246635e+05	6.131810355772598e-02	3.414177596800237e-02	3.000000000000000e-06	3.000000000000000e-06
1.276658e+05	6.156128578274543e-02	3.424022135381699e-02	3.000000000000000e-06	3.000000000000000e-06
1.307244e+05	6.180918814761147e-02	3.434216817845048e-02	3.000000000000000e-06	3.000000000000000e-06
1.338401e+05	6.206162701721114e-02	3.444751913186110e-02	3.000000000000000e-06	3.000000000000000e-06
1.370138e+05	6.231842869357380e-02	3.455617954663130e-02	3.000000000000000e-06	3.000000000000000e-06
1.402464e+05	6.257942905485520e-02	3.466805745044099e-02	3.000000000000000e-06	3.000000000000000e-06
1.435389e+05	6.284447318708189e-02	3.478306360244317e-02	3.000000000000000e-06	3.000000000000000e-06
1.468922e+05	6.311341501219624e-02	3.490111151514919e-02	3.000000000000000e-06	3.000000000000000e-06
1.503073e+05	6.338611691545903e-02	3.502211746333982e-02	3.000000000000000e-06	3.000000000000000e-06
1.537853e+05	6.366244937482543e-02	3.514600048142458e-02	3.000000000000000e-06	3.000000000000000e-06
1.573271e+05	6.394229059450904e-02	3.527268235057622e-02	3.000000000000000e-06	3.000000000000000e-06
1.609339e+05	6.422552614458810e-02	3.540208757687233e-02	3.000000000000000e-06	3.000000000000000e-06
1.646066e+05	6.451204860818416e-02	3.553414336158303e-02	3.000000000000000e-06	3.000000000000000e-06
1.683465e+05	6.480175723745592e-02	3.566877956465225e-02	3.000000000000000e-06	3.000000000000000e-06
1.721546e+05	6.509455761939636e-02	3.580592866233287e-02	3.000000000000000e-06	3.000000000000000e-06
1.760320e+05	6.539036135219745e-02	3.594552569985206e-02	3.000000000000000e-06	3.000000000000000e-06
1.799801e+05	6.568908573275088e-02	3.608750823990345e-02	3.000000000000000e-06	3.000000000000000e-06
1.839998e+05	6.599065345568410e-02	3.623181630768775e-02	3.000000000000000e-06	3.000000000000000e-06
1.880926e+05	6.629499232418354e-02	3.637839233315292e-02	3.000000000000000e-06	3.000000000000000e-06
1.922596e+05	6.660203497273261e-02	3.652718109101899e-02	3.000000000000000e-06	3.000000000000000e-06
1.965022e+05	6.691171860178440e-02	3.667812963911146e-02	3.000000000000000e-06	3.000000000000000e-06
2.008215e+05	6.722398472430025e-02	3.683118725547052e-02	3.000000000000000e-06	3.000000000000000e-06
2.052190e+05	6.753877892401004e-02	3.698630537465111e-02	3.000000000000000e-06	3.000000000000000e-06
2.096960e+05	6.785605062518843e-02	3.714343752358049e-02	3.000000000000000e-06	3.000000000000000e-06
2.142538e+05	6.817575287369143e-02	3.730253925729635e-02	3.000000000000000e-06	3.000000000000000e-06
2.188940e+05	6.849784212895763e-02	3.746356809484822e-02	3.000000000000000e-06	3.000000000000000e-06
2.236179e+05	6.882227806664712e-02	3.762648345560805e-02	3.000000000000000e-06	3.000000000000000e-06
2.284270e+05	6.914902339156791e-02	3.779124659620327e-02	3.000000000000000e-06	3.000000000000000e-06
2.333228e+05	6.947804366052208e-02	3.795782054825506e-02	3.000000000000000e-06	3.000000000000000e-06
2.383068e+05	6.980930711469326e-02	3.812617005707788e-02	3.000000000000000e-06	3.000000000000000e-06
2.433806e+05	7.014278452118954e-02	3.829626152147179e-02	3.000000000000000e-06	3.000000000000000e-06
2.485457e+05	7.047844902335415e-02	3.846806293471718e-02	3.000000000000000e-06	3.000000000000000e-06
2.538038e+05	7.081627599945618e-02	3.864154382686238e-02	3.000000000000000e-06	3.000000000000000e-06
2.591565e+05	7.115624292937782e-02	3.881667520837659e-02	3.000000000000000e-06	3.000000000000000e-06
2.646054e+05	7.149832926892007e-02	3.899342951522574e-02	3.000000000000000e-06	3.000000000000000e-06
2.701524e+05	7.184251633135667e-02	3.917178055541469e-02	3.000000000000000e-06	3.000000000000000e-06
2.757991e+05	7.218878717587546e-02	3.935170345702724e-02	3.000000000000000e-06	3.000000000000000e-06
2.815473e+05	7.253712650255605e-02	3.953317461778486e-02	3.000000000000000e-06	3.000000000000000e-06
2.873988e+05	7.288752055354490e-02	3.971617165613553e-02	3.000000000000000e-06	3.000000000000000e-06
2.933554e+05	7.323995702009999e-02	3.990067336387596e-02	3.000000000000000e-06	3.000000000000000e-06
2.994190e+05	7.359442495518995e-02	4.008665966030352e-02	3.000000000000000e-06	3.000000000000000e-06
3.055916e+05	7.395091469134514e-02	4.027411154788778e-02	3.000000000000000e-06	3.000000000000000e-06
3.118750e+05	7.430941776347076e-02	4.046301106944676e-02	3.000000000000000e-06	3.000000000000000e-06
3.182713e+05	7.466992683634496e-02	4.065334126680803e-02	3.000000000000000e-06	3.000000000000000e-06
3.247824e+05	7.503243563653735e-02	4.084508614093126e-02	3.000000000000000e-06	3.000000000000000e-06
3.314104e+05	7.539693888849602e-02	4.103823061346568e-02	3.000000000000000e-06	3.000000000000000e-06
3.381575e+05	7.576343225456324e-02	4.123276048971322e-02	3.000000000000000e-06	3.000000000000000e-06
3.450256e+05	7.613191227869193e-02	4.142866242296574e-02	3.000000000000000e-06	3.000000000000000e-06
3.520171e+05	7.650237633364677e-02	4.162592388018363e-02	3.000000000000000e-06	3.000000000000000e-06
3.591340e+05	7.687482257148463e-02	4.182453310898091e-02	3.000000000000000e-06	3.000000000000000e-06
3.663788e+05	7.724924987712051e-02	4.202447910588187e-02	3.000000000000000e-06	3.000000000000000e-06
3.737535e+05	7.762565782479468e-02	4.222575158581274e-02	3.000000000000000e-06	3.000000000000000e-06
3.812607e+05	7.800404663726787e-02	4.242834095279215e-02	3.000000000000000e-06	3.000000000000000e-06
3.889026e+05	7.838441714757968e-02	4.263223827178328e-02	3.000000000000000e-06	3.000000000000000e-06
3.966817e+05	7.876677076321573e-02	4.283743524167126e-02	3.000000000000000e-06	3.000000000000000e-06
4.046004e+05	7.915110943253688e-02	4.304392416932877e-02	3.000000000000000e-06	3.000000000000000e-06
4.126613e+05	7.953743561333300e-02	4.325169794473376e-02	3.000000000000000e-06	3.000000000000000e-06
4.208668e+05	7.992575224337090e-02	4.346075001710312e-02	3.000000000000000e-06	3.000000000000000e-06
4.292197e+05	8.031606271281425e-02	4.367107437200687e-02	3.000000000000000e-06	3.000000000000000e-06
4.377225e+05	8.070837083840016e-02	4.388266550942815e-02	3.000000000000000e-06	3.000000000000000e-06
4.463779e+05	8.110268083926379e-02	4.409551842273450e-02	3.000000000000000e-06	3.000000000000000e-06
4.551887e+05	8.149899731430918e-02	4.430962857852729e-02	3.000000000000000e-06	3.000000000000000e-06
4.641578e+05	8.189732522102985e-02	4.452499189733633e-02	3.000000000000000e-06	3.000000000000000e-06
4.732878e+05	8.229766985568958e-02	4.474160473512803e-02	3.000000000000000e-06	3.000000000000000e-06
4.825818e+05	8.270003683477789e-02	4.495946386559578e-02	3.000000000000000e-06	3.000000000000000e-06
4.920426e+05	8.310443207766109e-02	4.517856646320265e-02	3.000000000000000e-06	3.000000000000000e-06
5.016733e+05	8.351086179035364e-02	4.539891008694694e-02	3.000000000000000e-06	3.000000000000000e-06
5.114770e+05	8.391933245033982e-02	4.562049266482226e-02	3.000000000000000e-06	3.000000000000000e-06
5.214567e+05	8.432985079237963e-02	4.584331247894454e-02	3.000000000000000e-06	3.000000000000000e-06
5.316157e+05	8.474242379523705e-02	4.606736815131943e-02	3.000000000000000e-06	3.000000000000000e-06
5.419571e+05	8.515705866927238e-02	4.629265863022424e-02	3.000000000000000e-06	3.000000000000000e-06
5.524842e+05	8.557376284484433e-02	4.651918317717964e-02	3.000000000000000e-06	3.000000000000000e-06
5.632005e+05	8.599254396147074e-02	4.674694135448700e-02	3.000000000000000e-06	3.000000000000000e-06
5.741092e+05	8.641340985769976e-02	4.697593301330834e-02	3.000000000000000e-06	3.000000000000000e-06
5.852139e+05	8.683636856164659e-02	4.720615828226647e-02	3.000000000000000e-06	3.000000000000000e-06
5.965181e+05	8.726142828215375e-02	4.743761755654374e-02	3.000000000000000e-06	3.000000000000000e-06
6.080255e+05	8.768859740053518e-02	4.767031148745887e-02	3.000000000000000e-06	3.000000000000000e-06
6.197396e+05	8.811788446286714e-02	4.790424097250180e-02	3.000000000000000e-06	3.000000000000000e-06
6.316641e+05	8.854929817279111e-02	4.813940714580734e-02	3.000000000000000e-06	3.000000000000000e-06
6.438030e+05	8.898284738479641e-02	4.837581136904938e-02	3.000000000000000e-06	3.000000000000000e-06
6.561601e+05	8.941854109795155e-02	4.861345522273765e-02	3.000000000000000e-06	3.000000000000000e-06
6.687392e+05	8.985638845005636e-02	4.885234049790030e-02	3.000000000000000e-06	3.000000000000000e-06
6.815445e+05	9.029639871218739e-02	4.909246918813569e-02	3.000000000000000e-06	3.000000000000000e-06
6.945799e+05	9.073858128361223e-02	4.933384348201793e-02	3.000000000000000e-06	3.000000000000000e-06
7.078497e+05	9.118294568704859e-02	4.957646575584086e-02	3.000000000000000e-06	3.000000000000000e-06
7.213581e+05	9.162950156424675e-02	4.982033856668625e-02	3.000000000000000e-06	3.000000000000000e-06
7.351093e+05	9.207825867187418e-02	5.006546464580210e-02	3.000000000000000e-06	3.000000000000000e-06
7.491078e+05	9.252922687768349e-02	5.031184689227803e-02	3.000000000000000e-06	3.000000000000000e-06
7.633581e+05	9.298241615694537e-02	5.055948836700468e-02	3.000000000000000e-06	3.000000000000000e-06
7.778646e+05	9.343783658912969e-02	5.080839228690521e-02	3.000000000000000e-06	3.000000000000000e-06
7.926321e+05	9.389549835481893e-02	5.105856201942691e-02	3.000000000000000e-06	3.000000000000000e-06
8.076652e+05	9.435541173283903e-02	5.131000107728187e-02	3.000000000000000e-06	3.000000000000000e-06
8.229687e+05	9.481758709759375e-02	5.156271311342592e-02	3.000000000000000e-06	3.000000000000000e-06
8.385475e+05	9.528203491658974e-02	5.181670191626543e-02	3.000000000000000e-06	3.000000000000000e-06
8.544067e+05	9.574876574813988e-02	5.207197140508221e-02	3.000000000000000e-06	3.000000000000000e-06
8.705511e+05	9.621779023923370e-02	5.232852562566707e-02	3.000000000000000e-06	3.000000000000000e-06
8.869861e+05	9.668911912356398e-02	5.258636874615286e-02	3.000000000000000e-06	3.000000000000000e-06
9.037169e+05	9.716276321969987e-02	5.284550505303838e-02	3.000000000000000e-06	3.000000000000000e-06
9.207488e+05	9.763873342939690e-02	5.310593894739506e-02	3.000000000000000e-06	3.000000000000000e-06
9.380873e+05	9.811704073603530e-02	5.336767494124806e-02	3.000000000000000e-06	3.000000000000000e-06
9.557378e+05	9.859769620317842e-02	5.363071765412457e-02	3.000000000000000e-06	3.000000000000000e-06
9.737061e+05	9.908071097324338e-02	5.389507180976184e-02	3.000000000000000e-06	3.000000000000000e-06
9.919980e+05	9.956609626627724e-02	5.416074223296803e-02	3.000000000000000e-06	3.000000000000000e-06
1.000000e+06	9.977599566407119e-02	5.427563695444608e-02	3.000000000000000e-06	3.000000000000000e-06
1.018956e+06	1.002697700556058e-01	5.454592383692577e-02	3.000000000000000e-06	3.000000000000000e-06
1.038059e+06	1.007609007301360e-01	5.481477947802936e-02	3.000000000000000e-06	3.000000000000000e-06
1.057510e+06	1.012545311005414e-01	5.508501798334364e-02	3.000000000000000e-06	3.000000000000000e-06
1.077310e+06	1.017505811272660e-01	5.535659445610670e-02	3.000000000000000e-06	3.000000000000000e-06
1.097468e+06	1.022490640700912e-01	5.562951511679604e-02	3.000000000000000e-06	3.000000000000000e-06
1.117988e+06	1.027499915965483e-01	5.590378535903132e-02	3.000000000000000e-06	3.000000000000000e-06
1.138878e+06	1.032533754751121e-01	5.617941067460430e-02	3.000000000000000e-06	3.000000000000000e-06
1.160145e+06	1.037592275443983e-01	5.645639663483690e-02	3.000000000000000e-06	3.000000000000000e-06
1.181794e+06	1.042675597131958e-01	5.673474888888835e-02	3.000000000000000e-06	3.000000000000000e-06
1.203834e+06	1.047783839600021e-01	5.701447316185749e-02	3.000000000000000e-06	3.000000000000000e-06
1.226271e+06	1.052917123326179e-01	5.729557525298219e-02	3.000000000000000e-06	3.000000000000000e-06
1.249113e+06	1.058075569477895e-01	5.757806103392635e-02	3.000000000000000e-06	3.000000000000000e-06
1.272366e+06	1.063259299908934e-01	5.786193644715078e-02	3.000000000000000e-06	3.000000000000000e-06
1.296038e+06	1.068468437156628e-01	5.814720750436438e-02	3.000000000000000e-06	3.000000000000000e-06
1.320138e+06	1.073703104439522e-01	5.843388028505197e-02	3.000000000000000e-06	3.000000000000000e-06
1.344671e+06	1.078963425655382e-01	5.872196093507550e-02	3.000000000000000e-06	3.000000000000000e-06
1.369647e+06	1.084249525379538e-01	5.901145566534547e-02	3.000000000000000e-06	3.000000000000000e-06
1.395074e+06	1.089561528863547e-01	5.930237075055945e-02	3.000000000000000e-06	3.000000000000000e-06
1.420959e+06	1.094899562034152e-01	5.959471252800474e-02	3.000000000000000e-06	3.000000000000000e-06
1.447310e+06	1.100263751492520e-01	5.988848739642248e-02	3.000000000000000e-06	3.000000000000000e-06
1.474138e+06	1.105654224513742e-01	6.018370181493040e-02	3.000000000000000e-06	3.000000000000000e-06
1.501449e+06	1.111071109046576e-01	6.048036230200182e-02	3.000000000000000e-06	3.000000000000000e-06
1.529253e+06	1.116514533713429e-01	6.077847543449824e-02	3.000000000000000e-06	3.000000000000000e-06
1.557558e+06	1.121984627810548e-01	6.107804784675342e-02	3.000000000000000e-06	3.000000000000000e-06
1.586375e+06	1.127481521308417e-01	6.137908622970648e-02	3.000000000000000e-06	3.000000000000000e-06
1.615711e+06	1.133005344852348e-01	6.168159733008213e-02	3.000000000000000e-06	3.000000000000000e-06
1.645577e+06	1.138556229763250e-01	6.198558794961574e-02	3.000000000000000e-06	3.000000000000000e-06
1.675982e+06	1.144134308038569e-01	6.229106494432154e-02	3.000000000000000e-06	3.000000000000000e-06
1.706936e+06	1.149739712353383e-01	6.259803522380185e-02	3.000000000000000e-06	3.000000000000000e-06
1.738449e+06	1.155372576061657e-01	6.290650575059577e-02	3.000000000000000e-06	3.000000000000000e-06
1.770530e+06	1.161033033197631e-01	6.321648353956542e-02	3.000000000000000e-06	3.000000000000000e-06
1.803191e+06	1.166721218477342e-01	6.352797565731839e-02	3.000000000000000e-06	3.000000000000000e-06
1.836442e+06	1.172437267300277e-01	6.384098922166451e-02	3.000000000000000e-06	3.000000000000000e-06
1.870293e+06	1.178181315751138e-01	6.415553140110561e-02	3.000000000000000e-06	3.000000000000000e-06
1.904756e+06	1.183953500601728e-01	6.447160941435694e-02	3.000000000000000e-06	3.000000000000000e-06
1.939841e+06	1.189753959312930e-01	6.478923052989877e-02	3.000000000000000e-06	3.000000000000000e-06
1.975560e+06	1.195582830036803e-01	6.510840206555686e-02	3.000000000000000e-06	3.000000000000000e-06
2.011924e+06	1.201440251618751e-01	6.542913138811061e-02	3.000000000000000e-06	3.000000000000000e-06
2.048945e+06	1.207326363599807e-01	6.575142591292778e-02	3.000000000000000e-06	3.000000000000000e-06
2.086636e+06	1.213241306218977e-01	6.607529310362434e-02	3.000000000000000e-06	3.000000000000000e-06
2.125007e+06	1.219185220415683e-01	6.640074047174892e-02	3.000000000000000e-06	3.000000000000000e-06
2.164072e+06	1.225158247832272e-01	6.672777557649016e-02	3.000000000000000e-06	3.000000000000000e-06
2.203843e+06	1.231160530816603e-01	6.705640602440656e-02	3.000000000000000e-06	3.000000000000000e-06
2.244333e+06	1.237192212424699e-01	6.738663946917747e-02	3.000000000000000e-06	3.000000000000000e-06
2.285555e+06	1.243253436423467e-01	6.771848361137453e-02	3.000000000000000e-06	3.000000000000000e-06
2.327523e+06	1.249344347293479e-01	6.805194619825267e-02	3.000000000000000e-06	3.000000000000000e-06
2.370249e+06	1.255465090231814e-01	6.838703502355976e-02	3.000000000000000e-06	3.000000000000000e-06
2.413748e+06	1.261615811154956e-01	6.872375792736429e-02	3.000000000000000e-06	3.000000000000000e-06
2.458033e+06	1.267796656701746e-01	6.906212279590004e-02	3.000000000000000e-06	3.000000000000000e-06
2.503120e+06	1.274007774236386e-01	6.940213756142743e-02	3.000000000000000e-06	3.000000000000000e-06
2.549022e+06	1.280249311851493e-01	6.974381020211037e-02	3.000000000000000e-06	3.000000000000000e-06
2.595755e+06	1.286521418371200e-01	7.008714874190852e-02	3.000000000000000e-06	3.000000000000000e-06
2.643333e+06	1.292824243354305e-01	7.043216125048374e-02	3.000000000000000e-06	3.000000000000000e-06
2.691772e+06	1.299157937097461e-01	7.077885584312062e-02	3.000000000000000e-06	3.000000000000000e-06
2.741088e+06	1.305522650638409e-01	7.112724068066023e-02	3.000000000000000e-06	3.000000000000000e-06
2.791296e+06	1.311918535759254e-01	7.147732396944668e-02	3.000000000000000e-06	3.000000000000000e-06
2.842413e+06	1.318345744989778e-01	7.182911396128590e-02	3.000000000000000e-06	3.000000000000000e-06
2.894455e+06	1.324804431610788e-01	7.218261895341609e-02	3.000000000000000e-06	3.000000000000000e-06
2.947439e+06	1.331294749657513e-01	7.253784728848957e-02	3.000000000000000e-06	3.000000000000000e-06
3.001383e+06	1.337816853923016e-01	7.289480735456541e-02	3.000000000000000e-06	3.000000000000000e-06
3.056303e+06	1.344370899961664e-01	7.325350758511233e-02	3.000000000000000e-06	3.000000000000000e-06
3.112218e+06	1.350957044092613e-01	7.361395645902166e-02	3.000000000000000e-06	3.000000000000000e-06
3.169145e+06	1.357575443403334e-01	7.397616250062987e-02	3.000000000000000e-06	3.000000000000000e-06
3.227103e+06	1.364226255753168e-01	7.434013427975021e-02	3.000000000000000e-06	3.000000000000000e-06
3.286112e+06	1.370909639776918e-01	7.470588041171328e-02	3.000000000000000e-06	3.000000000000000e-06
3.346189e+06	1.377625754888460e-01	7.507340955741597e-02	3.000000000000000e-06	3.000000000000000e-06
3.407355e+06	1.384374761284393e-01	7.544273042337865e-02	3.000000000000000e-06	3.000000000000000e-06
3.469629e+06	1.391156819947715e-01	7.581385176181010e-02	3.000000000000000e-06	3.000000000000000e-06
3.533031e+06	1.397972092651525e-01	7.618678237068009e-02	3.000000000000000e-06	3.000000000000000e-06
3.597582e+06	1.404820741962758e-01	7.656153109379908e-02	3.000000000000000e-06	3.000000000000000e-06
3.663304e+06	1.411702931245938e-01	7.693810682090500e-02	3.000000000000000e-06	3.000000000000000e-06
3.730216e+06	1.418618824666972e-01	7.731651848775668e-02	3.000000000000000e-06	3.000000000000000e-06
3.798342e+06	1.425568587196954e-01	7.769677507623379e-02	3.000000000000000e-06	3.000000000000000e-06
3.867702e+06	1.432552384616007e-01	7.807888561444296e-02	3.000000000000000e-06	3.000000000000000e-06
3.938320e+06	1.439570383517148e-01	7.846285917682992e-02	3.000000000000000e-06	3.000000000000000e-06
4.010219e+06	1.446622751310173e-01	7.884870488429745e-02	3.000000000000000e-06	3.000000000000000e-06
4.083422e+06	1.453709656225573e-01	7.923643190432883e-02	3.000000000000000e-06	3.000000000000000e-06
4.157952e+06	1.460831267318473e-01	7.962604945111675e-02	3.000000000000000e-06	3.000000000000000e-06
4.233834e+06	1.467987754472596e-01	8.001756678569734e-02	3.000000000000000e-06	3.000000000000000e-06
4.311093e+06	1.475179288404246e-01	8.041099321608930e-02	3.000000000000000e-06	3.000000000000000e-06
4.389753e+06	1.482406040666325e-01	8.080633809743772e-02	3.000000000000000e-06	3.000000000000000e-06
4.469840e+06	1.489668183652365e-01	8.120361083216270e-02	3.000000000000000e-06	3.000000000000000e-06
4.551381e+06	1.496965890600587e-01	8.160282087011247e-02	3.000000000000000e-06	3.000000000000000e-06
4.634401e+06	1.504299335597983e-01	8.200397770872084e-02	3.000000000000000e-06	3.000000000000000e-06
4.718928e+06	1.511668693584427e-01	8.240709089316885e-02	3.000000000000000e-06	3.000000000000000e-06
4.804989e+06	1.519074140356796e-01	8.281217001655061e-02	3.000000000000000e-06	3.000000000000000e-06
4.892612e+06	1.526515852573129e-01	8.321922472004301e-02	3.000000000000000e-06	3.000000000000000e-06
4.981827e+06	1.533994007756799e-01	8.362826469307931e-02	3.000000000000000e-06	3.000000000000000e-06
5.072661e+06	1.541508784300716e-01	8.403929967352645e-02	3.000000000000000e-06	3.000000000000000e-06
5.165144e+06	1.549060361471541e-01	8.445233944786598e-02	3.000000000000000e-06	3.000000000000000e-06
5.259307e+06	1.556648919413940e-01	8.486739385137843e-02	3.000000000000000e-06	3.000000000000000e-06
5.355179e+06	1.564274639154843e-01	8.528447276833119e-02	3.000000000000000e-06	3.000000000000000e-06
5.452793e+06	1.571937702607739e-01	8.570358613216958e-02	3.000000000000000e-06	3.000000000000000e-06
5.552181e+06	1.579638292576991e-01	8.612474392571125e-02	3.000000000000000e-06	3.000000000000000e-06
5.653374e+06	1.587376592762165e-01	8.654795618134359e-02	3.000000000000000e-06	3.000000000000000e-06
5.756405e+06	1.595152787762397e-01	8.697323298122428e-02	3.000000000000000e-06	3.000000000000000e-06
5.861308e+06	1.602967063080768e-01	8.740058445748472e-02	3.000000000000000e-06	3.000000000000000e-06
5.968118e+06	1.610819605128714e-01	8.783002079243647e-02	3.000000000000000e-06	3.000000000000000e-06
6.076869e+06	1.618710601230449e-01	8.826155221878031e-02	3.000000000000000e-06	3.000000000000000e-06
6.187596e+06	1.626640239627419e-01	8.869518901981825e-02	3.000000000000000e-06	3.000000000000000e-06
6.300336e+06	1.634608709482774e-01	8.913094152966813e-02	3.000000000000000e-06	3.000000000000000e-06
6.415126e+06	1.642616200885861e-01	8.956882013348079e-02	3.000000000000000e-06	3.000000000000000e-06
6.532002e+06	1.650662904856749e-01	9.000883526765993e-02	3.000000000000000e-06	3.000000000000000e-06
6.651004e+06	1.658749013350768e-01	9.045099742008435e-02	3.000000000000000e-06	3.000000000000000e-06
6.772170e+06	1.666874719263074e-01	9.089531713033272e-02	3.000000000000000e-06	3.000000000000000e-06
6.895539e+06	1.675040216433240e-01	9.134180498991074e-02	3.000000000000000e-06	3.000000000000000e-06
7.021152e+06	1.683245699649865e-01	9.179047164248062e-02	3.000000000000000e-06	3.000000000000000e-06
7.149049e+06	1.691491364655210e-01	9.224132778409290e-02	3.000000000000000e-06	3.000000000000000e-06
7.279274e+06	1.699777408149858e-01	9.269438416342059e-02	3.000000000000000e-06	3.000000000000000e-06
7.411867e+06	1.708104027797392e-01	9.314965158199537e-02	3.000000000000000e-06	3.000000000000000e-06
7.546873e+06	1.716471422229107e-01	9.360714089444619e-02	3.000000000000000e-06	3.000000000000000e-06
7.684336e+06	1.724879791048731e-01	9.406686300873987e-02	3.000000000000000e-06	3.000000000000000e-06
7.824300e+06	1.733329334837182e-01	9.452882888642382e-02	3.000000000000000e-06	3.000000000000000e-06
7.966812e+06	1.741820255157344e-01	9.499304954287098e-02	3.000000000000000e-06	3.000000000000000e-06
8.111918e+06	1.750352754558866e-01	9.545953604752667e-02	3.000000000000000e-06	3.000000000000000e-06
8.259665e+06	1.758927036582985e-01	9.592829952415749e-02	3.000000000000000e-06	3.000000000000000e-06
8.410102e+06	1.767543305767379e-01	9.639935115110225e-02	3.000000000000000e-06	3.000000000000000e-06
8.563278e+06	1.776201767651030e-01	9.687270216152492e-02	3.000000000000000e-06	3.000000000000000e-06
8.719243e+06	1.784902628779130e-01	9.734836384366936e-02	3.000000000000000e-06	3.000000000000000e-06
8.878048e+06	1.793646096707994e-01	9.782634754111615e-02	3.000000000000000e-06	3.000000000000000e-06
9.039746e+06	1.802432380010009e-01	9.830666465304121e-02	3.000000000000000e-06	3.000000000000000e-06
9.204389e+06	1.811261688278601e-01	9.878932663447632e-02	3.000000000000000e-06	3.000000000000000e-06
9.372030e+06	1.820134232133231e-01	9.927434499657159e-02	3.000000000000000e-06	3.000000000000000e-06
9.542726e+06	1.829050223224411e-01	9.976173130685961e-02	3.000000000000000e-06	3.000000000000000e-06
9.716532e+06	1.838009874238749e-01	1.002514971895216e-01	3.000000000000000e-06	3.000000000000000e-06
9.893505e+06	1.847013398904016e-01	1.007436543256551e-01	3.000000000000000e-06	3.000000000000000e-06
1.000000e+07	1.852365777850480e-01	1.010362263975508e-01	3.000000000000000e-06	3.000000000000000e-06
1.018348e+07	1.861506519196880e-01	1.015358729279820e-01	3.000000000000000e-06	3.000000000000000e-06
1.036894e+07	1.870623893339899e-01	1.020342351913042e-01	3.000000000000000e-06	3.000000000000000e-06
1.055780e+07	1.879787143730584e-01	1.025350981666305e-01	3.000000000000000e-06	3.000000000000000e-06
1.075010e+07	1.888995242221004e-01	1.030384056526135e-01	3.000000000000000e-06	3.000000000000000e-06
1.094591e+07	1.898248430985004e-01	1.035441708851155e-01	3.000000000000000e-06	3.000000000000000e-06
1.114529e+07	1.907546930343432e-01	1.040524059054605e-01	3.000000000000000e-06	3.000000000000000e-06
1.134830e+07	1.916890962111862e-01	1.045631228366238e-01	3.000000000000000e-06	3.000000000000000e-06
1.155502e+07	1.926280749184172e-01	1.050763338604639e-01	3.000000000000000e-06	3.000000000000000e-06
1.176550e+07	1.935716515545483e-01	1.055920512184240e-01	3.000000000000000e-06	3.000000000000000e-06
1.197983e+07	1.945198486277350e-01	1.061102872118109e-01	3.000000000000000e-06	3.000000000000000e-06
1.219807e+07	1.954726887563139e-01	1.066310542020825e-01	3.000000000000000e-06	3.000000000000000e-06
1.242028e+07	1.964301946693410e-01	1.071543646111386e-01	3.000000000000000e-06	3.000000000000000e-06
1.264655e+07	1.973923892071343e-01	1.076802309216112e-01	3.000000000000000e-06	3.000000000000000e-06
1.287695e+07	1.983592953218175e-01	1.082086656771582e-01	3.000000000000000e-06	3.000000000000000e-06
1.311156e+07	1.993309360778677e-01	1.087396814827582e-01	3.000000000000000e-06	3.000000000000000e-06
1.335044e+07	2.003073346526648e-01	1.092732910050064e-01	3.000000000000000e-06	3.000000000000000e-06
1.359369e+07	2.012885143370443e-01	1.098095069724133e-01	3.000000000000000e-06	3.000000000000000e-06
1.384137e+07	2.022744985358522e-01	1.103483421757039e-01	3.000000000000000e-06	3.000000000000000e-06
1.409358e+07	2.032653107685030e-01	1.108898094681196e-01	3.000000000000000e-06	3.000000000000000e-06
1.435039e+07	2.042609746695408e-01	1.114339217657210e-01	3.000000000000000e-06	3.000000000000000e-06
1.461189e+07	2.052615139892020e-01	1.119806920476926e-01	3.000000000000000e-06	3.000000000000000e-06
1.487817e+07	2.062669525939820e-01	1.125301333566494e-01	3.000000000000000e-06	3.000000000000000e-06
1.514931e+07	2.072773144672038e-01	1.130822587989449e-01	3.000000000000000e-06	3.000000000000000e-06
1.542540e+07	2.082926237095902e-01	1.136370815449806e-01	3.000000000000000e-06	3.000000000000000e-06
1.570654e+07	2.093129045398378e-01	1.141946148295178e-01	3.000000000000000e-06	3.000000000000000e-06
1.599280e+07	2.103381812951946e-01	1.147548719519904e-01	3.000000000000000e-06	3.000000000000000e-06
1.628430e+07	2.113684784320404e-01	1.153178662768195e-01	3.000000000000000e-06	3.000000000000000e-06
1.658113e+07	2.124038205264693e-01	1.158836112337302e-01	3.000000000000000e-06	3.000000000000000e-06
1.688338e+07	2.134442322748759e-01	1.164521203180690e-01	3.000000000000000e-06	3.000000000000000e-06
1.719115e+07	2.144897384945443e-01	1.170234070911243e-01	3.000000000000000e-06	3.000000000000000e-06
1.750455e+07	2.155403641242392e-01	1.175974851804472e-01	3.000000000000000e-06	3.000000000000000e-06
1.782367e+07	2.165961342248006e-01	1.181743682801748e-01	3.000000000000000e-06	3.000000000000000e-06
1.814863e+07	2.176570739797417e-01	1.187540701513550e-01	3.000000000000000e-06	3.000000000000000e-06
1.847953e+07	2.187232086958483e-01	1.193366046222729e-01	3.000000000000000e-06	3.000000000000000e-06
1.881648e+07	2.197945638037832e-01	1.199219855887786e-01	3.000000000000000e-06	3.000000000000000e-06
1.915959e+07	2.208711648586917e-01	1.205102270146177e-01	3.000000000000000e-06	3.000000000000000e-06
1.950898e+07	2.219530375408110e-01	1.211013429317621e-01	3.000000000000000e-06	3.000000000000000e-06
1.986475e+07	2.230402076560826e-01	1.216953474407437e-01	3.000000000000000e-06	3.000000000000000e-06
2.022703e+07	2.241327011367674e-01	1.222922547109890e-01	3.000000000000000e-06	3.000000000000000e-06
2.059594e+07	2.252305440420639e-01	1.228920789811560e-01	3.000000000000000e-06	3.000000000000000e-06
2.097159e+07	2.263337625587293e-01	1.234948345594720e-01	3.000000000000000e-06	3.000000000000000e-06
2.135412e+07	2.274423830017039e-01	1.241005358240745e-01	3.000000000000000e-06	3.000000000000000e-06
2.174365e+07	2.285564318147389e-01	1.247091972233520e-01	3.000000000000000e-06	3.000000000000000e-06
2.214030e+07	2.296759355710259e-01	1.253208332762883e-01	3.000000000000000e-06	3.000000000000000e-06
2.254421e+07	2.308009209738310e-01	1.259354585728071e-01	3.000000000000000e-06	3.000000000000000e-06
2.295552e+07	2.319314148571315e-01	1.265530877741197e-01	3.000000000000000e-06	3.000000000000000e-06
2.337435e+07	2.330674441862552e-01	1.271737356130728e-01	3.000000000000000e-06	3.000000000000000e-06
2.380085e+07	2.342090360585235e-01	1.277974168944997e-01	3.000000000000000e-06	3.000000000000000e-06
2.423516e+07	2.353562177038975e-01	1.284241464955723e-01	3.000000000000000e-06	3.000000000000000e-06
2.467742e+07	2.365090164856266e-01	1.290539393661549e-01	3.000000000000000e-06	3.000000000000000e-06
2.512777e+07	2.376674599009018e-01	1.296868105291603e-01	3.000000000000000e-06	3.000000000000000e-06
2.558638e+07	2.388315755815102e-01	1.303227750809070e-01	3.000000000000000e-06	3.000000000000000e-06
2.605338e+07	2.400013912944945e-01	1.309618481914788e-01	3.000000000000000e-06	3.000000000000000e-06
2.652893e+07	2.411769349428144e-01	1.316040451050856e-01	3.000000000000000e-06	3.000000000000000e-06
2.701320e+07	2.423582345660123e-01	1.322493811404267e-01	3.000000000000000e-06	3.000000000000000e-06
2.750633e+07	2.435453183408815e-01	1.328978716910552e-01	3.000000000000000e-06	3.000000000000000e-06
2.800850e+07	2.447382145821377e-01	1.335495322257446e-01	3.000000000000000e-06	3.000000000000000e-06
2.851987e+07	2.459369517430946e-01	1.342043782888573e-01	3.000000000000000e-06	3.000000000000000e-06
2.904061e+07	2.471415584163417e-01	1.348624255007145e-01	3.000000000000000e-06	3.000000000000000e-06
2.957089e+07	2.483520633344261e-01	1.355236895579684e-01	3.000000000000000e-06	3.000000000000000e-06
3.011089e+07	2.495684953705375e-01	1.361881862339762e-01	3.000000000000000e-06	3.000000000000000e-06
3.066079e+07	2.507908835391968e-01	1.368559313791753e-01	3.000000000000000e-06	3.000000000000000e-06
3.122077e+07	2.520192569969470e-01	1.375269409214614e-01	3.000000000000000e-06	3.000000000000000e-06
3.179101e+07	2.532536450430493e-01	1.382012308665674e-01	3.000000000000000e-06	3.000000000000000e-06
3.237171e+07	2.544940771201809e-01	1.388788172984454e-01	3.000000000000000e-06	3.000000000000000e-06
3.296305e+07	2.557405828151370e-01	1.395597163796491e-01	3.000000000000000e-06	3.000000000000000e-06
3.356523e+07	2.569931918595363e-01	1.402439443517194e-01	3.000000000000000e-06	3.000000000000000e-06
3.417846e+07	2.582519341305299e-01	1.409315175355710e-01	3.000000000000000e-06	3.000000000000000e-06
3.480294e+07	2.595168396515130e-01	1.416224523318818e-01	3.000000000000000e-06	3.000000000000000e-06
3.543886e+07	2.607879385928414e-01	1.423167652214831e-01	3.000000000000000e-06	3.000000000000000e-06
3.608645e+07	2.620652612725501e-01	1.430144727657527e-01	3.000000000000000e-06	3.000000000000000e-06
3.674593e+07	2.633488381570766e-01	1.437155916070092e-01	3.000000000000000e-06	3.000000000000000e-06
3.741750e+07	2.646386998619866e-01	1.444201384689091e-01	3.000000000000000e-06	3.000000000000000e-06
3.810139e+07	2.659348771527046e-01	1.451281301568450e-01	3.000000000000000e-06	3.000000000000000e-06
3.879783e+07	2.672374009452466e-01	1.458395835583458e-01	3.000000000000000e-06	3.000000000000000e-06
3.950705e+07	2.685463023069576e-01	1.465545156434800e-01	3.000000000000000e-06	3.000000000000000e-06
4.022929e+07	2.698616124572522e-01	1.472729434652593e-01	3.000000000000000e-06	3.000000000000000e-06
4.096478e+07	2.711833627683584e-01	1.479948841600455e-01	3.000000000000000e-06	3.000000000000000e-06
4.171377e+07	2.725115847660663e-01	1.487203549479588e-01	3.000000000000000e-06	3.000000000000000e-06
4.247652e+07	2.738463101304788e-01	1.494493731332882e-01	3.000000000000000e-06	3.000000000000000e-06
4.325326e+07	2.751875706967674e-01	1.501819561049040e-01	3.000000000000000e-06	3.000000000000000e-06
4.404427e+07	2.765353984559309e-01	1.509181213366722e-01	3.000000000000000e-06	3.000000000000000e-06
4.484980e+07	2.778898255555582e-01	1.516578863878711e-01	3.000000000000000e-06	3.000000000000000e-06
4.567012e+07	2.792508843005945e-01	1.524012689036098e-01	3.000000000000000e-06	3.000000000000000e-06
4.650551e+07	2.806186071541114e-01	1.531482866152486e-01	3.000000000000000e-06	3.000000000000000e-06
4.735625e+07	2.819930267380810e-01	1.538989573408220e-01	3.000000000000000e-06	3.000000000000000e-06
4.822260e+07	2.833741758341535e-01	1.546532989854632e-01	3.000000000000000e-06	3.000000000000000e-06
4.910488e+07	2.847620873844387e-01	1.554113295418310e-01	3.000000000000000e-06	3.000000000000000e-06
5.000336e+07	2.861567944922913e-01	1.561730670905386e-01	3.000000000000000e-06	3.000000000000000e-06
5.091835e+07	2.875583304230998e-01	1.569385298005848e-01	3.000000000000000e-06	3.000000000000000e-06
5.185015e+07	2.889667286050800e-01	1.577077359297866e-01	3.000000000000000e-06	3.000000000000000e-06
5.279908e+07	2.903820226300718e-01	1.584807038252153e-01	3.000000000000000e-06	3.000000000000000e-06
5.376545e+07	2.918042462543395e-01	1.592574519236331e-01	3.000000000000000e-06	3.000000000000000e-06
5.474957e+07	2.932334333993771e-01	1.600379987519329e-01	3.000000000000000e-06	3.000000000000000e-06
5.575179e+07	2.946696181527166e-01	1.608223629275799e-01	3.000000000000000e-06	3.000000000000000e-06
5.677243e+07	2.961128347687411e-01	1.616105631590556e-01	3.000000000000000e-06	3.000000000000000e-06
5.781183e+07	2.975631176695007e-01	1.624026182463036e-01	3.000000000000000e-06	3.000000000000000e-06
5.887034e+07	2.990205014455336e-01	1.631985470811776e-01	3.000000000000000e-06	3.000000000000000e-06
5.994832e+07	3.004850208566904e-01	1.639983686478923e-01	3.000000000000000e-06	3.000000000000000e-06
6.104612e+07	3.019567108329632e-01	1.648021020234754e-01	3.000000000000000e-06	3.000000000000000e-06
6.216411e+07	3.034356064753177e-01	1.656097663782229e-01	3.000000000000000e-06	3.000000000000000e-06
6.330265e+07	3.049217430565304e-01	1.664213809761556e-01	3.000000000000000e-06	3.000000000000000e-06
6.446215e+07	3.064151560220291e-01	1.672369651754789e-01	3.000000000000000e-06	3.000000000000000e-06
6.564297e+07	3.079158809907385e-01	1.680565384290436e-01	3.000000000000000e-06	3.000000000000000e-06
6.684551e+07	3.094239537559285e-01	1.688801202848104e-01	3.000000000000000e-06	3.000000000000000e-06
6.807018e+07	3.109394102860683e-01	1.697077303863154e-01	3.000000000000000e-06	3.000000000000000e-06
6.931738e+07	3.124622867256830e-01	1.705393884731387e-01	3.000000000000000e-06	3.000000000000000e-06
7.058753e+07	3.139926193962162e-01	1.713751143813747e-01	3.000000000000000e-06	3.000000000000000e-06
7.188105e+07	3.155304447968950e-01	1.722149280441053e-01	3.000000000000000e-06	3.000000000000000e-06
7.319839e+07	3.170757996056003e-01	1.730588494918748e-01	3.000000000000000e-06	3.000000000000000e-06
7.453996e+07	3.186287206797419e-01	1.739068988531679e-01	3.000000000000000e-06	3.000000000000000e-06
7.590624e+07	3.201892450571359e-01	1.747590963548888e-01	3.000000000000000e-06	3.000000000000000e-06
7.729766e+07	3.217574099568886e-01	1.756154623228443e-01	3.000000000000000e-06	3.000000000000000e-06
7.871470e+07	3.233332527802836e-01	1.764760171822277e-01	3.000000000000000e-06	3.000000000000000e-06
8.015783e+07	3.249168111116728e-01	1.773407814581060e-01	3.000000000000000e-06	3.000000000000000e-06
8.162754e+07	3.265081227193731e-01	1.782097757759094e-01	3.000000000000000e-06	3.000000000000000e-06
8.312431e+07	3.281072255565665e-01	1.790830208619224e-01	3.000000000000000e-06	3.000000000000000e-06
8.464864e+07	3.297141577622046e-01	1.799605375437788e-01	3.000000000000000e-06	3.000000000000000e-06
8.620105e+07	3.313289576619181e-01	1.808423467509575e-01	3.000000000000000e-06	3.000000000000000e-06
8.778206e+07	3.329516637689303e-01	1.817284695152818e-01	3.000000000000000e-06	3.000000000000000e-06
8.939218e+07	3.345823147849751e-01	1.826189269714207e-01	3.000000000000000e-06	3.000000000000000e-06
9.103197e+07	3.362209496012200e-01	1.835137403573928e-01	3.000000000000000e-06	3.000000000000000e-06
9.270197e+07	3.378676072991927e-01	1.844129310150726e-01	3.000000000000000e-06	3.000000000000000e-06
9.440275e+07	3.395223271517130e-01	1.853165203906994e-01	3.000000000000000e-06	3.000000000000000e-06
9.613486e+07	3.411851486238291e-01	1.862245300353884e-01	3.000000000000000e-06	3.000000000000000e-06
9.789889e+07	3.428561113737581e-01	1.871369816056445e-01	3.000000000000000e-06	3.000000000000000e-06
9.969543e+07	3.445352552538317e-01	1.880538968638787e-01	3.000000000000000e-06	3.000000000000000e-06
1.000000e+08	3.448167083220162e-01	1.882075869720691e-01	3.000000000000000e-06	3.000000000000000e-06
1.018634e+08	3.465312735539711e-01	1.891438400487807e-01	3.000000000000000e-06	3.000000000000000e-06
1.037325e+08	3.482279395890276e-01	1.900703153875099e-01	3.000000000000000e-06	3.000000000000000e-06
1.056365e+08	3.499333928130878e-01	1.910015853590508e-01	3.000000000000000e-06	3.000000000000000e-06
1.075757e+08	3.516471872284186e-01	1.919374064231763e-01	3.000000000000000e-06	3.000000000000000e-06
1.095506e+08	3.533693725989851e-01	1.928778057541335e-01	3.000000000000000e-06	3.000000000000000e-06
1.115619e+08	3.550999898360085e-01	1.938228056919872e-01	3.000000000000000e-06	3.000000000000000e-06
1.136104e+08	3.568390802171389e-01	1.947724287768015e-01	3.000000000000000e-06	3.000000000000000e-06
1.156965e+08	3.585866852190301e-01	1.957266976572167e-01	3.000000000000000e-06	3.000000000000000e-06
1.178212e+08	3.603428465214059e-01	1.966856350926693e-01	3.000000000000000e-06	3.000000000000000e-06
1.199851e+08	3.621076060079964e-01	1.976492639539043e-01	3.000000000000000e-06	3.000000000000000e-06
1.221889e+08	3.638810057675389e-01	1.986176072235205e-01	3.000000000000000e-06	3.000000000000000e-06
1.244333e+08	3.656630880947798e-01	1.995906879965186e-01	3.000000000000000e-06	3.000000000000000e-06
1.267191e+08	3.674538954914838e-01	2.005685294808520e-01	3.000000000000000e-06	3.000000000000000e-06
1.290472e+08	3.692534706674466e-01	2.015511549979797e-01	3.000000000000000e-06	3.000000000000000e-06
1.314181e+08	3.710618565415132e-01	2.025385879834227e-01	3.000000000000000e-06	3.000000000000000e-06
1.338329e+08	3.728790962426008e-01	2.035308519873222e-01	3.000000000000000e-06	3.000000000000000e-06
1.362922e+08	3.747052331107275e-01	2.045279706750013e-01	3.000000000000000e-06	3.000000000000000e-06
1.387968e+08	3.765403106980444e-01	2.055299678275295e-01	3.000000000000000e-06	3.000000000000000e-06
1.413478e+08	3.783843727698751e-01	2.065368673422889e-01	3.000000000000000e-06	3.000000000000000e-06
1.439458e+08	3.802374633057578e-01	2.075486932335445e-01	3.000000000000000e-06	3.000000000000000e-06
1.465917e+08	3.820996265004946e-01	2.085654696330165e-01	3.000000000000000e-06	3.000000000000000e-06
1.492865e+08	3.839709067652042e-01	2.095872207904556e-01	3.000000000000000e-06	3.000000000000000e-06
1.520311e+08	3.858513487283816e-01	2.106139710742210e-01	3.000000000000000e-06	3.000000000000000e-06
1.548264e+08	3.877409972369608e-01	2.116457449718614e-01	3.000000000000000e-06	3.000000000000000e-06
1.576733e+08	3.896398973573849e-01	2.126825670906990e-01	3.000000000000000e-06	3.000000000000000e-06
1.605727e+08	3.915480943766795e-01	2.137244621584158e-01	3.000000000000000e-06	3.000000000000000e-06
1.635257e+08	3.934656338035331e-01	2.147714550236430e-01	3.000000000000000e-06	3.000000000000000e-06
1.665332e+08	3.953925613693813e-01	2.158235706565540e-01	3.000000000000000e-06	3.000000000000000e-06
1.695964e+08	3.973289230294972e-01	2.168808341494589e-01	3.000000000000000e-06	3.000000000000000e-06
1.727160e+08	3.992747649640869e-01	2.179432707174033e-01	3.000000000000000e-06	3.000000000000000e-06
1.758934e+08	4.012301335793904e-01	2.190109056987689e-01	3.000000000000000e-06	3.000000000000000e-06
1.791294e+08	4.031950755087875e-01	2.200837645558781e-01	3.000000000000000e-06	3.000000000000000e-06
1.824252e+08	4.051696376139099e-01	2.211618728756004e-01	3.000000000000000e-06	3.000000000000000e-06
1.857820e+08	4.071538669857580e-01	2.222452563699628e-01	3.000000000000000e-06	3.000000000000000e-06
1.892007e+08	4.091478109458235e-01	2.233339408767626e-01	3.000000000000000e-06	3.000000000000000e-06
1.926827e+08	4.111515170472174e-01	2.244279523601835e-01	3.000000000000000e-06	3.000000000000000e-06
1.962290e+08	4.131650330758037e-01	2.255273169114142e-01	3.000000000000000e-06	3.000000000000000e-06
1.998409e+08	4.151884070513385e-01	2.266320607492707e-01	3.000000000000000e-06	3.000000000000000e-06
2.035195e+08	4.172216872286146e-01	2.277422102208214e-01	3.000000000000000e-06	3.000000000000000e-06
2.072662e+08	4.192649220986118e-01	2.288577918020148e-01	3.000000000000000e-06	3.000000000000000e-06
2.110821e+08	4.213181603896529e-01	2.299788320983111e-01	3.000000000000000e-06	3.000000000000000e-06
2.149686e+08	4.233814510685650e-01	2.311053578453160e-01	3.000000000000000e-06	3.000000000000000e-06
2.189269e+08	4.254548433418472e-01	2.322373959094186e-01	3.000000000000000e-06	3.000000000000000e-06
2.229585e+08	4.275383866568435e-01	2.333749732884311e-01	3.000000000000000e-06	3.000000000000000e-06
2.270646e+08	4.296321307029209e-01	2.345181171122334e-01	3.000000000000000e-06	3.000000000000000e-06
2.312467e+08	4.317361254126549e-01	2.356668546434187e-01	3.000000000000000e-06	3.000000000000000e-06
2.355061e+08	4.338504209630187e-01	2.368212132779444e-01	3.000000000000000e-06	3.000000000000000e-06
2.398443e+08	4.359750677765804e-01	2.379812205457845e-01	3.000000000000000e-06	3.000000000000000e-06
2.442628e+08	4.381101165227039e-01	2.391469041115865e-01	3.000000000000000e-06	3.000000000000000e-06
2.487630e+08	4.402556181187575e-01	2.403182917753301e-01	3.000000000000000e-06	3.000000000000000e-06
2.533465e+08	4.424116237313273e-01	2.414954114729905e-01	3.000000000000000e-06	3.000000000000000e-06
2.580148e+08	4.445781847774369e-01	2.426782912772044e-01	3.000000000000000e-06	3.000000000000000e-06
2.627695e+08	4.467553529257735e-01	2.438669593979387e-01	3.000000000000000e-06	3.000000000000000e-06
2.676122e+08	4.489431800979187e-01	2.450614441831635e-01	3.000000000000000e-06	3.000000000000000e-06
2.725446e+08	4.511417184695872e-01	2.462617741195275e-01	3.000000000000000e-06	3.000000000000000e-06
2.775682e+08	4.533510204718694e-01	2.474679778330374e-01	3.000000000000000e-06	3.000000000000000e-06
2.826848e+08	4.555711387924825e-01	2.486800840897400e-01	3.000000000000000e-06	3.000000000000000e-06
2.878961e+08	4.578021263770253e-01	2.498981217964081e-01	3.000000000000000e-06	3.000000000000000e-06
2.932040e+08	4.600440364302412e-01	2.511221200012296e-01	3.000000000000000e-06	3.000000000000000e-06
2.986101e+08	4.622969224172858e-01	2.523521078944999e-01	3.000000000000000e-06	3.000000000000000e-06
3.041163e+08	4.645608380650016e-01	2.535881148093176e-01	3.000000000000000e-06	3.000000000000000e-06
3.097244e+08	4.668358373631990e-01	2.548301702222842e-01	3.000000000000000e-06	3.000000000000000e-06
3.154365e+08	4.691219745659429e-01	2.560783037542063e-01	3.000000000000000e-06	3.000000000000000e-06
3.212543e+08	4.714193041928461e-01	2.573325451708020e-01	3.000000000000000e-06	3.000000000000000e-06
3.271798e+08	4.737278810303689e-01	2.585929243834100e-01	3.000000000000000e-06	3.000000000000000e-06
3.332152e+08	4.760477601331253e-01	2.598594714497035e-01	3.000000000000000e-06	3.000000000000000e-06
3.393623e+08	4.783789968251949e-01	2.611322165744058e-01	3.000000000000000e-06	3.000000000000000e-06
3.456233e+08	4.807216467014419e-01	2.624111901100109e-01	3.000000000000000e-06	3.000000000000000e-06
3.520003e+08	4.830757656288405e-01	2.636964225575067e-01	3.000000000000000e-06	3.000000000000000e-06
3.584955e+08	4.854414097478066e-01	2.649879445671026e-01	3.000000000000000e-06	3.000000000000000e-06
3.651110e+08	4.878186354735358e-01	2.662857869389592e-01	3.000000000000000e-06	3.000000000000000e-06
3.718491e+08	4.902074994973483e-01	2.675899806239235e-01	3.000000000000000e-06	3.000000000000000e-06
3.787121e+08	4.926080587880402e-01	2.689005567242664e-01	3.000000000000000e-06	3.000000000000000e-06
3.857023e+08	4.950203705932418e-01	2.702175464944236e-01	3.000000000000000e-06	3.000000000000000e-06
3.928221e+08	4.974444924407818e-01	2.715409813417413e-01	3.000000000000000e-06	3.000000000000000e-06
4.000738e+08	4.998804821400589e-01	2.728708928272247e-01	3.000000000000000e-06	3.000000000000000e-06
4.074600e+08	5.023283977834195e-01	2.742073126662900e-01	3.000000000000000e-06	3.000000000000000e-06
4.149830e+08	5.047882977475433e-01	2.755502727295211e-01	3.000000000000000e-06	3.000000000000000e-06
4.226456e+08	5.072602406948333e-01	2.768998050434285e-01	3.000000000000000e-06	3.000000000000000e-06
4.304503e+08	5.097442855748159e-01	2.782559417912135e-01	3.000000000000000e-06	3.000000000000000e-06
4.383996e+08	5.122404916255446e-01	2.796187153135349e-01	3.000000000000000e-06	3.000000000000000e-06
4.464964e+08	5.147489183750132e-01	2.809881581092800e-01	3.000000000000000e-06	3.000000000000000e-06
4.547433e+08	5.172696256425742e-01	2.823643028363396e-01	3.000000000000000e-06	3.000000000000000e-06
4.631432e+08	5.198026735403646e-01	2.837471823123858e-01	3.000000000000000e-06	3.000000000000000e-06
4.716989e+08	5.223481224747392e-01	2.851368295156553e-01	3.000000000000000e-06	3.000000000000000e-06
4.804133e+08	5.249060331477103e-01	2.865332775857346e-01	3.000000000000000e-06	3.000000000000000e-06
4.892894e+08	5.274764665583949e-01	2.879365598243505e-01	3.000000000000000e-06	3.000000000000000e-06
4.983301e+08	5.300594840044680e-01	2.893467096961637e-01	3.000000000000000e-06	3.000000000000000e-06
5.075386e+08	5.326551470836248e-01	2.907637608295665e-01	3.000000000000000e-06	3.000000000000000e-06
5.169179e+08	5.352635176950484e-01	2.921877470174847e-01	3.000000000000000e-06	3.000000000000000e-06
5.264712e+08	5.378846580408854e-01	2.936187022181828e-01	3.000000000000000e-06	3.000000000000000e-06
5.362019e+08	5.405186306277282e-01	2.950566605560735e-01	3.000000000000000e-06	3.000000000000000e-06
5.461131e+08	5.431654982681060e-01	2.965016563225317e-01	3.000000000000000e-06	3.000000000000000e-06
5.562083e+08	5.458253240819811e-01	2.979537239767109e-01	3.000000000000000e-06	3.000000000000000e-06
5.664908e+08	5.484981714982539e-01	2.994128981463657e-01	3.000000000000000e-06	3.000000000000000e-06
5.769642e+08	5.511841042562747e-01	3.008792136286762e-01	3.000000000000000e-06	3.000000000000000e-06
5.876320e+08	5.538831864073632e-01	3.023527053910784e-01	3.000000000000000e-06	3.000000000000000e-06
5.984979e+08	5.565954823163352e-01	3.038334085720972e-01	3.000000000000000e-06	3.000000000000000e-06
6.095655e+08	5.593210566630369e-01	3.053213584821842e-01	3.000000000000000e-06	3.000000000000000e-06
6.208386e+08	5.620599744438867e-01	3.068165906045591e-01	3.000000000000000e-06	3.000000000000000e-06
6.323210e+08	5.648123009734241e-01	3.083191405960561e-01	3.000000000000000e-06	3.000000000000000e-06
6.440166e+08	5.675781018858674e-01	3.098290442879731e-01	3.000000000000000e-06	3.000000000000000e-06
6.559295e+08	5.703574431366777e-01	3.113463376869267e-01	3.000000000000000e-06	3.000000000000000e-06
6.680636e+08	5.731503910041307e-01	3.128710569757098e-01	3.000000000000000e-06	3.000000000000000e-06
6.804230e+08	5.759570120908974e-01	3.144032385141541e-01	3.000000000000000e-06	3.000000000000000e-06
6.930120e+08	5.787773733256314e-01	3.159429188399976e-01	3.000000000000000e-06	3.000000000000000e-06
7.058349e+08	5.816115419645637e-01	3.174901346697544e-01	3.000000000000000e-06	3.000000000000000e-06
7.188960e+08	5.844595855931065e-01	3.190449228995909e-01	3.000000000000000e-06	3.000000000000000e-06
7.321997e+08	5.873215721274643e-01	3.206073206062048e-01	3.000000000000000e-06	3.000000000000000e-06
7.457506e+08	5.901975698162520e-01	3.221773650477091e-01	3.000000000000000e-06	3.000000000000000e-06
7.595533e+08	5.930876472421228e-01	3.237550936645198e-01	3.000000000000000e-06	3.000000000000000e-06
7.736124e+08	5.959918733234023e-01	3.253405440802491e-01	3.000000000000000e-06	3.000000000000000e-06
7.879329e+08	5.989103173157312e-01	3.269337541026017e-01	3.000000000000000e-06	3.000000000000000e-06
8.025194e+08	6.018430488137165e-01	3.285347617242761e-01	3.000000000000000e-06	3.000000000000000e-06
8.173771e+08	6.047901377525904e-01	3.301436051238702e-01	3.000000000000000e-06	3.000000000000000e-06
8.325109e+08	6.077516544098769e-01	3.317603226667917e-01	3.000000000000000e-06	3.000000000000000e-06
8.479260e+08	6.107276694070675e-01	3.333849529061721e-01	3.000000000000000e-06	3.000000000000000e-06
8.636277e+08	6.137182537113042e-01	3.350175345837861e-01	3.000000000000000e-06	3.000000000000000e-06
8.796213e+08	6.167234786370712e-01	3.366581066309749e-01	3.000000000000000e-06	3.000000000000000e-06
8.959122e+08	6.197434158478952e-01	3.383067081695743e-01	3.000000000000000e-06	3.000000000000000e-06
9.125060e+08	6.227781373580528e-01	3.399633785128469e-01	3.000000000000000e-06	3.000000000000000e-06
9.294083e+08	6.258277155342877e-01	3.416281571664199e-01	3.000000000000000e-06	3.000000000000000e-06
9.466250e+08	6.288922230975357e-01	3.433010838292259e-01	3.000000000000000e-06	3.000000000000000e-06
9.641618e+08	6.319717331246576e-01	3.449821983944500e-01	3.000000000000000e-06	3.000000000000000e-06
9.820248e+08	6.350663190501816e-01	3.466715409504804e-01	3.000000000000000e-06	3.000000000000000e-06
1.000000e+09	6.381385529917735e-01	3.483486795442865e-01	3.000000000000000e-06	3.000000000000000e-06
