#t[yr]	ecc	inc	eachmass	totalmass
0.000000e+00	1.000000000000000e-01	5.000000000000000e-02	3.000000000000000e-06	3.000000000000000e-06
1.000000e-03	9.999999966397696e-02	4.999999988135791e-02	3.000000000000000e-06	3.000000000000000e-06
1.000000e-02	9.999999663976970e-02	4.999999881357906e-02	3.000000000000000e-06	3.000000000000000e-06
1.000000e-01	9.999996639771225e-02	4.999998813579607e-02	3.000000000000000e-06	3.000000000000000e-06
1.000000e+00	9.999966397863887e-02	4.999988135851740e-02	3.000000000000000e-06	3.000000000000000e-06
1.000000e+01	9.999663993801852e-02	4.999881364084290e-02	3.000000000000000e-06	3.000000000000000e-06
1.000000e+02	9.996641453650472e-02	4.998814197280421e-02	3.000000000000000e-06	3.000000000000000e-06
2.152278e+02	9.992795846905901e-02	4.997456173739859e-02	3.000000000000000e-06	3.000000000000000e-06
3.320394e+02	9.988928460199774e-02	4.996090115086233e-02	3.000000000000000e-06	3.000000000000000e-06
4.508849e+02	9.985025186769197e-02	4.994711038589449e-02	3.000000000000000e-06	3.000000000000000e-06
5.717974e+02	9.981085969952185e-02	4.993318921738212e-02	3.000000000000000e-06	3.000000000000000e-06
6.948181e+02	9.977110508977304e-02	4.991913655903450e-02	3.000000000000000e-06	3.000000000000000e-06
8.199891e+02	9.973098505644371e-02	4.990495133449602e-02	3.000000000000000e-06	3.000000000000000e-06
9.473533e+02	9.969049660069683e-02	4.989063246234349e-02	3.000000000000000e-06	3.000000000000000e-06
1.000000e+03	9.967390049672877e-02	4.988476161711793e-02	3.000000000000000e-06	3.000000000000000e-06
1.131883e+03	9.963246172663019e-02	4.987010187700513e-02	3.000000000000000e-06	3.000000000000000e-06
1.264709e+03	9.959107753911528e-02	4.985545804575172e-02	3.000000000000000e-06	3.000000000000000e-06
1.399907e+03	9.954930700162604e-02	4.984067416170779e-02	3.000000000000000e-06	3.000000000000000e-06
1.537498e+03	9.950715473811073e-02	4.982575184425053e-02	3.000000000000000e-06	3.000000000000000e-06
1.677533e+03	9.946461752946315e-02	4.981068993927919e-02	3.000000000000000e-06	3.000000000000000e-06
1.820059e+03	9.942169227928575e-02	4.979548733716479e-02	3.000000000000000e-06	3.000000000000000e-06
1.965128e+03	9.937837587377887e-02	4.978014292319934e-02	3.000000000000000e-06	3.000000000000000e-06
2.112792e+03	9.933466518440304e-02	4.976465557856332e-02	3.000000000000000e-06	3.000000000000000e-06
2.263102e+03	9.929055706802896e-02	4.974902418040390e-02	3.000000000000000e-06	3.000000000000000e-06
2.416114e+03	9.924604836714034e-02	4.973324760193160e-02	3.000000000000000e-06	3.000000000000000e-06
2.571881e+03	9.920113591004445e-02	4.971732471251964e-02	3.000000000000000e-06	3.000000000000000e-06
2.730461e+03	9.915581651109115e-02	4.970125437780592e-02	3.000000000000000e-06	3.000000000000000e-06
2.891911e+03	9.911008697090086e-02	4.968503545979801e-02	3.000000000000000e-06	3.000000000000000e-06
3.056289e+03	9.906394407660134e-02	4.966866681698104e-02	3.000000000000000e-06	3.000000000000000e-06
3.223656e+03	9.901738460207356e-02	4.965214730442837e-02	3.000000000000000e-06	3.000000000000000e-06
3.394073e+03	9.897040530820700e-02	4.963547577391538e-02	3.000000000000000e-06	3.000000000000000e-06
3.567604e+03	9.892300294316414e-02	4.961865107403621e-02	3.000000000000000e-06	3.000000000000000e-06
3.744312e+03	9.887517424265471e-02	4.960167205032341e-02	3.000000000000000e-06	3.000000000000000e-06
3.924263e+03	9.882691593021967e-02	4.958453754537085e-02	3.000000000000000e-06	3.000000000000000e-06
4.107525e+03	9.877822471752506e-02	4.956724639895949e-02	3.000000000000000e-06	3.000000000000000e-06
4.294165e+03	9.872909730466604e-02	4.954979744818645e-02	3.000000000000000e-06	3.000000000000000e-06
4.484255e+03	9.867953038048115e-02	4.953218952759709e-02	3.000000000000000e-06	3.000000000000000e-06
4.677865e+03	9.862952062287693e-02	4.951442146932034e-02	3.000000000000000e-06	3.000000000000000e-06
4.875070e+03	9.857906469916330e-02	4.949649210320721e-02	3.000000000000000e-06	3.000000000000000e-06
5.075945e+03	9.852815926639953e-02	4.947840025697248e-02	3.000000000000000e-06	3.000000000000000e-06
5.280565e+03	9.847680097175127e-02	4.946014475633972e-02	3.000000000000000e-06	3.000000000000000e-06
5.489010e+03	9.842498645285856e-02	4.944172442518951e-02	3.000000000000000e-06	3.000000000000000e-06
5.701360e+03	9.837271233821519e-02	4.942313808571108e-02	3.000000000000000e-06	3.000000000000000e-06
5.917696e+03	9.831997524755946e-02	4.940438455855710e-02	3.000000000000000e-06	3.000000000000000e-06
6.138103e+03	9.826677179227647e-02	4.938546266300201e-02	3.000000000000000e-06	3.000000000000000e-06
6.362666e+03	9.821309857581212e-02	4.936637121710363e-02	3.000000000000000e-06	3.000000000000000e-06
6.591474e+03	9.815895219409919e-02	4.934710903786812e-02	3.000000000000000e-06	3.000000000000000e-06
6.824615e+03	9.810432923599521e-02	4.932767494141849e-02	3.000000000000000e-06	3.000000000000000e-06
7.062181e+03	9.804922628373280e-02	4.930806774316646e-02	3.000000000000000e-06	3.000000000000000e-06
7.304267e+03	9.799363991338209e-02	4.928828625798775e-02	3.000000000000000e-06	3.000000000000000e-06
7.550967e+03	9.793756669532590e-02	4.926832930040093e-02	3.000000000000000e-06	3.000000000000000e-06
7.802381e+03	9.788100319474739e-02	4.924819568474971e-02	3.000000000000000e-06	3.000000000000000e-06
8.058607e+03	9.782394597213064e-02	4.922788422538874e-02	3.000000000000000e-06	3.000000000000000e-06
8.319750e+03	9.776639158377401e-02	4.920739373687293e-02	3.000000000000000e-06	3.000000000000000e-06
8.585914e+03	9.770833658231674e-02	4.918672303415033e-02	3.000000000000000e-06	3.000000000000000e-06
8.857205e+03	9.764977751727866e-02	4.916587093275851e-02	3.000000000000000e-06	3.000000000000000e-06
9.133734e+03	9.759071093561317e-02	4.914483624902452e-02	3.000000000000000e-06	3.000000000000000e-06
9.415612e+03	9.753113338227387e-02	4.912361780026844e-02	3.000000000000000e-06	3.000000000000000e-06
9.702955e+03	9.747104140079459e-02	4.910221440501045e-02	3.000000000000000e-06	3.000000000000000e-06
9.995880e+03	9.741043153388317e-02	4.908062488318150e-02	3.000000000000000e-06	3.000000000000000e-06
1.000000e+04	9.740958830963328e-02	4.908032447339190e-02	3.000000000000000e-06	3.000000000000000e-06
1.030445e+04	9.734727372009919e-02	4.905812610831838e-02	3.000000000000000e-06	3.000000000000000e-06
1.060898e+04	9.728562315363420e-02	4.903616268881344e-02	3.000000000000000e-06	3.000000000000000e-06
1.091958e+04	9.722342114667935e-02	4.901400135678473e-02	3.000000000000000e-06	3.000000000000000e-06
1.123626e+04	9.716068776516108e-02	4.899164931795588e-02	3.000000000000000e-06	3.000000000000000e-06
1.155915e+04	9.709741909974942e-02	4.896910523975008e-02	3.000000000000000e-06	3.000000000000000e-06
1.188839e+04	9.703361171046875e-02	4.894636795845603e-02	3.000000000000000e-06	3.000000000000000e-06
1.222412e+04	9.696926215200301e-02	4.892343631011899e-02	3.000000000000000e-06	3.000000000000000e-06
1.256647e+04	9.690436698366638e-02	4.890030913408020e-02	3.000000000000000e-06	3.000000000000000e-06
1.291559e+04	9.683892276994424e-02	4.887698527315534e-02	3.000000000000000e-06	3.000000000000000e-06
1.327163e+04	9.677292608123303e-02	4.885346357388225e-02	3.000000000000000e-06	3.000000000000000e-06
1.363474e+04	9.670637349459119e-02	4.882974288677083e-02	3.000000000000000e-06	3.000000000000000e-06
1.400506e+04	9.663926159450467e-02	4.880582206655653e-02	3.000000000000000e-06	3.000000000000000e-06
1.438277e+04	9.657158697366718e-02	4.878169997245720e-02	3.000000000000000e-06	3.000000000000000e-06
1.476801e+04	9.650334623377499e-02	4.875737546843350e-02	3.000000000000000e-06	3.000000000000000e-06
1.516095e+04	9.643453598633654e-02	4.873284742345268e-02	3.000000000000000e-06	3.000000000000000e-06
1.556177e+04	9.636515285349662e-02	4.870811471175574e-02	3.000000000000000e-06	3.000000000000000e-06
1.597063e+04	9.629519346887523e-02	4.868317621312800e-02	3.000000000000000e-06	3.000000000000000e-06
1.638771e+04	9.622465447842118e-02	4.865803081317290e-02	3.000000000000000e-06	3.000000000000000e-06
1.681319e+04	9.615353254128012e-02	4.863267740358922e-02	3.000000000000000e-06	3.000000000000000e-06
1.724725e+04	9.608182433067727e-02	4.860711488245149e-02	3.000000000000000e-06	3.000000000000000e-06
1.769008e+04	9.600952653481466e-02	4.858134215449353e-02	3.000000000000000e-06	3.000000000000000e-06
1.814188e+04	9.593663585778277e-02	4.855535813139528e-02	3.000000000000000e-06	3.000000000000000e-06
1.860284e+04	9.586314902048651e-02	4.852916173207269e-02	3.000000000000000e-06	3.000000000000000e-06
1.907316e+04	9.578906276158564e-02	4.850275188297060e-02	3.000000000000000e-06	3.000000000000000e-06
1.955305e+04	9.571437383844909e-02	4.847612751835877e-02	3.000000000000000e-06	3.000000000000000e-06
2.004271e+04	9.563907902812366e-02	4.844928758063068e-02	3.000000000000000e-06	3.000000000000000e-06
2.054238e+04	9.556317512831634e-02	4.842223102060537e-02	3.000000000000000e-06	3.000000000000000e-06
2.105226e+04	9.548665895839067e-02	4.839495679783203e-02	3.000000000000000e-06	3.000000000000000e-06
2.157257e+04	9.540952736037651e-02	4.836746388089727e-02	3.000000000000000e-06	3.000000000000000e-06
2.210356e+04	9.533177719999346e-02	4.833975124773519e-02	3.000000000000000e-06	3.000000000000000e-06
2.264546e+04	9.525340536768734e-02	4.831181788593995e-02	3.000000000000000e-06	3.000000000000000e-06
2.319850e+04	9.517440877967988e-02	4.828366279308095e-02	3.000000000000000e-06	3.000000000000000e-06
2.376294e+04	9.509478437903118e-02	4.825528497702033e-02	3.000000000000000e-06	3.000000000000000e-06
2.433902e+04	9.501452913671483e-02	4.822668345623289e-02	3.000000000000000e-06	3.000000000000000e-06
2.492701e+04	9.493364005270524e-02	4.819785726012828e-02	3.000000000000000e-06	3.000000000000000e-06
2.552716e+04	9.485211415707724e-02	4.816880542937532e-02	3.000000000000000e-06	3.000000000000000e-06
2.613976e+04	9.476994851111735e-02	4.813952701622833e-02	3.000000000000000e-06	3.000000000000000e-06
2.676506e+04	9.468714020844655e-02	4.811002108485553e-02	3.000000000000000e-06	3.000000000000000e-06
2.740336e+04	9.460368637615434e-02	4.808028671166923e-02	3.000000000000000e-06	3.000000000000000e-06
2.805495e+04	9.451958417594343e-02	4.805032298565773e-02	3.000000000000000e-06	3.000000000000000e-06
2.872011e+04	9.443483080528518e-02	4.802012900871890e-02	3.000000000000000e-06	3.000000000000000e-06
2.939916e+04	9.434942349858490e-02	4.798970389599524e-02	3.000000000000000e-06	3.000000000000000e-06
3.009239e+04	9.426335952835702e-02	4.795904677621034e-02	3.000000000000000e-06	3.000000000000000e-06
3.080012e+04	9.417663620640949e-02	4.792815679200655e-02	3.000000000000000e-06	3.000000000000000e-06
3.152269e+04	9.408925088503718e-02	4.789703310028386e-02	3.000000000000000e-06	3.000000000000000e-06
3.226041e+04	9.400120095822354e-02	4.786567487253969e-02	3.000000000000000e-06	3.000000000000000e-06
3.301362e+04	9.391248386285032e-02	4.783408129520954e-02	3.000000000000000e-06	3.000000000000000e-06
3.378267e+04	9.382309707991489e-02	4.780225157000841e-02	3.000000000000000e-06	3.000000000000000e-06
3.456791e+04	9.373303813575423e-02	4.777018491427267e-02	3.000000000000000e-06	3.000000000000000e-06
3.536970e+04	9.364230460327572e-02	4.773788056130247e-02	3.000000000000000e-06	3.000000000000000e-06
3.618841e+04	9.355089410319357e-02	4.770533776070428e-02	3.000000000000000e-06	3.000000000000000e-06
3.702441e+04	9.345880430527084e-02	4.767255577873361e-02	3.000000000000000e-06	3.000000000000000e-06
3.787810e+04	9.336603292956600e-02	4.763953389863756e-02	3.000000000000000e-06	3.000000000000000e-06
3.874986e+04	9.327257774768377e-02	4.760627142099726e-02	3.000000000000000e-06	3.000000000000000e-06
3.964010e+04	9.317843658402959e-02	4.757276766406978e-02	3.000000000000000e-06	3.000000000000000e-06
4.054923e+04	9.308360731706684e-02	4.753902196412950e-02	3.000000000000000e-06	3.000000000000000e-06
4.147767e+04	9.298808788057643e-02	4.750503367580873e-02	3.000000000000000e-06	3.000000000000000e-06
4.242585e+04	9.289187626491792e-02	4.747080217243736e-02	3.000000000000000e-06	3.000000000000000e-06
4.339421e+04	9.279497051829157e-02	4.743632684638134e-02	3.000000000000000e-06	3.000000000000000e-06
4.438320e+04	9.269736874800048e-02	4.740160710937991e-02	3.000000000000000e-06	3.000000000000000e-06
4.539328e+04	9.259906912171233e-02	4.736664239288126e-02	3.000000000000000e-06	3.000000000000000e-06
4.642492e+04	9.250006986871960e-02	4.733143214837641e-02	3.000000000000000e-06	3.000000000000000e-06
4.747860e+04	9.240036928119789e-02	4.729597584773137e-02	3.000000000000000e-06	3.000000000000000e-06
4.855481e+04	9.229996571546140e-02	4.726027298351690e-02	3.000000000000000e-06	3.000000000000000e-06
4.965405e+04	9.219885759321456e-02	4.722432306933620e-02	3.000000000000000e-06	3.000000000000000e-06
5.077683e+04	9.209704340279942e-02	4.718812564014987e-02	3.000000000000000e-06	3.000000000000000e-06
5.192369e+04	9.199452170043766e-02	4.715168025259825e-02	3.000000000000000e-06	3.000000000000000e-06
5.309514e+04	9.189129111146641e-02	4.711498648532074e-02	3.000000000000000e-06	3.000000000000000e-06
5.429176e+04	9.178735033156710e-02	4.707804393927189e-02	3.000000000000000e-06	3.000000000000000e-06
5.551408e+04	9.168269812798645e-02	4.704085223803418e-02	3.000000000000000e-06	3.000000000000000e-06
5.676268e+04	9.157733334074872e-02	4.700341102812711e-02	3.000000000000000e-06	3.000000000000000e-06
5.803816e+04	9.147125488385817e-02	4.696571997931250e-02	3.000000000000000e-06	3.000000000000000e-06
5.934110e+04	9.136446174649111e-02	4.692777878489559e-02	3.000000000000000e-06	3.000000000000000e-06
6.067211e+04	9.125695299417630e-02	4.688958716202201e-02	3.000000000000000e-06	3.000000000000000e-06
6.203183e+04	9.114872776996299e-02	4.685114485197011e-02	3.000000000000000e-06	3.000000000000000e-06
6.342088e+04	9.103978529557555e-02	4.681245162043852e-02	3.000000000000000e-06	3.000000000000000e-06
6.483991e+04	9.093012487255378e-02	4.677350725782877e-02	3.000000000000000e-06	3.000000000000000e-06
6.628961e+04	9.081974588337788e-02	4.673431157952271e-02	3.000000000000000e-06	3.000000000000000e-06
6.777063e+04	9.070864779257724e-02	4.669486442615436e-02	3.000000000000000e-06	3.000000000000000e-06
6.928368e+04	9.059683014782187e-02	4.665516566387617e-02	3.000000000000000e-06	3.000000000000000e-06
7.082947e+04	9.048429258099573e-02	4.661521518461939e-02	3.000000000000000e-06	3.000000000000000e-06
7.240872e+04	9.037103480925075e-02	4.657501290634815e-02	3.000000000000000e-06	3.000000000000000e-06
7.402217e+04	9.025705663604075e-02	4.653455877330728e-02	3.000000000000000e-06	3.000000000000000e-06
7.567058e+04	9.014235795213416e-02	4.649385275626349e-02	3.000000000000000e-06	3.000000000000000e-06
7.735472e+04	9.002693873660447e-02	4.645289485273965e-02	3.000000000000000e-06	3.000000000000000e-06
7.907539e+04	8.991079905779777e-02	4.641168508724206e-02	3.000000000000000e-06	3.000000000000000e-06
8.083338e+04	8.979393907427584e-02	4.637022351148039e-02	3.000000000000000e-06	3.000000000000000e-06
8.262952e+04	8.967635903573440e-02	4.632851020458013e-02	3.000000000000000e-06	3.000000000000000e-06
8.446466e+04	8.955805928389506e-02	4.628654527328720e-02	3.000000000000000e-06	3.000000000000000e-06
8.633965e+04	8.943904025337029e-02	4.624432885216471e-02	3.000000000000000e-06	3.000000000000000e-06
8.825537e+04	8.931930247250039e-02	4.620186110378143e-02	3.000000000000000e-06	3.000000000000000e-06
9.021272e+04	8.919884656416129e-02	4.615914221889198e-02	3.000000000000000e-06	3.000000000000000e-06
9.221261e+04	8.907767324654262e-02	4.611617241660825e-02	3.000000000000000e-06	3.000000000000000e-06
9.425598e+04	8.895578333389469e-02	4.607295194456212e-02	3.000000000000000e-06	3.000000000000000e-06
9.634378e+04	8.883317773724386e-02	4.602948107905911e-02	3.000000000000000e-06	3.000000000000000e-06
9.847699e+04	8.870985746507500e-02	4.598576012522286e-02	3.000000000000000e-06	3.000000000000000e-06
1.000000e+05	8.862320675048080e-02	4.595503990093798e-02	3.000000000000000e-06	3.000000000000000e-06
1.022270e+05	8.849786640654539e-02	4.591060835197264e-02	3.000000000000000e-06	3.000000000000000e-06
1.044879e+05	8.837263538661567e-02	4.586621859380239e-02	3.000000000000000e-06	3.000000000000000e-06
1.067982e+05	8.824667660257440e-02	4.582157386300316e-02	3.000000000000000e-06	3.000000000000000e-06
1.091588e+05	8.812000959544210e-02	4.577668100455703e-02	3.000000000000000e-06	3.000000000000000e-06
1.115708e+05	8.799263555185471e-02	4.573154035235800e-02	3.000000000000000e-06	3.000000000000000e-06
1.140353e+05	8.786455615726371e-02	4.568615241076739e-02	3.000000000000000e-06	3.000000000000000e-06
1.165535e+05	8.773577319007703e-02	4.564051771071136e-02	3.000000000000000e-06	3.000000000000000e-06
1.191264e+05	8.760628853077576e-02	4.559463681283967e-02	3.000000000000000e-06	3.000000000000000e-06
1.217554e+05	8.747610416204667e-02	4.554851030750446e-02	3.000000000000000e-06	3.000000000000000e-06
1.244415e+05	8.734522216906612e-02	4.550213881479629e-02	3.000000000000000e-06	3.000000000000000e-06
1.271862e+05	8.721364473973797e-02	4.545552298456756e-02	3.000000000000000e-06	3.000000000000000e-06
1.299905e+05	8.708137416488899e-02	4.540866349644478e-02	3.000000000000000e-06	3.000000000000000e-06
1.328559e+05	8.694841283842120e-02	4.536156105982931e-02	3.000000000000000e-06	3.000000000000000e-06
1.357837e+05	8.681476325742037e-02	4.531421641388685e-02	3.000000000000000e-06	3.000000000000000e-06
1.387751e+05	8.668042802222059e-02	4.526663032752517e-02	3.000000000000000e-06	3.000000000000000e-06
1.418317e+05	8.654540983642388e-02	4.521880359936033e-02	3.000000000000000e-06	3.000000000000000e-06
1.449547e+05	8.640971150687488e-02	4.517073705767110e-02	3.000000000000000e-06	3.000000000000000e-06
1.481456e+05	8.627333594358980e-02	4.512243156034165e-02	3.000000000000000e-06	3.000000000000000e-06
1.514058e+05	8.613628615963970e-02	4.507388799479230e-02	3.000000000000000e-06	3.000000000000000e-06
1.547370e+05	8.599856527098729e-02	4.502510727789855e-02	3.000000000000000e-06	3.000000000000000e-06
1.581405e+05	8.586017649627739e-02	4.497609035589799e-02	3.000000000000000e-06	3.000000000000000e-06
1.616180e+05	8.572112315658049e-02	4.492683820428536e-02	3.000000000000000e-06	3.000000000000000e-06
1.651710e+05	8.558140867508943e-02	4.487735182769570e-02	3.000000000000000e-06	3.000000000000000e-06
1.688011e+05	8.544103657676881e-02	4.482763225977535e-02	3.000000000000000e-06	3.000000000000000e-06
1.725101e+05	8.530001048795730e-02	4.477768056304113e-02	3.000000000000000e-06	3.000000000000000e-06
1.762995e+05	8.515833413592246e-02	4.472749782872754e-02	3.000000000000000e-06	3.000000000000000e-06
1.801711e+05	8.501601134836829e-02	4.467708517662194e-02	3.000000000000000e-06	3.000000000000000e-06
1.841267e+05	8.487304605289550e-02	4.462644375488798e-02	3.000000000000000e-06	3.000000000000000e-06
1.881680e+05	8.472944227641423e-02	4.457557473987703e-02	3.000000000000000e-06	3.000000000000000e-06
1.922968e+05	8.458520414450994e-02	4.452447933592792e-02	3.000000000000000e-06	3.000000000000000e-06
1.965151e+05	8.444033588076204e-02	4.447315877515498e-02	3.000000000000000e-06	3.000000000000000e-06
2.008247e+05	8.429484180601581e-02	4.442161431722434e-02	3.000000000000000e-06	3.000000000000000e-06
2.052275e+05	8.414872633760767e-02	4.436984724911875e-02	3.000000000000000e-06	3.000000000000000e-06
2.097255e+05	8.400199398854431e-02	4.431785888489099e-02	3.000000000000000e-06	3.000000000000000e-06
2.143208e+05	8.385464936663571e-02	4.426565056540581e-02	3.000000000000000e-06	3.000000000000000e-06
2.190154e+05	8.370669717358280e-02	4.421322365807082e-02	3.000000000000000e-06	3.000000000000000e-06
2.238113e+05	8.355814220401986e-02	4.416057955655619e-02	3.000000000000000e-06	3.000000000000000e-06
2.287107e+05	8.340898934451237e-02	4.410771968050339e-02	3.000000000000000e-06	3.000000000000000e-06
2.337159e+05	8.325924357251077e-02	4.405464547522332e-02	3.000000000000000e-06	3.000000000000000e-06
2.388289e+05	8.310890995526063e-02	4.400135841138358e-02	3.000000000000000e-06	3.000000000000000e-06
2.440521e+05	8.295799364866993e-02	4.394785998468550e-02	3.000000000000000e-06	3.000000000000000e-06
2.493878e+05	8.280649989613414e-02	4.389415171553078e-02	3.000000000000000e-06	3.000000000000000e-06
2.548383e+05	8.265443402731963e-02	4.384023514867814e-02	3.000000000000000e-06	3.000000000000000e-06
2.604060e+05	8.250180145690640e-02	4.378611185289003e-02	3.000000000000000e-06	3.000000000000000e-06
2.660933e+05	8.234860768329068e-02	4.373178342056980e-02	3.000000000000000e-06	3.000000000000000e-06
2.719029e+05	8.219485828724843e-02	4.367725146738930e-02	3.000000000000000e-06	3.000000000000000e-06
2.778371e+05	8.204055893056049e-02	4.362251763190741e-02	3.000000000000000e-06	3.000000000000000e-06
2.838986e+05	8.188571535460021e-02	4.356758357517948e-02	3.000000000000000e-06	3.000000000000000e-06
2.900901e+05	8.173033337888483e-02	4.351245098035819e-02	3.000000000000000e-06	3.000000000000000e-06
2.964142e+05	8.157441889959112e-02	4.345712155228585e-02	3.000000000000000e-06	3.000000000000000e-06
3.028736e+05	8.141797788803672e-02	4.340159701707851e-02	3.000000000000000e-06	3.000000000000000e-06
3.094712e+05	8.126101638912794e-02	4.334587912170216e-02	3.000000000000000e-06	3.000000000000000e-06
3.162098e+05	8.110354051977532e-02	4.328996963354134e-02	3.000000000000000e-06	3.000000000000000e-06
3.230924e+05	8.094555646727787e-02	4.323387033996019e-02	3.000000000000000e-06	3.000000000000000e-06
3.301218e+05	8.078707048767722e-02	4.317758304785668e-02	3.000000000000000e-06	3.000000000000000e-06
3.373011e+05	8.062808890408292e-02	4.312110958320978e-02	3.000000000000000e-06	3.000000000000000e-06
3.446334e+05	8.046861810496994e-02	4.306445179062036e-02	3.000000000000000e-06	3.000000000000000e-06
3.521218e+05	8.030866454244971e-02	4.300761153284576e-02	3.000000000000000e-06	3.000000000000000e-06
3.597695e+05	8.014823473051588e-02	4.295059069032861e-02	3.000000000000000e-06	3.000000000000000e-06
3.675798e+05	7.998733524326612e-02	4.289339116071996e-02	3.000000000000000e-06	3.000000000000000e-06
3.755559e+05	7.982597271310114e-02	4.283601485839729e-02	3.000000000000000e-06	3.000000000000000e-06
3.837013e+05	7.966415382890239e-02	4.277846371397750e-02	3.000000000000000e-06	3.000000000000000e-06
3.920195e+05	7.950188533418963e-02	4.272073967382542e-02	3.000000000000000e-06	3.000000000000000e-06
4.005138e+05	7.933917402525972e-02	4.266284469955791e-02	3.000000000000000e-06	3.000000000000000e-06
4.091879e+05	7.917602674930811e-02	4.260478076754417e-02	3.000000000000000e-06	3.000000000000000e-06
4.180455e+05	7.901245040253417e-02	4.254654986840233e-02	3.000000000000000e-06	3.000000000000000e-06
4.270902e+05	7.884845192823188e-02	4.248815400649285e-02	3.000000000000000e-06	3.000000000000000e-06
4.363259e+05	7.868403831486726e-02	4.242959519940892e-02	3.000000000000000e-06	3.000000000000000e-06
4.457563e+05	7.851921659414375e-02	4.237087547746431e-02	3.000000000000000e-06	3.000000000000000e-06
4.553855e+05	7.835399383905726e-02	4.231199688317889e-02	3.000000000000000e-06	3.000000000000000e-06
4.652175e+05	7.818837716194180e-02	4.225296147076231e-02	3.000000000000000e-06	3.000000000000000e-06
4.752562e+05	7.802237371250748e-02	4.219377130559596e-02	3.000000000000000e-06	3.000000000000000e-06
4.855059e+05	7.785599067587214e-02	4.213442846371378e-02	3.000000000000000e-06	3.000000000000000e-06
4.959708e+05	7.768923527058785e-02	4.207493503128207e-02	3.000000000000000e-06	3.000000000000000e-06
5.066552e+05	7.752211474666389e-02	4.201529310407866e-02	3.000000000000000e-06	3.000000000000000e-06
5.175635e+05	7.735463638358732e-02	4.195550478697196e-02	3.000000000000000e-06	3.000000000000000e-06
5.287001e+05	7.718680748834272e-02	4.189557219339983e-02	3.000000000000000e-06	3.000000000000000e-06
5.400698e+05	7.701863539343234e-02	4.183549744484903e-02	3.000000000000000e-06	3.000000000000000e-06
5.516770e+05	7.685012745489797e-02	4.177528267033524e-02	3.000000000000000e-06	3.000000000000000e-06
5.635265e+05	7.668129105034589e-02	4.171493000588408e-02	3.000000000000000e-06	3.000000000000000e-06
5.756231e+05	7.651213357697627e-02	4.165444159401358e-02	3.000000000000000e-06	3.000000000000000e-06
5.879718e+05	7.634266244961813e-02	4.159381958321807e-02	3.000000000000000e-06	3.000000000000000e-06
6.005776e+05	7.617288509877133e-02	4.153306612745416e-02	3.000000000000000e-06	3.000000000000000e-06
6.134454e+05	7.600280896865674e-02	4.147218338562886e-02	3.000000000000000e-06	3.000000000000000e-06
6.265806e+05	7.583244151527578e-02	4.141117352109028e-02	3.000000000000000e-06	3.000000000000000e-06
6.399884e+05	7.566179020448058e-02	4.135003870112103e-02	3.000000000000000e-06	3.000000000000000e-06
6.536743e+05	7.549086251005606e-02	4.128878109643485e-02	3.000000000000000e-06	3.000000000000000e-06
6.676435e+05	7.531966591181484e-02	4.122740288067643e-02	3.000000000000000e-06	3.000000000000000e-06
6.819019e+05	7.514820789370635e-02	4.116590622992500e-02	3.000000000000000e-06	3.000000000000000e-06
6.964550e+05	7.497649594194114e-02	4.110429332220174e-02	3.000000000000000e-06	3.000000000000000e-06
7.113086e+05	7.480453754313135e-02	4.104256633698135e-02	3.000000000000000e-06	3.000000000000000e-06
7.264687e+05	7.463234018244874e-02	4.098072745470799e-02	3.000000000000000e-06	3.000000000000000e-06
7.419412e+05	7.445991134180087e-02	4.091877885631631e-02	3.000000000000000e-06	3.000000000000000e-06
7.577323e+05	7.428725849802675e-02	4.085672272275571e-02	3.000000000000000e-06	3.000000000000000e-06
7.738483e+05	7.411438912111273e-02	4.079456123452211e-02	3.000000000000000e-06	3.000000000000000e-06
7.902953e+05	7.394131067242965e-02	4.073229657119341e-02	3.000000000000000e-06	3.000000000000000e-06
8.070800e+05	7.376803060299211e-02	4.066993091097092e-02	3.000000000000000e-06	3.000000000000000e-06
8.242089e+05	7.359455635174070e-02	4.060746643022649e-02	3.000000000000000e-06	3.000000000000000e-06
8.416887e+05	7.342089534384806e-02	4.054490530305559e-02	3.000000000000000e-06	3.000000000000000e-06
8.595263e+05	7.324705498904954e-02	4.048224970083648e-02	3.000000000000000e-06	3.000000000000000e-06
8.777285e+05	7.307304267999923e-02	4.041950179179571e-02	3.000000000000000e-06	3.000000000000000e-06
8.963026e+05	7.289886579065201e-02	4.035666374058004e-02	3.000000000000000e-06	3.000000000000000e-06
9.152556e+05	7.272453167467247e-02	4.029373770783502e-02	3.000000000000000e-06	3.000000000000000e-06
9.345949e+05	7.255004766387119e-02	4.023072584979038e-02	3.000000000000000e-06	3.000000000000000e-06
9.543281e+05	7.237542106666903e-02	4.016763031785228e-02	3.000000000000000e-06	3.000000000000000e-06
9.744628e+05	7.220065916659014e-02	4.010445325820267e-02	3.000000000000000e-06	3.000000000000000e-06
9.950066e+05	7.202576922078407e-02	4.004119681140592e-02	3.000000000000000e-06	3.000000000000000e-06
1.000000e+06	7.198411582389706e-02	4.002611821003429e-02	3.000000000000000e-06	3.000000000000000e-06
1.021386e+06	7.180637898476180e-02	3.996179026215817e-02	3.000000000000000e-06	3.000000000000000e-06
1.042875e+06	7.163128052385352e-02	3.989838215499385e-02	3.000000000000000e-06	3.000000000000000e-06
1.064806e+06	7.145602247986770e-02	3.983488170164030e-02	3.000000000000000e-06	3.000000000000000e-06
1.087181e+06	7.128066802890037e-02	3.977131129165186e-02	3.000000000000000e-06	3.000000000000000e-06
1.110008e+06	7.110522314755913e-02	3.970767262489473e-02	3.000000000000000e-06	3.000000000000000e-06
1.133296e+06	7.092969491877316e-02	3.964396780644285e-02	3.000000000000000e-06	3.000000000000000e-06
1.157054e+06	7.075409036653110e-02	3.958019892488045e-02	3.000000000000000e-06	3.000000000000000e-06
1.181291e+06	7.057841647787412e-02	3.951636806037982e-02	3.000000000000000e-06	3.000000000000000e-06
1.206016e+06	7.040268020124507e-02	3.945247728421155e-02	3.000000000000000e-06	3.000000000000000e-06
1.231238e+06	7.022688844534228e-02	3.938852865843392e-02	3.000000000000000e-06	3.000000000000000e-06
1.256967e+06	7.005104807799675e-02	3.932452423558697e-02	3.000000000000000e-06	3.000000000000000e-06
1.283213e+06	6.987516592508275e-02	3.926046605839472e-02	3.000000000000000e-06	3.000000000000000e-06
1.309986e+06	6.969924876946135e-02	3.919635615947564e-02	3.000000000000000e-06	3.000000000000000e-06
1.337295e+06	6.952330334995736e-02	3.913219656106127e-02	3.000000000000000e-06	3.000000000000000e-06
1.365151e+06	6.934733636036958e-02	3.906798927472308e-02	3.000000000000000e-06	3.000000000000000e-06
1.393564e+06	6.917135444851405e-02	3.900373630110746e-02	3.000000000000000e-06	3.000000000000000e-06
1.422545e+06	6.899536421530091e-02	3.893943962967906e-02	3.000000000000000e-06	3.000000000000000e-06
1.452105e+06	6.881937221384424e-02	3.887510123847215e-02	3.000000000000000e-06	3.000000000000000e-06
1.482254e+06	6.864338494860511e-02	3.881072309385036e-02	3.000000000000000e-06	3.000000000000000e-06
1.513004e+06	6.846740887456772e-02	3.874630715027440e-02	3.000000000000000e-06	3.000000000000000e-06
1.544367e+06	6.829145039644841e-02	3.868185535007814e-02	3.000000000000000e-06	3.000000000000000e-06
1.576353e+06	6.811551586793745e-02	3.861736962325256e-02	3.000000000000000e-06	3.000000000000000e-06
1.608975e+06	6.793961159097342e-02	3.855285188723798e-02	3.000000000000000e-06	3.000000000000000e-06
1.642244e+06	6.776374381505010e-02	3.848830404672424e-02	3.000000000000000e-06	3.000000000000000e-06
1.676174e+06	6.758791873655536e-02	3.842372799345881e-02	3.000000000000000e-06	3.000000000000000e-06
1.710776e+06	6.741214249814219e-02	3.835912560606298e-02	3.000000000000000e-06	3.000000000000000e-06
1.746064e+06	6.723642118813129e-02	3.829449874985578e-02	3.000000000000000e-06	3.000000000000000e-06
1.782049e+06	6.706076083994515e-02	3.822984927668580e-02	3.000000000000000e-06	3.000000000000000e-06
1.818746e+06	6.688516743157320e-02	3.816517902477073e-02	3.000000000000000e-06	3.000000000000000e-06
1.856168e+06	6.670964688506778e-02	3.810048981854462e-02	3.000000000000000e-06	3.000000000000000e-06
1.894328e+06	6.653420506607058e-02	3.803578346851264e-02	3.000000000000000e-06	3.000000000000000e-06
1.933240e+06	6.635884778336923e-02	3.797106177111351e-02	3.000000000000000e-06	3.000000000000000e-06
1.972919e+06	6.618358078848353e-02	3.790632650858927e-02	3.000000000000000e-06	3.000000000000000e-06
2.013379e+06	6.600840977528125e-02	3.784157944886245e-02	3.000000000000000e-06	3.000000000000000e-06
2.054635e+06	6.583334037962271e-02	3.777682234542046e-02	3.000000000000000e-06	3.000000000000000e-06
2.096701e+06	6.565837817903410e-02	3.771205693720726e-02	3.000000000000000e-06	3.000000000000000e-06
2.139594e+06	6.548352869240884e-02	3.764728494852204e-02	3.000000000000000e-06	3.000000000000000e-06
2.183327e+06	6.530879737973679e-02	3.758250808892483e-02	3.000000000000000e-06	3.000000000000000e-06
2.227918e+06	6.513418964186067e-02	3.751772805314917e-02	3.000000000000000e-06	3.000000000000000e-06
2.273382e+06	6.495971082025935e-02	3.745294652102134e-02	3.000000000000000e-06	3.000000000000000e-06
2.319736e+06	6.478536619685754e-02	3.738816515738652e-02	3.000000000000000e-06	3.000000000000000e-06
2.366996e+06	6.461116099386137e-02	3.732338561204126e-02	3.000000000000000e-06	3.000000000000000e-06
2.415180e+06	6.443710037361949e-02	3.725860951967259e-02	3.000000000000000e-06	3.000000000000000e-06
2.464304e+06	6.426318943850906e-02	3.719383849980348e-02	3.000000000000000e-06	3.000000000000000e-06
2.514387e+06	6.408943323084627e-02	3.712907415674440e-02	3.000000000000000e-06	3.000000000000000e-06
2.565445e+06	6.391583673282079e-02	3.706431807955118e-02	3.000000000000000e-06	3.000000000000000e-06
2.617498e+06	6.374240486645384e-02	3.699957184198876e-02	3.000000000000000e-06	3.000000000000000e-06
2.670565e+06	6.356914249357909e-02	3.693483700250088e-02	3.000000000000000e-06	3.000000000000000e-06
2.724663e+06	6.339605441584618e-02	3.687011510418559e-02	3.000000000000000e-06	3.000000000000000e-06
2.779813e+06	6.322314537474619e-02	3.680540767477635e-02	3.000000000000000e-06	3.000000000000000e-06
2.836033e+06	6.305042005165852e-02	3.674071622662869e-02	3.000000000000000e-06	3.000000000000000e-06
2.893345e+06	6.287788306791885e-02	3.667604225671239e-02	3.000000000000000e-06	3.000000000000000e-06
2.951768e+06	6.270553898490741e-02	3.661138724660878e-02	3.000000000000000e-06	3.000000000000000e-06
3.011323e+06	6.253339230415739e-02	3.654675266251346e-02	3.000000000000000e-06	3.000000000000000e-06
3.072031e+06	6.236144746748251e-02	3.648213995524389e-02	3.000000000000000e-06	3.000000000000000e-06
3.133913e+06	6.218970885712381e-02	3.641755056025203e-02	3.000000000000000e-06	3.000000000000000e-06
3.196993e+06	6.201818079591461e-02	3.635298589764181e-02	3.000000000000000e-06	3.000000000000000e-06
3.261291e+06	6.184686754746349e-02	3.628844737219122e-02	3.000000000000000e-06	3.000000000000000e-06
3.326830e+06	6.167577331635463e-02	3.622393637337916e-02	3.000000000000000e-06	3.000000000000000e-06
3.393635e+06	6.150490224836504e-02	3.615945427541657e-02	3.000000000000000e-06	3.000000000000000e-06
3.461727e+06	6.133425843069819e-02	3.609500243728204e-02	3.000000000000000e-06	3.000000000000000e-06
3.531132e+06	6.116384589223352e-02	3.603058220276165e-02	3.000000000000000e-06	3.000000000000000e-06
3.601874e+06	6.099366860379137e-02	3.596619490049286e-02	3.000000000000000e-06	3.000000000000000e-06
3.673976e+06	6.082373047841274e-02	3.590184184401247e-02	3.000000000000000e-06	3.000000000000000e-06
3.747466e+06	6.065403537165358e-02	3.583752433180842e-02	3.000000000000000e-06	3.000000000000000e-06
3.822368e+06	6.048458708189294e-02	3.577324364737543e-02	3.000000000000000e-06	3.000000000000000e-06
3.898709e+06	6.031538935065461e-02	3.570900105927423e-02	3.000000000000000e-06	3.000000000000000e-06
3.976516e+06	6.014644586294168e-02	3.564479782119437e-02	3.000000000000000e-06	3.000000000000000e-06
4.055815e+06	5.997776024758379e-02	3.558063517202047e-02	3.000000000000000e-06	3.000000000000000e-06
4.136635e+06	5.980933607759625e-02	3.551651433590178e-02	3.000000000000000e-06	3.000000000000000e-06
4.219004e+06	5.964117687055087e-02	3.545243652232501e-02	3.000000000000000e-06	3.000000000000000e-06
4.302949e+06	5.947328608895799e-02	3.538840292619017e-02	3.000000000000000e-06	3.000000000000000e-06
4.388502e+06	5.930566714065907e-02	3.532441472788952e-02	3.000000000000000e-06	3.000000000000000e-06
4.475691e+06	5.913832337922974e-02	3.526047309338937e-02	3.000000000000000e-06	3.000000000000000e-06
4.564547e+06	5.897125810439261e-02	3.519657917431462e-02	3.000000000000000e-06	3.000000000000000e-06
4.655101e+06	5.880447456243953e-02	3.513273410803614e-02	3.000000000000000e-06	3.000000000000000e-06
4.747384e+06	5.863797594666283e-02	3.506893901776061e-02	3.000000000000000e-06	3.000000000000000e-06
4.841429e+06	5.847176539779526e-02	3.500519501262288e-02	3.000000000000000e-06	3.000000000000000e-06
4.937267e+06	5.830584600445805e-02	3.494150318778078e-02	3.000000000000000e-06	3.000000000000000e-06
5.034933e+06	5.814022080361681e-02	3.487786462451220e-02	3.000000000000000e-06	3.000000000000000e-06
5.134460e+06	5.797489278104494e-02	3.481428039031434e-02	3.000000000000000e-06	3.000000000000000e-06
5.235882e+06	5.780986487179393e-02	3.475075153900513e-02	3.000000000000000e-06	3.000000000000000e-06
5.339235e+06	5.764513996067051e-02	3.468727911082664e-02	3.000000000000000e-06	3.000000000000000e-06
5.444554e+06	5.748072088272001e-02	3.462386413255046e-02	3.000000000000000e-06	3.000000000000000e-06
5.551876e+06	5.731661042371573e-02	3.456050761758487e-02	3.000000000000000e-06	3.000000000000000e-06
5.661238e+06	5.715281132065393e-02	3.449721056608380e-02	3.000000000000000e-06	3.000000000000000e-06
5.772677e+06	5.698932626225409e-02	3.443397396505750e-02	3.000000000000000e-06	3.000000000000000e-06
5.886233e+06	5.682615788946412e-02	3.437079878848473e-02	3.000000000000000e-06	3.000000000000000e-06
6.001943e+06	5.666330879597013e-02	3.430768599742655e-02	3.000000000000000e-06	3.000000000000000e-06
6.119849e+06	5.650078152871066e-02	3.424463654014143e-02	3.000000000000000e-06	3.000000000000000e-06
6.239991e+06	5.633857858839476e-02	3.418165135220188e-02	3.000000000000000e-06	3.000000000000000e-06
6.362409e+06	5.617670243002380e-02	3.411873135661217e-02	3.000000000000000e-06	3.000000000000000e-06
6.487147e+06	5.601515546341677e-02	3.405587746392742e-02	3.000000000000000e-06	3.000000000000000e-06
6.614246e+06	5.585394005373860e-02	3.399309057237374e-02	3.000000000000000e-06	3.000000000000000e-06
6.743752e+06	5.569305852203137e-02	3.393037156796943e-02	3.000000000000000e-06	3.000000000000000e-06
6.875707e+06	5.553251314574806e-02	3.386772132464726e-02	3.000000000000000e-06	3.000000000000000e-06
7.010158e+06	5.537230615928869e-02	3.380514070437756e-02	3.000000000000000e-06	3.000000000000000e-06
7.147150e+06	5.521243975453841e-02	3.374263055729228e-02	3.000000000000000e-06	3.000000000000000e-06
7.286731e+06	5.505291608140748e-02	3.368019172180980e-02	3.000000000000000e-06	3.000000000000000e-06
7.428948e+06	5.489373724837278e-02	3.361782502476045e-02	3.000000000000000e-06	3.000000000000000e-06
7.573851e+06	5.473490532302067e-02	3.355553128151283e-02	3.000000000000000e-06	3.000000000000000e-06
7.721488e+06	5.457642233259095e-02	3.349331129610056e-02	3.000000000000000e-06	3.000000000000000e-06
7.871910e+06	5.441829026452173e-02	3.343116586134979e-02	3.000000000000000e-06	3.000000000000000e-06
8.025169e+06	5.426051106699496e-02	3.336909575900709e-02	3.000000000000000e-06	3.000000000000000e-06
8.181317e+06	5.410308664948248e-02	3.330710175986787e-02	3.000000000000000e-06	3.000000000000000e-06
8.340407e+06	5.394601888329227e-02	3.324518462390510e-02	3.000000000000000e-06	3.000000000000000e-06
8.502494e+06	5.378930960211487e-02	3.318334510039853e-02	3.000000000000000e-06	3.000000000000000e-06
8.667633e+06	5.363296060256968e-02	3.312158392806409e-02	3.000000000000000e-06	3.000000000000000e-06
8.835881e+06	5.347697364475094e-02	3.305990183518361e-02	3.000000000000000e-06	3.000000000000000e-06
9.007294e+06	5.332135045277336e-02	3.299829953973472e-02	3.000000000000000e-06	3.000000000000000e-06
9.181932e+06	5.316609271531706e-02	3.293677774952094e-02	3.000000000000000e-06	3.000000000000000e-06
9.359853e+06	5.301120208617176e-02	3.287533716230188e-02	3.000000000000000e-06	3.000000000000000e-06
9.541119e+06	5.285668018478011e-02	3.281397846592352e-02	3.000000000000000e-06	3.000000000000000e-06
9.725791e+06	5.270252859677985e-02	3.275270233844853e-02	3.000000000000000e-06	3.000000000000000e-06
9.913932e+06	5.254874887454489e-02	3.269150944828662e-02	3.000000000000000e-06	3.000000000000000e-06
1.000000e+07	5.247991962221514e-02	3.266408354949446e-02	3.000000000000000e-06	3.000000000000000e-06
1.019527e+07	5.232510393556046e-02	3.260238415757228e-02	3.000000000000000e-06	3.000000000000000e-06
1.039219e+07	5.217227392196246e-02	3.254141030321414e-02	3.000000000000000e-06	3.000000000000000e-06
1.059283e+07	5.201979118102531e-02	3.248051008893446e-02	3.000000000000000e-06	3.000000000000000e-06
1.079724e+07	5.186768738774917e-02	3.241969619760797e-02	3.000000000000000e-06	3.000000000000000e-06
1.100549e+07	5.171596336390674e-02	3.235896902453329e-02	3.000000000000000e-06	3.000000000000000e-06
1.121764e+07	5.156462047023914e-02	3.229832918301448e-02	3.000000000000000e-06	3.000000000000000e-06
1.143376e+07	5.141366002771639e-02	3.223777727348272e-02	3.000000000000000e-06	3.000000000000000e-06
1.165393e+07	5.126308332874924e-02	3.217731388789132e-02	3.000000000000000e-06	3.000000000000000e-06
1.187823e+07	5.111289163751577e-02	3.211693960976560e-02	3.000000000000000e-06	3.000000000000000e-06
1.210673e+07	5.096308619048646e-02	3.205665501433278e-02	3.000000000000000e-06	3.000000000000000e-06
1.233950e+07	5.081366819694306e-02	3.199646066864998e-02	3.000000000000000e-06	3.000000000000000e-06
1.257664e+07	5.066463883949499e-02	3.193635713173182e-02	3.000000000000000e-06	3.000000000000000e-06
1.281821e+07	5.051599927459331e-02	3.187634495467773e-02	3.000000000000000e-06	3.000000000000000e-06
1.306429e+07	5.036775063304183e-02	3.181642468079880e-02	3.000000000000000e-06	3.000000000000000e-06
1.331499e+07	5.021989402050574e-02	3.175659684574417e-02	3.000000000000000e-06	3.000000000000000e-06
1.357036e+07	5.007243051801729e-02	3.169686197762706e-02	3.000000000000000e-06	3.000000000000000e-06
1.383052e+07	4.992536118247875e-02	3.163722059715016e-02	3.000000000000000e-06	3.000000000000000e-06
1.409553e+07	4.977868704716246e-02	3.157767321773071e-02	3.000000000000000e-06	3.000000000000000e-06
1.436550e+07	4.963240912220797e-02	3.151822034562501e-02	3.000000000000000e-06	3.000000000000000e-06
1.464051e+07	4.948652839511618e-02	3.145886248005234e-02	3.000000000000000e-06	3.000000000000000e-06
1.492065e+07	4.934104583124052e-02	3.139960011331846e-02	3.000000000000000e-06	3.000000000000000e-06
1.520603e+07	4.919596237427507e-02	3.134043373093848e-02	3.000000000000000e-06	3.000000000000000e-06
1.549673e+07	4.905127894673954e-02	3.128136381175923e-02	3.000000000000000e-06	3.000000000000000e-06
1.579286e+07	4.890699645046128e-02	3.122239082808101e-02	3.000000000000000e-06	3.000000000000000e-06
1.609451e+07	4.876311576705394e-02	3.116351524577877e-02	3.000000000000000e-06	3.000000000000000e-06
1.640179e+07	4.861963775839319e-02	3.110473752442273e-02	3.000000000000000e-06	3.000000000000000e-06
1.671481e+07	4.847656326708907e-02	3.104605811739835e-02	3.000000000000000e-06	3.000000000000000e-06
1.703366e+07	4.833389311695527e-02	3.098747747202572e-02	3.000000000000000e-06	3.000000000000000e-06
1.735845e+07	4.819162811347508e-02	3.092899602967832e-02	3.000000000000000e-06	3.000000000000000e-06
1.768930e+07	4.804976904426417e-02	3.087061422590114e-02	3.000000000000000e-06	3.000000000000000e-06
1.802632e+07	4.790831667953009e-02	3.081233249052822e-02	3.000000000000000e-06	3.000000000000000e-06
1.836962e+07	4.776727177252854e-02	3.075415124779948e-02	3.000000000000000e-06	3.000000000000000e-06
1.871931e+07	4.762663506001633e-02	3.069607091647695e-02	3.000000000000000e-06	3.000000000000000e-06
1.907552e+07	4.748640726270110e-02	3.063809190996036e-02	3.000000000000000e-06	3.000000000000000e-06
1.943836e+07	4.734658908568774e-02	3.058021463640200e-02	3.000000000000000e-06	3.000000000000000e-06
1.980796e+07	4.720718121892164e-02	3.052243949882106e-02	3.000000000000000e-06	3.000000000000000e-06
2.018444e+07	4.706818433762846e-02	3.046476689521716e-02	3.000000000000000e-06	3.000000000000000e-06
2.056792e+07	4.692959910275086e-02	3.040719721868334e-02	3.000000000000000e-06	3.000000000000000e-06
2.095855e+07	4.679142616138181e-02	3.034973085751830e-02	3.000000000000000e-06	3.000000000000000e-06
2.135644e+07	4.665366614719472e-02	3.029236819533803e-02	3.000000000000000e-06	3.000000000000000e-06
2.176174e+07	4.651631968087028e-02	3.023510961118676e-02	3.000000000000000e-06	3.000000000000000e-06
2.217458e+07	4.637938737052011e-02	3.017795547964720e-02	3.000000000000000e-06	3.000000000000000e-06
2.259510e+07	4.624286981210712e-02	3.012090617095019e-02	3.000000000000000e-06	3.000000000000000e-06
2.302344e+07	4.610676758986271e-02	3.006396205108365e-02	3.000000000000000e-06	3.000000000000000e-06
2.345974e+07	4.597108127670078e-02	3.000712348190081e-02	3.000000000000000e-06	3.000000000000000e-06
2.390416e+07	4.583581143462848e-02	2.995039082122786e-02	3.000000000000000e-06	3.000000000000000e-06
2.435684e+07	4.570095861515393e-02	2.989376442297091e-02	3.000000000000000e-06	3.000000000000000e-06
2.481794e+07	4.556652335969062e-02	2.983724463722227e-02	3.000000000000000e-06	3.000000000000000e-06
2.528760e+07	4.543250619995883e-02	2.978083181036609e-02	3.000000000000000e-06	3.000000000000000e-06
2.576599e+07	4.529890765838392e-02	2.972452628518333e-02	3.000000000000000e-06	3.000000000000000e-06
2.625328e+07	4.516572824849143e-02	2.966832840095610e-02	3.000000000000000e-06	3.000000000000000e-06
2.674961e+07	4.503296847529926e-02	2.961223849357136e-02	3.000000000000000e-06	3.000000000000000e-06
2.725517e+07	4.490062883570672e-02	2.955625689562393e-02	3.000000000000000e-06	3.000000000000000e-06
2.777012e+07	4.476870981888059e-02	2.950038393651890e-02	3.000000000000000e-06	3.000000000000000e-06
2.829463e+07	4.463721190663820e-02	2.944461994257339e-02	3.000000000000000e-06	3.000000000000000e-06
2.882888e+07	4.450613557382753e-02	2.938896523711768e-02	3.000000000000000e-06	3.000000000000000e-06
2.937306e+07	4.437548128870442e-02	2.933342014059575e-02	3.000000000000000e-06	3.000000000000000e-06
2.992734e+07	4.424524951330676e-02	2.927798497066511e-02	3.000000000000000e-06	3.000000000000000e-06
3.049191e+07	4.411544070382595e-02	2.922266004229611e-02	3.000000000000000e-06	3.000000000000000e-06
3.106696e+07	4.398605531097537e-02	2.916744566787058e-02	3.000000000000000e-06	3.000000000000000e-06
3.165268e+07	4.385709378035610e-02	2.911234215727992e-02	3.000000000000000e-06	3.000000000000000e-06
3.224928e+07	4.372855655281981e-02	2.905734981802253e-02	3.000000000000000e-06	3.000000000000000e-06
3.285694e+07	4.360044406482888e-02	2.900246895530070e-02	3.000000000000000e-06	3.000000000000000e-06
3.347589e+07	4.347275674881387e-02	2.894769987211688e-02	3.000000000000000e-06	3.000000000000000e-06
3.410632e+07	4.334549503352807e-02	2.889304286936943e-02	3.000000000000000e-06	3.000000000000000e-06
3.474845e+07	4.321865934439965e-02	2.883849824594769e-02	3.000000000000000e-06	3.000000000000000e-06
3.540249e+07	4.309225010388091e-02	2.878406629882662e-02	3.000000000000000e-06	3.000000000000000e-06
3.606866e+07	4.296626773179506e-02	2.872974732316080e-02	3.000000000000000e-06	3.000000000000000e-06
3.674719e+07	4.284071264568037e-02	2.867554161237788e-02	3.000000000000000e-06	3.000000000000000e-06
3.743831e+07	4.271558526113175e-02	2.862144945827155e-02	3.000000000000000e-06	3.000000000000000e-06
3.814225e+07	4.259088599213983e-02	2.856747115109389e-02	3.000000000000000e-06	3.000000000000000e-06
3.885924e+07	4.246661525142751e-02	2.851360697964728e-02	3.000000000000000e-06	3.000000000000000e-06
3.958953e+07	4.234277345078406e-02	2.845985723137573e-02	3.000000000000000e-06	3.000000000000000e-06
4.033336e+07	4.221936100139680e-02	2.840622219245574e-02	3.000000000000000e-06	3.000000000000000e-06
4.109098e+07	4.209637831418034e-02	2.835270214788663e-02	3.000000000000000e-06	3.000000000000000e-06
4.186265e+07	4.197382580010346e-02	2.829929738158039e-02	3.000000000000000e-06	3.000000000000000e-06
4.264863e+07	4.185170387051363e-02	2.824600817645104e-02	3.000000000000000e-06	3.000000000000000e-06
4.344918e+07	4.173001293745928e-02	2.819283481450353e-02	3.000000000000000e-06	3.000000000000000e-06
4.426457e+07	4.160875341400964e-02	2.813977757692214e-02	3.000000000000000e-06	3.000000000000000e-06
4.509507e+07	4.148792571457247e-02	2.808683674415846e-02	3.000000000000000e-06	3.000000000000000e-06
4.594097e+07	4.136753025520946e-02	2.803401259601887e-02	3.000000000000000e-06	3.000000000000000e-06
4.680255e+07	4.124756745394948e-02	2.798130541175161e-02	3.000000000000000e-06	3.000000000000000e-06
4.768010e+07	4.112803773109960e-02	2.792871547013345e-02	3.000000000000000e-06	3.000000000000000e-06
4.857391e+07	4.100894150955403e-02	2.787624304955584e-02	3.000000000000000e-06	3.000000000000000e-06
4.948429e+07	4.089027921510087e-02	2.782388842811072e-02	3.000000000000000e-06	3.000000000000000e-06
5.041154e+07	4.077205127672683e-02	2.777165188367591e-02	3.000000000000000e-06	3.000000000000000e-06
5.135597e+07	4.065425812691979e-02	2.771953369400008e-02	3.000000000000000e-06	3.000000000000000e-06
5.231790e+07	4.053690020196941e-02	2.766753413678736e-02	3.000000000000000e-06	3.000000000000000e-06
5.329766e+07	4.041997794226568e-02	2.761565348978150e-02	3.000000000000000e-06	3.000000000000000e-06
5.429557e+07	4.030349179259540e-02	2.756389203084978e-02	3.000000000000000e-06	3.000000000000000e-06
5.531197e+07	4.018744220243682e-02	2.751225003806643e-02	3.000000000000000e-06	3.000000000000000e-06
5.634721e+07	4.007182962625225e-02	2.746072778979578e-02	3.000000000000000e-06	3.000000000000000e-06
5.740162e+07	3.995665452377871e-02	2.740932556477499e-02	3.000000000000000e-06	3.000000000000000e-06
5.847557e+07	3.984191736031673e-02	2.735804364219655e-02	3.000000000000000e-06	3.000000000000000e-06
5.956942e+07	3.972761860701722e-02	2.730688230179034e-02	3.000000000000000e-06	3.000000000000000e-06
6.068354e+07	3.961375874116652e-02	2.725584182390542e-02	3.000000000000000e-06	3.000000000000000e-06
6.181829e+07	3.950033824646950e-02	2.720492248959153e-02	3.000000000000000e-06	3.000000000000000e-06
6.297406e+07	3.938735761333096e-02	2.715412458068027e-02	3.000000000000000e-06	3.000000000000000e-06
6.415125e+07	3.927481733913506e-02	2.710344837986593e-02	3.000000000000000e-06	3.000000000000000e-06
6.535024e+07	3.916271792852306e-02	2.705289417078616e-02	3.000000000000000e-06	3.000000000000000e-06
6.657144e+07	3.905105989366926e-02	2.700246223810224e-02	3.000000000000000e-06	3.000000000000000e-06
6.781527e+07	3.893984375455506e-02	2.695215286757913e-02	3.000000000000000e-06	3.000000000000000e-06
6.908213e+07	3.882907003924143e-02	2.690196634616531e-02	3.000000000000000e-06	3.000000000000000e-06
7.037246e+07	3.871873928413946e-02	2.685190296207228e-02	3.000000000000000e-06	3.000000000000000e-06
7.168669e+07	3.860885203427929e-02	2.680196300485389e-02	3.000000000000000e-06	3.000000000000000e-06
7.302527e+07	3.849940884357725e-02	2.675214676548539e-02	3.000000000000000e-06	3.000000000000000e-06
7.438864e+07	3.839041027510127e-02	2.670245453644229e-02	3.000000000000000e-06	3.000000000000000e-06
7.577726e+07	3.828185690133465e-02	2.665288661177895e-02	3.000000000000000e-06	3.000000000000000e-06
7.719161e+07	3.817374930443802e-02	2.660344328720704e-02	3.000000000000000e-06	3.000000000000000e-06
7.863215e+07	3.806608807650966e-02	2.655412486017376e-02	3.000000000000000e-06	3.000000000000000e-06
8.009937e+07	3.795887381984415e-02	2.650493162993979e-02	3.000000000000000e-06	3.000000000000000e-06
8.159377e+07	3.785210714718919e-02	2.645586389765723e-02	3.000000000000000e-06	3.000000000000000e-06
8.311585e+07	3.774578868200091e-02	2.640692196644718e-02	3.000000000000000e-06	3.000000000000000e-06
8.466612e+07	3.763991905869729e-02	2.635810614147726e-02	3.000000000000000e-06	3.000000000000000e-06
8.624511e+07	3.753449892291007e-02	2.630941673003896e-02	3.000000000000000e-06	3.000000000000000e-06
8.785334e+07	3.742952893173480e-02	2.626085404162477e-02	3.000000000000000e-06	3.000000000000000e-06
8.949136e+07	3.732500975397928e-02	2.621241838800527e-02	3.000000000000000e-06	3.000000000000000e-06
9.115972e+07	3.722094207041028e-02	2.616411008330597e-02	3.000000000000000e-06	3.000000000000000e-06
9.285898e+07	3.711732657399851e-02	2.611592944408406e-02	3.000000000000000e-06	3.000000000000000e-06
9.458971e+07	3.701416397016188e-02	2.606787678940511e-02	3.000000000000000e-06	3.000000000000000e-06
9.635250e+07	3.691145497700705e-02	2.601995244091950e-02	3.000000000000000e-06	3.000000000000000e-06
9.814795e+07	3.680920032556918e-02	2.597215672293890e-02	3.000000000000000e-06	3.000000000000000e-06
9.997665e+07	3.670740076005000e-02	2.592448996251253e-02	3.000000000000000e-06	3.000000000000000e-06
1.000000e+08	3.670613189210267e-02	2.592389449960697e-02	3.000000000000000e-06	3.000000000000000e-06
1.018971e+08	3.660293805020101e-02	2.587548852375314e-02	3.000000000000000e-06	3.000000000000000e-06
1.037946e+08	3.650209876570232e-02	2.582810051615792e-02	3.000000000000000e-06	3.000000000000000e-06
1.057279e+08	3.640168240839387e-02	2.578082629885957e-02	3.000000000000000e-06	3.000000000000000e-06
1.076970e+08	3.630172490195697e-02	2.573368268121966e-02	3.000000000000000e-06	3.000000000000000e-06
1.097026e+08	3.620222642173501e-02	2.568666970520365e-02	3.000000000000000e-06	3.000000000000000e-06
1.117453e+08	3.610318780788615e-02	2.563978772144653e-02	3.000000000000000e-06	3.000000000000000e-06
1.138259e+08	3.600460990353468e-02	2.559303707829081e-02	3.000000000000000e-06	3.000000000000000e-06
1.159450e+08	3.590649356703206e-02	2.554641812752763e-02	3.000000000000000e-06	3.000000000000000e-06
1.181034e+08	3.580883967195939e-02	2.549993122436926e-02	3.000000000000000e-06	3.000000000000000e-06
1.203017e+08	3.571164910735075e-02	2.545357672752660e-02	3.000000000000000e-06	3.000000000000000e-06
1.225408e+08	3.561492277791044e-02	2.540735499928466e-02	3.000000000000000e-06	3.000000000000000e-06
1.248213e+08	3.551866160422831e-02	2.536126640557818e-02	3.000000000000000e-06	3.000000000000000e-06
1.271441e+08	3.542286652299303e-02	2.531531131606707e-02	3.000000000000000e-06	3.000000000000000e-06
1.295100e+08	3.532753848720317e-02	2.526949010421197e-02	3.000000000000000e-06	3.000000000000000e-06
1.319197e+08	3.523267846637625e-02	2.522380314734966e-02	3.000000000000000e-06	3.000000000000000e-06
1.343740e+08	3.513828744675553e-02	2.517825082676859e-02	3.000000000000000e-06	3.000000000000000e-06
1.368737e+08	3.504436643151462e-02	2.513283352778428e-02	3.000000000000000e-06	3.000000000000000e-06
1.394199e+08	3.495091644095979e-02	2.508755163981482e-02	3.000000000000000e-06	3.000000000000000e-06
1.420131e+08	3.485793851273001e-02	2.504240555645627e-02	3.000000000000000e-06	3.000000000000000e-06
1.446545e+08	3.476543370199459e-02	2.499739567555818e-02	3.000000000000000e-06	3.000000000000000e-06
1.473447e+08	3.467340308164846e-02	2.495252239929898e-02	3.000000000000000e-06	3.000000000000000e-06
1.500848e+08	3.458184774250497e-02	2.490778613426153e-02	3.000000000000000e-06	3.000000000000000e-06
1.528757e+08	3.449076879348616e-02	2.486318729150856e-02	3.000000000000000e-06	3.000000000000000e-06
1.557183e+08	3.440016736181055e-02	2.481872628665820e-02	3.000000000000000e-06	3.000000000000000e-06
1.586136e+08	3.431004459317819e-02	2.477440353995951e-02	3.000000000000000e-06	3.000000000000000e-06
1.615626e+08	3.422040165195316e-02	2.473021947636802e-02	3.000000000000000e-06	3.000000000000000e-06
1.645662e+08	3.413123972134324e-02	2.468617452562133e-02	3.000000000000000e-06	3.000000000000000e-06
1.676254e+08	3.404256000357683e-02	2.464226912231469e-02	3.000000000000000e-06	3.000000000000000e-06
1.707414e+08	3.395436372007701e-02	2.459850370597668e-02	3.000000000000000e-06	3.000000000000000e-06
1.739151e+08	3.386665211163266e-02	2.455487872114482e-02	3.000000000000000e-06	3.000000000000000e-06
1.771476e+08	3.377942643856657e-02	2.451139461744135e-02	3.000000000000000e-06	3.000000000000000e-06
1.804400e+08	3.369268798090057e-02	2.446805184964892e-02	3.000000000000000e-06	3.000000000000000e-06
1.837935e+08	3.360643803851739e-02	2.442485087778636e-02	3.000000000000000e-06	3.000000000000000e-06
1.872091e+08	3.352067793131943e-02	2.438179216718455e-02	3.000000000000000e-06	3.000000000000000e-06
1.906881e+08	3.343540899938423e-02	2.433887618856221e-02	3.000000000000000e-06	3.000000000000000e-06
1.942315e+08	3.335063260311652e-02	2.429610341810185e-02	3.000000000000000e-06	3.000000000000000e-06
1.978406e+08	3.326635012339690e-02	2.425347433752567e-02	3.000000000000000e-06	3.000000000000000e-06
2.015166e+08	3.318256296172694e-02	2.421098943417154e-02	3.000000000000000e-06	3.000000000000000e-06
2.052608e+08	3.309927254037080e-02	2.416864920106902e-02	3.000000000000000e-06	3.000000000000000e-06
2.090744e+08	3.301648030249300e-02	2.412645413701540e-02	3.000000000000000e-06	3.000000000000000e-06
2.129587e+08	3.293418771229255e-02	2.408440474665182e-02	3.000000000000000e-06	3.000000000000000e-06
2.169150e+08	3.285239625513321e-02	2.404250154053933e-02	3.000000000000000e-06	3.000000000000000e-06
2.209447e+08	3.277110743766968e-02	2.400074503523516e-02	3.000000000000000e-06	3.000000000000000e-06
2.250491e+08	3.269032278796997e-02	2.395913575336879e-02	3.000000000000000e-06	3.000000000000000e-06
2.292296e+08	3.261004385563344e-02	2.391767422371831e-02	3.000000000000000e-06	3.000000000000000e-06
2.334876e+08	3.253027221190474e-02	2.387636098128658e-02	3.000000000000000e-06	3.000000000000000e-06
2.378246e+08	3.245100944978336e-02	2.383519656737759e-02	3.000000000000000e-06	3.000000000000000e-06
2.422420e+08	3.237225718412882e-02	2.379418152967272e-02	3.000000000000000e-06	3.000000000000000e-06
2.467413e+08	3.229401705176133e-02	2.375331642230713e-02	3.000000000000000e-06	3.000000000000000e-06
2.513241e+08	3.221629071155777e-02	2.371260180594610e-02	3.000000000000000e-06	3.000000000000000e-06
2.559919e+08	3.213907984454309e-02	2.367203824786139e-02	3.000000000000000e-06	3.000000000000000e-06
2.607463e+08	3.206238615397676e-02	2.363162632200765e-02	3.000000000000000e-06	3.000000000000000e-06
2.655888e+08	3.198621136543436e-02	2.359136660909881e-02	3.000000000000000e-06	3.000000000000000e-06
2.705212e+08	3.191055722688414e-02	2.355125969668447e-02	3.000000000000000e-06	3.000000000000000e-06
2.755451e+08	3.183542550875841e-02	2.351130617922633e-02	3.000000000000000e-06	3.000000000000000e-06
2.806622e+08	3.176081800401975e-02	2.347150665817456e-02	3.000000000000000e-06	3.000000000000000e-06
2.858742e+08	3.168673652822181e-02	2.343186174204416e-02	3.000000000000000e-06	3.000000000000000e-06
2.911829e+08	3.161318291956468e-02	2.339237204649140e-02	3.000000000000000e-06	3.000000000000000e-06
2.965901e+08	3.154015903894467e-02	2.335303819439009e-02	3.000000000000000e-06	3.000000000000000e-06
3.020977e+08	3.146766676999842e-02	2.331386081590791e-02	3.000000000000000e-06	3.000000000000000e-06
3.077074e+08	3.139570801914124e-02	2.327484054858272e-02	3.000000000000000e-06	3.000000000000000e-06
3.134212e+08	3.132428471559947e-02	2.323597803739876e-02	3.000000000000000e-06	3.000000000000000e-06
3.192411e+08	3.125339881143693e-02	2.319727393486285e-02	3.000000000000000e-06	3.000000000000000e-06
3.251689e+08	3.118305228157512e-02	2.315872890108051e-02	3.000000000000000e-06	3.000000000000000e-06
3.312068e+08	3.111324712380727e-02	2.312034360383202e-02	3.000000000000000e-06	3.000000000000000e-06
3.373567e+08	3.104398535880597e-02	2.308211871864839e-02	3.000000000000000e-06	3.000000000000000e-06
3.436208e+08	3.097526903012435e-02	2.304405492888727e-02	3.000000000000000e-06	3.000000000000000e-06
3.500011e+08	3.090710020419067e-02	2.300615292580878e-02	3.000000000000000e-06	3.000000000000000e-06
3.564999e+08	3.083948097029621e-02	2.296841340865115e-02	3.000000000000000e-06	3.000000000000000e-06
3.631193e+08	3.077241344057634e-02	2.293083708470637e-02	3.000000000000000e-06	3.000000000000000e-06
3.698616e+08	3.070589974998467e-02	2.289342466939562e-02	3.000000000000000e-06	3.000000000000000e-06
3.767290e+08	3.063994205626015e-02	2.285617688634460e-02	3.000000000000000e-06	3.000000000000000e-06
3.837240e+08	3.057454253988703e-02	2.281909446745874e-02	3.000000000000000e-06	3.000000000000000e-06
3.908488e+08	3.050970340404753e-02	2.278217815299819e-02	3.000000000000000e-06	3.000000000000000e-06
3.981059e+08	3.044542687456720e-02	2.274542869165273e-02	3.000000000000000e-06	3.000000000000000e-06
4.054977e+08	3.038171519985272e-02	2.270884684061638e-02	3.000000000000000e-06	3.000000000000000e-06
4.130268e+08	3.031857065082217e-02	2.267243336566193e-02	3.000000000000000e-06	3.000000000000000e-06
4.206957e+08	3.025599552082760e-02	2.263618904121520e-02	3.000000000000000e-06	3.000000000000000e-06
4.285070e+08	3.019399212556973e-02	2.260011465042906e-02	3.000000000000000e-06	3.000000000000000e-06
4.364634e+08	3.013256280300488e-02	2.256421098525731e-02	3.000000000000000e-06	3.000000000000000e-06
4.445676e+08	3.007170991324377e-02	2.252847884652818e-02	3.000000000000000e-06	3.000000000000000e-06
4.528223e+08	3.001143583844233e-02	2.249291904401765e-02	3.000000000000000e-06	3.000000000000000e-06
4.612303e+08	2.995174298268417e-02	2.245753239652247e-02	3.000000000000000e-06	3.000000000000000e-06
4.697944e+08	2.989263377185496e-02	2.242231973193290e-02	3.000000000000000e-06	3.000000000000000e-06
4.785177e+08	2.983411065350825e-02	2.238728188730507e-02	3.000000000000000e-06	3.000000000000000e-06
4.874030e+08	2.977617609672288e-02	2.235241970893309e-02	3.000000000000000e-06	3.000000000000000e-06
4.964534e+08	2.971883259195192e-02	2.231773405242077e-02	3.000000000000000e-06	3.000000000000000e-06
5.056719e+08	2.966208265086280e-02	2.228322578275301e-02	3.000000000000000e-06	3.000000000000000e-06
5.150617e+08	2.960592880616895e-02	2.224889577436671e-02	3.000000000000000e-06	3.000000000000000e-06
5.246260e+08	2.955037361145244e-02	2.221474491122145e-02	3.000000000000000e-06	3.000000000000000e-06
5.343679e+08	2.949541964097788e-02	2.218077408686955e-02	3.000000000000000e-06	3.000000000000000e-06
5.442910e+08	2.944106948949737e-02	2.214698420452586e-02	3.000000000000000e-06	3.000000000000000e-06
5.543984e+08	2.938732577204651e-02	2.211337617713700e-02	3.000000000000000e-06	3.000000000000000e-06
5.646936e+08	2.933419112373123e-02	2.207995092745010e-02	3.000000000000000e-06	3.000000000000000e-06
5.751802e+08	2.928166819950570e-02	2.204670938808116e-02	3.000000000000000e-06	3.000000000000000e-06
5.858617e+08	2.922975967394095e-02	2.201365250158270e-02	3.000000000000000e-06	3.000000000000000e-06
5.967417e+08	2.917846824098437e-02	2.198078122051106e-02	3.000000000000000e-06	3.000000000000000e-06
6.078240e+08	2.912779661371002e-02	2.194809650749299e-02	3.000000000000000e-06	3.000000000000000e-06
6.191122e+08	2.907774752405956e-02	2.191559933529174e-02	3.000000000000000e-06	3.000000000000000e-06
6.306103e+08	2.902832372257405e-02	2.188329068687246e-02	3.000000000000000e-06	3.000000000000000e-06
6.423222e+08	2.897952797811632e-02	2.185117155546705e-02	3.000000000000000e-06	3.000000000000000e-06
6.542518e+08	2.893136307758411e-02	2.181924294463828e-02	3.000000000000000e-06	3.000000000000000e-06
6.664032e+08	2.888383182561381e-02	2.178750586834324e-02	3.000000000000000e-06	3.000000000000000e-06
6.787806e+08	2.883693704427497e-02	2.175596135099612e-02	3.000000000000000e-06	3.000000000000000e-06
6.913880e+08	2.879068157275541e-02	2.172461042753022e-02	3.000000000000000e-06	3.000000000000000e-06
7.042300e+08	2.874506826703703e-02	2.169345414345919e-02	3.000000000000000e-06	3.000000000000000e-06
7.173107e+08	2.870009999956242e-02	2.166249355493749e-02	3.000000000000000e-06	3.000000000000000e-06
7.306348e+08	2.865577965889210e-02	2.163172972882010e-02	3.000000000000000e-06	3.000000000000000e-06
7.442066e+08	2.861211014935262e-02	2.160116374272124e-02	3.000000000000000e-06	3.000000000000000e-06
7.580308e+08	2.856909439067548e-02	2.157079668507242e-02	3.000000000000000e-06	3.000000000000000e-06
7.721122e+08	2.852673531762683e-02	2.154062965517939e-02	3.000000000000000e-06	3.000000000000000e-06
7.864555e+08	2.848503587962828e-02	2.151066376327833e-02	3.000000000000000e-06	3.000000000000000e-06
8.010657e+08	2.844399904036852e-02	2.148090013059099e-02	3.000000000000000e-06	3.000000000000000e-06
8.159476e+08	2.840362777740617e-02	2.145133988937886e-02	3.000000000000000e-06	3.000000000000000e-06
8.311064e+08	2.836392508176376e-02	2.142198418299638e-02	3.000000000000000e-06	3.000000000000000e-06
8.465472e+08	2.832489395751286e-02	2.139283416594302e-02	3.000000000000000e-06	3.000000000000000e-06
8.622754e+08	2.828653742135079e-02	2.136389100391436e-02	3.000000000000000e-06	3.000000000000000e-06
8.782961e+08	2.824885850216859e-02	2.133515587385207e-02	3.000000000000000e-06	3.000000000000000e-06
8.946150e+08	2.821186024061076e-02	2.130662996399263e-02	3.000000000000000e-06	3.000000000000000e-06
9.112376e+08	2.817554568862659e-02	2.127831447391508e-02	3.000000000000000e-06	3.000000000000000e-06
9.281695e+08	2.813991790901351e-02	2.125021061458739e-02	3.000000000000000e-06	3.000000000000000e-06
9.454165e+08	2.810497997495233e-02	2.122231960841172e-02	3.000000000000000e-06	3.000000000000000e-06
9.629846e+08	2.807073496953476e-02	2.119464268926833e-02	3.000000000000000e-06	3.000000000000000e-06
9.808796e+08	2.803718598528325e-02	2.116718110255827e-02	3.000000000000000e-06	3.000000000000000e-06
9.991077e+08	2.800433612366334e-02	2.113993610524468e-02	3.000000000000000e-06	3.000000000000000e-06
1.000000e+09	2.800279207170848e-02	2.113863807133002e-02	3.000000000000000e-06	3.000000000000000e-06
