#t[yr]	ecc	inc	eachmass	totalmass
0.000000e+00	1.000000000000000e-01	5.000000000000000e-02	3.000000000000000e-10	3.000000000000000e-07
1.000000e-03	1.000000043458426e-01	5.000000200210519e-02	3.000000000000000e-10	3.000000000000000e-07
1.000000e-02	1.000000434584154e-01	5.000002002104733e-02	3.000000000000000e-10	3.000000000000000e-07
1.000000e-01	1.000004345830709e-01	5.000020021002791e-02	3.000000000000000e-10	3.000000000000000e-07
1.000000e+00	1.000043457224671e-01	5.000200205575861e-02	3.000000000000000e-10	3.000000000000000e-07
1.000000e+01	1.000434464052937e-01	5.002001610735606e-02	3.000000000000000e-10	3.000000000000000e-07
1.000000e+02	1.004333868733601e-01	5.019971784789896e-02	3.000000000000000e-10	3.000000000000000e-07
2.152278e+02	1.009275295156979e-01	5.042780132835049e-02	3.000000000000000e-10	3.000000000000000e-07
3.320394e+02	1.014223181548859e-01	5.065662691882217e-02	3.000000000000000e-10	3.000000000000000e-07
4.508849e+02	1.019195418983372e-01	5.088702263561391e-02	3.000000000000000e-10	3.000000000000000e-07
5.717974e+02	1.024191817818929e-01	5.111898330867286e-02	3.000000000000000e-10	3.000000000000000e-07
6.948181e+02	1.029212499634752e-01	5.135251814713115e-02	3.000000000000000e-10	3.000000000000000e-07
8.199891e+02	1.034257581230564e-01	5.158763614829347e-02	3.000000000000000e-10	3.000000000000000e-07
9.473533e+02	1.039327180072697e-01	5.182434634930609e-02	3.000000000000000e-10	3.000000000000000e-07
1.000000e+03	1.041399567517842e-01	5.192128526033306e-02	3.000000000000000e-10	3.000000000000000e-07
1.131883e+03	1.046556836545285e-01	5.216273122906130e-02	3.000000000000000e-10	3.000000000000000e-07
1.264709e+03	1.051685274373525e-01	5.240328462592136e-02	3.000000000000000e-10	3.000000000000000e-07
1.399907e+03	1.056839573397564e-01	5.264550530526100e-02	3.000000000000000e-10	3.000000000000000e-07
1.537498e+03	1.062018899082005e-01	5.288935775837104e-02	3.000000000000000e-10	3.000000000000000e-07
1.677533e+03	1.067223388798206e-01	5.313485199775580e-02	3.000000000000000e-10	3.000000000000000e-07
1.820059e+03	1.072453163480010e-01	5.338199727133546e-02	3.000000000000000e-10	3.000000000000000e-07
1.965128e+03	1.077708344959492e-01	5.363080287549111e-02	3.000000000000000e-10	3.000000000000000e-07
2.112792e+03	1.082989055665691e-01	5.388127814055681e-02	3.000000000000000e-10	3.000000000000000e-07
2.263102e+03	1.088295418633416e-01	5.413343243088015e-02	3.000000000000000e-10	3.000000000000000e-07
2.416114e+03	1.093627557506612e-01	5.438727514461873e-02	3.000000000000000e-10	3.000000000000000e-07
2.571881e+03	1.098985596541844e-01	5.464281571353424e-02	3.000000000000000e-10	3.000000000000000e-07
2.730461e+03	1.104369660611804e-01	5.490006360277964e-02	3.000000000000000e-10	3.000000000000000e-07
2.891911e+03	1.109779875208843e-01	5.515902831067924e-02	3.000000000000000e-10	3.000000000000000e-07
3.056289e+03	1.115216366448525e-01	5.541971936850183e-02	3.000000000000000e-10	3.000000000000000e-07
3.223656e+03	1.120679261073203e-01	5.568214634022662e-02	3.000000000000000e-10	3.000000000000000e-07
3.394073e+03	1.126168686455625e-01	5.594631882230208e-02	3.000000000000000e-10	3.000000000000000e-07
3.567604e+03	1.131684770602556e-01	5.621224644339747e-02	3.000000000000000e-10	3.000000000000000e-07
3.744312e+03	1.137227642158428e-01	5.647993886414718e-02	3.000000000000000e-10	3.000000000000000e-07
3.924263e+03	1.142797430409015e-01	5.674940577688770e-02	3.000000000000000e-10	3.000000000000000e-07
4.107525e+03	1.148394265285129e-01	5.702065690538714e-02	3.000000000000000e-10	3.000000000000000e-07
4.294165e+03	1.154018277366339e-01	5.729370200456746e-02	3.000000000000000e-10	3.000000000000000e-07
4.484255e+03	1.159669597884722e-01	5.756855086021910e-02	3.000000000000000e-10	3.000000000000000e-07
4.677865e+03	1.165348358728625e-01	5.784521328870815e-02	3.000000000000000e-10	3.000000000000000e-07
4.875070e+03	1.171054692446463e-01	5.812369913667589e-02	3.000000000000000e-10	3.000000000000000e-07
5.075945e+03	1.176788732250533e-01	5.840401828073082e-02	3.000000000000000e-10	3.000000000000000e-07
5.280565e+03	1.182550612020857e-01	5.868618062713300e-02	3.000000000000000e-10	3.000000000000000e-07
5.489010e+03	1.188340466309047e-01	5.897019611147072e-02	3.000000000000000e-10	3.000000000000000e-07
5.701360e+03	1.194158430342192e-01	5.925607469832943e-02	3.000000000000000e-10	3.000000000000000e-07
5.917696e+03	1.200004640026773e-01	5.954382638095310e-02	3.000000000000000e-10	3.000000000000000e-07
6.138103e+03	1.205879231952599e-01	5.983346118089760e-02	3.000000000000000e-10	3.000000000000000e-07
6.362666e+03	1.211782343396769e-01	6.012498914767654e-02	3.000000000000000e-10	3.000000000000000e-07
6.591474e+03	1.217714112327654e-01	6.041842035839917e-02	3.000000000000000e-10	3.000000000000000e-07
6.824615e+03	1.223674677408911e-01	6.071376491740061e-02	3.000000000000000e-10	3.000000000000000e-07
7.062181e+03	1.229664178003511e-01	6.101103295586416e-02	3.000000000000000e-10	3.000000000000000e-07
7.304267e+03	1.235682754177796e-01	6.131023463143597e-02	3.000000000000000e-10	3.000000000000000e-07
7.550967e+03	1.241730546705563e-01	6.161138012783179e-02	3.000000000000000e-10	3.000000000000000e-07
7.802381e+03	1.247807697072161e-01	6.191447965443599e-02	3.000000000000000e-10	3.000000000000000e-07
8.058607e+03	1.253914347478627e-01	6.221954344589288e-02	3.000000000000000e-10	3.000000000000000e-07
8.319750e+03	1.260050640845831e-01	6.252658176169015e-02	3.000000000000000e-10	3.000000000000000e-07
8.585914e+03	1.266216720818653e-01	6.283560488573472e-02	3.000000000000000e-10	3.000000000000000e-07
8.857205e+03	1.272412731770180e-01	6.314662312592088e-02	3.000000000000000e-10	3.000000000000000e-07
9.133734e+03	1.278638818805929e-01	6.345964681369072e-02	3.000000000000000e-10	3.000000000000000e-07
9.415612e+03	1.284895127768093e-01	6.377468630358706e-02	3.000000000000000e-10	3.000000000000000e-07
9.702955e+03	1.291181805239804e-01	6.409175197279877e-02	3.000000000000000e-10	3.000000000000000e-07
9.995880e+03	1.297498998549428e-01	6.441085422069869e-02	3.000000000000000e-10	3.000000000000000e-07
1.000000e+04	1.297586797239805e-01	6.441529631509708e-02	3.000000000000000e-10	3.000000000000000e-07
1.030445e+04	1.304056861525828e-01	6.474263491762230e-02	3.000000000000000e-10	3.000000000000000e-07
1.060898e+04	1.310434196608007e-01	6.506579041214694e-02	3.000000000000000e-10	3.000000000000000e-07
1.091958e+04	1.316844887425506e-01	6.539113499786930e-02	3.000000000000000e-10	3.000000000000000e-07
1.123626e+04	1.323286649578866e-01	6.571855596963010e-02	3.000000000000000e-10	3.000000000000000e-07
1.155915e+04	1.329759681385926e-01	6.604806622159627e-02	3.000000000000000e-10	3.000000000000000e-07
1.188839e+04	1.336264133847342e-01	6.637967623027415e-02	3.000000000000000e-10	3.000000000000000e-07
1.222412e+04	1.342800159673382e-01	6.671339653828032e-02	3.000000000000000e-10	3.000000000000000e-07
1.256647e+04	1.349367912336677e-01	6.704923770551874e-02	3.000000000000000e-10	3.000000000000000e-07
1.291559e+04	1.355967546095228e-01	6.738721030959617e-02	3.000000000000000e-10	3.000000000000000e-07
1.327163e+04	1.362599215996558e-01	6.772732494527176e-02	3.000000000000000e-10	3.000000000000000e-07
1.363474e+04	1.369263077882257e-01	6.806959222391915e-02	3.000000000000000e-10	3.000000000000000e-07
1.400506e+04	1.375959288392539e-01	6.841402277298213e-02	3.000000000000000e-10	3.000000000000000e-07
1.438277e+04	1.382688004970821e-01	6.876062723542430e-02	3.000000000000000e-10	3.000000000000000e-07
1.476801e+04	1.389449385868319e-01	6.910941626917320e-02	3.000000000000000e-10	3.000000000000000e-07
1.516095e+04	1.396243590148671e-01	6.946040054655882e-02	3.000000000000000e-10	3.000000000000000e-07
1.556177e+04	1.403070777692580e-01	6.981359075374675e-02	3.000000000000000e-10	3.000000000000000e-07
1.597063e+04	1.409931109202465e-01	7.016899759016648e-02	3.000000000000000e-10	3.000000000000000e-07
1.638771e+04	1.416824746207151e-01	7.052663176793462e-02	3.000000000000000e-10	3.000000000000000e-07
1.681319e+04	1.423751851066563e-01	7.088650401127380e-02	3.000000000000000e-10	3.000000000000000e-07
1.724725e+04	1.430712586976446e-01	7.124862505592698e-02	3.000000000000000e-10	3.000000000000000e-07
1.769008e+04	1.437707117973106e-01	7.161300564856801e-02	3.000000000000000e-10	3.000000000000000e-07
1.814188e+04	1.444735608938164e-01	7.197965654620823e-02	3.000000000000000e-10	3.000000000000000e-07
1.860284e+04	1.451798225603332e-01	7.234858851559971e-02	3.000000000000000e-10	3.000000000000000e-07
1.907316e+04	1.458895134555208e-01	7.271981233263539e-02	3.000000000000000e-10	3.000000000000000e-07
1.955305e+04	1.466026503240087e-01	7.309333878174637e-02	3.000000000000000e-10	3.000000000000000e-07
2.004271e+04	1.473192499968793e-01	7.346917865529680e-02	3.000000000000000e-10	3.000000000000000e-07
2.054238e+04	1.480393293921520e-01	7.384734275297662e-02	3.000000000000000e-10	3.000000000000000e-07
2.105226e+04	1.487629055152702e-01	7.422784188119265e-02	3.000000000000000e-10	3.000000000000000e-07
2.157257e+04	1.494899954595889e-01	7.461068685245822e-02	3.000000000000000e-10	3.000000000000000e-07
2.210356e+04	1.502206164068647e-01	7.499588848478209e-02	3.000000000000000e-10	3.000000000000000e-07
2.264546e+04	1.509547856277469e-01	7.538345760105654e-02	3.000000000000000e-10	3.000000000000000e-07
2.319850e+04	1.516925204822704e-01	7.577340502844572e-02	3.000000000000000e-10	3.000000000000000e-07
2.376294e+04	1.524338384203499e-01	7.616574159777402e-02	3.000000000000000e-10	3.000000000000000e-07
2.433902e+04	1.531787569822763e-01	7.656047814291550e-02	3.000000000000000e-10	3.000000000000000e-07
2.492701e+04	1.539272937992132e-01	7.695762550018453e-02	3.000000000000000e-10	3.000000000000000e-07
2.552716e+04	1.546794665936964e-01	7.735719450772811e-02	3.000000000000000e-10	3.000000000000000e-07
2.613976e+04	1.554352931801336e-01	7.775919600492065e-02	3.000000000000000e-10	3.000000000000000e-07
2.676506e+04	1.561947914653061e-01	7.816364083176136e-02	3.000000000000000e-10	3.000000000000000e-07
2.740336e+04	1.569579794488712e-01	7.857053982827514e-02	3.000000000000000e-10	3.000000000000000e-07
2.805495e+04	1.577248752238667e-01	7.897990383391718e-02	3.000000000000000e-10	3.000000000000000e-07
2.872011e+04	1.584954969772158e-01	7.939174368698211e-02	3.000000000000000e-10	3.000000000000000e-07
2.939916e+04	1.592698629902333e-01	7.980607022401816e-02	3.000000000000000e-10	3.000000000000000e-07
3.009239e+04	1.600479916391339e-01	8.022289427924675e-02	3.000000000000000e-10	3.000000000000000e-07
3.080012e+04	1.608299013955402e-01	8.064222668398859e-02	3.000000000000000e-10	3.000000000000000e-07
3.152269e+04	1.616156108269925e-01	8.106407826609620e-02	3.000000000000000e-10	3.000000000000000e-07
3.226041e+04	1.624051385974596e-01	8.148845984939421e-02	3.000000000000000e-10	3.000000000000000e-07
3.301362e+04	1.631985034678505e-01	8.191538225312757e-02	3.000000000000000e-10	3.000000000000000e-07
3.378267e+04	1.639957242965270e-01	8.234485629141854e-02	3.000000000000000e-10	3.000000000000000e-07
3.456791e+04	1.647968200398169e-01	8.277689277273302e-02	3.000000000000000e-10	3.000000000000000e-07
3.536970e+04	1.656018097525287e-01	8.321150249935706e-02	3.000000000000000e-10	3.000000000000000e-07
3.618841e+04	1.664107125884663e-01	8.364869626688409e-02	3.000000000000000e-10	3.000000000000000e-07
3.702441e+04	1.672235478009450e-01	8.408848486371352e-02	3.000000000000000e-10	3.000000000000000e-07
3.787810e+04	1.680403347433082e-01	8.453087907056168e-02	3.000000000000000e-10	3.000000000000000e-07
3.874986e+04	1.688610928694441e-01	8.497588965998558e-02	3.000000000000000e-10	3.000000000000000e-07
3.964010e+04	1.696858417343042e-01	8.542352739592017e-02	3.000000000000000e-10	3.000000000000000e-07
4.054923e+04	1.705146009944208e-01	8.587380303323015e-02	3.000000000000000e-10	3.000000000000000e-07
4.147767e+04	1.713473904084266e-01	8.632672731727679e-02	3.000000000000000e-10	3.000000000000000e-07
4.242585e+04	1.721842298375738e-01	8.678231098350053e-02	3.000000000000000e-10	3.000000000000000e-07
4.339421e+04	1.730251392462537e-01	8.724056475702036e-02	3.000000000000000e-10	3.000000000000000e-07
4.438320e+04	1.738701387025171e-01	8.770149935225036e-02	3.000000000000000e-10	3.000000000000000e-07
4.539328e+04	1.747192483785949e-01	8.816512547253452e-02	3.000000000000000e-10	3.000000000000000e-07
4.642492e+04	1.755724885514188e-01	8.863145380980052e-02	3.000000000000000e-10	3.000000000000000e-07
4.747860e+04	1.764298796031424e-01	8.910049504423294e-02	3.000000000000000e-10	3.000000000000000e-07
4.855481e+04	1.772914420216625e-01	8.957225984396727e-02	3.000000000000000e-10	3.000000000000000e-07
4.965405e+04	1.781571964011407e-01	9.004675886480491e-02	3.000000000000000e-10	3.000000000000000e-07
5.077683e+04	1.790271634425251e-01	9.052400274995025e-02	3.000000000000000e-10	3.000000000000000e-07
5.192369e+04	1.799013639540719e-01	9.100400212977063e-02	3.000000000000000e-10	3.000000000000000e-07
5.309514e+04	1.807798188518672e-01	9.148676762157978e-02	3.000000000000000e-10	3.000000000000000e-07
5.429176e+04	1.816625491603491e-01	9.197230982944567e-02	3.000000000000000e-10	3.000000000000000e-07
5.551408e+04	1.825495760128293e-01	9.246063934402342e-02	3.000000000000000e-10	3.000000000000000e-07
5.676268e+04	1.834409206520150e-01	9.295176674241418e-02	3.000000000000000e-10	3.000000000000000e-07
5.803816e+04	1.843366044305306e-01	9.344570258805052e-02	3.000000000000000e-10	3.000000000000000e-07
5.934110e+04	1.852366488114393e-01	9.394245743060944e-02	3.000000000000000e-10	3.000000000000000e-07
6.067211e+04	1.861410753687648e-01	9.444204180595328e-02	3.000000000000000e-10	3.000000000000000e-07
6.203183e+04	1.870499057880121e-01	9.494446623609959e-02	3.000000000000000e-10	3.000000000000000e-07
6.342088e+04	1.879631618666893e-01	9.544974122922076e-02	3.000000000000000e-10	3.000000000000000e-07
6.483991e+04	1.888808655148279e-01	9.595787727967366e-02	3.000000000000000e-10	3.000000000000000e-07
6.628961e+04	1.898030387555039e-01	9.646888486806057e-02	3.000000000000000e-10	3.000000000000000e-07
6.777063e+04	1.907297037253578e-01	9.698277446132171e-02	3.000000000000000e-10	3.000000000000000e-07
6.928368e+04	1.916608826751151e-01	9.749955651286002e-02	3.000000000000000e-10	3.000000000000000e-07
7.082947e+04	1.925965979701057e-01	9.801924146269915e-02	3.000000000000000e-10	3.000000000000000e-07
7.240872e+04	1.935368720907837e-01	9.854183973767502e-02	3.000000000000000e-10	3.000000000000000e-07
7.402217e+04	1.944817276332463e-01	9.906736175166160e-02	3.000000000000000e-10	3.000000000000000e-07
7.567058e+04	1.954311873097526e-01	9.959581790583162e-02	3.000000000000000e-10	3.000000000000000e-07
7.735472e+04	1.963852739492423e-01	1.001272185889527e-01	3.000000000000000e-10	3.000000000000000e-07
7.907539e+04	1.973440104978533e-01	1.006615741777195e-01	3.000000000000000e-10	3.000000000000000e-07
8.083338e+04	1.983074200194398e-01	1.011988950371222e-01	3.000000000000000e-10	3.000000000000000e-07
8.262952e+04	1.992755256960893e-01	1.017391915208525e-01	3.000000000000000e-10	3.000000000000000e-07
8.446466e+04	2.002483508286395e-01	1.022824739717461e-01	3.000000000000000e-10	3.000000000000000e-07
8.633965e+04	2.012259188371952e-01	1.028287527222643e-01	3.000000000000000e-10	3.000000000000000e-07
8.825537e+04	2.022082532616442e-01	1.033780380950133e-01	3.000000000000000e-10	3.000000000000000e-07
9.021272e+04	2.031953777621731e-01	1.039303404033020e-01	3.000000000000000e-10	3.000000000000000e-07
9.221261e+04	2.041873161197830e-01	1.044856699517394e-01	3.000000000000000e-10	3.000000000000000e-07
9.425598e+04	2.051840922368042e-01	1.050440370368714e-01	3.000000000000000e-10	3.000000000000000e-07
9.634378e+04	2.061857301374116e-01	1.056054519478565e-01	3.000000000000000e-10	3.000000000000000e-07
9.847699e+04	2.071922539681386e-01	1.061699249671826e-01	3.000000000000000e-10	3.000000000000000e-07
1.000000e+05	2.078995141494078e-01	1.065668141922891e-01	3.000000000000000e-10	3.000000000000000e-07
1.022270e+05	2.089209625631116e-01	1.071401911387526e-01	3.000000000000000e-10	3.000000000000000e-07
1.044879e+05	2.099406895956324e-01	1.077129109149903e-01	3.000000000000000e-10	3.000000000000000e-07
1.067982e+05	2.109655367829905e-01	1.082888075094911e-01	3.000000000000000e-10	3.000000000000000e-07
1.091588e+05	2.119953821012497e-01	1.088678088224497e-01	3.000000000000000e-10	3.000000000000000e-07
1.115708e+05	2.130302535647358e-01	1.094499268880464e-01	3.000000000000000e-10	3.000000000000000e-07
1.140353e+05	2.140701760857700e-01	1.100351719271242e-01	3.000000000000000e-10	3.000000000000000e-07
1.165535e+05	2.151151747724947e-01	1.106235541997792e-01	3.000000000000000e-10	3.000000000000000e-07
1.191264e+05	2.161652748583850e-01	1.112150839665389e-01	3.000000000000000e-10	3.000000000000000e-07
1.217554e+05	2.172205017042914e-01	1.118097714903309e-01	3.000000000000000e-10	3.000000000000000e-07
1.244415e+05	2.182808807989194e-01	1.124076270376143e-01	3.000000000000000e-10	3.000000000000000e-07
1.271862e+05	2.193464377593448e-01	1.130086608795695e-01	3.000000000000000e-10	3.000000000000000e-07
1.299905e+05	2.204171983315262e-01	1.136128832933274e-01	3.000000000000000e-10	3.000000000000000e-07
1.328559e+05	2.214931883908196e-01	1.142203045632390e-01	3.000000000000000e-10	3.000000000000000e-07
1.357837e+05	2.225744339424927e-01	1.148309349821824e-01	3.000000000000000e-10	3.000000000000000e-07
1.387751e+05	2.236609611222393e-01	1.154447848529100e-01	3.000000000000000e-10	3.000000000000000e-07
1.418317e+05	2.247527961966947e-01	1.160618644894335e-01	3.000000000000000e-10	3.000000000000000e-07
1.449547e+05	2.258499655639513e-01	1.166821842184463e-01	3.000000000000000e-10	3.000000000000000e-07
1.481456e+05	2.269524957540751e-01	1.173057543807839e-01	3.000000000000000e-10	3.000000000000000e-07
1.514058e+05	2.280604134296229e-01	1.179325853329205e-01	3.000000000000000e-10	3.000000000000000e-07
1.547370e+05	2.291737453861598e-01	1.185626874485019e-01	3.000000000000000e-10	3.000000000000000e-07
1.581405e+05	2.302925185527784e-01	1.191960711199137e-01	3.000000000000000e-10	3.000000000000000e-07
1.616180e+05	2.314167599926181e-01	1.198327467598849e-01	3.000000000000000e-10	3.000000000000000e-07
1.651710e+05	2.325464969033866e-01	1.204727248031243e-01	3.000000000000000e-10	3.000000000000000e-07
1.688011e+05	2.336817566178810e-01	1.211160157079917e-01	3.000000000000000e-10	3.000000000000000e-07
1.725101e+05	2.348225666045118e-01	1.217626299582002e-01	3.000000000000000e-10	3.000000000000000e-07
1.762995e+05	2.359689544678269e-01	1.224125780645510e-01	3.000000000000000e-10	3.000000000000000e-07
1.801711e+05	2.371209479490383e-01	1.230658705666981e-01	3.000000000000000e-10	3.000000000000000e-07
1.841267e+05	2.382785749265488e-01	1.237225180349438e-01	3.000000000000000e-10	3.000000000000000e-07
1.881680e+05	2.394418634164822e-01	1.243825310720621e-01	3.000000000000000e-10	3.000000000000000e-07
1.922968e+05	2.406108415732136e-01	1.250459203151499e-01	3.000000000000000e-10	3.000000000000000e-07
1.965151e+05	2.417855376899030e-01	1.257126964375059e-01	3.000000000000000e-10	3.000000000000000e-07
2.008247e+05	2.429659801990295e-01	1.263828701505340e-01	3.000000000000000e-10	3.000000000000000e-07
2.052275e+05	2.441521976729288e-01	1.270564522056720e-01	3.000000000000000e-10	3.000000000000000e-07
2.097255e+05	2.453442188243326e-01	1.277334533963436e-01	3.000000000000000e-10	3.000000000000000e-07
2.143208e+05	2.465420725069095e-01	1.284138845599324e-01	3.000000000000000e-10	3.000000000000000e-07
2.190154e+05	2.477457877158099e-01	1.290977565797777e-01	3.000000000000000e-10	3.000000000000000e-07
2.238113e+05	2.489553935882118e-01	1.297850803871891e-01	3.000000000000000e-10	3.000000000000000e-07
2.287107e+05	2.501709194038709e-01	1.304758669634807e-01	3.000000000000000e-10	3.000000000000000e-07
2.337159e+05	2.513923945856720e-01	1.311701273420222e-01	3.000000000000000e-10	3.000000000000000e-07
2.388289e+05	2.526198487001846e-01	1.318678726103062e-01	3.000000000000000e-10	3.000000000000000e-07
2.440521e+05	2.538533114582207e-01	1.325691139120302e-01	3.000000000000000e-10	3.000000000000000e-07
2.493878e+05	2.550928127153964e-01	1.332738624491925e-01	3.000000000000000e-10	3.000000000000000e-07
2.548383e+05	2.563383824726961e-01	1.339821294841992e-01	3.000000000000000e-10	3.000000000000000e-07
2.604060e+05	2.575900508770409e-01	1.346939263419832e-01	3.000000000000000e-10	3.000000000000000e-07
2.660933e+05	2.588478482218597e-01	1.354092644121320e-01	3.000000000000000e-10	3.000000000000000e-07
2.719029e+05	2.601118049476652e-01	1.361281551510234e-01	3.000000000000000e-10	3.000000000000000e-07
2.778371e+05	2.613819516426319e-01	1.368506100839683e-01	3.000000000000000e-10	3.000000000000000e-07
2.838986e+05	2.626583190431801e-01	1.375766408073587e-01	3.000000000000000e-10	3.000000000000000e-07
2.900901e+05	2.639409380345619e-01	1.383062589908193e-01	3.000000000000000e-10	3.000000000000000e-07
2.964142e+05	2.652298396514530e-01	1.390394763793619e-01	3.000000000000000e-10	3.000000000000000e-07
3.028736e+05	2.665250550785478e-01	1.397763047955411e-01	3.000000000000000e-10	3.000000000000000e-07
3.094712e+05	2.678266156511593e-01	1.405167561416092e-01	3.000000000000000e-10	3.000000000000000e-07
3.162098e+05	2.691345528558231e-01	1.412608424016701e-01	3.000000000000000e-10	3.000000000000000e-07
3.230924e+05	2.704488983309065e-01	1.420085756438300e-01	3.000000000000000e-10	3.000000000000000e-07
3.301218e+05	2.717696838672224e-01	1.427599680223434e-01	3.000000000000000e-10	3.000000000000000e-07
3.373011e+05	2.730969414086475e-01	1.435150317797538e-01	3.000000000000000e-10	3.000000000000000e-07
3.446334e+05	2.744307030527455e-01	1.442737792490272e-01	3.000000000000000e-10	3.000000000000000e-07
3.521218e+05	2.757710010513961e-01	1.450362228556772e-01	3.000000000000000e-10	3.000000000000000e-07
3.597695e+05	2.771178678114287e-01	1.458023751198808e-01	3.000000000000000e-10	3.000000000000000e-07
3.675798e+05	2.784713358952608e-01	1.465722486585823e-01	3.000000000000000e-10	3.000000000000000e-07
3.755559e+05	2.798314380215431e-01	1.473458561875859e-01	3.000000000000000e-10	3.000000000000000e-07
3.837013e+05	2.811982070658089e-01	1.481232105236344e-01	3.000000000000000e-10	3.000000000000000e-07
3.920195e+05	2.825716760611297e-01	1.489043245864730e-01	3.000000000000000e-10	3.000000000000000e-07
4.005138e+05	2.839518781987763e-01	1.496892114008977e-01	3.000000000000000e-10	3.000000000000000e-07
4.091879e+05	2.853388468288856e-01	1.504778840987859e-01	3.000000000000000e-10	3.000000000000000e-07
4.180455e+05	2.867326154611337e-01	1.512703559211095e-01	3.000000000000000e-10	3.000000000000000e-07
4.270902e+05	2.881332177654142e-01	1.520666402199280e-01	3.000000000000000e-10	3.000000000000000e-07
4.363259e+05	2.895406875725233e-01	1.528667504603613e-01	3.000000000000000e-10	3.000000000000000e-07
4.457563e+05	2.909550588748507e-01	1.536707002225414e-01	3.000000000000000e-10	3.000000000000000e-07
4.553855e+05	2.923763658270763e-01	1.544785032035412e-01	3.000000000000000e-10	3.000000000000000e-07
4.652175e+05	2.938046427468742e-01	1.552901732192795e-01	3.000000000000000e-10	3.000000000000000e-07
4.752562e+05	2.952399241156218e-01	1.561057242064022e-01	3.000000000000000e-10	3.000000000000000e-07
4.855059e+05	2.966822445791167e-01	1.569251702241379e-01	3.000000000000000e-10	3.000000000000000e-07
4.959708e+05	2.981316389482985e-01	1.577485254561269e-01	3.000000000000000e-10	3.000000000000000e-07
5.066552e+05	2.995881421999790e-01	1.585758042122233e-01	3.000000000000000e-10	3.000000000000000e-07
5.175635e+05	3.010517894775772e-01	1.594070209302697e-01	3.000000000000000e-10	3.000000000000000e-07
5.287001e+05	3.025226160918623e-01	1.602421901778422e-01	3.000000000000000e-10	3.000000000000000e-07
5.400698e+05	3.040006575217029e-01	1.610813266539673e-01	3.000000000000000e-10	3.000000000000000e-07
5.516770e+05	3.054859494148232e-01	1.619244451908079e-01	3.000000000000000e-10	3.000000000000000e-07
5.635265e+05	3.069785275885654e-01	1.627715607553186e-01	3.000000000000000e-10	3.000000000000000e-07
5.756231e+05	3.084784280306602e-01	1.636226884508706e-01	3.000000000000000e-10	3.000000000000000e-07
5.879718e+05	3.099856869000029e-01	1.644778435188438e-01	3.000000000000000e-10	3.000000000000000e-07
6.005776e+05	3.115003405274376e-01	1.653370413401871e-01	3.000000000000000e-10	3.000000000000000e-07
6.134454e+05	3.130224254165475e-01	1.662002974369460e-01	3.000000000000000e-10	3.000000000000000e-07
6.265806e+05	3.145519782444526e-01	1.670676274737569e-01	3.000000000000000e-10	3.000000000000000e-07
6.399884e+05	3.160890358626151e-01	1.679390472593079e-01	3.000000000000000e-10	3.000000000000000e-07
6.536743e+05	3.176336352976507e-01	1.688145727477651e-01	3.000000000000000e-10	3.000000000000000e-07
6.676435e+05	3.191858137521476e-01	1.696942200401662e-01	3.000000000000000e-10	3.000000000000000e-07
6.819019e+05	3.207456086054933e-01	1.705780053857781e-01	3.000000000000000e-10	3.000000000000000e-07
6.964550e+05	3.223130574147073e-01	1.714659451834207e-01	3.000000000000000e-10	3.000000000000000e-07
7.113086e+05	3.238881979152817e-01	1.723580559827562e-01	3.000000000000000e-10	3.000000000000000e-07
7.264687e+05	3.254710680220294e-01	1.732543544855423e-01	3.000000000000000e-10	3.000000000000000e-07
7.419412e+05	3.270617058299380e-01	1.741548575468510e-01	3.000000000000000e-10	3.000000000000000e-07
7.577323e+05	3.286601496150334e-01	1.750595821762551e-01	3.000000000000000e-10	3.000000000000000e-07
7.738483e+05	3.302664378352475e-01	1.759685455389745e-01	3.000000000000000e-10	3.000000000000000e-07
7.902953e+05	3.318806091312960e-01	1.768817649569909e-01	3.000000000000000e-10	3.000000000000000e-07
8.070800e+05	3.335027023275614e-01	1.777992579101274e-01	3.000000000000000e-10	3.000000000000000e-07
8.242089e+05	3.351327564329845e-01	1.787210420370924e-01	3.000000000000000e-10	3.000000000000000e-07
8.416887e+05	3.367708106419622e-01	1.796471351364899e-01	3.000000000000000e-10	3.000000000000000e-07
8.595263e+05	3.384169043352534e-01	1.805775551677945e-01	3.000000000000000e-10	3.000000000000000e-07
8.777285e+05	3.400710770808909e-01	1.815123202522929e-01	3.000000000000000e-10	3.000000000000000e-07
8.963026e+05	3.417333686351018e-01	1.824514486739907e-01	3.000000000000000e-10	3.000000000000000e-07
9.152556e+05	3.434038189432342e-01	1.833949588804868e-01	3.000000000000000e-10	3.000000000000000e-07
9.345949e+05	3.450824681406915e-01	1.843428694838129e-01	3.000000000000000e-10	3.000000000000000e-07
9.543281e+05	3.467693565538735e-01	1.852951992612415e-01	3.000000000000000e-10	3.000000000000000e-07
9.744628e+05	3.484645247011247e-01	1.862519671560605e-01	3.000000000000000e-10	3.000000000000000e-07
9.950066e+05	3.501680132936904e-01	1.872131922783160e-01	3.000000000000000e-10	3.000000000000000e-07
1.000000e+06	3.505765778540826e-01	1.874436983531635e-01	3.000000000000000e-10	3.000000000000000e-07
1.021386e+06	3.523167523682925e-01	1.884253172334831e-01	3.000000000000000e-10	3.000000000000000e-07
1.042875e+06	3.540386210195492e-01	1.893963636042760e-01	3.000000000000000e-10	3.000000000000000e-07
1.064806e+06	3.557694801165590e-01	1.903722329737624e-01	3.000000000000000e-10	3.000000000000000e-07
1.087181e+06	3.575088242781380e-01	1.913526366995710e-01	3.000000000000000e-10	3.000000000000000e-07
1.110008e+06	3.592567062104955e-01	1.923376009615671e-01	3.000000000000000e-10	3.000000000000000e-07
1.133296e+06	3.610131676337841e-01	1.933271458034658e-01	3.000000000000000e-10	3.000000000000000e-07
1.157054e+06	3.627782506922287e-01	1.943212915665081e-01	3.000000000000000e-10	3.000000000000000e-07
1.181291e+06	3.645519977266273e-01	1.953200587611410e-01	3.000000000000000e-10	3.000000000000000e-07
1.206016e+06	3.663344512799439e-01	1.963234680700636e-01	3.000000000000000e-10	3.000000000000000e-07
1.231238e+06	3.681256540982438e-01	1.973315403486190e-01	3.000000000000000e-10	3.000000000000000e-07
1.256967e+06	3.699256491317295e-01	1.983442966252126e-01	3.000000000000000e-10	3.000000000000000e-07
1.283213e+06	3.717344795357812e-01	1.993617581017036e-01	3.000000000000000e-10	3.000000000000000e-07
1.309986e+06	3.735521886720045e-01	2.003839461537738e-01	3.000000000000000e-10	3.000000000000000e-07
1.337295e+06	3.753788201092843e-01	2.014108823312701e-01	3.000000000000000e-10	3.000000000000000e-07
1.365151e+06	3.772144176248456e-01	2.024425883585265e-01	3.000000000000000e-10	3.000000000000000e-07
1.393564e+06	3.790590252053215e-01	2.034790861346620e-01	3.000000000000000e-10	3.000000000000000e-07
1.422545e+06	3.809126870478268e-01	2.045203977338580e-01	3.000000000000000e-10	3.000000000000000e-07
1.452105e+06	3.827754475610390e-01	2.055665454056139e-01	3.000000000000000e-10	3.000000000000000e-07
1.482254e+06	3.846473513662859e-01	2.066175515749835e-01	3.000000000000000e-10	3.000000000000000e-07
1.513004e+06	3.865284432986387e-01	2.076734388427911e-01	3.000000000000000e-10	3.000000000000000e-07
1.544367e+06	3.884187684080136e-01	2.087342299858298e-01	3.000000000000000e-10	3.000000000000000e-07
1.576353e+06	3.903183719602776e-01	2.097999479570417e-01	3.000000000000000e-10	3.000000000000000e-07
1.608975e+06	3.922272994383624e-01	2.108706158856802e-01	3.000000000000000e-10	3.000000000000000e-07
1.642244e+06	3.941455965433842e-01	2.119462570774573e-01	3.000000000000000e-10	3.000000000000000e-07
1.676174e+06	3.960733091957694e-01	2.130268950146741e-01	3.000000000000000e-10	3.000000000000000e-07
1.710776e+06	3.980104835363877e-01	2.141125533563369e-01	3.000000000000000e-10	3.000000000000000e-07
1.746064e+06	3.999571659276908e-01	2.152032559382596e-01	3.000000000000000e-10	3.000000000000000e-07
1.782049e+06	4.019134029548572e-01	2.162990267731516e-01	3.000000000000000e-10	3.000000000000000e-07
1.818746e+06	4.038792414269443e-01	2.173998900506945e-01	3.000000000000000e-10	3.000000000000000e-07
1.856168e+06	4.058547283780458e-01	2.185058701376056e-01	3.000000000000000e-10	3.000000000000000e-07
1.894328e+06	4.078399110684557e-01	2.196169915776915e-01	3.000000000000000e-10	3.000000000000000e-07
1.933240e+06	4.098348369858384e-01	2.207332790918899e-01	3.000000000000000e-10	3.000000000000000e-07
1.972919e+06	4.118395538464057e-01	2.218547575783034e-01	3.000000000000000e-10	3.000000000000000e-07
2.013379e+06	4.138541095960984e-01	2.229814521122225e-01	3.000000000000000e-10	3.000000000000000e-07
2.054635e+06	4.158785524117760e-01	2.241133879461416e-01	3.000000000000000e-10	3.000000000000000e-07
2.096701e+06	4.179129307024106e-01	2.252505905097674e-01	3.000000000000000e-10	3.000000000000000e-07
2.139594e+06	4.199572931102888e-01	2.263930854100194e-01	3.000000000000000e-10	3.000000000000000e-07
2.183327e+06	4.220116885122182e-01	2.275408984310256e-01	3.000000000000000e-10	3.000000000000000e-07
2.227918e+06	4.240761660207406e-01	2.286940555341115e-01	3.000000000000000e-10	3.000000000000000e-07
2.273382e+06	4.261507749853514e-01	2.298525828577848e-01	3.000000000000000e-10	3.000000000000000e-07
2.319736e+06	4.282355649937244e-01	2.310165067177162e-01	3.000000000000000e-10	3.000000000000000e-07
2.366996e+06	4.303305858729440e-01	2.321858536067157e-01	3.000000000000000e-10	3.000000000000000e-07
2.415180e+06	4.324358876907413e-01	2.333606501947069e-01	3.000000000000000e-10	3.000000000000000e-07
2.464304e+06	4.345515207567386e-01	2.345409233286983e-01	3.000000000000000e-10	3.000000000000000e-07
2.514387e+06	4.366775356236979e-01	2.357267000327536e-01	3.000000000000000e-10	3.000000000000000e-07
2.565445e+06	4.388139830887764e-01	2.369180075079599e-01	3.000000000000000e-10	3.000000000000000e-07
2.617498e+06	4.409609141947883e-01	2.381148731323962e-01	3.000000000000000e-10	3.000000000000000e-07
2.670565e+06	4.431183802314715e-01	2.393173244611016e-01	3.000000000000000e-10	3.000000000000000e-07
2.724663e+06	4.452864327367611e-01	2.405253892260437e-01	3.000000000000000e-10	3.000000000000000e-07
2.779813e+06	4.474651234980684e-01	2.417390953360892e-01	3.000000000000000e-10	3.000000000000000e-07
2.836033e+06	4.496545045535669e-01	2.429584708769744e-01	3.000000000000000e-10	3.000000000000000e-07
2.893345e+06	4.518546281934825e-01	2.441835441112798e-01	3.000000000000000e-10	3.000000000000000e-07
2.951768e+06	4.540655469613910e-01	2.454143434784055e-01	3.000000000000000e-10	3.000000000000000e-07
3.011323e+06	4.562873136555216e-01	2.466508975945512e-01	3.000000000000000e-10	3.000000000000000e-07
3.072031e+06	4.585199813300653e-01	2.478932352526990e-01	3.000000000000000e-10	3.000000000000000e-07
3.133913e+06	4.607636032964907e-01	2.491413854226001e-01	3.000000000000000e-10	3.000000000000000e-07
3.196993e+06	4.630182331248644e-01	2.503953772507667e-01	3.000000000000000e-10	3.000000000000000e-07
3.261291e+06	4.652839246451782e-01	2.516552400604681e-01	3.000000000000000e-10	3.000000000000000e-07
3.326830e+06	4.675607319486824e-01	2.529210033517330e-01	3.000000000000000e-10	3.000000000000000e-07
3.393635e+06	4.698487093892244e-01	2.541926968013560e-01	3.000000000000000e-10	3.000000000000000e-07
3.461727e+06	4.721479115845941e-01	2.554703502629121e-01	3.000000000000000e-10	3.000000000000000e-07
3.531132e+06	4.744583934178745e-01	2.567539937667763e-01	3.000000000000000e-10	3.000000000000000e-07
3.601874e+06	4.767802100387993e-01	2.580436575201507e-01	3.000000000000000e-10	3.000000000000000e-07
3.673976e+06	4.791134168651155e-01	2.593393719070984e-01	3.000000000000000e-10	3.000000000000000e-07
3.747466e+06	4.814580695839528e-01	2.606411674885854e-01	3.000000000000000e-10	3.000000000000000e-07
3.822368e+06	4.838142241531989e-01	2.619490750025299e-01	3.000000000000000e-10	3.000000000000000e-07
3.898709e+06	4.861819368028805e-01	2.632631253638599e-01	3.000000000000000e-10	3.000000000000000e-07
3.976516e+06	4.885612640365510e-01	2.645833496645795e-01	3.000000000000000e-10	3.000000000000000e-07
4.055815e+06	4.909522626326843e-01	2.659097791738434e-01	3.000000000000000e-10	3.000000000000000e-07
4.136635e+06	4.933549896460737e-01	2.672424453380409e-01	3.000000000000000e-10	3.000000000000000e-07
4.219004e+06	4.957695024092382e-01	2.685813797808889e-01	3.000000000000000e-10	3.000000000000000e-07
4.302949e+06	4.981958585338349e-01	2.699266143035344e-01	3.000000000000000e-10	3.000000000000000e-07
4.388502e+06	5.006341159120761e-01	2.712781808846667e-01	3.000000000000000e-10	3.000000000000000e-07
4.475691e+06	5.030843327181548e-01	2.726361116806396e-01	3.000000000000000e-10	3.000000000000000e-07
4.564547e+06	5.055465674096751e-01	2.740004390256038e-01	3.000000000000000e-10	3.000000000000000e-07
4.655101e+06	5.080208787290886e-01	2.753711954316497e-01	3.000000000000000e-10	3.000000000000000e-07
4.747384e+06	5.105073257051385e-01	2.767484135889604e-01	3.000000000000000e-10	3.000000000000000e-07
4.841429e+06	5.130059676543081e-01	2.781321263659757e-01	3.000000000000000e-10	3.000000000000000e-07
4.937267e+06	5.155168641822778e-01	2.795223668095671e-01	3.000000000000000e-10	3.000000000000000e-07
5.034933e+06	5.180400751853868e-01	2.809191681452234e-01	3.000000000000000e-10	3.000000000000000e-07
5.134460e+06	5.205756608521015e-01	2.823225637772477e-01	3.000000000000000e-10	3.000000000000000e-07
5.235882e+06	5.231236816644913e-01	2.837325872889660e-01	3.000000000000000e-10	3.000000000000000e-07
5.339235e+06	5.256841983997096e-01	2.851492724429467e-01	3.000000000000000e-10	3.000000000000000e-07
5.444554e+06	5.282572721314820e-01	2.865726531812320e-01	3.000000000000000e-10	3.000000000000000e-07
5.551876e+06	5.308429642316014e-01	2.880027636255807e-01	3.000000000000000e-10	3.000000000000000e-07
5.661238e+06	5.334413363714280e-01	2.894396380777235e-01	3.000000000000000e-10	3.000000000000000e-07
5.772677e+06	5.360524505233983e-01	2.908833110196286e-01	3.000000000000000e-10	3.000000000000000e-07
5.886233e+06	5.386763689625387e-01	2.923338171137809e-01	3.000000000000000e-10	3.000000000000000e-07
6.001943e+06	5.413131542679863e-01	2.937911912034724e-01	3.000000000000000e-10	3.000000000000000e-07
6.119849e+06	5.439628693245175e-01	2.952554683131045e-01	3.000000000000000e-10	3.000000000000000e-07
6.239991e+06	5.466255773240815e-01	2.967266836485029e-01	3.000000000000000e-10	3.000000000000000e-07
6.362409e+06	5.493013417673419e-01	2.982048725972443e-01	3.000000000000000e-10	3.000000000000000e-07
6.487147e+06	5.519902264652249e-01	2.996900707289955e-01	3.000000000000000e-10	3.000000000000000e-07
6.614246e+06	5.546922955404734e-01	3.011823137958647e-01	3.000000000000000e-10	3.000000000000000e-07
6.743752e+06	5.574076134292094e-01	3.026816377327653e-01	3.000000000000000e-10	3.000000000000000e-07
6.875707e+06	5.601362448825022e-01	3.041880786577915e-01	3.000000000000000e-10	3.000000000000000e-07
7.010158e+06	5.628782549679443e-01	3.057016728726066e-01	3.000000000000000e-10	3.000000000000000e-07
7.147150e+06	5.656337090712333e-01	3.072224568628440e-01	3.000000000000000e-10	3.000000000000000e-07
7.286731e+06	5.684026728977623e-01	3.087504672985194e-01	3.000000000000000e-10	3.000000000000000e-07
7.428948e+06	5.711852124742155e-01	3.102857410344567e-01	3.000000000000000e-10	3.000000000000000e-07
7.573851e+06	5.739813941501731e-01	3.118283151107255e-01	3.000000000000000e-10	3.000000000000000e-07
7.721488e+06	5.767912845997212e-01	3.133782267530906e-01	3.000000000000000e-10	3.000000000000000e-07
7.871910e+06	5.796149508230705e-01	3.149355133734753e-01	3.000000000000000e-10	3.000000000000000e-07
8.025169e+06	5.824524601481813e-01	3.165002125704347e-01	3.000000000000000e-10	3.000000000000000e-07
8.181317e+06	5.853038802323962e-01	3.180723621296438e-01	3.000000000000000e-10	3.000000000000000e-07
8.340407e+06	5.881692790640801e-01	3.196520000243960e-01	3.000000000000000e-10	3.000000000000000e-07
8.502494e+06	5.910487249642671e-01	3.212391644161145e-01	3.000000000000000e-10	3.000000000000000e-07
8.667633e+06	5.939422865883157e-01	3.228338936548761e-01	3.000000000000000e-10	3.000000000000000e-07
8.835881e+06	5.968500329275706e-01	3.244362262799471e-01	3.000000000000000e-10	3.000000000000000e-07
9.007294e+06	5.997720333110321e-01	3.260462010203306e-01	3.000000000000000e-10	3.000000000000000e-07
9.181932e+06	6.027083574070340e-01	3.276638567953273e-01	3.000000000000000e-10	3.000000000000000e-07
9.359853e+06	6.056590752249275e-01	3.292892327151067e-01	3.000000000000000e-10	3.000000000000000e-07
9.541119e+06	6.086242571167739e-01	3.309223680812918e-01	3.000000000000000e-10	3.000000000000000e-07
9.725791e+06	6.116039737790451e-01	3.325633023875547e-01	3.000000000000000e-10	3.000000000000000e-07
9.913932e+06	6.145982962543303e-01	3.342120753202241e-01	3.000000000000000e-10	3.000000000000000e-07
1.000000e+07	6.159512589720472e-01	3.349569823739871e-01	3.000000000000000e-10	3.000000000000000e-07
1.019527e+07	6.189978055311268e-01	3.366342135999431e-01	3.000000000000000e-10	3.000000000000000e-07
1.039219e+07	6.220277949800933e-01	3.383021270845134e-01	3.000000000000000e-10	3.000000000000000e-07
1.059283e+07	6.250732214729610e-01	3.399783388074457e-01	3.000000000000000e-10	3.000000000000000e-07
1.079724e+07	6.281335640768966e-01	3.416625625694963e-01	3.000000000000000e-10	3.000000000000000e-07
1.100549e+07	6.312089067882315e-01	3.433548451934551e-01	3.000000000000000e-10	3.000000000000000e-07
1.121764e+07	6.342993227222209e-01	3.450552275128232e-01	3.000000000000000e-10	3.000000000000000e-07
1.143376e+07	6.374048855620748e-01	3.467637506736110e-01	3.000000000000000e-10	3.000000000000000e-07
1.165393e+07	6.405256693480046e-01	3.484804560179622e-01	3.000000000000000e-10	3.000000000000000e-07
1.187823e+07	6.436617484829588e-01	3.502053850870462e-01	3.000000000000000e-10	3.000000000000000e-07
1.210673e+07	6.468131977343399e-01	3.519385796217467e-01	3.000000000000000e-10	3.000000000000000e-07
1.233950e+07	6.499800922358063e-01	3.536800815634011e-01	3.000000000000000e-10	3.000000000000000e-07
1.257664e+07	6.531625074890799e-01	3.554299330545525e-01	3.000000000000000e-10	3.000000000000000e-07
1.281821e+07	6.563605193657619e-01	3.571881764397108e-01	3.000000000000000e-10	3.000000000000000e-07
1.306429e+07	6.595742041091581e-01	3.589548542661258e-01	3.000000000000000e-10	3.000000000000000e-07
1.331499e+07	6.628036383361120e-01	3.607300092845708e-01	3.000000000000000e-10	3.000000000000000e-07
1.357036e+07	6.660488990388459e-01	3.625136844501374e-01	3.000000000000000e-10	3.000000000000000e-07
1.383052e+07	6.693100635868118e-01	3.643059229230401e-01	3.000000000000000e-10	3.000000000000000e-07
1.409553e+07	6.725872097285497e-01	3.661067680694334e-01	3.000000000000000e-10	3.000000000000000e-07
1.436550e+07	6.758804155935554e-01	3.679162634622370e-01	3.000000000000000e-10	3.000000000000000e-07
1.464051e+07	6.791897596941567e-01	3.697344528819740e-01	3.000000000000000e-10	3.000000000000000e-07
1.492065e+07	6.825153209273983e-01	3.715613803176175e-01	3.000000000000000e-10	3.000000000000000e-07
1.520603e+07	6.858571785769355e-01	3.733970899674495e-01	3.000000000000000e-10	3.000000000000000e-07
1.549673e+07	6.892154123149370e-01	3.752416262399284e-01	3.000000000000000e-10	3.000000000000000e-07
1.579286e+07	6.925901022039965e-01	3.770950337545678e-01	3.000000000000000e-10	3.000000000000000e-07
1.609451e+07	6.959813286990530e-01	3.789573573428252e-01	3.000000000000000e-10	3.000000000000000e-07
1.640179e+07	6.993891726493209e-01	3.808286420490006e-01	3.000000000000000e-10	3.000000000000000e-07
1.671481e+07	7.028137153002280e-01	3.827089331311457e-01	3.000000000000000e-10	3.000000000000000e-07
1.703366e+07	7.062550382953635e-01	3.845982760619822e-01	3.000000000000000e-10	3.000000000000000e-07
1.735845e+07	7.097132236784355e-01	3.864967165298310e-01	3.000000000000000e-10	3.000000000000000e-07
1.768930e+07	7.131883538952362e-01	3.884043004395505e-01	3.000000000000000e-10	3.000000000000000e-07
1.802632e+07	7.166805117956182e-01	3.903210739134849e-01	3.000000000000000e-10	3.000000000000000e-07
1.836962e+07	7.201897806354790e-01	3.922470832924222e-01	3.000000000000000e-10	3.000000000000000e-07
1.871931e+07	7.237162440787549e-01	3.941823751365623e-01	3.000000000000000e-10	3.000000000000000e-07
1.907552e+07	7.272599861994251e-01	3.961269962264937e-01	3.000000000000000e-10	3.000000000000000e-07
1.943836e+07	7.308210914835249e-01	3.980809935641805e-01	3.000000000000000e-10	3.000000000000000e-07
1.980796e+07	7.343996448311677e-01	4.000444143739586e-01	3.000000000000000e-10	3.000000000000000e-07
2.018444e+07	7.379957315585780e-01	4.020173061035416e-01	3.000000000000000e-10	3.000000000000000e-07
2.056792e+07	7.416094374001332e-01	4.039997164250352e-01	3.000000000000000e-10	3.000000000000000e-07
2.095855e+07	7.452408485104147e-01	4.059916932359622e-01	3.000000000000000e-10	3.000000000000000e-07
2.135644e+07	7.488900514662705e-01	4.079932846602952e-01	3.000000000000000e-10	3.000000000000000e-07
2.176174e+07	7.525571332688850e-01	4.100045390494998e-01	3.000000000000000e-10	3.000000000000000e-07
2.217458e+07	7.562421813458613e-01	4.120255049835858e-01	3.000000000000000e-10	3.000000000000000e-07
2.259510e+07	7.599452835533116e-01	4.140562312721687e-01	3.000000000000000e-10	3.000000000000000e-07
2.302344e+07	7.636665281779585e-01	4.160967669555388e-01	3.000000000000000e-10	3.000000000000000e-07
2.345974e+07	7.674060039392461e-01	4.181471613057403e-01	3.000000000000000e-10	3.000000000000000e-07
2.390416e+07	7.711637999914608e-01	4.202074638276589e-01	3.000000000000000e-10	3.000000000000000e-07
2.435684e+07	7.749400059258634e-01	4.222777242601184e-01	3.000000000000000e-10	3.000000000000000e-07
2.481794e+07	7.787347117728297e-01	4.243579925769856e-01	3.000000000000000e-10	3.000000000000000e-07
2.528760e+07	7.825480080040029e-01	4.264483189882848e-01	3.000000000000000e-10	3.000000000000000e-07
2.576599e+07	7.863799855344556e-01	4.285487539413203e-01	3.000000000000000e-10	3.000000000000000e-07
2.625328e+07	7.902307357248624e-01	4.306593481218078e-01	3.000000000000000e-10	3.000000000000000e-07
2.674961e+07	7.941003503836820e-01	4.327801524550148e-01	3.000000000000000e-10	3.000000000000000e-07
2.725517e+07	7.979889217693519e-01	4.349112181069086e-01	3.000000000000000e-10	3.000000000000000e-07
2.777012e+07	8.018965425924913e-01	4.370525964853140e-01	3.000000000000000e-10	3.000000000000000e-07
2.829463e+07	8.058233060181162e-01	4.392043392410785e-01	3.000000000000000e-10	3.000000000000000e-07
2.882888e+07	8.097693056678645e-01	4.413664982692470e-01	3.000000000000000e-10	3.000000000000000e-07
2.937306e+07	8.137346356222316e-01	4.435391257102438e-01	3.000000000000000e-10	3.000000000000000e-07
2.992734e+07	8.177193904228174e-01	4.457222739510636e-01	3.000000000000000e-10	3.000000000000000e-07
3.049191e+07	8.217236650745838e-01	4.479159956264711e-01	3.000000000000000e-10	3.000000000000000e-07
3.106696e+07	8.257475550481230e-01	4.501203436202080e-01	3.000000000000000e-10	3.000000000000000e-07
3.165268e+07	8.297911562819369e-01	4.523353710662097e-01	3.000000000000000e-10	3.000000000000000e-07
3.224928e+07	8.338545651847273e-01	4.545611313498287e-01	3.000000000000000e-10	3.000000000000000e-07
3.285694e+07	8.379378786376976e-01	4.567976781090670e-01	3.000000000000000e-10	3.000000000000000e-07
3.347589e+07	8.420411939968652e-01	4.590450652358172e-01	3.000000000000000e-10	3.000000000000000e-07
3.410632e+07	8.461646090953849e-01	4.613033468771107e-01	3.000000000000000e-10	3.000000000000000e-07
3.474845e+07	8.503082222458844e-01	4.635725774363746e-01	3.000000000000000e-10	3.000000000000000e-07
3.540249e+07	8.544721322428102e-01	4.658528115746971e-01	3.000000000000000e-10	3.000000000000000e-07
3.606866e+07	8.586564383647850e-01	4.681441042121000e-01	3.000000000000000e-10	3.000000000000000e-07
3.674719e+07	8.628612403769774e-01	4.704465105288201e-01	3.000000000000000e-10	3.000000000000000e-07
3.743831e+07	8.670866385334817e-01	4.727600859665986e-01	3.000000000000000e-10	3.000000000000000e-07
3.814225e+07	8.713327335797101e-01	4.750848862299779e-01	3.000000000000000e-10	3.000000000000000e-07
3.885924e+07	8.755996267547965e-01	4.774209672876070e-01	3.000000000000000e-10	3.000000000000000e-07
3.958953e+07	8.798874197940119e-01	4.797683853735550e-01	3.000000000000000e-10	3.000000000000000e-07
4.033336e+07	8.841962149311907e-01	4.821271969886318e-01	3.000000000000000e-10	3.000000000000000e-07
4.109098e+07	8.885261149011702e-01	4.844974589017177e-01	3.000000000000000e-10	3.000000000000000e-07
4.186265e+07	8.928772229422409e-01	4.868792281511002e-01	3.000000000000000e-10	3.000000000000000e-07
4.264863e+07	8.972496427986092e-01	4.892725620458193e-01	3.000000000000000e-10	3.000000000000000e-07
4.344918e+07	9.016434787228713e-01	4.916775181670202e-01	3.000000000000000e-10	3.000000000000000e-07
4.426457e+07	9.060588354785004e-01	4.940941543693143e-01	3.000000000000000e-10	3.000000000000000e-07
4.509507e+07	9.104958183423447e-01	4.965225287821480e-01	3.000000000000000e-10	3.000000000000000e-07
4.594097e+07	9.149545331071387e-01	4.989626998111794e-01	3.000000000000000e-10	3.000000000000000e-07
4.680255e+07	9.194350860840256e-01	5.014147261396628e-01	3.000000000000000e-10	3.000000000000000e-07
4.768010e+07	9.239375841050924e-01	5.038786667298408e-01	3.000000000000000e-10	3.000000000000000e-07
4.857391e+07	9.284621345259184e-01	5.063545808243453e-01	3.000000000000000e-10	3.000000000000000e-07
4.948429e+07	9.330088452281340e-01	5.088425279476049e-01	3.000000000000000e-10	3.000000000000000e-07
5.041154e+07	9.375778246219933e-01	5.113425679072615e-01	3.000000000000000e-10	3.000000000000000e-07
5.135597e+07	9.421691816489601e-01	5.138547607955939e-01	3.000000000000000e-10	3.000000000000000e-07
5.231790e+07	9.467830257843037e-01	5.163791669909497e-01	3.000000000000000e-10	3.000000000000000e-07
5.329766e+07	9.514194670397104e-01	5.189158471591845e-01	3.000000000000000e-10	3.000000000000000e-07
5.429557e+07	9.560786159659056e-01	5.214648622551100e-01	3.000000000000000e-10	3.000000000000000e-07
5.531197e+07	9.607605836552899e-01	5.240262735239489e-01	3.000000000000000e-10	3.000000000000000e-07
5.634721e+07	9.654654817445877e-01	5.266001425027980e-01	3.000000000000000e-10	3.000000000000000e-07
5.740162e+07	9.701934224175078e-01	5.291865310220994e-01	3.000000000000000e-10	3.000000000000000e-07
5.847557e+07	9.749445184074189e-01	5.317855012071198e-01	3.000000000000000e-10	3.000000000000000e-07
5.956942e+07	9.797188830000360e-01	5.343971154794361e-01	3.000000000000000e-10	3.000000000000000e-07
6.068354e+07	9.845166300361218e-01	5.370214365584318e-01	3.000000000000000e-10	3.000000000000000e-07
6.181829e+07	9.893378739141997e-01	5.396585274627980e-01	3.000000000000000e-10	3.000000000000000e-07
6.297406e+07	9.941827295932814e-01	5.423084515120445e-01	3.000000000000000e-10	3.000000000000000e-07
6.415125e+07	9.990513125956065e-01	5.449712723280185e-01	3.000000000000000e-10	3.000000000000000e-07
6.535024e+07	1.003943739009397e+00	5.476470538364300e-01	3.000000000000000e-10	3.000000000000000e-07
6.657144e+07	1.008860125491623e+00	5.503358602683868e-01	3.000000000000000e-10	3.000000000000000e-07
6.781527e+07	1.013800589270786e+00	5.530377561619361e-01	3.000000000000000e-10	3.000000000000000e-07
6.908213e+07	1.018765248149708e+00	5.557528063636147e-01	3.000000000000000e-10	3.000000000000000e-07
7.037246e+07	1.023754220508346e+00	5.584810760300073e-01	3.000000000000000e-10	3.000000000000000e-07
7.168669e+07	1.028767625306608e+00	5.612226306293121e-01	3.000000000000000e-10	3.000000000000000e-07
7.302527e+07	1.033805582087191e+00	5.639775359429148e-01	3.000000000000000e-10	3.000000000000000e-07
7.438864e+07	1.038868210978429e+00	5.667458580669710e-01	3.000000000000000e-10	3.000000000000000e-07
7.577726e+07	1.043955632697158e+00	5.695276634139957e-01	3.000000000000000e-10	3.000000000000000e-07
7.719161e+07	1.049067968551589e+00	5.723230187144618e-01	3.000000000000000e-10	3.000000000000000e-07
7.863215e+07	1.054205340444206e+00	5.751319910184054e-01	3.000000000000000e-10	3.000000000000000e-07
8.009937e+07	1.059367870874663e+00	5.779546476970412e-01	3.000000000000000e-10	3.000000000000000e-07
8.159377e+07	1.064555682942710e+00	5.807910564443834e-01	3.000000000000000e-10	3.000000000000000e-07
8.311585e+07	1.069768900351123e+00	5.836412852788773e-01	3.000000000000000e-10	3.000000000000000e-07
8.466612e+07	1.075007647408654e+00	5.865054025450364e-01	3.000000000000000e-10	3.000000000000000e-07
8.624511e+07	1.080272049032993e+00	5.893834769150902e-01	3.000000000000000e-10	3.000000000000000e-07
8.785334e+07	1.085562230753745e+00	5.922755773906387e-01	3.000000000000000e-10	3.000000000000000e-07
8.949136e+07	1.090878318715421e+00	5.951817733043151e-01	3.000000000000000e-10	3.000000000000000e-07
9.115972e+07	1.096220439680444e+00	5.981021343214569e-01	3.000000000000000e-10	3.000000000000000e-07
9.285898e+07	1.101588721032172e+00	6.010367304417857e-01	3.000000000000000e-10	3.000000000000000e-07
9.458971e+07	1.106983290777930e+00	6.039856320010952e-01	3.000000000000000e-10	3.000000000000000e-07
9.635250e+07	1.112404277552066e+00	6.069489096729465e-01	3.000000000000000e-10	3.000000000000000e-07
9.814795e+07	1.117851810619008e+00	6.099266344703724e-01	3.000000000000000e-10	3.000000000000000e-07
9.997665e+07	1.123326019876355e+00	6.129188777475908e-01	3.000000000000000e-10	3.000000000000000e-07
1.000000e+08	1.123395155777151e+00	6.129566673175427e-01	3.000000000000000e-10	3.000000000000000e-07
1.018971e+08	1.128996866732737e+00	6.160185392100793e-01	3.000000000000000e-10	3.000000000000000e-07
1.037946e+08	1.134523810545675e+00	6.190394809068830e-01	3.000000000000000e-10	3.000000000000000e-07
1.057279e+08	1.140079694634396e+00	6.220761796570493e-01	3.000000000000000e-10	3.000000000000000e-07
1.076970e+08	1.145662750685123e+00	6.251276692467982e-01	3.000000000000000e-10	3.000000000000000e-07
1.097026e+08	1.151273146715298e+00	6.281940418417863e-01	3.000000000000000e-10	3.000000000000000e-07
1.117453e+08	1.156911015866628e+00	6.312753705405275e-01	3.000000000000000e-10	3.000000000000000e-07
1.138259e+08	1.162576492588159e+00	6.343717291514114e-01	3.000000000000000e-10	3.000000000000000e-07
1.159450e+08	1.168269711975425e+00	6.374831918315295e-01	3.000000000000000e-10	3.000000000000000e-07
1.181034e+08	1.173990809785855e+00	6.406098330951262e-01	3.000000000000000e-10	3.000000000000000e-07
1.203017e+08	1.179739922441783e+00	6.437517278152751e-01	3.000000000000000e-10	3.000000000000000e-07
1.225408e+08	1.185517187033705e+00	6.469089512256867e-01	3.000000000000000e-10	3.000000000000000e-07
1.248213e+08	1.191322741323543e+00	6.500815789225245e-01	3.000000000000000e-10	3.000000000000000e-07
1.271441e+08	1.197156723747931e+00	6.532696868662284e-01	3.000000000000000e-10	3.000000000000000e-07
1.295100e+08	1.203019273421510e+00	6.564733513833478e-01	3.000000000000000e-10	3.000000000000000e-07
1.319197e+08	1.208910530140247e+00	6.596926491683829e-01	3.000000000000000e-10	3.000000000000000e-07
1.343740e+08	1.214830634384764e+00	6.629276572856354e-01	3.000000000000000e-10	3.000000000000000e-07
1.368737e+08	1.220779727323687e+00	6.661784531710672e-01	3.000000000000000e-10	3.000000000000000e-07
1.394199e+08	1.226757950817006e+00	6.694451146341692e-01	3.000000000000000e-10	3.000000000000000e-07
1.420131e+08	1.232765447419461e+00	6.727277198598379e-01	3.000000000000000e-10	3.000000000000000e-07
1.446545e+08	1.238802360383936e+00	6.760263474102619e-01	3.000000000000000e-10	3.000000000000000e-07
1.473447e+08	1.244868833664871e+00	6.793410762268165e-01	3.000000000000000e-10	3.000000000000000e-07
1.500848e+08	1.250965011921695e+00	6.826719856319684e-01	3.000000000000000e-10	3.000000000000000e-07
1.528757e+08	1.257091040522274e+00	6.860191553311885e-01	3.000000000000000e-10	3.000000000000000e-07
1.557183e+08	1.263247065546370e+00	6.893826654148746e-01	3.000000000000000e-10	3.000000000000000e-07
1.586136e+08	1.269433233789129e+00	6.927625963602829e-01	3.000000000000000e-10	3.000000000000000e-07
1.615626e+08	1.275649692764571e+00	6.961590290334688e-01	3.000000000000000e-10	3.000000000000000e-07
1.645662e+08	1.281896590709112e+00	6.995720446912366e-01	3.000000000000000e-10	3.000000000000000e-07
1.676254e+08	1.288174076585095e+00	7.030017249830992e-01	3.000000000000000e-10	3.000000000000000e-07
1.707414e+08	1.294482300084334e+00	7.064481519532467e-01	3.000000000000000e-10	3.000000000000000e-07
1.739151e+08	1.300821411631689e+00	7.099114080425246e-01	3.000000000000000e-10	3.000000000000000e-07
1.771476e+08	1.307191562388645e+00	7.133915760904206e-01	3.000000000000000e-10	3.000000000000000e-07
1.804400e+08	1.313592904256917e+00	7.168887393370621e-01	3.000000000000000e-10	3.000000000000000e-07
1.837935e+08	1.320025589882067e+00	7.204029814252226e-01	3.000000000000000e-10	3.000000000000000e-07
1.872091e+08	1.326489772657146e+00	7.239343864023374e-01	3.000000000000000e-10	3.000000000000000e-07
1.906881e+08	1.332985606726343e+00	7.274830387225294e-01	3.000000000000000e-10	3.000000000000000e-07
1.942315e+08	1.339513246988664e+00	7.310490232486440e-01	3.000000000000000e-10	3.000000000000000e-07
1.978406e+08	1.346072849101618e+00	7.346324252542942e-01	3.000000000000000e-10	3.000000000000000e-07
2.015166e+08	1.352664569484931e+00	7.382333304259150e-01	3.000000000000000e-10	3.000000000000000e-07
2.052608e+08	1.359288565324270e+00	7.418518248648280e-01	3.000000000000000e-10	3.000000000000000e-07
2.090744e+08	1.365944994574991e+00	7.454879950893155e-01	3.000000000000000e-10	3.000000000000000e-07
2.129587e+08	1.372634015965901e+00	7.491419280367041e-01	3.000000000000000e-10	3.000000000000000e-07
2.169150e+08	1.379355789003040e+00	7.528137110654595e-01	3.000000000000000e-10	3.000000000000000e-07
2.209447e+08	1.386110473973487e+00	7.565034319572892e-01	3.000000000000000e-10	3.000000000000000e-07
2.250491e+08	1.392898231949171e+00	7.602111789192577e-01	3.000000000000000e-10	3.000000000000000e-07
2.292296e+08	1.399719224790718e+00	7.639370405859094e-01	3.000000000000000e-10	3.000000000000000e-07
2.334876e+08	1.406573615151303e+00	7.676811060214028e-01	3.000000000000000e-10	3.000000000000000e-07
2.378246e+08	1.413461566480526e+00	7.714434647216554e-01	3.000000000000000e-10	3.000000000000000e-07
2.422420e+08	1.420383243028309e+00	7.752242066164969e-01	3.000000000000000e-10	3.000000000000000e-07
2.467413e+08	1.427338809848810e+00	7.790234220718349e-01	3.000000000000000e-10	3.000000000000000e-07
2.513241e+08	1.434328432804354e+00	7.828412018918290e-01	3.000000000000000e-10	3.000000000000000e-07
2.559919e+08	1.441352278569387e+00	7.866776373210762e-01	3.000000000000000e-10	3.000000000000000e-07
2.607463e+08	1.448410514634450e+00	7.905328200468068e-01	3.000000000000000e-10	3.000000000000000e-07
2.655888e+08	1.455503309310166e+00	7.944068422010903e-01	3.000000000000000e-10	3.000000000000000e-07
2.705212e+08	1.462630831731252e+00	7.982997963630514e-01	3.000000000000000e-10	3.000000000000000e-07
2.755451e+08	1.469793251860553e+00	8.022117755610980e-01	3.000000000000000e-10	3.000000000000000e-07
2.806622e+08	1.476990740493088e+00	8.061428732751585e-01	3.000000000000000e-10	3.000000000000000e-07
2.858742e+08	1.484223469260122e+00	8.100931834389296e-01	3.000000000000000e-10	3.000000000000000e-07
2.911829e+08	1.491491610633256e+00	8.140628004421359e-01	3.000000000000000e-10	3.000000000000000e-07
2.965901e+08	1.498795337928537e+00	8.180518191327993e-01	3.000000000000000e-10	3.000000000000000e-07
3.020977e+08	1.506134825310587e+00	8.220603348195205e-01	3.000000000000000e-10	3.000000000000000e-07
3.077074e+08	1.513510247796756e+00	8.260884432737683e-01	3.000000000000000e-10	3.000000000000000e-07
3.134212e+08	1.520921781261291e+00	8.301362407321845e-01	3.000000000000000e-10	3.000000000000000e-07
3.192411e+08	1.528369602439525e+00	8.342038238988950e-01	3.000000000000000e-10	3.000000000000000e-07
3.251689e+08	1.535853888932094e+00	8.382912899478355e-01	3.000000000000000e-10	3.000000000000000e-07
3.312068e+08	1.543374819209165e+00	8.423987365250862e-01	3.000000000000000e-10	3.000000000000000e-07
3.373567e+08	1.550932572614690e+00	8.465262617512184e-01	3.000000000000000e-10	3.000000000000000e-07
3.436208e+08	1.558527329370683e+00	8.506739642236519e-01	3.000000000000000e-10	3.000000000000000e-07
3.500011e+08	1.566159270581508e+00	8.548419430190248e-01	3.000000000000000e-10	3.000000000000000e-07
3.564999e+08	1.573828578238204e+00	8.590302976955724e-01	3.000000000000000e-10	3.000000000000000e-07
3.631193e+08	1.581535435222812e+00	8.632391282955196e-01	3.000000000000000e-10	3.000000000000000e-07
3.698616e+08	1.589280025312742e+00	8.674685353474838e-01	3.000000000000000e-10	3.000000000000000e-07
3.767290e+08	1.597062533185148e+00	8.717186198688887e-01	3.000000000000000e-10	3.000000000000000e-07
3.837240e+08	1.604883144421330e+00	8.759894833683909e-01	3.000000000000000e-10	3.000000000000000e-07
3.908488e+08	1.612742045511155e+00	8.802812278483167e-01	3.000000000000000e-10	3.000000000000000e-07
3.981059e+08	1.620639423857506e+00	8.845939558071120e-01	3.000000000000000e-10	3.000000000000000e-07
4.054977e+08	1.628575467780743e+00	8.889277702418023e-01	3.000000000000000e-10	3.000000000000000e-07
4.130268e+08	1.636550366523193e+00	8.932827746504657e-01	3.000000000000000e-10	3.000000000000000e-07
4.206957e+08	1.644564310253660e+00	8.976590730347173e-01	3.000000000000000e-10	3.000000000000000e-07
4.285070e+08	1.652617490071955e+00	9.020567699022051e-01	3.000000000000000e-10	3.000000000000000e-07
4.364634e+08	1.660710098013456e+00	9.064759702691183e-01	3.000000000000000e-10	3.000000000000000e-07
4.445676e+08	1.668842327053677e+00	9.109167796627075e-01	3.000000000000000e-10	3.000000000000000e-07
4.528223e+08	1.677014371112870e+00	9.153793041238167e-01	3.000000000000000e-10	3.000000000000000e-07
4.612303e+08	1.685226425060650e+00	9.198636502094281e-01	3.000000000000000e-10	3.000000000000000e-07
4.697944e+08	1.693478684720632e+00	9.243699249952175e-01	3.000000000000000e-10	3.000000000000000e-07
4.785177e+08	1.701771346875104e+00	9.288982360781239e-01	3.000000000000000e-10	3.000000000000000e-07
4.874030e+08	1.710104609269713e+00	9.334486915789303e-01	3.000000000000000e-10	3.000000000000000e-07
4.964534e+08	1.718478670618180e+00	9.380214001448565e-01	3.000000000000000e-10	3.000000000000000e-07
5.056719e+08	1.726893730607033e+00	9.426164709521653e-01	3.000000000000000e-10	3.000000000000000e-07
5.150617e+08	1.735349989900370e+00	9.472340137087807e-01	3.000000000000000e-10	3.000000000000000e-07
5.246260e+08	1.743847650144636e+00	9.518741386569183e-01	3.000000000000000e-10	3.000000000000000e-07
5.343679e+08	1.752386913973432e+00	9.565369565757290e-01	3.000000000000000e-10	3.000000000000000e-07
5.442910e+08	1.760967985012345e+00	9.612225787839547e-01	3.000000000000000e-10	3.000000000000000e-07
5.543984e+08	1.769591067883797e+00	9.659311171425968e-01	3.000000000000000e-10	3.000000000000000e-07
5.646936e+08	1.778256368211926e+00	9.706626840575988e-01	3.000000000000000e-10	3.000000000000000e-07
5.751802e+08	1.786964092627484e+00	9.754173924825391e-01	3.000000000000000e-10	3.000000000000000e-07
5.858617e+08	1.795714448772759e+00	9.801953559213397e-01	3.000000000000000e-10	3.000000000000000e-07
5.967417e+08	1.804507645306530e+00	9.849966884309852e-01	3.000000000000000e-10	3.000000000000000e-07
6.078240e+08	1.813343891909035e+00	9.898215046242573e-01	3.000000000000000e-10	3.000000000000000e-07
6.191122e+08	1.822223399286968e+00	9.946699196724804e-01	3.000000000000000e-10	3.000000000000000e-07
6.306103e+08	1.831146379178503e+00	9.995420493082818e-01	3.000000000000000e-10	3.000000000000000e-07
6.423222e+08	1.840113044358340e+00	1.004438009828364e+00	3.000000000000000e-10	3.000000000000000e-07
6.542518e+08	1.849123608642774e+00	1.009357918096291e+00	3.000000000000000e-10	3.000000000000000e-07
6.664032e+08	1.858178286894793e+00	1.014301891545289e+00	3.000000000000000e-10	3.000000000000000e-07
6.787806e+08	1.867277295029196e+00	1.019270048181056e+00	3.000000000000000e-10	3.000000000000000e-07
6.913880e+08	1.876420850017742e+00	1.024262506584595e+00	3.000000000000000e-10	3.000000000000000e-07
7.042300e+08	1.885609169894317e+00	1.029279385915044e+00	3.000000000000000e-10	3.000000000000000e-07
7.173107e+08	1.894842473760137e+00	1.034320805912541e+00	3.000000000000000e-10	3.000000000000000e-07
7.306348e+08	1.904120981788961e+00	1.039386886901084e+00	3.000000000000000e-10	3.000000000000000e-07
7.442066e+08	1.913444915232347e+00	1.044477749791412e+00	3.000000000000000e-10	3.000000000000000e-07
7.580308e+08	1.922814496424917e+00	1.049593516083908e+00	3.000000000000000e-10	3.000000000000000e-07
7.721122e+08	1.932229948789662e+00	1.054734307871496e+00	3.000000000000000e-10	3.000000000000000e-07
7.864555e+08	1.941691496843265e+00	1.059900247842577e+00	3.000000000000000e-10	3.000000000000000e-07
8.010657e+08	1.951199366201449e+00	1.065091459283954e+00	3.000000000000000e-10	3.000000000000000e-07
8.159476e+08	1.960753783584358e+00	1.070308066083793e+00	3.000000000000000e-10	3.000000000000000e-07
8.311064e+08	1.970354976821960e+00	1.075550192734582e+00	3.000000000000000e-10	3.000000000000000e-07
8.465472e+08	1.980003174859474e+00	1.080817964336116e+00	3.000000000000000e-10	3.000000000000000e-07
8.622754e+08	1.989698607762829e+00	1.086111506598486e+00	3.000000000000000e-10	3.000000000000000e-07
8.782961e+08	1.999441506724145e+00	1.091430945845090e+00	3.000000000000000e-10	3.000000000000000e-07
8.946150e+08	2.009232104067247e+00	1.096776409015657e+00	3.000000000000000e-10	3.000000000000000e-07
9.112376e+08	2.019070633253197e+00	1.102148023669283e+00	3.000000000000000e-10	3.000000000000000e-07
9.281695e+08	2.028957328885861e+00	1.107545917987485e+00	3.000000000000000e-10	3.000000000000000e-07
9.454165e+08	2.038892426717501e+00	1.112970220777264e+00	3.000000000000000e-10	3.000000000000000e-07
9.629846e+08	2.048876163654392e+00	1.118421061474194e+00	3.000000000000000e-10	3.000000000000000e-07
9.808796e+08	2.058908777762467e+00	1.123898570145509e+00	3.000000000000000e-10	3.000000000000000e-07
9.991077e+08	2.068990508272995e+00	1.129402877493225e+00	3.000000000000000e-10	3.000000000000000e-07
1.000000e+09	2.069478505292496e+00	1.129669307774545e+00	3.000000000000000e-10	3.000000000000000e-07
