#t[yr]	ecc	inc	eachmass	totalmass
0.000000e+00	3.000000000000000e-02	1.500000000000000e-02	3.000000000000000e-06	3.000000000000000e-06
1.100000e-01	2.996375741665357e-02	1.498611922210072e-02	3.000000000000000e-06	3.000000000000000e-06
1.200000e-01	2.996066937289956e-02	1.498493312043790e-02	3.000000000000000e-06	3.000000000000000e-06
1.300000e-01	2.995761438161458e-02	1.498375913578011e-02	3.000000000000000e-06	3.000000000000000e-06
1.500000e-01	2.995160230434393e-02	1.498144705876081e-02	3.000000000000000e-06	3.000000000000000e-06
1.600000e-01	2.994864459937586e-02	1.498030873962705e-02	3.000000000000000e-06	3.000000000000000e-06
1.800000e-01	2.994282433029282e-02	1.497806698085480e-02	3.000000000000000e-06	3.000000000000000e-06
2.000000e-01	2.993712891257648e-02	1.497587099418452e-02	3.000000000000000e-06	3.000000000000000e-06
2.300000e-01	2.992881471921104e-02	1.497266094518428e-02	3.000000000000000e-06	3.000000000000000e-06
2.600000e-01	2.992076832488312e-02	1.496954907763683e-02	3.000000000000000e-06	3.000000000000000e-06
2.900000e-01	2.991298213748490e-02	1.496653260975189e-02	3.000000000000000e-06	3.000000000000000e-06
3.200000e-01	2.990544877146870e-02	1.496360883534609e-02	3.000000000000000e-06	3.000000000000000e-06
3.600000e-01	2.989578517255926e-02	1.495985011981655e-02	3.000000000000000e-06	3.000000000000000e-06
4.000000e-01	2.988654179666599e-02	1.495624547923548e-02	3.000000000000000e-06	3.000000000000000e-06
4.500000e-01	2.987555436656909e-02	1.495194749709414e-02	3.000000000000000e-06	3.000000000000000e-06
5.100000e-01	2.986316163840699e-02	1.494708038914236e-02	3.000000000000000e-06	3.000000000000000e-06
5.700000e-01	2.985158707737467e-02	1.494251328658734e-02	3.000000000000000e-06	3.000000000000000e-06
6.400000e-01	2.983905601300787e-02	1.493754164146834e-02	3.000000000000000e-06	3.000000000000000e-06
7.100000e-01	2.982750678661901e-02	1.493293004147065e-02	3.000000000000000e-06	3.000000000000000e-06
8.000000e-01	2.981399700440018e-02	1.492749196205791e-02	3.000000000000000e-06	3.000000000000000e-06
9.000000e-01	2.980061041021102e-02	1.492204533541968e-02	3.000000000000000e-06	3.000000000000000e-06
1.000000e+00	2.978877970718521e-02	1.491716934607321e-02	3.000000000000000e-06	3.000000000000000e-06
1.130000e+00	2.977548902779502e-02	1.491159685851174e-02	3.000000000000000e-06	3.000000000000000e-06
1.260000e+00	2.976429850639145e-02	1.490679473899713e-02	3.000000000000000e-06	3.000000000000000e-06
1.420000e+00	2.975303885509813e-02	1.490180644953813e-02	3.000000000000000e-06	3.000000000000000e-06
1.590000e+00	2.974368954363110e-02	1.489746549788103e-02	3.000000000000000e-06	3.000000000000000e-06
1.780000e+00	2.973592748126987e-02	1.489359994412936e-02	3.000000000000000e-06	3.000000000000000e-06
2.000000e+00	2.972957079853710e-02	1.489008957322274e-02	3.000000000000000e-06	3.000000000000000e-06
2.240000e+00	2.972410034009841e-02	1.488679687422752e-02	3.000000000000000e-06	3.000000000000000e-06
2.520000e+00	2.971918615037224e-02	1.488349364065863e-02	3.000000000000000e-06	3.000000000000000e-06
2.820000e+00	2.971536099207604e-02	1.488048264472498e-02	3.000000000000000e-06	3.000000000000000e-06
3.170000e+00	2.971240983569384e-02	1.487752449284706e-02	3.000000000000000e-06	3.000000000000000e-06
3.550000e+00	2.971072797079020e-02	1.487487181201349e-02	3.000000000000000e-06	3.000000000000000e-06
3.990000e+00	2.971037531309034e-02	1.487238653894095e-02	3.000000000000000e-06	3.000000000000000e-06
4.470000e+00	2.971157489292182e-02	1.487025853283275e-02	3.000000000000000e-06	3.000000000000000e-06
5.020000e+00	2.971459366940208e-02	1.486842657647245e-02	3.000000000000000e-06	3.000000000000000e-06
5.630000e+00	2.971959752749733e-02	1.486700687730841e-02	3.000000000000000e-06	3.000000000000000e-06
6.310000e+00	2.972682512608414e-02	1.486603601501212e-02	3.000000000000000e-06	3.000000000000000e-06
7.080000e+00	2.973669541117622e-02	1.486556456615145e-02	3.000000000000000e-06	3.000000000000000e-06
7.950000e+00	2.974956913243762e-02	1.486567651154003e-02	3.000000000000000e-06	3.000000000000000e-06
8.920000e+00	2.976564532329451e-02	1.486645088052754e-02	3.000000000000000e-06	3.000000000000000e-06
1.000000e+01	2.978524122032397e-02	1.486795864021913e-02	3.000000000000000e-06	3.000000000000000e-06
1.123000e+01	2.980929069930406e-02	1.487034246501455e-02	3.000000000000000e-06	3.000000000000000e-06
1.259000e+01	2.983758160351118e-02	1.487364225161100e-02	3.000000000000000e-06	3.000000000000000e-06
1.413000e+01	2.987131171835710e-02	1.487805378322074e-02	3.000000000000000e-06	3.000000000000000e-06
1.585000e+01	2.991065687924795e-02	1.488366345216853e-02	3.000000000000000e-06	3.000000000000000e-06
1.779000e+01	2.995667758449773e-02	1.489068285319121e-02	3.000000000000000e-06	3.000000000000000e-06
1.996000e+01	3.000974961515678e-02	1.489923433550565e-02	3.000000000000000e-06	3.000000000000000e-06
2.239000e+01	3.007070732975314e-02	1.490951650283453e-02	3.000000000000000e-06	3.000000000000000e-06
2.512000e+01	3.014063936079288e-02	1.492178559932333e-02	3.000000000000000e-06	3.000000000000000e-06
2.819000e+01	3.022063244918099e-02	1.493631554529169e-02	3.000000000000000e-06	3.000000000000000e-06
3.163000e+01	3.031148228326106e-02	1.495334192910731e-02	3.000000000000000e-06	3.000000000000000e-06
3.549000e+01	3.041447453619732e-02	1.497320897144683e-02	3.000000000000000e-06	3.000000000000000e-06
3.982000e+01	3.053084638604398e-02	1.499627511193750e-02	3.000000000000000e-06	3.000000000000000e-06
4.467000e+01	3.066177113791894e-02	1.502291178432972e-02	3.000000000000000e-06	3.000000000000000e-06
5.012000e+01	3.080914689835419e-02	1.505367087060935e-02	3.000000000000000e-06	3.000000000000000e-06
5.624000e+01	3.097449451383604e-02	1.508906973715016e-02	3.000000000000000e-06	3.000000000000000e-06
6.310000e+01	3.115919812091836e-02	1.512963998043525e-02	3.000000000000000e-06	3.000000000000000e-06
7.080000e+01	3.136528412856966e-02	1.517610809021143e-02	3.000000000000000e-06	3.000000000000000e-06
7.944000e+01	3.159456169653133e-02	1.522921960900038e-02	3.000000000000000e-06	3.000000000000000e-06
8.913000e+01	3.184886001101207e-02	1.528980089707308e-02	3.000000000000000e-06	3.000000000000000e-06
1.000100e+02	3.213048263899909e-02	1.535888194607368e-02	3.000000000000000e-06	3.000000000000000e-06
1.122100e+02	3.244110681693477e-02	1.543744456917750e-02	3.000000000000000e-06	3.000000000000000e-06
1.259000e+02	3.278300548317972e-02	1.552673493723542e-02	3.000000000000000e-06	3.000000000000000e-06
1.412600e+02	3.315818522291891e-02	1.562806589344240e-02	3.000000000000000e-06	3.000000000000000e-06
1.584900e+02	3.356855731882322e-02	1.574286814964854e-02	3.000000000000000e-06	3.000000000000000e-06
1.778300e+02	3.401630558494249e-02	1.587280743455746e-02	3.000000000000000e-06	3.000000000000000e-06
1.995300e+02	3.450306703183519e-02	1.601956005437128e-02	3.000000000000000e-06	3.000000000000000e-06
2.238800e+02	3.503051901537069e-02	1.618497730967518e-02	3.000000000000000e-06	3.000000000000000e-06
2.511900e+02	3.559983107418058e-02	1.637090905086672e-02	3.000000000000000e-06	3.000000000000000e-06
2.818400e+02	3.621258973840752e-02	1.657948722601611e-02	3.000000000000000e-06	3.000000000000000e-06
3.162300e+02	3.686961796609430e-02	1.681271772070829e-02	3.000000000000000e-06	3.000000000000000e-06
3.548200e+02	3.757168470530247e-02	1.707267360347412e-02	3.000000000000000e-06	3.000000000000000e-06
3.981100e+02	3.831901739678068e-02	1.736127063730053e-02	3.000000000000000e-06	3.000000000000000e-06
4.466900e+02	3.911207165742237e-02	1.768050372424711e-02	3.000000000000000e-06	3.000000000000000e-06
5.011900e+02	3.995057087891773e-02	1.803201303822105e-02	3.000000000000000e-06	3.000000000000000e-06
5.623500e+02	4.083454189686719e-02	1.841743779960004e-02	3.000000000000000e-06	3.000000000000000e-06
6.309600e+02	4.176331207673979e-02	1.883793357489906e-02	3.000000000000000e-06	3.000000000000000e-06
7.079500e+02	4.273670412379835e-02	1.929464313798138e-02	3.000000000000000e-06	3.000000000000000e-06
7.943300e+02	4.375409821058952e-02	1.978823987389963e-02	3.000000000000000e-06	3.000000000000000e-06
8.912600e+02	4.481522112066331e-02	2.031926931699330e-02	3.000000000000000e-06	3.000000000000000e-06
1.000010e+03	4.591956024627016e-02	2.088785635554675e-02	3.000000000000000e-06	3.000000000000000e-06
