#t[yr]	ecc	inc	eachmass	totalmass
0.000000e+00	3.000000000000000e-02	1.500000000000000e-02	3.000000000000000e-08	3.000000000000000e-05
1.000000e-01	3.000715391157042e-02	1.500236206147836e-02	2.339305328981351e-08	2.339305328981350e-05
1.130000e-01	3.000808454560356e-02	1.500266941987581e-02	2.270506705303936e-08	2.270506705303936e-05
1.260000e-01	3.000901528137907e-02	1.500297682775911e-02	2.203731438971656e-08	2.203731438971656e-05
1.420000e-01	3.001016094188683e-02	1.500335524413735e-02	2.138920023344301e-08	2.138920023344300e-05
1.590000e-01	3.001137834637366e-02	1.500375738213122e-02	2.076014701863145e-08	2.076014701863145e-05
1.780000e-01	3.001273913479923e-02	1.500420691231252e-02	1.995009323347836e-08	1.995009323347836e-05
2.000000e-01	3.001431496441559e-02	1.500472751624365e-02	1.917164746797234e-08	1.917164746797233e-05
2.240000e-01	3.001603423628455e-02	1.500529555022955e-02	1.824116474066849e-08	1.824116474066848e-05
2.520000e-01	3.001804026144090e-02	1.500595837737382e-02	1.752940077625541e-08	1.752940077625540e-05
2.820000e-01	3.002018977490387e-02	1.500666867468091e-02	1.667862336291413e-08	1.667862336291412e-05
3.170000e-01	3.002269772976796e-02	1.500749748923459e-02	1.571201766963275e-08	1.571201766963274e-05
3.550000e-01	3.002542081901859e-02	1.500839748388982e-02	1.494944569572651e-08	1.494944569572650e-05
3.990000e-01	3.002857399328969e-02	1.500943972661886e-02	1.408305408735067e-08	1.408305408735066e-05
4.470000e-01	3.003201387662926e-02	1.501057685791552e-02	1.313551881268908e-08	1.313551881268908e-05
5.020000e-01	3.003595535260288e-02	1.501187994861660e-02	1.237425291008575e-08	1.237425291008574e-05
5.630000e-01	3.004032660615416e-02	1.501332530440306e-02	1.154168910274929e-08	1.154168910274928e-05
6.310000e-01	3.004519906780406e-02	1.501493659492780e-02	1.065855624549590e-08	1.065855624549589e-05
7.080000e-01	3.005071570764668e-02	1.501676116952562e-02	9.941427847285517e-09	9.941427847285515e-06
7.950000e-01	3.005694768750931e-02	1.501882265761785e-02	9.180741824486624e-09	9.180741824486623e-06
8.920000e-01	3.006389436994684e-02	1.502112095675505e-02	8.394317866193119e-09	8.394317866193119e-06
1.001000e+00	3.007169816767417e-02	1.502370331930051e-02	7.752011713612869e-09	7.752011713612866e-06
1.123000e+00	3.008042956375310e-02	1.502659323851213e-02	7.087973027730538e-09	7.087973027730534e-06
1.259000e+00	3.009015875172585e-02	1.502981415486708e-02	6.480816012392384e-09	6.480816012392379e-06
1.413000e+00	3.010117001035654e-02	1.503346045819627e-02	5.925668173702065e-09	5.925668173702062e-06
1.585000e+00	3.011346092591477e-02	1.503753170134736e-02	5.418074396446792e-09	5.418074396446789e-06
1.779000e+00	3.012731426642760e-02	1.504212199267501e-02	4.904912070659340e-09	4.904912070659336e-06
1.996000e+00	3.014279752958262e-02	1.504725426236462e-02	4.440352911484048e-09	4.440352911484044e-06
2.239000e+00	3.016011994375826e-02	1.505299855950983e-02	4.019793564999516e-09	4.019793564999512e-06
2.512000e+00	3.017956045066318e-02	1.505944828223295e-02	3.639066674952862e-09	3.639066674952859e-06
2.819000e+00	3.020139591714956e-02	1.506669644578433e-02	3.294399588092797e-09	3.294399588092794e-06
3.163000e+00	3.022582977403732e-02	1.507481203162331e-02	2.952848485788462e-09	2.952848485788459e-06
3.549000e+00	3.025320476820929e-02	1.508391070742607e-02	2.673175213369223e-09	2.673175213369221e-06
3.982000e+00	3.028385985806762e-02	1.509410744738517e-02	2.396030344823554e-09	2.396030344823553e-06
4.467000e+00	3.031812960764497e-02	1.510551643172530e-02	2.169095014217294e-09	2.169095014217292e-06
5.012000e+00	3.035655476396568e-02	1.511832136274502e-02	1.944211306792582e-09	1.944211306792580e-06
5.624000e+00	3.039959782542885e-02	1.513268104413774e-02	1.742642706144476e-09	1.742642706144476e-06
6.310000e+00	3.044771272273973e-02	1.514875273330065e-02	1.561971988676705e-09	1.561971988676704e-06
7.080000e+00	3.050155296232646e-02	1.516676201241199e-02	1.400032539549383e-09	1.400032539549383e-06
7.944000e+00	3.056175781617455e-02	1.518693188479572e-02	1.242457792569106e-09	1.242457792569106e-06
8.913000e+00	3.062901936766053e-02	1.520950563401632e-02	1.113644387494507e-09	1.113644387494507e-06
1.000000e+01	3.070414753383461e-02	1.523476930569965e-02	9.981858773919153e-10	9.981858773919153e-07
1.122100e+01	3.078813240374805e-02	1.526307369081779e-02	8.858392835620728e-10	8.858392835620730e-07
1.259000e+01	3.088179370648360e-02	1.529471716849182e-02	7.939987597656661e-10	7.939987597656663e-07
1.412600e+01	3.098625467663239e-02	1.533010650601390e-02	7.046335842155334e-10	7.046335842155334e-07
1.584900e+01	3.110265671570108e-02	1.536966216097221e-02	6.315797936919624e-10	6.315797936919623e-07
1.778300e+01	3.123235056423650e-02	1.541388486103530e-02	5.604949986050575e-10	5.604949986050574e-07
1.995300e+01	3.137667899507410e-02	1.546328378992878e-02	5.023849607998222e-10	5.023849607998220e-07
2.238800e+01	3.153716110052199e-02	1.551844168511916e-02	4.458411442466667e-10	4.458411442466667e-07
2.511900e+01	3.171533886044677e-02	1.557996499045480e-02	3.956613780530340e-10	3.956613780530340e-07
2.818400e+01	3.191307837156025e-02	1.564859107998586e-02	3.511293834205080e-10	3.511293834205081e-07
3.162300e+01	3.213221176299265e-02	1.572506857850962e-02	3.116094992843609e-10	3.116094992843609e-07
3.548200e+01	3.237476139881135e-02	1.581023906082866e-02	2.765376087251685e-10	2.765376087251685e-07
3.981100e+01	3.264277129972132e-02	1.590498275971611e-02	2.454130866198290e-10	2.454130866198290e-07
4.466900e+01	3.293856912195131e-02	1.601031617761844e-02	2.177916535906973e-10	2.177916535906973e-07
5.011900e+01	3.326440008215900e-02	1.612726812170683e-02	1.932790342482810e-10	1.932790342482810e-07
5.623500e+01	3.362278687331261e-02	1.625701374186347e-02	1.715253292036341e-10	1.715253292036341e-07
6.309600e+01	3.401609859292602e-02	1.640072531154364e-02	1.507128915991243e-10	1.507128915991242e-07
7.079500e+01	3.444699307332945e-02	1.655973814319278e-02	1.337500388871139e-10	1.337500388871139e-07
7.943300e+01	3.491797608214449e-02	1.673539514329475e-02	1.175211568213400e-10	1.175211568213400e-07
8.912600e+01	3.543169127991479e-02	1.692915777405904e-02	1.042940595733628e-10	1.042940595733628e-07
1.000010e+02	3.599059103934297e-02	1.714248596131420e-02	9.163928947340450e-11	9.163928947340456e-08
1.122020e+02	3.659713932554386e-02	1.737691482200899e-02	8.052001628418017e-11	8.052001628418022e-08
1.258930e+02	3.725382036873619e-02	1.763405918312271e-02	7.074992680171609e-11	7.074992680171612e-08
1.412540e+02	3.796280769013591e-02	1.791548127435380e-02	6.216531458192999e-11	6.216531458193001e-08
1.584900e+02	3.872625573005338e-02	1.822279789999913e-02	5.462233689514685e-11	5.462233689514687e-08
1.778280e+02	3.954601251058012e-02	1.855755704666089e-02	4.751941041051886e-11	4.751941041051888e-08
1.995270e+02	4.042390339669812e-02	1.892134053178363e-02	4.175352866719984e-11	4.175352866719985e-08
2.238730e+02	4.136136351201750e-02	1.931559891152885e-02	3.632402378962149e-11	3.632402378962150e-08
2.511890e+02	4.235969514164811e-02	1.974173963534322e-02	3.191656115902238e-11	3.191656115902238e-08
2.818390e+02	4.342004343265702e-02	2.020110054467046e-02	2.776622632457829e-11	2.776622632457828e-08
3.162280e+02	4.454324033726514e-02	2.069486341979684e-02	2.415558870726784e-11	2.415558870726783e-08
3.548140e+02	4.573005206174621e-02	2.122414271052721e-02	2.080640364717548e-11	2.080640364717547e-08
3.981080e+02	4.698100410215100e-02	2.178989197298205e-02	1.810080070310748e-11	1.810080070310748e-08
4.466840e+02	4.829652174406653e-02	2.239295064516986e-02	1.574702633139073e-11	1.574702633139073e-08
5.011880e+02	4.967699416984616e-02	2.303406223900695e-02	1.356369286065206e-11	1.356369286065206e-08
5.623420e+02	5.112269185061449e-02	2.371382763821346e-02	1.168307972225608e-11	1.168307972225609e-08
6.309580e+02	5.263391972377775e-02	2.443277092457560e-02	1.016384672897479e-11	1.016384672897479e-08
7.079460e+02	5.421098459925230e-02	2.519132299668217e-02	8.754624042238568e-12	8.754624042238576e-09
7.943290e+02	5.585428960652348e-02	2.598986856449730e-02	7.540790821102091e-12	7.540790821102094e-09
8.912510e+02	5.756425605996739e-02	2.682871291314398e-02	6.495256213546947e-12	6.495256213546947e-09
1.000000e+03	5.934149502095885e-02	2.770817236141943e-02	5.539292602390523e-12	5.539292602390523e-09
