#t[yr]	ecc	inc	eachmass	totalmass
0.000000e+00	5.000000000000000e-02	2.500000000000000e-02	3.000000000000000e-06	3.000000000000000e-06
1.000000e-03	4.999999839376545e-02	2.499999942743590e-02	3.000000000000000e-06	3.000000000000000e-06
1.000000e-02	4.999998393766206e-02	2.499999427436169e-02	3.000000000000000e-06	3.000000000000000e-06
1.000000e-01	4.999983937729307e-02	2.499994274385563e-02	3.000000000000000e-06	3.000000000000000e-06
1.000000e+00	4.999839384008520e-02	2.499942746239921e-02	3.000000000000000e-06	3.000000000000000e-06
1.000000e+01	4.998394511345815e-02	2.499427700729506e-02	3.000000000000000e-06	3.000000000000000e-06
2.069977e+01	4.996686790968239e-02	2.498818726543538e-02	3.000000000000000e-06	3.000000000000000e-06
3.154888e+01	4.994967209947616e-02	2.498205244225118e-02	3.000000000000000e-06	3.000000000000000e-06
4.257605e+01	4.993231547809260e-02	2.497585745982801e-02	3.000000000000000e-06	3.000000000000000e-06
5.378421e+01	4.991479733597206e-02	2.496960203062322e-02	3.000000000000000e-06	3.000000000000000e-06
6.517683e+01	4.989711627841915e-02	2.496328562304717e-02	3.000000000000000e-06	3.000000000000000e-06
7.675741e+01	4.987927091286374e-02	2.495690770655605e-02	3.000000000000000e-06	3.000000000000000e-06
8.852955e+01	4.986125983765730e-02	2.495046774767402e-02	3.000000000000000e-06	3.000000000000000e-06
1.000000e+02	4.984383656689814e-02	2.494423524134834e-02	3.000000000000000e-06	3.000000000000000e-06
1.121663e+02	4.982548430817257e-02	2.493766772659152e-02	3.000000000000000e-06	3.000000000000000e-06
1.245270e+02	4.980697475133911e-02	2.493104108514371e-02	3.000000000000000e-06	3.000000000000000e-06
1.370943e+02	4.978829363882473e-02	2.492435018650697e-02	3.000000000000000e-06	3.000000000000000e-06
1.498721e+02	4.976943973838252e-02	2.491759455968528e-02	3.000000000000000e-06	3.000000000000000e-06
1.628645e+02	4.975041159240214e-02	2.491077365347202e-02	3.000000000000000e-06	3.000000000000000e-06
1.760756e+02	4.973120773821790e-02	2.490388691530824e-02	3.000000000000000e-06	3.000000000000000e-06
1.895097e+02	4.971182670448356e-02	2.489693379000577e-02	3.000000000000000e-06	3.000000000000000e-06
2.031712e+02	4.969226701128243e-02	2.488991371980781e-02	3.000000000000000e-06	3.000000000000000e-06
2.170644e+02	4.967252717017855e-02	2.488282614442863e-02	3.000000000000000e-06	3.000000000000000e-06
2.311939e+02	4.965260568427230e-02	2.487567050109500e-02	3.000000000000000e-06	3.000000000000000e-06
2.455642e+02	4.963250104825965e-02	2.486844622458911e-02	3.000000000000000e-06	3.000000000000000e-06
2.601803e+02	4.961221174849491e-02	2.486115274729292e-02	3.000000000000000e-06	3.000000000000000e-06
2.750467e+02	4.959173626305733e-02	2.485378949923395e-02	3.000000000000000e-06	3.000000000000000e-06
2.901686e+02	4.957107306182140e-02	2.484635590813267e-02	3.000000000000000e-06	3.000000000000000e-06
3.055508e+02	4.955022060653112e-02	2.483885139945131e-02	3.000000000000000e-06	3.000000000000000e-06
3.211987e+02	4.952917735087817e-02	2.483127539644426e-02	3.000000000000000e-06	3.000000000000000e-06
3.371173e+02	4.950794174058425e-02	2.482362732020996e-02	3.000000000000000e-06	3.000000000000000e-06
3.533122e+02	4.948651221348744e-02	2.481590658974444e-02	3.000000000000000e-06	3.000000000000000e-06
3.697888e+02	4.946488719963300e-02	2.480811262199639e-02	3.000000000000000e-06	3.000000000000000e-06
3.865526e+02	4.944306512136833e-02	2.480024483192387e-02	3.000000000000000e-06	3.000000000000000e-06
4.036095e+02	4.942104439344243e-02	2.479230263255260e-02	3.000000000000000e-06	3.000000000000000e-06
4.209653e+02	4.939882342310996e-02	2.478428543503594e-02	3.000000000000000e-06	3.000000000000000e-06
4.386260e+02	4.937640061023978e-02	2.477619264871651e-02	3.000000000000000e-06	3.000000000000000e-06
4.565977e+02	4.935377434742830e-02	2.476802368118946e-02	3.000000000000000e-06	3.000000000000000e-06
4.748866e+02	4.933094302011762e-02	2.475977793836744e-02	3.000000000000000e-06	3.000000000000000e-06
4.934992e+02	4.930790500671857e-02	2.475145482454733e-02	3.000000000000000e-06	3.000000000000000e-06
5.124420e+02	4.928465867873867e-02	2.474305374247860e-02	3.000000000000000e-06	3.000000000000000e-06
5.317216e+02	4.926120240091533e-02	2.473457409343345e-02	3.000000000000000e-06	3.000000000000000e-06
5.513449e+02	4.923753453135409e-02	2.472601527727875e-02	3.000000000000000e-06	3.000000000000000e-06
5.713188e+02	4.921365342167225e-02	2.471737669254964e-02	3.000000000000000e-06	3.000000000000000e-06
5.916505e+02	4.918955741714779e-02	2.470865773652499e-02	3.000000000000000e-06	3.000000000000000e-06
6.123472e+02	4.916524485687383e-02	2.469985780530463e-02	3.000000000000000e-06	3.000000000000000e-06
6.334165e+02	4.914071407391860e-02	2.469097629388837e-02	3.000000000000000e-06	3.000000000000000e-06
6.548658e+02	4.911596339549115e-02	2.468201259625686e-02	3.000000000000000e-06	3.000000000000000e-06
6.767030e+02	4.909099114311273e-02	2.467296610545425e-02	3.000000000000000e-06	3.000000000000000e-06
6.989361e+02	4.906579563279406e-02	2.466383621367274e-02	3.000000000000000e-06	3.000000000000000e-06
7.215730e+02	4.904037517521855e-02	2.465462231233890e-02	3.000000000000000e-06	3.000000000000000e-06
7.446223e+02	4.901472807593162e-02	2.464532379220193e-02	3.000000000000000e-06	3.000000000000000e-06
7.680923e+02	4.898885263553596e-02	2.463594004342376e-02	3.000000000000000e-06	3.000000000000000e-06
7.919917e+02	4.896274714989326e-02	2.462647045567100e-02	3.000000000000000e-06	3.000000000000000e-06
8.163294e+02	4.893640991033209e-02	2.461691441820881e-02	3.000000000000000e-06	3.000000000000000e-06
8.411145e+02	4.890983920386224e-02	2.460727131999667e-02	3.000000000000000e-06	3.000000000000000e-06
8.663562e+02	4.888303331339552e-02	2.459754054978602e-02	3.000000000000000e-06	3.000000000000000e-06
8.920641e+02	4.885599051797321e-02	2.458772149621980e-02	3.000000000000000e-06	3.000000000000000e-06
9.182477e+02	4.882870909300013e-02	2.457781354793397e-02	3.000000000000000e-06	3.000000000000000e-06
9.449171e+02	4.880118731048544e-02	2.456781609366082e-02	3.000000000000000e-06	3.000000000000000e-06
9.720823e+02	4.877342343929034e-02	2.455772852233437e-02	3.000000000000000e-06	3.000000000000000e-06
9.997537e+02	4.874541574538264e-02	2.454755022319747e-02	3.000000000000000e-06	3.000000000000000e-06
1.000000e+03	4.874516892301489e-02	2.454746049976606e-02	3.000000000000000e-06	3.000000000000000e-06
1.028716e+03	4.871638917813344e-02	2.453699948811315e-02	3.000000000000000e-06	3.000000000000000e-06
1.057436e+03	4.868789163480616e-02	2.452663894063898e-02	3.000000000000000e-06	3.000000000000000e-06
1.086705e+03	4.865913513744902e-02	2.451618223317312e-02	3.000000000000000e-06	3.000000000000000e-06
1.116525e+03	4.863012799503325e-02	2.450563241080893e-02	3.000000000000000e-06	3.000000000000000e-06
1.146906e+03	4.860086827534305e-02	2.449498879778253e-02	3.000000000000000e-06	3.000000000000000e-06
1.177861e+03	4.857135423621507e-02	2.448425078885547e-02	3.000000000000000e-06	3.000000000000000e-06
1.209402e+03	4.854158413100304e-02	2.447341777860400e-02	3.000000000000000e-06	3.000000000000000e-06
1.241540e+03	4.851155621253776e-02	2.446248916286779e-02	3.000000000000000e-06	3.000000000000000e-06
1.274290e+03	4.848126873337907e-02	2.445146433884956e-02	3.000000000000000e-06	3.000000000000000e-06
1.307663e+03	4.845071994614512e-02	2.444034270524190e-02	3.000000000000000e-06	3.000000000000000e-06
1.341673e+03	4.841990810384793e-02	2.442912366235550e-02	3.000000000000000e-06	3.000000000000000e-06
1.376334e+03	4.838883146023674e-02	2.441780661224930e-02	3.000000000000000e-06	3.000000000000000e-06
1.411659e+03	4.835748827014906e-02	2.440639095886238e-02	3.000000000000000e-06	3.000000000000000e-06
1.447662e+03	4.832587678986956e-02	2.439487610814781e-02	3.000000000000000e-06	3.000000000000000e-06
1.484358e+03	4.829399527749671e-02	2.438326146820824e-02	3.000000000000000e-06	3.000000000000000e-06
1.521762e+03	4.826184199331737e-02	2.437154644943337e-02	3.000000000000000e-06	3.000000000000000e-06
1.559889e+03	4.822941520018919e-02	2.435973046463912e-02	3.000000000000000e-06	3.000000000000000e-06
1.598753e+03	4.819671316393097e-02	2.434781292920863e-02	3.000000000000000e-06	3.000000000000000e-06
1.638372e+03	4.816373415372087e-02	2.433579326123502e-02	3.000000000000000e-06	3.000000000000000e-06
1.678760e+03	4.813047644250266e-02	2.432367088166580e-02	3.000000000000000e-06	3.000000000000000e-06
1.719935e+03	4.809693830739978e-02	2.431144521444909e-02	3.000000000000000e-06	3.000000000000000e-06
1.761914e+03	4.806311803013750e-02	2.429911568668143e-02	3.000000000000000e-06	3.000000000000000e-06
1.804713e+03	4.802901389747282e-02	2.428668172875723e-02	3.000000000000000e-06	3.000000000000000e-06
1.848351e+03	4.799462420163253e-02	2.427414277451996e-02	3.000000000000000e-06	3.000000000000000e-06
1.892845e+03	4.795994724075894e-02	2.426149826141477e-02	3.000000000000000e-06	3.000000000000000e-06
1.938214e+03	4.792498131936368e-02	2.424874763064277e-02	3.000000000000000e-06	3.000000000000000e-06
1.984476e+03	4.788972474878923e-02	2.423589032731682e-02	3.000000000000000e-06	3.000000000000000e-06
2.031652e+03	4.785417584767834e-02	2.422292580061876e-02	3.000000000000000e-06	3.000000000000000e-06
2.079760e+03	4.781833294245122e-02	2.420985350395815e-02	3.000000000000000e-06	3.000000000000000e-06
2.128821e+03	4.778219436779036e-02	2.419667289513236e-02	3.000000000000000e-06	3.000000000000000e-06
2.178855e+03	4.774575846713314e-02	2.418338343648807e-02	3.000000000000000e-06	3.000000000000000e-06
2.229884e+03	4.770902359317193e-02	2.416998459508406e-02	3.000000000000000e-06	3.000000000000000e-06
2.281929e+03	4.767198810836177e-02	2.415647584285532e-02	3.000000000000000e-06	3.000000000000000e-06
2.335013e+03	4.763465038543544e-02	2.414285665677837e-02	3.000000000000000e-06	3.000000000000000e-06
2.389156e+03	4.759700880792594e-02	2.412912651903772e-02	3.000000000000000e-06	3.000000000000000e-06
2.444384e+03	4.755906177069613e-02	2.411528491719354e-02	3.000000000000000e-06	3.000000000000000e-06
2.500718e+03	4.752080768047558e-02	2.410133134435034e-02	3.000000000000000e-06	3.000000000000000e-06
2.558184e+03	4.748224495640439e-02	2.408726529932672e-02	3.000000000000000e-06	3.000000000000000e-06
2.616806e+03	4.744337203058396e-02	2.407308628682603e-02	3.000000000000000e-06	3.000000000000000e-06
2.676609e+03	4.740418734863447e-02	2.405879381760800e-02	3.000000000000000e-06	3.000000000000000e-06
2.737618e+03	4.736468937025896e-02	2.404438740866117e-02	3.000000000000000e-06	3.000000000000000e-06
2.799861e+03	4.732487656981400e-02	2.402986658337609e-02	3.000000000000000e-06	3.000000000000000e-06
2.863363e+03	4.728474743688643e-02	2.401523087171930e-02	3.000000000000000e-06	3.000000000000000e-06
2.928153e+03	4.724430047687651e-02	2.400047981040785e-02	3.000000000000000e-06	3.000000000000000e-06
2.994259e+03	4.720353421158675e-02	2.398561294308452e-02	3.000000000000000e-06	3.000000000000000e-06
3.061708e+03	4.716244717981665e-02	2.397062982049345e-02	3.000000000000000e-06	3.000000000000000e-06
3.130532e+03	4.712103793796298e-02	2.395553000065627e-02	3.000000000000000e-06	3.000000000000000e-06
3.200759e+03	4.707930506062533e-02	2.394031304904849e-02	3.000000000000000e-06	3.000000000000000e-06
3.272420e+03	4.703724714121676e-02	2.392497853877632e-02	3.000000000000000e-06	3.000000000000000e-06
3.345547e+03	4.699486279257951e-02	2.390952605075352e-02	3.000000000000000e-06	3.000000000000000e-06
3.420171e+03	4.695215064760504e-02	2.389395517387851e-02	3.000000000000000e-06	3.000000000000000e-06
3.496326e+03	4.690910935985878e-02	2.387826550521141e-02	3.000000000000000e-06	3.000000000000000e-06
3.574046e+03	4.686573760420877e-02	2.386245665015107e-02	3.000000000000000e-06	3.000000000000000e-06
3.653363e+03	4.682203407745822e-02	2.384652822261197e-02	3.000000000000000e-06	3.000000000000000e-06
3.734314e+03	4.677799749898164e-02	2.383047984520090e-02	3.000000000000000e-06	3.000000000000000e-06
3.816934e+03	4.673362661136420e-02	2.381431114939322e-02	3.000000000000000e-06	3.000000000000000e-06
3.901259e+03	4.668892018104413e-02	2.379802177570885e-02	3.000000000000000e-06	3.000000000000000e-06
3.987328e+03	4.664387699895758e-02	2.378161137388764e-02	3.000000000000000e-06	3.000000000000000e-06
4.075177e+03	4.659849588118601e-02	2.376507960306420e-02	3.000000000000000e-06	3.000000000000000e-06
4.164847e+03	4.655277566960539e-02	2.374842613194195e-02	3.000000000000000e-06	3.000000000000000e-06
4.256378e+03	4.650671523253712e-02	2.373165063896644e-02	3.000000000000000e-06	3.000000000000000e-06
4.349809e+03	4.646031346540016e-02	2.371475281249771e-02	3.000000000000000e-06	3.000000000000000e-06
4.445183e+03	4.641356929136412e-02	2.369773235098168e-02	3.000000000000000e-06	3.000000000000000e-06
4.542542e+03	4.636648166200283e-02	2.368058896312037e-02	3.000000000000000e-06	3.000000000000000e-06
4.641930e+03	4.631904955794803e-02	2.366332236804097e-02	3.000000000000000e-06	3.000000000000000e-06
4.743391e+03	4.627127198954290e-02	2.364593229546347e-02	3.000000000000000e-06	3.000000000000000e-06
4.846971e+03	4.622314799749481e-02	2.362841848586698e-02	3.000000000000000e-06	3.000000000000000e-06
4.952716e+03	4.617467665352705e-02	2.361078069065440e-02	3.000000000000000e-06	3.000000000000000e-06
5.060674e+03	4.612585706102904e-02	2.359301867231547e-02	3.000000000000000e-06	3.000000000000000e-06
5.170893e+03	4.607668835570464e-02	2.357513220458806e-02	3.000000000000000e-06	3.000000000000000e-06
5.283422e+03	4.602716970621799e-02	2.355712107261753e-02	3.000000000000000e-06	3.000000000000000e-06
5.398313e+03	4.597730031483669e-02	2.353898507311411e-02	3.000000000000000e-06	3.000000000000000e-06
5.515617e+03	4.592707941807148e-02	2.352072401450820e-02	3.000000000000000e-06	3.000000000000000e-06
5.635387e+03	4.587650628731242e-02	2.350233771710340e-02	3.000000000000000e-06	3.000000000000000e-06
5.757677e+03	4.582558022946062e-02	2.348382601322717e-02	3.000000000000000e-06	3.000000000000000e-06
5.882542e+03	4.577430058755547e-02	2.346518874737910e-02	3.000000000000000e-06	3.000000000000000e-06
6.010039e+03	4.572266674139658e-02	2.344642577637652e-02	3.000000000000000e-06	3.000000000000000e-06
6.140225e+03	4.567067810816012e-02	2.342753696949748e-02	3.000000000000000e-06	3.000000000000000e-06
6.273158e+03	4.561833414300896e-02	2.340852220862091e-02	3.000000000000000e-06	3.000000000000000e-06
6.408900e+03	4.556563433969621e-02	2.338938138836377e-02	3.000000000000000e-06	3.000000000000000e-06
6.547510e+03	4.551257823116151e-02	2.337011441621527e-02	3.000000000000000e-06	3.000000000000000e-06
6.689053e+03	4.545916539011981e-02	2.335072121266784e-02	3.000000000000000e-06	3.000000000000000e-06
6.833592e+03	4.540539542964177e-02	2.333120171134487e-02	3.000000000000000e-06	3.000000000000000e-06
6.981193e+03	4.535126800372573e-02	2.331155585912504e-02	3.000000000000000e-06	3.000000000000000e-06
7.131921e+03	4.529678280786020e-02	2.329178361626314e-02	3.000000000000000e-06	3.000000000000000e-06
7.285847e+03	4.524193957957686e-02	2.327188495650725e-02	3.000000000000000e-06	3.000000000000000e-06
7.443038e+03	4.518673809899324e-02	2.325185986721226e-02	3.000000000000000e-06	3.000000000000000e-06
7.603567e+03	4.513117818934462e-02	2.323170834944942e-02	3.000000000000000e-06	3.000000000000000e-06
7.767505e+03	4.507525971750471e-02	2.321143041811209e-02	3.000000000000000e-06	3.000000000000000e-06
7.934928e+03	4.501898259449457e-02	2.319102610201727e-02	3.000000000000000e-06	3.000000000000000e-06
8.105911e+03	4.496234677597916e-02	2.317049544400307e-02	3.000000000000000e-06	3.000000000000000e-06
8.280531e+03	4.490535226275112e-02	2.314983850102186e-02	3.000000000000000e-06	3.000000000000000e-06
8.458868e+03	4.484799910120128e-02	2.312905534422904e-02	3.000000000000000e-06	3.000000000000000e-06
8.641002e+03	4.479028738377529e-02	2.310814605906736e-02	3.000000000000000e-06	3.000000000000000e-06
8.827015e+03	4.473221724941590e-02	2.308711074534659e-02	3.000000000000000e-06	3.000000000000000e-06
9.016991e+03	4.467378888399056e-02	2.306594951731860e-02	3.000000000000000e-06	3.000000000000000e-06
9.211017e+03	4.461500252070352e-02	2.304466250374760e-02	3.000000000000000e-06	3.000000000000000e-06
9.409179e+03	4.455585844049230e-02	2.302324984797557e-02	3.000000000000000e-06	3.000000000000000e-06
9.611569e+03	4.449635697240786e-02	2.300171170798271e-02	3.000000000000000e-06	3.000000000000000e-06
9.818275e+03	4.443649849397795e-02	2.298004825644281e-02	3.000000000000000e-06	3.000000000000000e-06
1.000000e+04	4.438467186907486e-02	2.296129447046477e-02	3.000000000000000e-06	3.000000000000000e-06
1.021562e+04	4.432397244074983e-02	2.293933405136248e-02	3.000000000000000e-06	3.000000000000000e-06
1.043521e+04	4.426309769800513e-02	2.291731414063658e-02	3.000000000000000e-06	3.000000000000000e-06
1.065949e+04	4.420186405095353e-02	2.289516834465070e-02	3.000000000000000e-06	3.000000000000000e-06
1.088857e+04	4.414027601227477e-02	2.287289831693533e-02	3.000000000000000e-06	3.000000000000000e-06
1.112254e+04	4.407833416776634e-02	2.285050428737806e-02	3.000000000000000e-06	3.000000000000000e-06
1.136150e+04	4.401603923783624e-02	2.282798653122190e-02	3.000000000000000e-06	3.000000000000000e-06
1.160557e+04	4.395339199181395e-02	2.280534533801151e-02	3.000000000000000e-06	3.000000000000000e-06
1.185486e+04	4.389039324996400e-02	2.278258101225777e-02	3.000000000000000e-06	3.000000000000000e-06
1.210947e+04	4.382704388362302e-02	2.275969387342583e-02	3.000000000000000e-06	3.000000000000000e-06
1.236952e+04	4.376334481535498e-02	2.273668425593143e-02	3.000000000000000e-06	3.000000000000000e-06
1.263513e+04	4.369929701908416e-02	2.271355250913124e-02	3.000000000000000e-06	3.000000000000000e-06
1.290641e+04	4.363490152020641e-02	2.269029899730738e-02	3.000000000000000e-06	3.000000000000000e-06
1.318349e+04	4.357015939567849e-02	2.266692409964607e-02	3.000000000000000e-06	3.000000000000000e-06
1.346649e+04	4.350507177408502e-02	2.264342821021039e-02	3.000000000000000e-06	3.000000000000000e-06
1.375554e+04	4.343963983568308e-02	2.261981173790716e-02	3.000000000000000e-06	3.000000000000000e-06
1.405076e+04	4.337386481242393e-02	2.259607510644794e-02	3.000000000000000e-06	3.000000000000000e-06
1.435228e+04	4.330774798795188e-02	2.257221875430401e-02	3.000000000000000e-06	3.000000000000000e-06
1.466025e+04	4.324129069758000e-02	2.254824313465551e-02	3.000000000000000e-06	3.000000000000000e-06
1.497479e+04	4.317449432824252e-02	2.252414871533462e-02	3.000000000000000e-06	3.000000000000000e-06
1.529605e+04	4.310736031842385e-02	2.249993597876271e-02	3.000000000000000e-06	3.000000000000000e-06
1.562416e+04	4.303989015806398e-02	2.247560542188175e-02	3.000000000000000e-06	3.000000000000000e-06
1.595928e+04	4.297208538844020e-02	2.245115755607966e-02	3.000000000000000e-06	3.000000000000000e-06
1.630154e+04	4.290394760202517e-02	2.242659290710978e-02	3.000000000000000e-06	3.000000000000000e-06
1.665111e+04	4.283547844232108e-02	2.240191201500456e-02	3.000000000000000e-06	3.000000000000000e-06
1.700813e+04	4.276667960367005e-02	2.237711543398333e-02	3.000000000000000e-06	3.000000000000000e-06
1.737276e+04	4.269755283104065e-02	2.235220373235430e-02	3.000000000000000e-06	3.000000000000000e-06
1.774516e+04	4.262809991979062e-02	2.232717749241077e-02	3.000000000000000e-06	3.000000000000000e-06
1.812549e+04	4.255832271540571e-02	2.230203731032165e-02	3.000000000000000e-06	3.000000000000000e-06
1.851393e+04	4.248822311321491e-02	2.227678379601632e-02	3.000000000000000e-06	3.000000000000000e-06
1.891063e+04	4.241780305808190e-02	2.225141757306382e-02	3.000000000000000e-06	3.000000000000000e-06
1.931578e+04	4.234706454407303e-02	2.222593927854653e-02	3.000000000000000e-06	3.000000000000000e-06
1.972954e+04	4.227600961410186e-02	2.220034956292834e-02	3.000000000000000e-06	3.000000000000000e-06
2.015210e+04	4.220464035955037e-02	2.217464908991747e-02	3.000000000000000e-06	3.000000000000000e-06
2.058365e+04	4.213295891986722e-02	2.214883853632382e-02	3.000000000000000e-06	3.000000000000000e-06
2.102436e+04	4.206096748214295e-02	2.212291859191119e-02	3.000000000000000e-06	3.000000000000000e-06
2.147442e+04	4.198866828066262e-02	2.209688995924422e-02	3.000000000000000e-06	3.000000000000000e-06
2.193404e+04	4.191606359643603e-02	2.207075335353034e-02	3.000000000000000e-06	3.000000000000000e-06
2.240341e+04	4.184315575670570e-02	2.204450950245660e-02	3.000000000000000e-06	3.000000000000000e-06
2.288273e+04	4.176994713443310e-02	2.201815914602177e-02	3.000000000000000e-06	3.000000000000000e-06
2.337221e+04	4.169644014776320e-02	2.199170303636351e-02	3.000000000000000e-06	3.000000000000000e-06
2.387206e+04	4.162263725946793e-02	2.196514193758091e-02	3.000000000000000e-06	3.000000000000000e-06
2.438248e+04	4.154854097636870e-02	2.193847662555248e-02	3.000000000000000e-06	3.000000000000000e-06
2.490370e+04	4.147415384873845e-02	2.191170788774965e-02	3.000000000000000e-06	3.000000000000000e-06
2.543594e+04	4.139947846968364e-02	2.188483652304596e-02	3.000000000000000e-06	3.000000000000000e-06
2.597943e+04	4.132451747450651e-02	2.185786334152202e-02	3.000000000000000e-06	3.000000000000000e-06
2.653439e+04	4.124927354004818e-02	2.183078916426636e-02	3.000000000000000e-06	3.000000000000000e-06
2.710106e+04	4.117374938401294e-02	2.180361482317242e-02	3.000000000000000e-06	3.000000000000000e-06
2.767968e+04	4.109794776427417e-02	2.177634116073160e-02	3.000000000000000e-06	3.000000000000000e-06
2.827050e+04	4.102187147816257e-02	2.174896902982266e-02	3.000000000000000e-06	3.000000000000000e-06
2.887375e+04	4.094552336173696e-02	2.172149929349765e-02	3.000000000000000e-06	3.000000000000000e-06
2.948970e+04	4.086890628903837e-02	2.169393282476432e-02	3.000000000000000e-06	3.000000000000000e-06
3.011861e+04	4.079202317132782e-02	2.166627050636535e-02	3.000000000000000e-06	3.000000000000000e-06
3.076073e+04	4.071487695630850e-02	2.163851323055444e-02	3.000000000000000e-06	3.000000000000000e-06
3.141634e+04	4.063747062733272e-02	2.161066189886941e-02	3.000000000000000e-06	3.000000000000000e-06
3.208570e+04	4.055980720259438e-02	2.158271742190255e-02	3.000000000000000e-06	3.000000000000000e-06
3.276909e+04	4.048188973430743e-02	2.155468071906825e-02	3.000000000000000e-06	3.000000000000000e-06
3.346681e+04	4.040372130787107e-02	2.152655271836815e-02	3.000000000000000e-06	3.000000000000000e-06
3.417913e+04	4.032530504102214e-02	2.149833435615394e-02	3.000000000000000e-06	3.000000000000000e-06
3.490635e+04	4.024664408297537e-02	2.147002657688797e-02	3.000000000000000e-06	3.000000000000000e-06
3.564877e+04	4.016774161355231e-02	2.144163033290181e-02	3.000000000000000e-06	3.000000000000000e-06
3.640670e+04	4.008860084229920e-02	2.141314658415297e-02	3.000000000000000e-06	3.000000000000000e-06
3.718044e+04	4.000922500759489e-02	2.138457629797982e-02	3.000000000000000e-06	3.000000000000000e-06
3.797032e+04	3.992961737574901e-02	2.135592044885509e-02	3.000000000000000e-06	3.000000000000000e-06
3.877665e+04	3.984978124009144e-02	2.132718001813784e-02	3.000000000000000e-06	3.000000000000000e-06
3.959977e+04	3.976971992005350e-02	2.129835599382426e-02	3.000000000000000e-06	3.000000000000000e-06
4.044000e+04	3.968943676024160e-02	2.126944937029740e-02	3.000000000000000e-06	3.000000000000000e-06
4.129770e+04	3.960893512950404e-02	2.124046114807597e-02	3.000000000000000e-06	3.000000000000000e-06
4.217320e+04	3.952821841999161e-02	2.121139233356237e-02	3.000000000000000e-06	3.000000000000000e-06
4.306686e+04	3.944729004621273e-02	2.118224393879014e-02	3.000000000000000e-06	3.000000000000000e-06
4.397904e+04	3.936615344408364e-02	2.115301698117097e-02	3.000000000000000e-06	3.000000000000000e-06
4.491011e+04	3.928481206997449e-02	2.112371248324142e-02	3.000000000000000e-06	3.000000000000000e-06
4.586044e+04	3.920326939975200e-02	2.109433147240951e-02	3.000000000000000e-06	3.000000000000000e-06
4.683042e+04	3.912152892781911e-02	2.106487498070134e-02	3.000000000000000e-06	3.000000000000000e-06
4.782042e+04	3.903959416615267e-02	2.103534404450792e-02	3.000000000000000e-06	3.000000000000000e-06
4.883085e+04	3.895746864333949e-02	2.100573970433223e-02	3.000000000000000e-06	3.000000000000000e-06
4.986210e+04	3.887515590361166e-02	2.097606300453690e-02	3.000000000000000e-06	3.000000000000000e-06
5.091460e+04	3.879265950588156e-02	2.094631499309240e-02	3.000000000000000e-06	3.000000000000000e-06
5.198874e+04	3.870998302277745e-02	2.091649672132605e-02	3.000000000000000e-06	3.000000000000000e-06
5.308496e+04	3.862713003968010e-02	2.088660924367195e-02	3.000000000000000e-06	3.000000000000000e-06
5.420369e+04	3.854410415376112e-02	2.085665361742193e-02	3.000000000000000e-06	3.000000000000000e-06
5.534537e+04	3.846090897302371e-02	2.082663090247769e-02	3.000000000000000e-06	3.000000000000000e-06
5.651045e+04	3.837754811534629e-02	2.079654216110434e-02	3.000000000000000e-06	3.000000000000000e-06
5.769939e+04	3.829402520752979e-02	2.076638845768526e-02	3.000000000000000e-06	3.000000000000000e-06
5.891264e+04	3.821034388434902e-02	2.073617085847869e-02	3.000000000000000e-06	3.000000000000000e-06
6.015069e+04	3.812650778760879e-02	2.070589043137594e-02	3.000000000000000e-06	3.000000000000000e-06
6.141402e+04	3.804252056520543e-02	2.067554824566142e-02	3.000000000000000e-06	3.000000000000000e-06
6.270311e+04	3.795838587019402e-02	2.064514537177474e-02	3.000000000000000e-06	3.000000000000000e-06
6.401847e+04	3.787410735986215e-02	2.061468288107472e-02	3.000000000000000e-06	3.000000000000000e-06
6.536060e+04	3.778968869481063e-02	2.058416184560571e-02	3.000000000000000e-06	3.000000000000000e-06
6.673003e+04	3.770513353804160e-02	2.055358333786618e-02	3.000000000000000e-06	3.000000000000000e-06
6.812728e+04	3.762044555405462e-02	2.052294843057961e-02	3.000000000000000e-06	3.000000000000000e-06
6.955289e+04	3.753562840795126e-02	2.049225819646804e-02	3.000000000000000e-06	3.000000000000000e-06
7.100740e+04	3.745068576454861e-02	2.046151370802807e-02	3.000000000000000e-06	3.000000000000000e-06
7.249138e+04	3.736562128750213e-02	2.043071603730967e-02	3.000000000000000e-06	3.000000000000000e-06
7.400539e+04	3.728043863843844e-02	2.039986625569771e-02	3.000000000000000e-06	3.000000000000000e-06
7.555000e+04	3.719514147609827e-02	2.036896543369635e-02	3.000000000000000e-06	3.000000000000000e-06
7.712581e+04	3.710973345549017e-02	2.033801464071647e-02	3.000000000000000e-06	3.000000000000000e-06
7.873342e+04	3.702421822705528e-02	2.030701494486608e-02	3.000000000000000e-06	3.000000000000000e-06
8.037343e+04	3.693859943584357e-02	2.027596741274380e-02	3.000000000000000e-06	3.000000000000000e-06
8.204646e+04	3.685288072070183e-02	2.024487310923566e-02	3.000000000000000e-06	3.000000000000000e-06
8.375314e+04	3.676706571347398e-02	2.021373309731499e-02	3.000000000000000e-06	3.000000000000000e-06
8.549413e+04	3.668115803821375e-02	2.018254843784578e-02	3.000000000000000e-06	3.000000000000000e-06
8.727007e+04	3.659516131041025e-02	2.015132018938932e-02	3.000000000000000e-06	3.000000000000000e-06
8.908162e+04	3.650907913622666e-02	2.012004940801434e-02	3.000000000000000e-06	3.000000000000000e-06
9.092948e+04	3.642291511175230e-02	2.008873714711058e-02	3.000000000000000e-06	3.000000000000000e-06
9.281433e+04	3.633667282226836e-02	2.005738445720597e-02	3.000000000000000e-06	3.000000000000000e-06
9.473686e+04	3.625035584152760e-02	2.002599238578736e-02	3.000000000000000e-06	3.000000000000000e-06
9.669781e+04	3.616396773104813e-02	1.999456197712488e-02	3.000000000000000e-06	3.000000000000000e-06
9.869789e+04	3.607751203942158e-02	1.996309427209999e-02	3.000000000000000e-06	3.000000000000000e-06
1.000000e+05	3.602231062415692e-02	1.994299108951067e-02	3.000000000000000e-06	3.000000000000000e-06
1.020806e+05	3.593513318510693e-02	1.991123931223267e-02	3.000000000000000e-06	3.000000000000000e-06
1.041876e+05	3.584852763737667e-02	1.987968230045985e-02	3.000000000000000e-06	3.000000000000000e-06
1.063368e+05	3.576185496097238e-02	1.984808725389473e-02	3.000000000000000e-06	3.000000000000000e-06
1.085287e+05	3.567513124302697e-02	1.981645978554792e-02	3.000000000000000e-06	3.000000000000000e-06
1.107640e+05	3.558835969974997e-02	1.978480082411278e-02	3.000000000000000e-06	3.000000000000000e-06
1.130438e+05	3.550154378219631e-02	1.975311138563048e-02	3.000000000000000e-06	3.000000000000000e-06
1.153686e+05	3.541468691876234e-02	1.972139247976451e-02	3.000000000000000e-06	3.000000000000000e-06
1.177395e+05	3.532779251965643e-02	1.968964511149500e-02	3.000000000000000e-06	3.000000000000000e-06
1.201573e+05	3.524086397625500e-02	1.965787028094750e-02	3.000000000000000e-06	3.000000000000000e-06
1.226229e+05	3.515390466057484e-02	1.962606898326231e-02	3.000000000000000e-06	3.000000000000000e-06
1.251371e+05	3.506691792475890e-02	1.959424220846688e-02	3.000000000000000e-06	3.000000000000000e-06
1.277009e+05	3.497990710057811e-02	1.956239094135212e-02	3.000000000000000e-06	3.000000000000000e-06
1.303151e+05	3.489287549894871e-02	1.953051616135276e-02	3.000000000000000e-06	3.000000000000000e-06
1.329809e+05	3.480582640946549e-02	1.949861884243072e-02	3.000000000000000e-06	3.000000000000000e-06
1.356990e+05	3.471876309995068e-02	1.946669995296365e-02	3.000000000000000e-06	3.000000000000000e-06
1.384706e+05	3.463168881601855e-02	1.943476045563626e-02	3.000000000000000e-06	3.000000000000000e-06
1.412965e+05	3.454460678065563e-02	1.940280130733592e-02	3.000000000000000e-06	3.000000000000000e-06
1.441779e+05	3.445752019381659e-02	1.937082345905186e-02	3.000000000000000e-06	3.000000000000000e-06
1.471157e+05	3.437043223203559e-02	1.933882785577820e-02	3.000000000000000e-06	3.000000000000000e-06
1.501110e+05	3.428334604805316e-02	1.930681543642072e-02	3.000000000000000e-06	3.000000000000000e-06
1.531649e+05	3.419626477045838e-02	1.927478713370739e-02	3.000000000000000e-06	3.000000000000000e-06
1.562785e+05	3.410919150334640e-02	1.924274387410247e-02	3.000000000000000e-06	3.000000000000000e-06
1.594528e+05	3.402212932599111e-02	1.921068657772446e-02	3.000000000000000e-06	3.000000000000000e-06
1.626891e+05	3.393508129253286e-02	1.917861615826746e-02	3.000000000000000e-06	3.000000000000000e-06
1.659884e+05	3.384805043168115e-02	1.914653352292629e-02	3.000000000000000e-06	3.000000000000000e-06
1.693520e+05	3.376103974643205e-02	1.911443957232513e-02	3.000000000000000e-06	3.000000000000000e-06
1.727810e+05	3.367405221380039e-02	1.908233520044964e-02	3.000000000000000e-06	3.000000000000000e-06
1.762766e+05	3.358709078456636e-02	1.905022129458258e-02	3.000000000000000e-06	3.000000000000000e-06
1.798401e+05	3.350015838303654e-02	1.901809873524295e-02	3.000000000000000e-06	3.000000000000000e-06
1.834728e+05	3.341325790681906e-02	1.898596839612840e-02	3.000000000000000e-06	3.000000000000000e-06
1.871759e+05	3.332639222661284e-02	1.895383114406114e-02	3.000000000000000e-06	3.000000000000000e-06
1.909508e+05	3.323956418601066e-02	1.892168783893705e-02	3.000000000000000e-06	3.000000000000000e-06
1.947987e+05	3.315277660131585e-02	1.888953933367819e-02	3.000000000000000e-06	3.000000000000000e-06
1.987210e+05	3.306603226137256e-02	1.885738647418836e-02	3.000000000000000e-06	3.000000000000000e-06
2.027191e+05	3.297933392740915e-02	1.882523009931205e-02	3.000000000000000e-06	3.000000000000000e-06
2.067944e+05	3.289268433289485e-02	1.879307104079634e-02	3.000000000000000e-06	3.000000000000000e-06
2.109484e+05	3.280608618340917e-02	1.876091012325597e-02	3.000000000000000e-06	3.000000000000000e-06
2.151824e+05	3.271954215652403e-02	1.872874816414149e-02	3.000000000000000e-06	3.000000000000000e-06
2.194980e+05	3.263305490169837e-02	1.869658597371024e-02	3.000000000000000e-06	3.000000000000000e-06
2.238966e+05	3.254662704018495e-02	1.866442435500043e-02	3.000000000000000e-06	3.000000000000000e-06
2.283798e+05	3.246026116494924e-02	1.863226410380797e-02	3.000000000000000e-06	3.000000000000000e-06
2.329492e+05	3.237395984060013e-02	1.860010600866622e-02	3.000000000000000e-06	3.000000000000000e-06
2.376064e+05	3.228772560333214e-02	1.856795085082845e-02	3.000000000000000e-06	3.000000000000000e-06
2.423529e+05	3.220156096087912e-02	1.853579940425306e-02	3.000000000000000e-06	3.000000000000000e-06
2.471904e+05	3.211546839247895e-02	1.850365243559147e-02	3.000000000000000e-06	3.000000000000000e-06
2.521206e+05	3.202945034884922e-02	1.847151070417855e-02	3.000000000000000e-06	3.000000000000000e-06
2.571452e+05	3.194350925217362e-02	1.843937496202575e-02	3.000000000000000e-06	3.000000000000000e-06
2.622659e+05	3.185764749609869e-02	1.840724595381658e-02	3.000000000000000e-06	3.000000000000000e-06
2.674845e+05	3.177186744574080e-02	1.837512441690468e-02	3.000000000000000e-06	3.000000000000000e-06
2.728029e+05	3.168617143770317e-02	1.834301108131419e-02	3.000000000000000e-06	3.000000000000000e-06
2.782227e+05	3.160056178010254e-02	1.831090666974251e-02	3.000000000000000e-06	3.000000000000000e-06
2.837460e+05	3.151504075260541e-02	1.827881189756534e-02	3.000000000000000e-06	3.000000000000000e-06
2.893745e+05	3.142961060647355e-02	1.824672747284394e-02	3.000000000000000e-06	3.000000000000000e-06
2.951103e+05	3.134427356461852e-02	1.821465409633462e-02	3.000000000000000e-06	3.000000000000000e-06
3.009553e+05	3.125903182166504e-02	1.818259246150028e-02	3.000000000000000e-06	3.000000000000000e-06
3.069115e+05	3.117388754402289e-02	1.815054325452409e-02	3.000000000000000e-06	3.000000000000000e-06
3.129810e+05	3.108884286996719e-02	1.811850715432517e-02	3.000000000000000e-06	3.000000000000000e-06
3.191658e+05	3.100389990972677e-02	1.808648483257621e-02	3.000000000000000e-06	3.000000000000000e-06
3.254680e+05	3.091906074558048e-02	1.805447695372306e-02	3.000000000000000e-06	3.000000000000000e-06
3.318898e+05	3.083432743196104e-02	1.802248417500612e-02	3.000000000000000e-06	3.000000000000000e-06
3.384334e+05	3.074970199556646e-02	1.799050714648360e-02	3.000000000000000e-06	3.000000000000000e-06
3.451010e+05	3.066518643547859e-02	1.795854651105648e-02	3.000000000000000e-06	3.000000000000000e-06
3.518949e+05	3.058078272328861e-02	1.792660290449524e-02	3.000000000000000e-06	3.000000000000000e-06
3.588174e+05	3.049649280322944e-02	1.789467695546816e-02	3.000000000000000e-06	3.000000000000000e-06
3.658709e+05	3.041231859231450e-02	1.786276928557134e-02	3.000000000000000e-06	3.000000000000000e-06
3.730577e+05	3.032826198048295e-02	1.783088050936020e-02	3.000000000000000e-06	3.000000000000000e-06
3.803803e+05	3.024432483075100e-02	1.779901123438248e-02	3.000000000000000e-06	3.000000000000000e-06
3.878412e+05	3.016050897936908e-02	1.776716206121273e-02	3.000000000000000e-06	3.000000000000000e-06
3.954429e+05	3.007681623598477e-02	1.773533358348825e-02	3.000000000000000e-06	3.000000000000000e-06
4.031880e+05	2.999324838381120e-02	1.770352638794630e-02	3.000000000000000e-06	3.000000000000000e-06
4.110791e+05	2.990980717980073e-02	1.767174105446271e-02	3.000000000000000e-06	3.000000000000000e-06
4.191188e+05	2.982649435482372e-02	1.763997815609171e-02	3.000000000000000e-06	3.000000000000000e-06
4.273100e+05	2.974331161385221e-02	1.760823825910704e-02	3.000000000000000e-06	3.000000000000000e-06
4.356553e+05	2.966026063614829e-02	1.757652192304418e-02	3.000000000000000e-06	3.000000000000000e-06
4.441576e+05	2.957734307545696e-02	1.754482970074377e-02	3.000000000000000e-06	3.000000000000000e-06
4.528197e+05	2.949456056020331e-02	1.751316213839609e-02	3.000000000000000e-06	3.000000000000000e-06
4.616447e+05	2.941191469369391e-02	1.748151977558662e-02	3.000000000000000e-06	3.000000000000000e-06
4.706353e+05	2.932940705432200e-02	1.744990314534260e-02	3.000000000000000e-06	3.000000000000000e-06
4.797947e+05	2.924703919577664e-02	1.741831277418055e-02	3.000000000000000e-06	3.000000000000000e-06
4.891259e+05	2.916481264725533e-02	1.738674918215471e-02	3.000000000000000e-06	3.000000000000000e-06
4.986322e+05	2.908272891368007e-02	1.735521288290646e-02	3.000000000000000e-06	3.000000000000000e-06
5.083166e+05	2.900078947591679e-02	1.732370438371442e-02	3.000000000000000e-06	3.000000000000000e-06
5.181824e+05	2.891899579099774e-02	1.729222418554556e-02	3.000000000000000e-06	3.000000000000000e-06
5.282329e+05	2.883734929234690e-02	1.726077278310691e-02	3.000000000000000e-06	3.000000000000000e-06
5.384716e+05	2.875585139000817e-02	1.722935066489814e-02	3.000000000000000e-06	3.000000000000000e-06
5.489018e+05	2.867450347087613e-02	1.719795831326480e-02	3.000000000000000e-06	3.000000000000000e-06
5.595270e+05	2.859330689892936e-02	1.716659620445217e-02	3.000000000000000e-06	3.000000000000000e-06
5.703509e+05	2.851226301546599e-02	1.713526480865986e-02	3.000000000000000e-06	3.000000000000000e-06
5.813769e+05	2.843137313934151e-02	1.710396459009690e-02	3.000000000000000e-06	3.000000000000000e-06
5.926088e+05	2.835063856720860e-02	1.707269600703749e-02	3.000000000000000e-06	3.000000000000000e-06
6.040504e+05	2.827006057375887e-02	1.704145951187720e-02	3.000000000000000e-06	3.000000000000000e-06
6.157054e+05	2.818964041196634e-02	1.701025555118976e-02	3.000000000000000e-06	3.000000000000000e-06
6.275778e+05	2.810937931333264e-02	1.697908456578427e-02	3.000000000000000e-06	3.000000000000000e-06
6.396716e+05	2.802927848813363e-02	1.694794699076286e-02	3.000000000000000e-06	3.000000000000000e-06
6.519906e+05	2.794933912566750e-02	1.691684325557881e-02	3.000000000000000e-06	3.000000000000000e-06
6.645392e+05	2.786956239450411e-02	1.688577378409497e-02	3.000000000000000e-06	3.000000000000000e-06
6.773214e+05	2.778994944273546e-02	1.685473899464266e-02	3.000000000000000e-06	3.000000000000000e-06
6.903415e+05	2.771050139822724e-02	1.682373930008078e-02	3.000000000000000e-06	3.000000000000000e-06
7.036038e+05	2.763121936887131e-02	1.679277510785536e-02	3.000000000000000e-06	3.000000000000000e-06
7.171128e+05	2.755210444283900e-02	1.676184682005924e-02	3.000000000000000e-06	3.000000000000000e-06
7.308729e+05	2.747315768883514e-02	1.673095483349214e-02	3.000000000000000e-06	3.000000000000000e-06
7.448888e+05	2.739438015635268e-02	1.670009953972092e-02	3.000000000000000e-06	3.000000000000000e-06
7.591650e+05	2.731577287592790e-02	1.666928132514000e-02	3.000000000000000e-06	3.000000000000000e-06
7.737063e+05	2.723733685939596e-02	1.663850057103206e-02	3.000000000000000e-06	3.000000000000000e-06
7.885176e+05	2.715907310014693e-02	1.660775765362882e-02	3.000000000000000e-06	3.000000000000000e-06
8.036038e+05	2.708098257338188e-02	1.657705294417204e-02	3.000000000000000e-06	3.000000000000000e-06
8.189698e+05	2.700306623636932e-02	1.654638680897459e-02	3.000000000000000e-06	3.000000000000000e-06
8.346208e+05	2.692532502870161e-02	1.651575960948163e-02	3.000000000000000e-06	3.000000000000000e-06
8.505619e+05	2.684775987255142e-02	1.648517170233191e-02	3.000000000000000e-06	3.000000000000000e-06
8.667984e+05	2.677037167292809e-02	1.645462343941914e-02	3.000000000000000e-06	3.000000000000000e-06
8.833358e+05	2.669316131793388e-02	1.642411516795331e-02	3.000000000000000e-06	3.000000000000000e-06
9.001795e+05	2.661612967902000e-02	1.639364723052222e-02	3.000000000000000e-06	3.000000000000000e-06
9.173351e+05	2.653927761124225e-02	1.636321996515282e-02	3.000000000000000e-06	3.000000000000000e-06
9.348081e+05	2.646260595351651e-02	1.633283370537272e-02	3.000000000000000e-06	3.000000000000000e-06
9.526046e+05	2.638611552887361e-02	1.630248878027161e-02	3.000000000000000e-06	3.000000000000000e-06
9.707302e+05	2.630980714471385e-02	1.627218551456260e-02	3.000000000000000e-06	3.000000000000000e-06
9.891911e+05	2.623368159306093e-02	1.624192422864362e-02	3.000000000000000e-06	3.000000000000000e-06
1.000000e+06	2.619005116680214e-02	1.622455888075115e-02	3.000000000000000e-06	3.000000000000000e-06
1.019150e+06	2.611362302051030e-02	1.619412875861814e-02	3.000000000000000e-06	3.000000000000000e-06
1.038502e+06	2.603798381540810e-02	1.616398160008067e-02	3.000000000000000e-06	3.000000000000000e-06
1.058216e+06	2.596251917920192e-02	1.613387316537982e-02	3.000000000000000e-06	3.000000000000000e-06
1.078293e+06	2.588724101602589e-02	1.610380820499029e-02	3.000000000000000e-06	3.000000000000000e-06
1.098741e+06	2.581214983354384e-02	1.607378693541191e-02	3.000000000000000e-06	3.000000000000000e-06
1.119566e+06	2.573724633253766e-02	1.604380965163325e-02	3.000000000000000e-06	3.000000000000000e-06
1.140776e+06	2.566253119655781e-02	1.601387664329147e-02	3.000000000000000e-06	3.000000000000000e-06
1.162377e+06	2.558800509599652e-02	1.598398819625847e-02	3.000000000000000e-06	3.000000000000000e-06
1.184376e+06	2.551366868826458e-02	1.595414459267346e-02	3.000000000000000e-06	3.000000000000000e-06
1.206782e+06	2.543952261803795e-02	1.592434611100355e-02	3.000000000000000e-06	3.000000000000000e-06
1.229600e+06	2.536556751750191e-02	1.589459302610362e-02	3.000000000000000e-06	3.000000000000000e-06
1.252839e+06	2.529180400659436e-02	1.586488560927615e-02	3.000000000000000e-06	3.000000000000000e-06
1.276507e+06	2.521823269324778e-02	1.583522412833065e-02	3.000000000000000e-06	3.000000000000000e-06
1.300610e+06	2.514485417363023e-02	1.580560884764310e-02	3.000000000000000e-06	3.000000000000000e-06
1.325158e+06	2.507166903238509e-02	1.577604002821502e-02	3.000000000000000e-06	3.000000000000000e-06
1.350157e+06	2.499867784286967e-02	1.574651792773242e-02	3.000000000000000e-06	3.000000000000000e-06
1.375617e+06	2.492588116739260e-02	1.571704280062450e-02	3.000000000000000e-06	3.000000000000000e-06
1.401546e+06	2.485327955744992e-02	1.568761489812213e-02	3.000000000000000e-06	3.000000000000000e-06
1.427952e+06	2.478087355396006e-02	1.565823446831606e-02	3.000000000000000e-06	3.000000000000000e-06
1.454844e+06	2.470866368749741e-02	1.562890175621494e-02	3.000000000000000e-06	3.000000000000000e-06
1.482231e+06	2.463665047852468e-02	1.559961700380308e-02	3.000000000000000e-06	3.000000000000000e-06
1.510121e+06	2.456483443762398e-02	1.557038045009800e-02	3.000000000000000e-06	3.000000000000000e-06
1.538525e+06	2.449321606572650e-02	1.554119233120761e-02	3.000000000000000e-06	3.000000000000000e-06
1.567451e+06	2.442179585434095e-02	1.551205288038730e-02	3.000000000000000e-06	3.000000000000000e-06
1.596909e+06	2.435057428578063e-02	1.548296232809665e-02	3.000000000000000e-06	3.000000000000000e-06
1.626908e+06	2.427955183338912e-02	1.545392090205592e-02	3.000000000000000e-06	3.000000000000000e-06
1.657459e+06	2.420872896176467e-02	1.542492882730228e-02	3.000000000000000e-06	3.000000000000000e-06
1.688571e+06	2.413810612698318e-02	1.539598632624577e-02	3.000000000000000e-06	3.000000000000000e-06
1.720255e+06	2.406768377681981e-02	1.536709361872497e-02	3.000000000000000e-06	3.000000000000000e-06
1.752521e+06	2.399746235096927e-02	1.533825092206243e-02	3.000000000000000e-06	3.000000000000000e-06
1.785379e+06	2.392744228126463e-02	1.530945845111980e-02	3.000000000000000e-06	3.000000000000000e-06
1.818841e+06	2.385762399189482e-02	1.528071641835270e-02	3.000000000000000e-06	3.000000000000000e-06
1.852918e+06	2.378800789962073e-02	1.525202503386530e-02	3.000000000000000e-06	3.000000000000000e-06
1.887620e+06	2.371859441398989e-02	1.522338450546467e-02	3.000000000000000e-06	3.000000000000000e-06
1.922960e+06	2.364938393754975e-02	1.519479503871473e-02	3.000000000000000e-06	3.000000000000000e-06
1.958948e+06	2.358037686605966e-02	1.516625683699009e-02	3.000000000000000e-06	3.000000000000000e-06
1.995596e+06	2.351157358870131e-02	1.513777010152947e-02	3.000000000000000e-06	3.000000000000000e-06
2.032917e+06	2.344297448828793e-02	1.510933503148891e-02	3.000000000000000e-06	3.000000000000000e-06
2.070923e+06	2.337457994147199e-02	1.508095182399466e-02	3.000000000000000e-06	3.000000000000000e-06
2.109626e+06	2.330639031895156e-02	1.505262067419586e-02	3.000000000000000e-06	3.000000000000000e-06
2.149039e+06	2.323840598567533e-02	1.502434177531683e-02	3.000000000000000e-06	3.000000000000000e-06
2.189175e+06	2.317062730104615e-02	1.499611531870921e-02	3.000000000000000e-06	3.000000000000000e-06
2.230047e+06	2.310305461912331e-02	1.496794149390370e-02	3.000000000000000e-06	3.000000000000000e-06
2.271669e+06	2.303568828882337e-02	1.493982048866159e-02	3.000000000000000e-06	3.000000000000000e-06
2.314053e+06	2.296852865411971e-02	1.491175248902603e-02	3.000000000000000e-06	3.000000000000000e-06
2.357215e+06	2.290157605424060e-02	1.488373767937296e-02	3.000000000000000e-06	3.000000000000000e-06
2.401168e+06	2.283483082386609e-02	1.485577624246182e-02	3.000000000000000e-06	3.000000000000000e-06
2.445927e+06	2.276829329332340e-02	1.482786835948596e-02	3.000000000000000e-06	3.000000000000000e-06
2.491506e+06	2.270196378878110e-02	1.480001421012281e-02	3.000000000000000e-06	3.000000000000000e-06
2.537920e+06	2.263584263244189e-02	1.477221397258371e-02	3.000000000000000e-06	3.000000000000000e-06
2.585185e+06	2.256993014273412e-02	1.474446782366359e-02	3.000000000000000e-06	3.000000000000000e-06
2.633316e+06	2.250422663450197e-02	1.471677593879027e-02	3.000000000000000e-06	3.000000000000000e-06
2.682329e+06	2.243873241919431e-02	1.468913849207355e-02	3.000000000000000e-06	3.000000000000000e-06
2.732240e+06	2.237344780505239e-02	1.466155565635404e-02	3.000000000000000e-06	3.000000000000000e-06
2.783065e+06	2.230837309729607e-02	1.463402760325173e-02	3.000000000000000e-06	3.000000000000000e-06
2.834821e+06	2.224350859830897e-02	1.460655450321432e-02	3.000000000000000e-06	3.000000000000000e-06
2.887525e+06	2.217885460782224e-02	1.457913652556521e-02	3.000000000000000e-06	3.000000000000000e-06
2.941194e+06	2.211441142309713e-02	1.455177383855137e-02	3.000000000000000e-06	3.000000000000000e-06
2.995846e+06	2.205017933910635e-02	1.452446660939090e-02	3.000000000000000e-06	3.000000000000000e-06
3.051499e+06	2.198615864871414e-02	1.449721500432028e-02	3.000000000000000e-06	3.000000000000000e-06
3.108171e+06	2.192234964285521e-02	1.447001918864152e-02	3.000000000000000e-06	3.000000000000000e-06
3.165881e+06	2.185875261071242e-02	1.444287932676894e-02	3.000000000000000e-06	3.000000000000000e-06
3.224647e+06	2.179536783989329e-02	1.441579558227579e-02	3.000000000000000e-06	3.000000000000000e-06
3.284489e+06	2.173219561660534e-02	1.438876811794061e-02	3.000000000000000e-06	3.000000000000000e-06
3.345426e+06	2.166923622583028e-02	1.436179709579338e-02	3.000000000000000e-06	3.000000000000000e-06
3.407480e+06	2.160648995149698e-02	1.433488267716141e-02	3.000000000000000e-06	3.000000000000000e-06
3.470669e+06	2.154395707665341e-02	1.430802502271502e-02	3.000000000000000e-06	3.000000000000000e-06
3.535014e+06	2.148163788363731e-02	1.428122429251304e-02	3.000000000000000e-06	3.000000000000000e-06
3.600537e+06	2.141953265424588e-02	1.425448064604805e-02	3.000000000000000e-06	3.000000000000000e-06
3.667260e+06	2.135764166990424e-02	1.422779424229141e-02	3.000000000000000e-06	3.000000000000000e-06
3.735203e+06	2.129596521183292e-02	1.420116523973811e-02	3.000000000000000e-06	3.000000000000000e-06
3.804390e+06	2.123450356121413e-02	1.417459379645137e-02	3.000000000000000e-06	3.000000000000000e-06
3.874844e+06	2.117325699935706e-02	1.414808007010711e-02	3.000000000000000e-06	3.000000000000000e-06
3.946586e+06	2.111222580786209e-02	1.412162421803814e-02	3.000000000000000e-06	3.000000000000000e-06
4.019641e+06	2.105141026878391e-02	1.409522639727820e-02	3.000000000000000e-06	3.000000000000000e-06
4.094033e+06	2.099081066479366e-02	1.406888676460584e-02	3.000000000000000e-06	3.000000000000000e-06
4.169786e+06	2.093042727934001e-02	1.404260547658802e-02	3.000000000000000e-06	3.000000000000000e-06
4.246925e+06	2.087026039680919e-02	1.401638268962365e-02	3.000000000000000e-06	3.000000000000000e-06
4.325476e+06	2.081031030268410e-02	1.399021855998684e-02	3.000000000000000e-06	3.000000000000000e-06
4.405463e+06	2.075057728370231e-02	1.396411324387005e-02	3.000000000000000e-06	3.000000000000000e-06
4.486914e+06	2.069106162801319e-02	1.393806689742702e-02	3.000000000000000e-06	3.000000000000000e-06
4.569855e+06	2.063176362533392e-02	1.391207967681559e-02	3.000000000000000e-06	3.000000000000000e-06
4.654314e+06	2.057268356710470e-02	1.388615173824029e-02	3.000000000000000e-06	3.000000000000000e-06
4.740317e+06	2.051382174664283e-02	1.386028323799481e-02	3.000000000000000e-06	3.000000000000000e-06
4.827894e+06	2.045517845929598e-02	1.383447433250433e-02	3.000000000000000e-06	3.000000000000000e-06
4.917073e+06	2.039675400259440e-02	1.380872517836764e-02	3.000000000000000e-06	3.000000000000000e-06
5.007884e+06	2.033854867640230e-02	1.378303593239919e-02	3.000000000000000e-06	3.000000000000000e-06
5.100356e+06	2.028056278306821e-02	1.375740675167092e-02	3.000000000000000e-06	3.000000000000000e-06
5.194519e+06	2.022279662757450e-02	1.373183779355401e-02	3.000000000000000e-06	3.000000000000000e-06
5.290405e+06	2.016525051768591e-02	1.370632921576047e-02	3.000000000000000e-06	3.000000000000000e-06
5.388044e+06	2.010792476409723e-02	1.368088117638458e-02	3.000000000000000e-06	3.000000000000000e-06
5.487470e+06	2.005081968058009e-02	1.365549383394423e-02	3.000000000000000e-06	3.000000000000000e-06
5.588715e+06	1.999393558412877e-02	1.363016734742216e-02	3.000000000000000e-06	3.000000000000000e-06
5.691811e+06	1.993727279510522e-02	1.360490187630698e-02	3.000000000000000e-06	3.000000000000000e-06
5.796794e+06	1.988083163738315e-02	1.357969758063420e-02	3.000000000000000e-06	3.000000000000000e-06
5.903697e+06	1.982461243849125e-02	1.355455462102708e-02	3.000000000000000e-06	3.000000000000000e-06
6.012555e+06	1.976861552975548e-02	1.352947315873734e-02	3.000000000000000e-06	3.000000000000000e-06
6.123405e+06	1.971284124644060e-02	1.350445335568585e-02	3.000000000000000e-06	3.000000000000000e-06
6.236282e+06	1.965728992789074e-02	1.347949537450314e-02	3.000000000000000e-06	3.000000000000000e-06
6.351225e+06	1.960196191766912e-02	1.345459937856989e-02	3.000000000000000e-06	3.000000000000000e-06
6.468270e+06	1.954685756369693e-02	1.342976553205723e-02	3.000000000000000e-06	3.000000000000000e-06
6.587456e+06	1.949197721839132e-02	1.340499399996705e-02	3.000000000000000e-06	3.000000000000000e-06
6.708822e+06	1.943732123880253e-02	1.338028494817212e-02	3.000000000000000e-06	3.000000000000000e-06
6.832408e+06	1.938288998675018e-02	1.335563854345626e-02	3.000000000000000e-06	3.000000000000000e-06
6.958256e+06	1.932868382895869e-02	1.333105495355429e-02	3.000000000000000e-06	3.000000000000000e-06
7.086405e+06	1.927470313719177e-02	1.330653434719200e-02	3.000000000000000e-06	3.000000000000000e-06
7.216899e+06	1.922094828838617e-02	1.328207689412600e-02	3.000000000000000e-06	3.000000000000000e-06
7.349780e+06	1.916741966478444e-02	1.325768276518355e-02	3.000000000000000e-06	3.000000000000000e-06
7.485092e+06	1.911411765406690e-02	1.323335213230224e-02	3.000000000000000e-06	3.000000000000000e-06
7.622880e+06	1.906104264948267e-02	1.320908516856972e-02	3.000000000000000e-06	3.000000000000000e-06
7.763189e+06	1.900819504997989e-02	1.318488204826327e-02	3.000000000000000e-06	3.000000000000000e-06
7.906064e+06	1.895557526033499e-02	1.316074294688938e-02	3.000000000000000e-06	3.000000000000000e-06
8.051554e+06	1.890318369128113e-02	1.313666804122323e-02	3.000000000000000e-06	3.000000000000000e-06
8.199706e+06	1.885102075963568e-02	1.311265750934820e-02	3.000000000000000e-06	3.000000000000000e-06
8.350568e+06	1.879908688842684e-02	1.308871153069520e-02	3.000000000000000e-06	3.000000000000000e-06
8.504191e+06	1.874738250701937e-02	1.306483028608211e-02	3.000000000000000e-06	3.000000000000000e-06
8.660624e+06	1.869590805123931e-02	1.304101395775309e-02	3.000000000000000e-06	3.000000000000000e-06
8.819920e+06	1.864466396349786e-02	1.301726272941783e-02	3.000000000000000e-06	3.000000000000000e-06
8.982131e+06	1.859365069291432e-02	1.299357678629088e-02	3.000000000000000e-06	3.000000000000000e-06
9.147311e+06	1.854286869543799e-02	1.296995631513081e-02	3.000000000000000e-06	3.000000000000000e-06
9.315513e+06	1.849231843396919e-02	1.294640150427944e-02	3.000000000000000e-06	3.000000000000000e-06
9.486793e+06	1.844200037847929e-02	1.292291254370102e-02	3.000000000000000e-06	3.000000000000000e-06
9.661208e+06	1.839191500612973e-02	1.289948962502137e-02	3.000000000000000e-06	3.000000000000000e-06
9.838815e+06	1.834206280139007e-02	1.287613294156699e-02	3.000000000000000e-06	3.000000000000000e-06
1.000000e+07	1.829784798111818e-02	1.285537810552680e-02	3.000000000000000e-06	3.000000000000000e-06
1.018417e+07	1.824834078344484e-02	1.283210150037280e-02	3.000000000000000e-06	3.000000000000000e-06
1.037134e+07	1.819916769163954e-02	1.280893837344329e-02	3.000000000000000e-06	3.000000000000000e-06
1.056194e+07	1.815022793847257e-02	1.278584141142136e-02	3.000000000000000e-06	3.000000000000000e-06
1.075603e+07	1.810152386526864e-02	1.276281167165746e-02	3.000000000000000e-06	3.000000000000000e-06
1.095368e+07	1.805305596922309e-02	1.273984934290385e-02	3.000000000000000e-06	3.000000000000000e-06
1.115494e+07	1.800482478889735e-02	1.271695463155123e-02	3.000000000000000e-06	3.000000000000000e-06
1.135989e+07	1.795683087045780e-02	1.269412774571745e-02	3.000000000000000e-06	3.000000000000000e-06
1.156859e+07	1.790907476839261e-02	1.267136889557359e-02	3.000000000000000e-06	3.000000000000000e-06
1.178111e+07	1.786155704560803e-02	1.264867829337790e-02	3.000000000000000e-06	3.000000000000000e-06
1.199752e+07	1.781427827353449e-02	1.262605615351491e-02	3.000000000000000e-06	3.000000000000000e-06
1.221789e+07	1.776723903223135e-02	1.260350269253450e-02	3.000000000000000e-06	3.000000000000000e-06
1.244230e+07	1.772043991049032e-02	1.258101812919095e-02	3.000000000000000e-06	3.000000000000000e-06
1.267082e+07	1.767388150593767e-02	1.255860268448204e-02	3.000000000000000e-06	3.000000000000000e-06
1.290352e+07	1.762756442513507e-02	1.253625658168810e-02	3.000000000000000e-06	3.000000000000000e-06
1.314049e+07	1.758148928367907e-02	1.251398004641113e-02	3.000000000000000e-06	3.000000000000000e-06
1.338179e+07	1.753565670629927e-02	1.249177330661384e-02	3.000000000000000e-06	3.000000000000000e-06
1.362752e+07	1.749006732695500e-02	1.246963659265885e-02	3.000000000000000e-06	3.000000000000000e-06
1.387774e+07	1.744472178893066e-02	1.244757013734774e-02	3.000000000000000e-06	3.000000000000000e-06
1.413255e+07	1.739962074492949e-02	1.242557417596022e-02	3.000000000000000e-06	3.000000000000000e-06
1.439202e+07	1.735476485716593e-02	1.240364894629328e-02	3.000000000000000e-06	3.000000000000000e-06
1.465625e+07	1.731015479745636e-02	1.238179468870038e-02	3.000000000000000e-06	3.000000000000000e-06
1.492531e+07	1.726579124730836e-02	1.236001164613058e-02	3.000000000000000e-06	3.000000000000000e-06
1.519931e+07	1.722167489800827e-02	1.233830006416779e-02	3.000000000000000e-06	3.000000000000000e-06
1.547833e+07	1.717780645070717e-02	1.231666019106997e-02	3.000000000000000e-06	3.000000000000000e-06
1.576246e+07	1.713418661650514e-02	1.229509227780834e-02	3.000000000000000e-06	3.000000000000000e-06
1.605179e+07	1.709081611653384e-02	1.227359657810666e-02	3.000000000000000e-06	3.000000000000000e-06
1.634643e+07	1.704769568203727e-02	1.225217334848050e-02	3.000000000000000e-06	3.000000000000000e-06
1.664646e+07	1.700482605445077e-02	1.223082284827647e-02	3.000000000000000e-06	3.000000000000000e-06
1.695199e+07	1.696220798547820e-02	1.220954533971156e-02	3.000000000000000e-06	3.000000000000000e-06
1.726313e+07	1.691984223716716e-02	1.218834108791245e-02	3.000000000000000e-06	3.000000000000000e-06
1.757996e+07	1.687772958198232e-02	1.216721036095482e-02	3.000000000000000e-06	3.000000000000000e-06
1.790260e+07	1.683587080287682e-02	1.214615342990270e-02	3.000000000000000e-06	3.000000000000000e-06
1.823116e+07	1.679426669336154e-02	1.212517056884781e-02	3.000000000000000e-06	3.000000000000000e-06
1.856574e+07	1.675291805757243e-02	1.210426205494893e-02	3.000000000000000e-06	3.000000000000000e-06
1.890645e+07	1.671182571033562e-02	1.208342816847129e-02	3.000000000000000e-06	3.000000000000000e-06
1.925340e+07	1.667099047723047e-02	1.206266919282595e-02	3.000000000000000e-06	3.000000000000000e-06
1.960672e+07	1.663041319465028e-02	1.204198541460916e-02	3.000000000000000e-06	3.000000000000000e-06
1.996652e+07	1.659009470986090e-02	1.202137712364182e-02	3.000000000000000e-06	3.000000000000000e-06
2.033291e+07	1.655003588105689e-02	1.200084461300881e-02	3.000000000000000e-06	3.000000000000000e-06
2.070602e+07	1.651023757741541e-02	1.198038817909847e-02	3.000000000000000e-06	3.000000000000000e-06
2.108598e+07	1.647070067914764e-02	1.196000812164197e-02	3.000000000000000e-06	3.000000000000000e-06
2.147290e+07	1.643142607754781e-02	1.193970474375269e-02	3.000000000000000e-06	3.000000000000000e-06
2.186691e+07	1.639241467503959e-02	1.191947835196570e-02	3.000000000000000e-06	3.000000000000000e-06
2.226816e+07	1.635366738522008e-02	1.189932925627706e-02	3.000000000000000e-06	3.000000000000000e-06
2.267676e+07	1.631518513290100e-02	1.187925777018330e-02	3.000000000000000e-06	3.000000000000000e-06
2.309286e+07	1.627696885414730e-02	1.185926421072074e-02	3.000000000000000e-06	3.000000000000000e-06
2.351659e+07	1.623901949631307e-02	1.183934889850483e-02	3.000000000000000e-06	3.000000000000000e-06
2.394809e+07	1.620133801807451e-02	1.181951215776956e-02	3.000000000000000e-06	3.000000000000000e-06
2.438751e+07	1.616392538946022e-02	1.179975431640675e-02	3.000000000000000e-06	3.000000000000000e-06
2.483500e+07	1.612678259187849e-02	1.178007570600530e-02	3.000000000000000e-06	3.000000000000000e-06
2.529069e+07	1.608991061814165e-02	1.176047666189055e-02	3.000000000000000e-06	3.000000000000000e-06
2.575475e+07	1.605331047248740e-02	1.174095752316343e-02	3.000000000000000e-06	3.000000000000000e-06
2.622732e+07	1.601698317059706e-02	1.172151863273970e-02	3.000000000000000e-06	3.000000000000000e-06
2.670856e+07	1.598092973961070e-02	1.170216033738911e-02	3.000000000000000e-06	3.000000000000000e-06
2.719864e+07	1.594515121813908e-02	1.168288298777449e-02	3.000000000000000e-06	3.000000000000000e-06
2.769771e+07	1.590964865627231e-02	1.166368693849083e-02	3.000000000000000e-06	3.000000000000000e-06
2.820594e+07	1.587442311558523e-02	1.164457254810428e-02	3.000000000000000e-06	3.000000000000000e-06
2.872351e+07	1.583947566913941e-02	1.162554017919111e-02	3.000000000000000e-06	3.000000000000000e-06
2.925057e+07	1.580480740148171e-02	1.160659019837656e-02	3.000000000000000e-06	3.000000000000000e-06
2.978731e+07	1.577041940863939e-02	1.158772297637369e-02	3.000000000000000e-06	3.000000000000000e-06
3.033390e+07	1.573631279811169e-02	1.156893888802210e-02	3.000000000000000e-06	3.000000000000000e-06
3.089053e+07	1.570248868885770e-02	1.155023831232659e-02	3.000000000000000e-06	3.000000000000000e-06
3.145738e+07	1.566894821128073e-02	1.153162163249570e-02	3.000000000000000e-06	3.000000000000000e-06
3.203464e+07	1.563569250720886e-02	1.151308923598023e-02	3.000000000000000e-06	3.000000000000000e-06
3.262251e+07	1.560272272987174e-02	1.149464151451156e-02	3.000000000000000e-06	3.000000000000000e-06
3.322116e+07	1.557004004387361e-02	1.147627886413996e-02	3.000000000000000e-06	3.000000000000000e-06
3.383082e+07	1.553764562516235e-02	1.145800168527271e-02	3.000000000000000e-06	3.000000000000000e-06
3.445167e+07	1.550554066099469e-02	1.143981038271215e-02	3.000000000000000e-06	3.000000000000000e-06
3.508393e+07	1.547372634989735e-02	1.142170536569356e-02	3.000000000000000e-06	3.000000000000000e-06
3.572780e+07	1.544220390162420e-02	1.140368704792294e-02	3.000000000000000e-06	3.000000000000000e-06
3.638351e+07	1.541097453710926e-02	1.138575584761464e-02	3.000000000000000e-06	3.000000000000000e-06
3.705126e+07	1.538003948841563e-02	1.136791218752879e-02	3.000000000000000e-06	3.000000000000000e-06
3.773128e+07	1.534939999868015e-02	1.135015649500867e-02	3.000000000000000e-06	3.000000000000000e-06
3.842379e+07	1.531905732205386e-02	1.133248920201780e-02	3.000000000000000e-06	3.000000000000000e-06
3.912904e+07	1.528901272363814e-02	1.131491074517692e-02	3.000000000000000e-06	3.000000000000000e-06
3.984724e+07	1.525926747941655e-02	1.129742156580080e-02	3.000000000000000e-06	3.000000000000000e-06
4.057864e+07	1.522982287618224e-02	1.128002210993478e-02	3.000000000000000e-06	3.000000000000000e-06
4.132349e+07	1.520068021146095e-02	1.126271282839116e-02	3.000000000000000e-06	3.000000000000000e-06
4.208203e+07	1.517184079342959e-02	1.124549417678542e-02	3.000000000000000e-06	3.000000000000000e-06
4.285452e+07	1.514330594083022e-02	1.122836661557207e-02	3.000000000000000e-06	3.000000000000000e-06
4.364120e+07	1.511507698287958e-02	1.121133061008046e-02	3.000000000000000e-06	3.000000000000000e-06
4.444235e+07	1.508715525917399e-02	1.119438663055016e-02	3.000000000000000e-06	3.000000000000000e-06
4.525824e+07	1.505954211958965e-02	1.117753515216623e-02	3.000000000000000e-06	3.000000000000000e-06
4.608912e+07	1.503223892417830e-02	1.116077665509416e-02	3.000000000000000e-06	3.000000000000000e-06
4.693528e+07	1.500524704305817e-02	1.114411162451454e-02	3.000000000000000e-06	3.000000000000000e-06
4.779701e+07	1.497856785630036e-02	1.112754055065740e-02	3.000000000000000e-06	3.000000000000000e-06
4.867459e+07	1.495220275381030e-02	1.111106392883639e-02	3.000000000000000e-06	3.000000000000000e-06
4.956830e+07	1.492615313520467e-02	1.109468225948247e-02	3.000000000000000e-06	3.000000000000000e-06
5.047846e+07	1.490042040968339e-02	1.107839604817742e-02	3.000000000000000e-06	3.000000000000000e-06
5.140536e+07	1.487500599589698e-02	1.106220580568696e-02	3.000000000000000e-06	3.000000000000000e-06
5.234931e+07	1.484991132180904e-02	1.104611204799348e-02	3.000000000000000e-06	3.000000000000000e-06
5.331063e+07	1.482513782455395e-02	1.103011529632851e-02	3.000000000000000e-06	3.000000000000000e-06
5.428964e+07	1.480068695028982e-02	1.101421607720477e-02	3.000000000000000e-06	3.000000000000000e-06
5.528667e+07	1.477656015404655e-02	1.099841492244776e-02	3.000000000000000e-06	3.000000000000000e-06
5.630204e+07	1.475275889956918e-02	1.098271236922711e-02	3.000000000000000e-06	3.000000000000000e-06
5.733610e+07	1.472928465915640e-02	1.096710896008741e-02	3.000000000000000e-06	3.000000000000000e-06
5.838919e+07	1.470613891349424e-02	1.095160524297859e-02	3.000000000000000e-06	3.000000000000000e-06
5.946166e+07	1.468332315148503e-02	1.093620177128598e-02	3.000000000000000e-06	3.000000000000000e-06
6.055388e+07	1.466083887007162e-02	1.092089910385980e-02	3.000000000000000e-06	3.000000000000000e-06
6.166620e+07	1.463868757405678e-02	1.090569780504425e-02	3.000000000000000e-06	3.000000000000000e-06
6.279901e+07	1.461687077591795e-02	1.089059844470609e-02	3.000000000000000e-06	3.000000000000000e-06
6.395266e+07	1.459538999561728e-02	1.087560159826274e-02	3.000000000000000e-06	3.000000000000000e-06
6.512756e+07	1.457424676040702e-02	1.086070784670986e-02	3.000000000000000e-06	3.000000000000000e-06
6.632410e+07	1.455344260463031e-02	1.084591777664839e-02	3.000000000000000e-06	3.000000000000000e-06
6.754267e+07	1.453297906951733e-02	1.083123198031108e-02	3.000000000000000e-06	3.000000000000000e-06
6.878368e+07	1.451285770297700e-02	1.081665105558843e-02	3.000000000000000e-06	3.000000000000000e-06
7.004756e+07	1.449308005938416e-02	1.080217560605410e-02	3.000000000000000e-06	3.000000000000000e-06
7.133471e+07	1.447364769936229e-02	1.078780624098964e-02	3.000000000000000e-06	3.000000000000000e-06
7.264557e+07	1.445456218956198e-02	1.077354357540877e-02	3.000000000000000e-06	3.000000000000000e-06
7.398058e+07	1.443582510243493e-02	1.075938823008084e-02	3.000000000000000e-06	3.000000000000000e-06
7.534018e+07	1.441743801600391e-02	1.074534083155386e-02	3.000000000000000e-06	3.000000000000000e-06
7.672484e+07	1.439940251362839e-02	1.073140201217667e-02	3.000000000000000e-06	3.000000000000000e-06
7.813501e+07	1.438172018376621e-02	1.071757241012064e-02	3.000000000000000e-06	3.000000000000000e-06
7.957116e+07	1.436439261973121e-02	1.070385266940051e-02	3.000000000000000e-06	3.000000000000000e-06
8.103379e+07	1.434742141944699e-02	1.069024343989463e-02	3.000000000000000e-06	3.000000000000000e-06
8.252336e+07	1.433080818519679e-02	1.067674537736445e-02	3.000000000000000e-06	3.000000000000000e-06
8.404040e+07	1.431455452336976e-02	1.066335914347323e-02	3.000000000000000e-06	3.000000000000000e-06
8.558539e+07	1.429866204420358e-02	1.065008540580407e-02	3.000000000000000e-06	3.000000000000000e-06
8.715887e+07	1.428313236152355e-02	1.063692483787710e-02	3.000000000000000e-06	3.000000000000000e-06
8.876135e+07	1.426796709247837e-02	1.062387811916590e-02	3.000000000000000e-06	3.000000000000000e-06
9.039338e+07	1.425316785727262e-02	1.061094593511311e-02	3.000000000000000e-06	3.000000000000000e-06
9.205550e+07	1.423873627889612e-02	1.059812897714523e-02	3.000000000000000e-06	3.000000000000000e-06
9.374827e+07	1.422467398285030e-02	1.058542794268653e-02	3.000000000000000e-06	3.000000000000000e-06
9.547226e+07	1.421098259687167e-02	1.057284353517213e-02	3.000000000000000e-06	3.000000000000000e-06
9.722804e+07	1.419766375065260e-02	1.056037646406020e-02	3.000000000000000e-06	3.000000000000000e-06
9.901620e+07	1.418471907555951e-02	1.054802744484323e-02	3.000000000000000e-06	3.000000000000000e-06
1.000000e+08	1.417793059516309e-02	1.054142227264898e-02	3.000000000000000e-06	3.000000000000000e-06
1.018547e+08	1.416546141176170e-02	1.052915408854031e-02	3.000000000000000e-06	3.000000000000000e-06
1.037279e+08	1.415347969810426e-02	1.051711111748451e-02	3.000000000000000e-06	3.000000000000000e-06
1.056359e+08	1.414187603011983e-02	1.050518689025466e-02	3.000000000000000e-06	3.000000000000000e-06
1.075792e+08	1.413065400279541e-02	1.049338408069770e-02	3.000000000000000e-06	3.000000000000000e-06
1.095583e+08	1.411981521701359e-02	1.048170340317812e-02	3.000000000000000e-06	3.000000000000000e-06
1.115739e+08	1.410936130859660e-02	1.047014561354894e-02	3.000000000000000e-06	3.000000000000000e-06
1.136266e+08	1.409929391222690e-02	1.045871147311424e-02	3.000000000000000e-06	3.000000000000000e-06
1.157173e+08	1.408961466178018e-02	1.044740174928112e-02	3.000000000000000e-06	3.000000000000000e-06
1.178466e+08	1.408032519001603e-02	1.043621721554978e-02	3.000000000000000e-06	3.000000000000000e-06
1.200151e+08	1.407142712827919e-02	1.042515865151447e-02	3.000000000000000e-06	3.000000000000000e-06
1.222237e+08	1.406292210619994e-02	1.041422684286303e-02	3.000000000000000e-06	3.000000000000000e-06
1.244731e+08	1.405481175139421e-02	1.040342258137539e-02	3.000000000000000e-06	3.000000000000000e-06
1.267640e+08	1.404709768916343e-02	1.039274666492086e-02	3.000000000000000e-06	3.000000000000000e-06
1.290972e+08	1.403978154219453e-02	1.038219989745433e-02	3.000000000000000e-06	3.000000000000000e-06
1.314734e+08	1.403286493026006e-02	1.037178308901124e-02	3.000000000000000e-06	3.000000000000000e-06
1.338936e+08	1.402634946991890e-02	1.036149705570138e-02	3.000000000000000e-06	3.000000000000000e-06
1.363584e+08	1.402023677421751e-02	1.035134261970148e-02	3.000000000000000e-06	3.000000000000000e-06
1.388687e+08	1.401452845239222e-02	1.034132060924656e-02	3.000000000000000e-06	3.000000000000000e-06
1.414254e+08	1.400922610957245e-02	1.033143185862007e-02	3.000000000000000e-06	3.000000000000000e-06
1.440294e+08	1.400433134648547e-02	1.032167720814275e-02	3.000000000000000e-06	3.000000000000000e-06
1.466814e+08	1.399984575916248e-02	1.031205750416022e-02	3.000000000000000e-06	3.000000000000000e-06
1.493824e+08	1.399577093864670e-02	1.030257359902929e-02	3.000000000000000e-06	3.000000000000000e-06
1.521334e+08	1.399210847070326e-02	1.029322635110296e-02	3.000000000000000e-06	3.000000000000000e-06
1.549351e+08	1.398885993553147e-02	1.028401662471411e-02	3.000000000000000e-06	3.000000000000000e-06
1.577886e+08	1.398602690747944e-02	1.027494529015785e-02	3.000000000000000e-06	3.000000000000000e-06
1.606949e+08	1.398361095476143e-02	1.026601322367258e-02	3.000000000000000e-06	3.000000000000000e-06
1.636548e+08	1.398161363917812e-02	1.025722130741957e-02	3.000000000000000e-06	3.000000000000000e-06
1.666695e+08	1.398003651583997e-02	1.024857042946132e-02	3.000000000000000e-06	3.000000000000000e-06
1.697399e+08	1.397888113289399e-02	1.024006148373842e-02	3.000000000000000e-06	3.000000000000000e-06
1.728670e+08	1.397814903125406e-02	1.023169537004510e-02	3.000000000000000e-06	3.000000000000000e-06
1.760519e+08	1.397784174433507e-02	1.022347299400331e-02	3.000000000000000e-06	3.000000000000000e-06
1.792957e+08	1.397796079779113e-02	1.021539526703543e-02	3.000000000000000e-06	3.000000000000000e-06
1.825995e+08	1.397850770925796e-02	1.020746310633554e-02	3.000000000000000e-06	3.000000000000000e-06
1.859643e+08	1.397948398809988e-02	1.019967743483924e-02	3.000000000000000e-06	3.000000000000000e-06
1.893914e+08	1.398089113516133e-02	1.019203918119207e-02	3.000000000000000e-06	3.000000000000000e-06
1.928818e+08	1.398273064252347e-02	1.018454927971640e-02	3.000000000000000e-06	3.000000000000000e-06
1.964368e+08	1.398500399326574e-02	1.017720867037698e-02	3.000000000000000e-06	3.000000000000000e-06
2.000576e+08	1.398771266123292e-02	1.017001829874488e-02	3.000000000000000e-06	3.000000000000000e-06
2.037453e+08	1.399085811080754e-02	1.016297911596007e-02	3.000000000000000e-06	3.000000000000000e-06
2.075012e+08	1.399444179668819e-02	1.015609207869248e-02	3.000000000000000e-06	3.000000000000000e-06
2.113266e+08	1.399846516367368e-02	1.014935814910157e-02	3.000000000000000e-06	3.000000000000000e-06
2.152227e+08	1.400292964645331e-02	1.014277829479442e-02	3.000000000000000e-06	3.000000000000000e-06
2.191909e+08	1.400783666940355e-02	1.013635348878234e-02	3.000000000000000e-06	3.000000000000000e-06
2.232326e+08	1.401318764639114e-02	1.013008470943597e-02	3.000000000000000e-06	3.000000000000000e-06
2.273490e+08	1.401898398058287e-02	1.012397294043890e-02	3.000000000000000e-06	3.000000000000000e-06
2.315416e+08	1.402522706426228e-02	1.011801917073980e-02	3.000000000000000e-06	3.000000000000000e-06
2.358118e+08	1.403191827865334e-02	1.011222439450301e-02	3.000000000000000e-06	3.000000000000000e-06
2.401610e+08	1.403905899375130e-02	1.010658961105769e-02	3.000000000000000e-06	3.000000000000000e-06
2.445907e+08	1.404665056816093e-02	1.010111582484547e-02	3.000000000000000e-06	3.000000000000000e-06
2.491025e+08	1.405469434894220e-02	1.009580404536660e-02	3.000000000000000e-06	3.000000000000000e-06
2.536977e+08	1.406319167146361e-02	1.009065528712456e-02	3.000000000000000e-06	3.000000000000000e-06
2.583780e+08	1.407214385926337e-02	1.008567056956932e-02	3.000000000000000e-06	3.000000000000000e-06
2.631449e+08	1.408155222391831e-02	1.008085091703900e-02	3.000000000000000e-06	3.000000000000000e-06
2.680001e+08	1.409141806492101e-02	1.007619735870010e-02	3.000000000000000e-06	3.000000000000000e-06
2.729452e+08	1.410174266956492e-02	1.007171092848635e-02	3.000000000000000e-06	3.000000000000000e-06
2.779818e+08	1.411252731283782e-02	1.006739266503594e-02	3.000000000000000e-06	3.000000000000000e-06
2.831117e+08	1.412377325732355e-02	1.006324361162749e-02	3.000000000000000e-06	3.000000000000000e-06
2.883367e+08	1.413548175311228e-02	1.005926481611446e-02	3.000000000000000e-06	3.000000000000000e-06
2.936584e+08	1.414765403771921e-02	1.005545733085821e-02	3.000000000000000e-06	3.000000000000000e-06
2.990786e+08	1.416029133601190e-02	1.005182221265965e-02	3.000000000000000e-06	3.000000000000000e-06
3.045993e+08	1.417339486014632e-02	1.004836052268943e-02	3.000000000000000e-06	3.000000000000000e-06
3.102223e+08	1.418696580951157e-02	1.004507332641688e-02	3.000000000000000e-06	3.000000000000000e-06
3.159494e+08	1.420100537068339e-02	1.004196169353748e-02	3.000000000000000e-06	3.000000000000000e-06
3.217826e+08	1.421551471738652e-02	1.003902669789902e-02	3.000000000000000e-06	3.000000000000000e-06
3.277239e+08	1.423049501046591e-02	1.003626941742649e-02	3.000000000000000e-06	3.000000000000000e-06
3.337753e+08	1.424594739786684e-02	1.003369093404562e-02	3.000000000000000e-06	3.000000000000000e-06
3.399388e+08	1.426187301462387e-02	1.003129233360511e-02	3.000000000000000e-06	3.000000000000000e-06
3.462165e+08	1.427827298285882e-02	1.002907470579768e-02	3.000000000000000e-06	3.000000000000000e-06
3.526106e+08	1.429514841178759e-02	1.002703914407987e-02	3.000000000000000e-06	3.000000000000000e-06
3.591233e+08	1.431250039773589e-02	1.002518674559053e-02	3.000000000000000e-06	3.000000000000000e-06
3.657566e+08	1.433033002416393e-02	1.002351861106829e-02	3.000000000000000e-06	3.000000000000000e-06
3.725129e+08	1.434863836169991e-02	1.002203584476777e-02	3.000000000000000e-06	3.000000000000000e-06
3.793944e+08	1.436742646818241e-02	1.002073955437463e-02	3.000000000000000e-06	3.000000000000000e-06
3.864036e+08	1.438669538871153e-02	1.001963085091968e-02	3.000000000000000e-06	3.000000000000000e-06
3.935426e+08	1.440644615570883e-02	1.001871084869173e-02	3.000000000000000e-06	3.000000000000000e-06
4.008141e+08	1.442667978898593e-02	1.001798066514956e-02	3.000000000000000e-06	3.000000000000000e-06
4.082204e+08	1.444739729582179e-02	1.001744142083279e-02	3.000000000000000e-06	3.000000000000000e-06
4.157640e+08	1.446859967104850e-02	1.001709423927185e-02	3.000000000000000e-06	3.000000000000000e-06
4.234476e+08	1.449028789714558e-02	1.001694024689697e-02	3.000000000000000e-06	3.000000000000000e-06
4.312737e+08	1.451246294434270e-02	1.001698057294634e-02	3.000000000000000e-06	3.000000000000000e-06
4.392449e+08	1.453512577073063e-02	1.001721634937332e-02	3.000000000000000e-06	3.000000000000000e-06
4.473640e+08	1.455827732238052e-02	1.001764871075293e-02	3.000000000000000e-06	3.000000000000000e-06
4.556337e+08	1.458191853347112e-02	1.001827879418749e-02	3.000000000000000e-06	3.000000000000000e-06
4.640568e+08	1.460605032642408e-02	1.001910773921157e-02	3.000000000000000e-06	3.000000000000000e-06
4.726362e+08	1.463067361204715e-02	1.002013668769627e-02	3.000000000000000e-06	3.000000000000000e-06
4.813748e+08	1.465578928968494e-02	1.002136678375273e-02	3.000000000000000e-06	3.000000000000000e-06
4.902755e+08	1.468139824737749e-02	1.002279917363522e-02	3.000000000000000e-06	3.000000000000000e-06
4.993414e+08	1.470750136202613e-02	1.002443500564351e-02	3.000000000000000e-06	3.000000000000000e-06
5.085756e+08	1.473409949956678e-02	1.002627543002478e-02	3.000000000000000e-06	3.000000000000000e-06
5.179811e+08	1.476119351515032e-02	1.002832159887516e-02	3.000000000000000e-06	3.000000000000000e-06
5.275613e+08	1.478878425333002e-02	1.003057466604065e-02	3.000000000000000e-06	3.000000000000000e-06
5.373192e+08	1.481687254825584e-02	1.003303578701790e-02	3.000000000000000e-06	3.000000000000000e-06
5.472583e+08	1.484545922387533e-02	1.003570611885452e-02	3.000000000000000e-06	3.000000000000000e-06
5.573819e+08	1.487454509414117e-02	1.003858682004917e-02	3.000000000000000e-06	3.000000000000000e-06
5.676934e+08	1.490413096322492e-02	1.004167905045143e-02	3.000000000000000e-06	3.000000000000000e-06
5.781964e+08	1.493421762573706e-02	1.004498397116157e-02	3.000000000000000e-06	3.000000000000000e-06
5.888945e+08	1.496480586695291e-02	1.004850274443009e-02	3.000000000000000e-06	3.000000000000000e-06
5.997912e+08	1.499589646304445e-02	1.005223653355736e-02	3.000000000000000e-06	3.000000000000000e-06
6.108902e+08	1.502749018131766e-02	1.005618650279310e-02	3.000000000000000e-06	3.000000000000000e-06
6.221954e+08	1.505958778045535e-02	1.006035381723607e-02	3.000000000000000e-06	3.000000000000000e-06
6.337105e+08	1.509219001076523e-02	1.006473964273374e-02	3.000000000000000e-06	3.000000000000000e-06
6.454395e+08	1.512529761443297e-02	1.006934514578228e-02	3.000000000000000e-06	3.000000000000000e-06
6.573864e+08	1.515891132578013e-02	1.007417149342659e-02	3.000000000000000e-06	3.000000000000000e-06
6.695552e+08	1.519303187152676e-02	1.007921985316081e-02	3.000000000000000e-06	3.000000000000000e-06
6.819501e+08	1.522765997105842e-02	1.008449139282902e-02	3.000000000000000e-06	3.000000000000000e-06
6.945753e+08	1.526279633669743e-02	1.008998728052644e-02	3.000000000000000e-06	3.000000000000000e-06
7.074350e+08	1.529844167397825e-02	1.009570868450105e-02	3.000000000000000e-06	3.000000000000000e-06
7.205337e+08	1.533459668192658e-02	1.010165677305572e-02	3.000000000000000e-06	3.000000000000000e-06
7.338758e+08	1.537126205334224e-02	1.010783271445095e-02	3.000000000000000e-06	3.000000000000000e-06
7.474659e+08	1.540843847508537e-02	1.011423767680821e-02	3.000000000000000e-06	3.000000000000000e-06
7.613085e+08	1.544612662836596e-02	1.012087282801406e-02	3.000000000000000e-06	3.000000000000000e-06
7.754084e+08	1.548432718903637e-02	1.012773933562488e-02	3.000000000000000e-06	3.000000000000000e-06
7.897704e+08	1.552304082788675e-02	1.013483836677258e-02	3.000000000000000e-06	3.000000000000000e-06
8.043994e+08	1.556226821094298e-02	1.014217108807108e-02	3.000000000000000e-06	3.000000000000000e-06
8.193003e+08	1.560200999976720e-02	1.014973866552376e-02	3.000000000000000e-06	3.000000000000000e-06
8.344782e+08	1.564226685176047e-02	1.015754226443191e-02	3.000000000000000e-06	3.000000000000000e-06
8.499383e+08	1.568303942046755e-02	1.016558304930421e-02	3.000000000000000e-06	3.000000000000000e-06
8.656858e+08	1.572432835588348e-02	1.017386218376735e-02	3.000000000000000e-06	3.000000000000000e-06
8.817262e+08	1.576613430476188e-02	1.018238083047783e-02	3.000000000000000e-06	3.000000000000000e-06
8.980649e+08	1.580845791092468e-02	1.019114015103494e-02	3.000000000000000e-06	3.000000000000000e-06
9.147073e+08	1.585129981557315e-02	1.020014130589504e-02	3.000000000000000e-06	3.000000000000000e-06
9.316594e+08	1.589466065760002e-02	1.020938545428726e-02	3.000000000000000e-06	3.000000000000000e-06
9.489267e+08	1.593854107390258e-02	1.021887375413048e-02	3.000000000000000e-06	3.000000000000000e-06
9.665151e+08	1.598294169969638e-02	1.022860736195185e-02	3.000000000000000e-06	3.000000000000000e-06
9.844308e+08	1.602786316882969e-02	1.023858743280680e-02	3.000000000000000e-06	3.000000000000000e-06
1.000000e+09	1.606664125592462e-02	1.024731391088679e-02	3.000000000000000e-06	3.000000000000000e-06
