#t[yr]	ecc	inc	eachmass	totalmass
0.000000e+00	5.000000000000000e-02	2.500000000000000e-02	3.000000000000000e-07	3.000000000000000e-05
1.000000e-03	5.000002135790319e-02	2.500000881746486e-02	3.000000000000000e-07	3.000000000000000e-05
1.000000e-02	5.000021357838896e-02	2.500008817443433e-02	3.000000000000000e-07	3.000000000000000e-05
1.000000e-01	5.000213572168876e-02	2.500088172359016e-02	3.000000000000000e-07	3.000000000000000e-05
1.000000e+00	5.002135100063151e-02	2.500881516171910e-02	3.000000000000000e-07	3.000000000000000e-05
2.881487e+00	5.006145363174266e-02	2.502537819676005e-02	3.000000000000000e-07	3.000000000000000e-05
4.759625e+00	5.010136044189904e-02	2.504187130385454e-02	3.000000000000000e-07	3.000000000000000e-05
6.630831e+00	5.014099550929796e-02	2.505826309188743e-02	3.000000000000000e-07	3.000000000000000e-05
8.495229e+00	5.018036210564890e-02	2.507455485850247e-02	3.000000000000000e-07	3.000000000000000e-05
1.000000e+01	5.021203702781508e-02	2.508767221281645e-02	3.000000000000000e-07	3.000000000000000e-05
1.185119e+01	5.025090089885786e-02	2.510377582372788e-02	3.000000000000000e-07	3.000000000000000e-05
1.369720e+01	5.028953216340933e-02	2.511979410503138e-02	3.000000000000000e-07	3.000000000000000e-05
1.553692e+01	5.032790832499684e-02	2.513571768476147e-02	3.000000000000000e-07	3.000000000000000e-05
1.737048e+01	5.036603270300013e-02	2.515154788158037e-02	3.000000000000000e-07	3.000000000000000e-05
1.919801e+01	5.040390867448270e-02	2.516728603841416e-02	3.000000000000000e-07	3.000000000000000e-05
2.101966e+01	5.044153958627991e-02	2.518293348603029e-02	3.000000000000000e-07	3.000000000000000e-05
2.283555e+01	5.047892875536755e-02	2.519849154319726e-02	3.000000000000000e-07	3.000000000000000e-05
2.464581e+01	5.051607946952391e-02	2.521396151696643e-02	3.000000000000000e-07	3.000000000000000e-05
2.645057e+01	5.055299498798797e-02	2.522934470295285e-02	3.000000000000000e-07	3.000000000000000e-05
2.824996e+01	5.058967854211347e-02	2.524464238561476e-02	3.000000000000000e-07	3.000000000000000e-05
3.004411e+01	5.062613333601901e-02	2.525985583853205e-02	3.000000000000000e-07	3.000000000000000e-05
3.183316e+01	5.066236254723452e-02	2.527498632468364e-02	3.000000000000000e-07	3.000000000000000e-05
3.361722e+01	5.069836932734466e-02	2.529003509672410e-02	3.000000000000000e-07	3.000000000000000e-05
3.539643e+01	5.073415680262920e-02	2.530500339725949e-02	3.000000000000000e-07	3.000000000000000e-05
3.717091e+01	5.076972807470111e-02	2.531989245912270e-02	3.000000000000000e-07	3.000000000000000e-05
3.894080e+01	5.080508622114238e-02	2.533470350564839e-02	3.000000000000000e-07	3.000000000000000e-05
4.070621e+01	5.084023429613827e-02	2.534943775094765e-02	3.000000000000000e-07	3.000000000000000e-05
4.246727e+01	5.087517533111010e-02	2.536409640018263e-02	3.000000000000000e-07	3.000000000000000e-05
4.422412e+01	5.090991233534712e-02	2.537868064984115e-02	3.000000000000000e-07	3.000000000000000e-05
4.597687e+01	5.094444829663786e-02	2.539319168801168e-02	3.000000000000000e-07	3.000000000000000e-05
4.772565e+01	5.097878618190126e-02	2.540763069465855e-02	3.000000000000000e-07	3.000000000000000e-05
4.947059e+01	5.101292893781807e-02	2.542199884189790e-02	3.000000000000000e-07	3.000000000000000e-05
5.121182e+01	5.104687949146292e-02	2.543629729427429e-02	3.000000000000000e-07	3.000000000000000e-05
5.294945e+01	5.108064075093745e-02	2.545052720903823e-02	3.000000000000000e-07	3.000000000000000e-05
5.468361e+01	5.111421560600502e-02	2.546468973642486e-02	3.000000000000000e-07	3.000000000000000e-05
5.641444e+01	5.114760692872730e-02	2.547878601993396e-02	3.000000000000000e-07	3.000000000000000e-05
5.814205e+01	5.118081757410339e-02	2.549281719661141e-02	3.000000000000000e-07	3.000000000000000e-05
5.986657e+01	5.121385038071177e-02	2.550678439733234e-02	3.000000000000000e-07	3.000000000000000e-05
6.158812e+01	5.124670817135562e-02	2.552068874708633e-02	3.000000000000000e-07	3.000000000000000e-05
6.330684e+01	5.127939375371208e-02	2.553453136526453e-02	3.000000000000000e-07	3.000000000000000e-05
6.502284e+01	5.131190992098582e-02	2.554831336594935e-02	3.000000000000000e-07	3.000000000000000e-05
6.673626e+01	5.134425945256760e-02	2.556203585820659e-02	3.000000000000000e-07	3.000000000000000e-05
6.844722e+01	5.137644511469825e-02	2.557569994638043e-02	3.000000000000000e-07	3.000000000000000e-05
7.015584e+01	5.140846966113867e-02	2.558930673039157e-02	3.000000000000000e-07	3.000000000000000e-05
7.186226e+01	5.144033583384647e-02	2.560285730603862e-02	3.000000000000000e-07	3.000000000000000e-05
7.356659e+01	5.147204636365984e-02	2.561635276530313e-02	3.000000000000000e-07	3.000000000000000e-05
7.526898e+01	5.150360397098920e-02	2.562979419665848e-02	3.000000000000000e-07	3.000000000000000e-05
7.696955e+01	5.153501136651743e-02	2.564318268538303e-02	3.000000000000000e-07	3.000000000000000e-05
7.866842e+01	5.156627125190921e-02	2.565651931387762e-02	3.000000000000000e-07	3.000000000000000e-05
8.036573e+01	5.159738632053035e-02	2.566980516198798e-02	3.000000000000000e-07	3.000000000000000e-05
8.206161e+01	5.162835925817754e-02	2.568304130733223e-02	3.000000000000000e-07	3.000000000000000e-05
8.375618e+01	5.165919274381973e-02	2.569622882563381e-02	3.000000000000000e-07	3.000000000000000e-05
8.544959e+01	5.168988945035149e-02	2.570936879106033e-02	3.000000000000000e-07	3.000000000000000e-05
8.714196e+01	5.172045204535958e-02	2.572246227656855e-02	3.000000000000000e-07	3.000000000000000e-05
8.883343e+01	5.175088319190317e-02	2.573551035425602e-02	3.000000000000000e-07	3.000000000000000e-05
9.052413e+01	5.178118554930915e-02	2.574851409571973e-02	3.000000000000000e-07	3.000000000000000e-05
9.221420e+01	5.181136177398300e-02	2.576147457242220e-02	3.000000000000000e-07	3.000000000000000e-05
9.390378e+01	5.184141452023648e-02	2.577439285606549e-02	3.000000000000000e-07	3.000000000000000e-05
9.559300e+01	5.187134644113320e-02	2.578727001897366e-02	3.000000000000000e-07	3.000000000000000e-05
9.728200e+01	5.190116018935302e-02	2.580010713448399e-02	3.000000000000000e-07	3.000000000000000e-05
9.897092e+01	5.193085841807660e-02	2.581290527734777e-02	3.000000000000000e-07	3.000000000000000e-05
1.000000e+02	5.194888632098863e-02	2.582068064584252e-02	3.000000000000000e-07	3.000000000000000e-05
1.016892e+02	5.197840605605857e-02	2.583341910621346e-02	3.000000000000000e-07	3.000000000000000e-05
1.033786e+02	5.200781547303769e-02	2.584612066187728e-02	3.000000000000000e-07	3.000000000000000e-05
1.050684e+02	5.203711896262631e-02	2.585878714125697e-02	3.000000000000000e-07	3.000000000000000e-05
1.067589e+02	5.206631919200534e-02	2.587141963093503e-02	3.000000000000000e-07	3.000000000000000e-05
1.084500e+02	5.209541883462621e-02	2.588401922152012e-02	3.000000000000000e-07	3.000000000000000e-05
1.101421e+02	5.212442057088559e-02	2.589658700796315e-02	3.000000000000000e-07	3.000000000000000e-05
1.118352e+02	5.215332708920763e-02	2.590912409005027e-02	3.000000000000000e-07	3.000000000000000e-05
1.135295e+02	5.218214108715911e-02	2.592163157291127e-02	3.000000000000000e-07	3.000000000000000e-05
1.152252e+02	5.221086527259958e-02	2.593411056754406e-02	3.000000000000000e-07	3.000000000000000e-05
1.169224e+02	5.223950236486826e-02	2.594656219135637e-02	3.000000000000000e-07	3.000000000000000e-05
1.186212e+02	5.226805509601019e-02	2.595898756872570e-02	3.000000000000000e-07	3.000000000000000e-05
1.203219e+02	5.229652621204371e-02	2.597138783157827e-02	3.000000000000000e-07	3.000000000000000e-05
1.220246e+02	5.232491847427172e-02	2.598376411998854e-02	3.000000000000000e-07	3.000000000000000e-05
1.237295e+02	5.235323466063938e-02	2.599611758280001e-02	3.000000000000000e-07	3.000000000000000e-05
1.254368e+02	5.238147756714087e-02	2.600844937826898e-02	3.000000000000000e-07	3.000000000000000e-05
1.271465e+02	5.240965000927819e-02	2.602076067473231e-02	3.000000000000000e-07	3.000000000000000e-05
1.288590e+02	5.243775482357512e-02	2.603305265130077e-02	3.000000000000000e-07	3.000000000000000e-05
1.305744e+02	5.246579486914946e-02	2.604532649857939e-02	3.000000000000000e-07	3.000000000000000e-05
1.322928e+02	5.249377302934723e-02	2.605758341941656e-02	3.000000000000000e-07	3.000000000000000e-05
1.340145e+02	5.252169221344253e-02	2.606982462968342e-02	3.000000000000000e-07	3.000000000000000e-05
1.357397e+02	5.254955535840682e-02	2.608205135908554e-02	3.000000000000000e-07	3.000000000000000e-05
1.374685e+02	5.257736543075222e-02	2.609426485200877e-02	3.000000000000000e-07	3.000000000000000e-05
1.392011e+02	5.260512542845300e-02	2.610646636840134e-02	3.000000000000000e-07	3.000000000000000e-05
1.409378e+02	5.263283838295035e-02	2.611865718469444e-02	3.000000000000000e-07	3.000000000000000e-05
1.426788e+02	5.266050736124539e-02	2.613083859476377e-02	3.000000000000000e-07	3.000000000000000e-05
1.444243e+02	5.268813546808619e-02	2.614301191093448e-02	3.000000000000000e-07	3.000000000000000e-05
1.461744e+02	5.271572584825448e-02	2.615517846503226e-02	3.000000000000000e-07	3.000000000000000e-05
1.479295e+02	5.274328168895848e-02	2.616733960948365e-02	3.000000000000000e-07	3.000000000000000e-05
1.496897e+02	5.277080622233881e-02	2.617949671846853e-02	3.000000000000000e-07	3.000000000000000e-05
1.514553e+02	5.279830272809442e-02	2.619165118912828e-02	3.000000000000000e-07	3.000000000000000e-05
1.532265e+02	5.282577453623680e-02	2.620380444283319e-02	3.000000000000000e-07	3.000000000000000e-05
1.550036e+02	5.285322502998056e-02	2.621595792651307e-02	3.000000000000000e-07	3.000000000000000e-05
1.567868e+02	5.288065764877962e-02	2.622811311405517e-02	3.000000000000000e-07	3.000000000000000e-05
1.585764e+02	5.290807589151868e-02	2.624027150777402e-02	3.000000000000000e-07	3.000000000000000e-05
1.603727e+02	5.293548331987060e-02	2.625243463995797e-02	3.000000000000000e-07	3.000000000000000e-05
1.621758e+02	5.296288356183084e-02	2.626460407449773e-02	3.000000000000000e-07	3.000000000000000e-05
1.639862e+02	5.299028031544138e-02	2.627678140860259e-02	3.000000000000000e-07	3.000000000000000e-05
1.658041e+02	5.301767735271720e-02	2.628896827461037e-02	3.000000000000000e-07	3.000000000000000e-05
1.676297e+02	5.304507852378976e-02	2.630116634189774e-02	3.000000000000000e-07	3.000000000000000e-05
1.694635e+02	5.307248776128272e-02	2.631337731889820e-02	3.000000000000000e-07	3.000000000000000e-05
1.713056e+02	5.309990908493692e-02	2.632560295523520e-02	3.000000000000000e-07	3.000000000000000e-05
1.731566e+02	5.312734660650253e-02	2.633784504397912e-02	3.000000000000000e-07	3.000000000000000e-05
1.750165e+02	5.315480453491835e-02	2.635010542403706e-02	3.000000000000000e-07	3.000000000000000e-05
1.768860e+02	5.318228718179938e-02	2.636238598268540e-02	3.000000000000000e-07	3.000000000000000e-05
1.787652e+02	5.320979896725624e-02	2.637468865825592e-02	3.000000000000000e-07	3.000000000000000e-05
1.806545e+02	5.323734442607162e-02	2.638701544298726e-02	3.000000000000000e-07	3.000000000000000e-05
1.825544e+02	5.326492821426145e-02	2.639936838605455e-02	3.000000000000000e-07	3.000000000000000e-05
1.844652e+02	5.329255511605098e-02	2.641174959679103e-02	3.000000000000000e-07	3.000000000000000e-05
1.863874e+02	5.332023005129861e-02	2.642416124811720e-02	3.000000000000000e-07	3.000000000000000e-05
1.883214e+02	5.334795808340370e-02	2.643660558019386e-02	3.000000000000000e-07	3.000000000000000e-05
1.902675e+02	5.337574442773748e-02	2.644908490431770e-02	3.000000000000000e-07	3.000000000000000e-05
1.922264e+02	5.340359446064061e-02	2.646160160707911e-02	3.000000000000000e-07	3.000000000000000e-05
1.941984e+02	5.343151372903466e-02	2.647415815480446e-02	3.000000000000000e-07	3.000000000000000e-05
1.961840e+02	5.345950796069960e-02	2.648675709830699e-02	3.000000000000000e-07	3.000000000000000e-05
1.981838e+02	5.348758307527494e-02	2.649940107797279e-02	3.000000000000000e-07	3.000000000000000e-05
2.001984e+02	5.351574519604745e-02	2.651209282921139e-02	3.000000000000000e-07	3.000000000000000e-05
2.022281e+02	5.354400066259533e-02	2.652483518830310e-02	3.000000000000000e-07	3.000000000000000e-05
2.042737e+02	5.357235604436603e-02	2.653763109867911e-02	3.000000000000000e-07	3.000000000000000e-05
2.063358e+02	5.360081815527286e-02	2.655048361767369e-02	3.000000000000000e-07	3.000000000000000e-05
2.084149e+02	5.362939406940509e-02	2.656339592379250e-02	3.000000000000000e-07	3.000000000000000e-05
2.105117e+02	5.365809113795636e-02	2.657637132454578e-02	3.000000000000000e-07	3.000000000000000e-05
2.126270e+02	5.368691700748818e-02	2.658941326490032e-02	3.000000000000000e-07	3.000000000000000e-05
2.147615e+02	5.371587963965852e-02	2.660252533641084e-02	3.000000000000000e-07	3.000000000000000e-05
2.169158e+02	5.374498733256035e-02	2.661571128709792e-02	3.000000000000000e-07	3.000000000000000e-05
2.190909e+02	5.377424874383232e-02	2.662897503214769e-02	3.000000000000000e-07	3.000000000000000e-05
2.212874e+02	5.380367291572287e-02	2.664232066551763e-02	3.000000000000000e-07	3.000000000000000e-05
2.235064e+02	5.383326930231137e-02	2.665575247254292e-02	3.000000000000000e-07	3.000000000000000e-05
2.257488e+02	5.386304779911499e-02	2.666927494364952e-02	3.000000000000000e-07	3.000000000000000e-05
2.280154e+02	5.389301877533886e-02	2.668289278929382e-02	3.000000000000000e-07	3.000000000000000e-05
2.303073e+02	5.392319310906035e-02	2.669661095626370e-02	3.000000000000000e-07	3.000000000000000e-05
2.326256e+02	5.395358222567612e-02	2.671043464549394e-02	3.000000000000000e-07	3.000000000000000e-05
2.349715e+02	5.398419813998485e-02	2.672436933156914e-02	3.000000000000000e-07	3.000000000000000e-05
2.373460e+02	5.401505350232900e-02	2.673842078411094e-02	3.000000000000000e-07	3.000000000000000e-05
2.397506e+02	5.404616164927802e-02	2.675259509127381e-02	3.000000000000000e-07	3.000000000000000e-05
2.421865e+02	5.407753665940383e-02	2.676689868560550e-02	3.000000000000000e-07	3.000000000000000e-05
2.446551e+02	5.410919341477887e-02	2.678133837256522e-02	3.000000000000000e-07	3.000000000000000e-05
2.471580e+02	5.414114766892089e-02	2.679592136203628e-02	3.000000000000000e-07	3.000000000000000e-05
2.496968e+02	5.417341612201729e-02	2.681065530322064e-02	3.000000000000000e-07	3.000000000000000e-05
2.522732e+02	5.420601650439138e-02	2.682554832336306e-02	3.000000000000000e-07	3.000000000000000e-05
2.548889e+02	5.423896766932451e-02	2.684060907082313e-02	3.000000000000000e-07	3.000000000000000e-05
2.575461e+02	5.427228969652880e-02	2.685584676309771e-02	3.000000000000000e-07	3.000000000000000e-05
2.602466e+02	5.430600400777937e-02	2.687127124049614e-02	3.000000000000000e-07	3.000000000000000e-05
2.629929e+02	5.434013349647178e-02	2.688689302629022e-02	3.000000000000000e-07	3.000000000000000e-05
2.657872e+02	5.437470267317749e-02	2.690272339430414e-02	3.000000000000000e-07	3.000000000000000e-05
2.686322e+02	5.440973782964104e-02	2.691877444508235e-02	3.000000000000000e-07	3.000000000000000e-05
2.715307e+02	5.444526722411062e-02	2.693505919198246e-02	3.000000000000000e-07	3.000000000000000e-05
2.744855e+02	5.448132129143909e-02	2.695159165879449e-02	3.000000000000000e-07	3.000000000000000e-05
2.775001e+02	5.451793288205893e-02	2.696838699079856e-02	3.000000000000000e-07	3.000000000000000e-05
2.805779e+02	5.455513753475277e-02	2.698546158155526e-02	3.000000000000000e-07	3.000000000000000e-05
2.837226e+02	5.459297378915267e-02	2.700283321819458e-02	3.000000000000000e-07	3.000000000000000e-05
2.869386e+02	5.463148354515802e-02	2.702052124855617e-02	3.000000000000000e-07	3.000000000000000e-05
2.902304e+02	5.467071247803276e-02	2.703854677426711e-02	3.000000000000000e-07	3.000000000000000e-05
2.936028e+02	5.471071051992082e-02	2.705693287476720e-02	3.000000000000000e-07	3.000000000000000e-05
2.970615e+02	5.475153242102495e-02	2.707570486846258e-02	3.000000000000000e-07	3.000000000000000e-05
3.006124e+02	5.479323840689466e-02	2.709489061868389e-02	3.000000000000000e-07	3.000000000000000e-05
3.042623e+02	5.483589495238831e-02	2.711452089405059e-02	3.000000000000000e-07	3.000000000000000e-05
3.080185e+02	5.487957569822029e-02	2.713462979534209e-02	3.000000000000000e-07	3.000000000000000e-05
3.118892e+02	5.492436254300569e-02	2.715525526425043e-02	3.000000000000000e-07	3.000000000000000e-05
3.158839e+02	5.497034695297295e-02	2.717643969371971e-02	3.000000000000000e-07	3.000000000000000e-05
3.200127e+02	5.501763154388457e-02	2.719823066536516e-02	3.000000000000000e-07	3.000000000000000e-05
3.242876e+02	5.506633200642041e-02	2.722068184728722e-02	3.000000000000000e-07	3.000000000000000e-05
3.287217e+02	5.511657946913505e-02	2.724385409629709e-02	3.000000000000000e-07	3.000000000000000e-05
3.333303e+02	5.516852342477409e-02	2.726781682340316e-02	3.000000000000000e-07	3.000000000000000e-05
3.381310e+02	5.522233539025276e-02	2.729264970226315e-02	3.000000000000000e-07	3.000000000000000e-05
3.431440e+02	5.527821353415813e-02	2.731844483009152e-02	3.000000000000000e-07	3.000000000000000e-05
3.483928e+02	5.533638859794109e-02	2.734530949378282e-02	3.000000000000000e-07	3.000000000000000e-05
3.539054e+02	5.539713157357123e-02	2.737336975807454e-02	3.000000000000000e-07	3.000000000000000e-05
3.597148e+02	5.546076380686415e-02	2.740277518941864e-02	3.000000000000000e-07	3.000000000000000e-05
3.658608e+02	5.552767051500167e-02	2.743370517908822e-02	3.000000000000000e-07	3.000000000000000e-05
3.723915e+02	5.559831921372164e-02	2.746637756706451e-02	3.000000000000000e-07	3.000000000000000e-05
3.793668e+02	5.567328537861176e-02	2.750106065761399e-02	3.000000000000000e-07	3.000000000000000e-05
3.868614e+02	5.575328906670849e-02	2.753809037617255e-02	3.000000000000000e-07	3.000000000000000e-05
3.949709e+02	5.583924868830879e-02	2.757789547541632e-02	3.000000000000000e-07	3.000000000000000e-05
4.038205e+02	5.593236264794096e-02	2.762103582867450e-02	3.000000000000000e-07	3.000000000000000e-05
4.135787e+02	5.603423835177591e-02	2.766826297993370e-02	3.000000000000000e-07	3.000000000000000e-05
4.244799e+02	5.614710620711293e-02	2.772062065554603e-02	3.000000000000000e-07	3.000000000000000e-05
4.368651e+02	5.627419669415456e-02	2.777962200209303e-02	3.000000000000000e-07	3.000000000000000e-05
4.512586e+02	5.642045808496780e-02	2.784758721870952e-02	3.000000000000000e-07	3.000000000000000e-05
4.685309e+02	5.659407000421753e-02	2.792835621507675e-02	3.000000000000000e-07	3.000000000000000e-05
4.902977e+02	5.681012815818907e-02	2.802902529995931e-02	3.000000000000000e-07	3.000000000000000e-05
5.187512e+02	5.708833725465119e-02	2.815892429604974e-02	3.000000000000000e-07	3.000000000000000e-05
5.477311e+02	5.736669293961254e-02	2.828927966466989e-02	3.000000000000000e-07	3.000000000000000e-05
5.773765e+02	5.764667146530894e-02	2.842084000920194e-02	3.000000000000000e-07	3.000000000000000e-05
6.076739e+02	5.792818826378946e-02	2.855362355445046e-02	3.000000000000000e-07	3.000000000000000e-05
6.386185e+02	5.821120759204589e-02	2.868766572359416e-02	3.000000000000000e-07	3.000000000000000e-05
6.702099e+02	5.849570289583292e-02	2.882299944732628e-02	3.000000000000000e-07	3.000000000000000e-05
7.024511e+02	5.878165589633291e-02	2.895965442645204e-02	3.000000000000000e-07	3.000000000000000e-05
7.353476e+02	5.906905485104646e-02	2.909765656197569e-02	3.000000000000000e-07	3.000000000000000e-05
7.689071e+02	5.935789305050369e-02	2.923702781141261e-02	3.000000000000000e-07	3.000000000000000e-05
8.031390e+02	5.964816758316875e-02	2.937778631882598e-02	3.000000000000000e-07	3.000000000000000e-05
8.380538e+02	5.993987836165684e-02	2.951994670641805e-02	3.000000000000000e-07	3.000000000000000e-05
8.736632e+02	6.023302737647791e-02	2.966352044650192e-02	3.000000000000000e-07	3.000000000000000e-05
9.099794e+02	6.052761813571755e-02	2.980851625915247e-02	3.000000000000000e-07	3.000000000000000e-05
9.470155e+02	6.082365525064032e-02	2.995494050120378e-02	3.000000000000000e-07	3.000000000000000e-05
9.847851e+02	6.112114413270275e-02	3.010279752691557e-02	3.000000000000000e-07	3.000000000000000e-05
1.000000e+03	6.123940778580793e-02	3.016185902908471e-02	3.000000000000000e-07	3.000000000000000e-05
1.039279e+03	6.154248861796366e-02	3.031349799297790e-02	3.000000000000000e-07	3.000000000000000e-05
1.078864e+03	6.184342907538293e-02	3.046477726856125e-02	3.000000000000000e-07	3.000000000000000e-05
1.119241e+03	6.214591391252050e-02	3.061752845284019e-02	3.000000000000000e-07	3.000000000000000e-05
1.160416e+03	6.244987812039046e-02	3.077171433955511e-02	3.000000000000000e-07	3.000000000000000e-05
1.202404e+03	6.275533028716822e-02	3.092733375286540e-02	3.000000000000000e-07	3.000000000000000e-05
1.245223e+03	6.306227768288435e-02	3.108438419726501e-02	3.000000000000000e-07	3.000000000000000e-05
1.288887e+03	6.337072770033694e-02	3.124286270220114e-02	3.000000000000000e-07	3.000000000000000e-05
1.333413e+03	6.368068780865524e-02	3.140276589556988e-02	3.000000000000000e-07	3.000000000000000e-05
1.378819e+03	6.399216554138701e-02	3.156409007601686e-02	3.000000000000000e-07	3.000000000000000e-05
1.425121e+03	6.430516848772348e-02	3.172683127189017e-02	3.000000000000000e-07	3.000000000000000e-05
1.472337e+03	6.461970428634627e-02	3.189098528961235e-02	3.000000000000000e-07	3.000000000000000e-05
1.520485e+03	6.493578062110929e-02	3.205654775352502e-02	3.000000000000000e-07	3.000000000000000e-05
1.569582e+03	6.525340521801092e-02	3.222351413890243e-02	3.000000000000000e-07	3.000000000000000e-05
1.619647e+03	6.557258584307352e-02	3.239187979951654e-02	3.000000000000000e-07	3.000000000000000e-05
1.670699e+03	6.589333030086225e-02	3.256163999087087e-02	3.000000000000000e-07	3.000000000000000e-05
1.722756e+03	6.621564643345565e-02	3.273278988999886e-02	3.000000000000000e-07	3.000000000000000e-05
1.775839e+03	6.653954211973673e-02	3.290532461253988e-02	3.000000000000000e-07	3.000000000000000e-05
1.829966e+03	6.686502527491285e-02	3.307923922765722e-02	3.000000000000000e-07	3.000000000000000e-05
1.885158e+03	6.719210385020022e-02	3.325452877124158e-02	3.000000000000000e-07	3.000000000000000e-05
1.941435e+03	6.752078583262776e-02	3.343118825774723e-02	3.000000000000000e-07	3.000000000000000e-05
1.998818e+03	6.785107924492900e-02	3.360921269093077e-02	3.000000000000000e-07	3.000000000000000e-05
2.057328e+03	6.818299214549939e-02	3.378859707370127e-02	3.000000000000000e-07	3.000000000000000e-05
2.116987e+03	6.851653262840318e-02	3.396933641724287e-02	3.000000000000000e-07	3.000000000000000e-05
2.177816e+03	6.885170882341880e-02	3.415142574953296e-02	3.000000000000000e-07	3.000000000000000e-05
2.239837e+03	6.918852889611429e-02	3.433486012334999e-02	3.000000000000000e-07	3.000000000000000e-05
2.303073e+03	6.952700104794707e-02	3.451963462384237e-02	3.000000000000000e-07	3.000000000000000e-05
2.367547e+03	6.986713351638352e-02	3.470574437571219e-02	3.000000000000000e-07	3.000000000000000e-05
2.433283e+03	7.020893457503544e-02	3.489318455005453e-02	3.000000000000000e-07	3.000000000000000e-05
2.500304e+03	7.055241253381060e-02	3.508195037088273e-02	3.000000000000000e-07	3.000000000000000e-05
2.568634e+03	7.089757573907580e-02	3.527203712136236e-02	3.000000000000000e-07	3.000000000000000e-05
2.638297e+03	7.124443257383078e-02	3.546344014977099e-02	3.000000000000000e-07	3.000000000000000e-05
2.709320e+03	7.159299145789201e-02	3.565615487519668e-02	3.000000000000000e-07	3.000000000000000e-05
2.781727e+03	7.194326084808526e-02	3.585017679298459e-02	3.000000000000000e-07	3.000000000000000e-05
2.855545e+03	7.229524923844635e-02	3.604550147993953e-02	3.000000000000000e-07	3.000000000000000e-05
2.930799e+03	7.264896516042929e-02	3.624212459928999e-02	3.000000000000000e-07	3.000000000000000e-05
3.007516e+03	7.300441718312137e-02	3.644004190541871e-02	3.000000000000000e-07	3.000000000000000e-05
3.085724e+03	7.336161391346462e-02	3.663924924836354e-02	3.000000000000000e-07	3.000000000000000e-05
3.165450e+03	7.372056399648329e-02	3.683974257809251e-02	3.000000000000000e-07	3.000000000000000e-05
3.246723e+03	7.408127611551697e-02	3.704151794855620e-02	3.000000000000000e-07	3.000000000000000e-05
3.329571e+03	7.444375899245895e-02	3.724457152152096e-02	3.000000000000000e-07	3.000000000000000e-05
3.414023e+03	7.480802138799941e-02	3.744889957018600e-02	3.000000000000000e-07	3.000000000000000e-05
3.500110e+03	7.517407210187346e-02	3.765449848258790e-02	3.000000000000000e-07	3.000000000000000e-05
3.587860e+03	7.554191997311333e-02	3.786136476479603e-02	3.000000000000000e-07	3.000000000000000e-05
3.677306e+03	7.591157388030467e-02	3.806949504390239e-02	3.000000000000000e-07	3.000000000000000e-05
3.768477e+03	7.628304274184679e-02	3.827888607080993e-02	3.000000000000000e-07	3.000000000000000e-05
3.861407e+03	7.665633551621633e-02	3.848953472282321e-02	3.000000000000000e-07	3.000000000000000e-05
3.956127e+03	7.703146120223428e-02	3.870143800604561e-02	3.000000000000000e-07	3.000000000000000e-05
4.052670e+03	7.740842883933628e-02	3.891459305758756e-02	3.000000000000000e-07	3.000000000000000e-05
4.151070e+03	7.778724750784553e-02	3.912899714759030e-02	3.000000000000000e-07	3.000000000000000e-05
4.251360e+03	7.816792632924867e-02	3.934464768106975e-02	3.000000000000000e-07	3.000000000000000e-05
4.353576e+03	7.855047446647394e-02	3.956154219958548e-02	3.000000000000000e-07	3.000000000000000e-05
4.457752e+03	7.893490112417184e-02	3.977967838273964e-02	3.000000000000000e-07	3.000000000000000e-05
4.563925e+03	7.932121554899771e-02	3.999905404951094e-02	3.000000000000000e-07	3.000000000000000e-05
4.672130e+03	7.970942702989635e-02	4.021966715942874e-02	3.000000000000000e-07	3.000000000000000e-05
4.782406e+03	8.009954489838850e-02	4.044151581359259e-02	3.000000000000000e-07	3.000000000000000e-05
4.894789e+03	8.049157852885881e-02	4.066459825554242e-02	3.000000000000000e-07	3.000000000000000e-05
5.009318e+03	8.088553733884535e-02	4.088891287198458e-02	3.000000000000000e-07	3.000000000000000e-05
5.126033e+03	8.128143078933048e-02	4.111445819337933e-02	3.000000000000000e-07	3.000000000000000e-05
5.244972e+03	8.167926838503288e-02	4.134123289439481e-02	3.000000000000000e-07	3.000000000000000e-05
5.366177e+03	8.207905967470067e-02	4.156923579423300e-02	3.000000000000000e-07	3.000000000000000e-05
5.489688e+03	8.248081425140551e-02	4.179846585683301e-02	3.000000000000000e-07	3.000000000000000e-05
5.615548e+03	8.288454175283752e-02	4.202892219095680e-02	3.000000000000000e-07	3.000000000000000e-05
5.743798e+03	8.329025186160099e-02	4.226060405016280e-02	3.000000000000000e-07	3.000000000000000e-05
5.874483e+03	8.369795430551075e-02	4.249351083267249e-02	3.000000000000000e-07	3.000000000000000e-05
6.007647e+03	8.410765885788894e-02	4.272764208113505e-02	3.000000000000000e-07	3.000000000000000e-05
6.143333e+03	8.451937533786261e-02	4.296299748229526e-02	3.000000000000000e-07	3.000000000000000e-05
6.281589e+03	8.493311361066130e-02	4.319957686656947e-02	3.000000000000000e-07	3.000000000000000e-05
6.422460e+03	8.534888358791537e-02	4.343738020753472e-02	3.000000000000000e-07	3.000000000000000e-05
6.565994e+03	8.576669522795428e-02	4.367640762133562e-02	3.000000000000000e-07	3.000000000000000e-05
6.712239e+03	8.618655853610535e-02	4.391665936601388e-02	3.000000000000000e-07	3.000000000000000e-05
6.861243e+03	8.660848356499244e-02	4.415813584076483e-02	3.000000000000000e-07	3.000000000000000e-05
7.013057e+03	8.703248041483505e-02	4.440083758512584e-02	3.000000000000000e-07	3.000000000000000e-05
7.167731e+03	8.745855923374724e-02	4.464476527810048e-02	3.000000000000000e-07	3.000000000000000e-05
7.325316e+03	8.788673021803679e-02	4.488991973722316e-02	3.000000000000000e-07	3.000000000000000e-05
7.485866e+03	8.831700361250433e-02	4.513630191756807e-02	3.000000000000000e-07	3.000000000000000e-05
7.649434e+03	8.874938971074242e-02	4.538391291070670e-02	3.000000000000000e-07	3.000000000000000e-05
7.816074e+03	8.918389885543469e-02	4.563275394361747e-02	3.000000000000000e-07	3.000000000000000e-05
7.985840e+03	8.962054143865494e-02	4.588282637755171e-02	3.000000000000000e-07	3.000000000000000e-05
8.158791e+03	9.005932790216616e-02	4.613413170685925e-02	3.000000000000000e-07	3.000000000000000e-05
8.334982e+03	9.050026873771953e-02	4.638667155777731e-02	3.000000000000000e-07	3.000000000000000e-05
8.514472e+03	9.094337448735337e-02	4.664044768718608e-02	3.000000000000000e-07	3.000000000000000e-05
8.697320e+03	9.138865574369197e-02	4.689546198133422e-02	3.000000000000000e-07	3.000000000000000e-05
8.883587e+03	9.183612315024449e-02	4.715171645453745e-02	3.000000000000000e-07	3.000000000000000e-05
9.073334e+03	9.228578740170369e-02	4.740921324785325e-02	3.000000000000000e-07	3.000000000000000e-05
9.266623e+03	9.273765924424475e-02	4.766795462773449e-02	3.000000000000000e-07	3.000000000000000e-05
9.463518e+03	9.319174947582387e-02	4.792794298466497e-02	3.000000000000000e-07	3.000000000000000e-05
9.664084e+03	9.364806894647708e-02	4.818918083177920e-02	3.000000000000000e-07	3.000000000000000e-05
9.868387e+03	9.410662855861886e-02	4.845167080346929e-02	3.000000000000000e-07	3.000000000000000e-05
1.000000e+04	9.439832189193248e-02	4.861863803477300e-02	3.000000000000000e-07	3.000000000000000e-05
1.021198e+04	9.486368912493684e-02	4.888496677991634e-02	3.000000000000000e-07	3.000000000000000e-05
1.042644e+04	9.532815863499140e-02	4.915074303188438e-02	3.000000000000000e-07	3.000000000000000e-05
1.064492e+04	9.579496675622853e-02	4.941781538646874e-02	3.000000000000000e-07	3.000000000000000e-05
1.086746e+04	9.626406522953591e-02	4.968615303146864e-02	3.000000000000000e-07	3.000000000000000e-05
1.109413e+04	9.673546635147255e-02	4.995575988349172e-02	3.000000000000000e-07	3.000000000000000e-05
1.132500e+04	9.720918135945510e-02	5.022663933414781e-02	3.000000000000000e-07	3.000000000000000e-05
1.156015e+04	9.768522156616677e-02	5.049879489733957e-02	3.000000000000000e-07	3.000000000000000e-05
1.179966e+04	9.816359833894178e-02	5.077223019584835e-02	3.000000000000000e-07	3.000000000000000e-05
1.204360e+04	9.864432310042008e-02	5.104694896010604e-02	3.000000000000000e-07	3.000000000000000e-05
1.229205e+04	9.912740732882409e-02	5.132295502676640e-02	3.000000000000000e-07	3.000000000000000e-05
1.254510e+04	9.961286255825014e-02	5.160025233729788e-02	3.000000000000000e-07	3.000000000000000e-05
1.280282e+04	1.001007003789640e-01	5.187884493659143e-02	3.000000000000000e-07	3.000000000000000e-05
1.306531e+04	1.005909324376989e-01	5.215873697158231e-02	3.000000000000000e-07	3.000000000000000e-05
1.333264e+04	1.010835704379555e-01	5.243993268988562e-02	3.000000000000000e-07	3.000000000000000e-05
1.360490e+04	1.015786261403029e-01	5.272243643844606e-02	3.000000000000000e-07	3.000000000000000e-05
1.388218e+04	1.020761113626799e-01	5.300625266220228e-02	3.000000000000000e-07	3.000000000000000e-05
1.416457e+04	1.025760379806981e-01	5.329138590276657e-02	3.000000000000000e-07	3.000000000000000e-05
1.445216e+04	1.030784179279443e-01	5.357784079712055e-02	3.000000000000000e-07	3.000000000000000e-05
1.474505e+04	1.035832631962847e-01	5.386562207632745e-02	3.000000000000000e-07	3.000000000000000e-05
1.504332e+04	1.040905858361688e-01	5.415473456426169e-02	3.000000000000000e-07	3.000000000000000e-05
1.534708e+04	1.046003979569343e-01	5.444518317635634e-02	3.000000000000000e-07	3.000000000000000e-05
1.565642e+04	1.051127117271129e-01	5.473697291836906e-02	3.000000000000000e-07	3.000000000000000e-05
1.597144e+04	1.056275393747358e-01	5.503010888516689e-02	3.000000000000000e-07	3.000000000000000e-05
1.629225e+04	1.061448931876414e-01	5.532459625953053e-02	3.000000000000000e-07	3.000000000000000e-05
1.661894e+04	1.066647855137823e-01	5.562044031097835e-02	3.000000000000000e-07	3.000000000000000e-05
1.695163e+04	1.071872287615335e-01	5.591764639461058e-02	3.000000000000000e-07	3.000000000000000e-05
1.729041e+04	1.077122354000021e-01	5.621621994997409e-02	3.000000000000000e-07	3.000000000000000e-05
1.763540e+04	1.082398179593366e-01	5.651616649994778e-02	3.000000000000000e-07	3.000000000000000e-05
1.798671e+04	1.087699890310380e-01	5.681749164964910e-02	3.000000000000000e-07	3.000000000000000e-05
1.834445e+04	1.093027612682711e-01	5.712020108536175e-02	3.000000000000000e-07	3.000000000000000e-05
1.870874e+04	1.098381473861773e-01	5.742430057348474e-02	3.000000000000000e-07	3.000000000000000e-05
1.907969e+04	1.103761601621879e-01	5.772979595950298e-02	3.000000000000000e-07	3.000000000000000e-05
1.945743e+04	1.109168124363384e-01	5.803669316697943e-02	3.000000000000000e-07	3.000000000000000e-05
1.984206e+04	1.114601171115839e-01	5.834499819656904e-02	3.000000000000000e-07	3.000000000000000e-05
2.023373e+04	1.120060871541155e-01	5.865471712505427e-02	3.000000000000000e-07	3.000000000000000e-05
2.063254e+04	1.125547355936775e-01	5.896585610440241e-02	3.000000000000000e-07	3.000000000000000e-05
2.103863e+04	1.131060755238860e-01	5.927842136084465e-02	3.000000000000000e-07	3.000000000000000e-05
2.145213e+04	1.136601201025484e-01	5.959241919397675e-02	3.000000000000000e-07	3.000000000000000e-05
2.187318e+04	1.142168825519841e-01	5.990785597588143e-02	3.000000000000000e-07	3.000000000000000e-05
2.230189e+04	1.147763761593459e-01	6.022473815027224e-02	3.000000000000000e-07	3.000000000000000e-05
2.273842e+04	1.153386142769435e-01	6.054307223165890e-02	3.000000000000000e-07	3.000000000000000e-05
2.318291e+04	1.159036103225669e-01	6.086286480453401e-02	3.000000000000000e-07	3.000000000000000e-05
2.363548e+04	1.164713777798122e-01	6.118412252258092e-02	3.000000000000000e-07	3.000000000000000e-05
2.409630e+04	1.170419301984082e-01	6.150685210790268e-02	3.000000000000000e-07	3.000000000000000e-05
2.456549e+04	1.176152811945436e-01	6.183106035027189e-02	3.000000000000000e-07	3.000000000000000e-05
2.504323e+04	1.181914444511964e-01	6.215675410640123e-02	3.000000000000000e-07	3.000000000000000e-05
2.552965e+04	1.187704337184646e-01	6.248394029923461e-02	3.000000000000000e-07	3.000000000000000e-05
2.602491e+04	1.193522628138970e-01	6.281262591725854e-02	3.000000000000000e-07	3.000000000000000e-05
2.652917e+04	1.199369456228269e-01	6.314281801383374e-02	3.000000000000000e-07	3.000000000000000e-05
2.704259e+04	1.205244960987061e-01	6.347452370654655e-02	3.000000000000000e-07	3.000000000000000e-05
2.756533e+04	1.211149282634407e-01	6.380775017658012e-02	3.000000000000000e-07	3.000000000000000e-05
2.809756e+04	1.217082562077282e-01	6.414250466810499e-02	3.000000000000000e-07	3.000000000000000e-05
2.863945e+04	1.223044940913960e-01	6.447879448768885e-02	3.000000000000000e-07	3.000000000000000e-05
2.919117e+04	1.229036561437414e-01	6.481662700372540e-02	3.000000000000000e-07	3.000000000000000e-05
2.975290e+04	1.235057566638730e-01	6.515600964588170e-02	3.000000000000000e-07	3.000000000000000e-05
3.032481e+04	1.241108100210533e-01	6.549694990456414e-02	3.000000000000000e-07	3.000000000000000e-05
3.090708e+04	1.247188306550437e-01	6.583945533040260e-02	3.000000000000000e-07	3.000000000000000e-05
3.149991e+04	1.253298330764496e-01	6.618353353375238e-02	3.000000000000000e-07	3.000000000000000e-05
3.210347e+04	1.259438318670684e-01	6.652919218421396e-02	3.000000000000000e-07	3.000000000000000e-05
3.271797e+04	1.265608416802381e-01	6.687643901017008e-02	3.000000000000000e-07	3.000000000000000e-05
3.334359e+04	1.271808772411879e-01	6.722528179833988e-02	3.000000000000000e-07	3.000000000000000e-05
3.398053e+04	1.278039533473902e-01	6.757572839334997e-02	3.000000000000000e-07	3.000000000000000e-05
3.462900e+04	1.284300848689144e-01	6.792778669732202e-02	3.000000000000000e-07	3.000000000000000e-05
3.528920e+04	1.290592867487819e-01	6.828146466947670e-02	3.000000000000000e-07	3.000000000000000e-05
3.596134e+04	1.296915740033232e-01	6.863677032575347e-02	3.000000000000000e-07	3.000000000000000e-05
3.664563e+04	1.303269617225363e-01	6.899371173844634e-02	3.000000000000000e-07	3.000000000000000e-05
3.734230e+04	1.309654650704468e-01	6.935229703585499e-02	3.000000000000000e-07	3.000000000000000e-05
3.805155e+04	1.316070992854698e-01	6.971253440195098e-02	3.000000000000000e-07	3.000000000000000e-05
3.877362e+04	1.322518796807737e-01	7.007443207605907e-02	3.000000000000000e-07	3.000000000000000e-05
3.950873e+04	1.328998216446447e-01	7.043799835255303e-02	3.000000000000000e-07	3.000000000000000e-05
4.025711e+04	1.335509406408544e-01	7.080324158056596e-02	3.000000000000000e-07	3.000000000000000e-05
4.101901e+04	1.342052522090280e-01	7.117017016371462e-02	3.000000000000000e-07	3.000000000000000e-05
4.179466e+04	1.348627719650149e-01	7.153879255983758e-02	3.000000000000000e-07	3.000000000000000e-05
4.258431e+04	1.355235156012608e-01	7.190911728074714e-02	3.000000000000000e-07	3.000000000000000e-05
4.338821e+04	1.361874988871813e-01	7.228115289199426e-02	3.000000000000000e-07	3.000000000000000e-05
4.420662e+04	1.368547376695381e-01	7.265490801264687e-02	3.000000000000000e-07	3.000000000000000e-05
4.503978e+04	1.375252478728158e-01	7.303039131508056e-02	3.000000000000000e-07	3.000000000000000e-05
4.588797e+04	1.381990454996017e-01	7.340761152478270e-02	3.000000000000000e-07	3.000000000000000e-05
4.675145e+04	1.388761466309665e-01	7.378657742016763e-02	3.000000000000000e-07	3.000000000000000e-05
4.763049e+04	1.395565674268477e-01	7.416729783240474e-02	3.000000000000000e-07	3.000000000000000e-05
4.852538e+04	1.402403241264335e-01	7.454978164525812e-02	3.000000000000000e-07	3.000000000000000e-05
4.943639e+04	1.409274330485503e-01	7.493403779493786e-02	3.000000000000000e-07	3.000000000000000e-05
5.036382e+04	1.416179105920506e-01	7.532007526996251e-02	3.000000000000000e-07	3.000000000000000e-05
5.130795e+04	1.423117732362034e-01	7.570790311103280e-02	3.000000000000000e-07	3.000000000000000e-05
5.226909e+04	1.430090375410867e-01	7.609753041091616e-02	3.000000000000000e-07	3.000000000000000e-05
5.324753e+04	1.437097201479813e-01	7.648896631434184e-02	3.000000000000000e-07	3.000000000000000e-05
5.424359e+04	1.444138377797670e-01	7.688222001790648e-02	3.000000000000000e-07	3.000000000000000e-05
5.525758e+04	1.451214072413208e-01	7.727730076998998e-02	3.000000000000000e-07	3.000000000000000e-05
5.628982e+04	1.458324454199163e-01	7.767421787068110e-02	3.000000000000000e-07	3.000000000000000e-05
5.734063e+04	1.465469692856260e-01	7.807298067171306e-02	3.000000000000000e-07	3.000000000000000e-05
5.841035e+04	1.472649958917248e-01	7.847359857640859e-02	3.000000000000000e-07	3.000000000000000e-05
5.949932e+04	1.479865423750962e-01	7.887608103963437e-02	3.000000000000000e-07	3.000000000000000e-05
6.060788e+04	1.487116259566397e-01	7.928043756776457e-02	3.000000000000000e-07	3.000000000000000e-05
6.173637e+04	1.494402639416807e-01	7.968667771865345e-02	3.000000000000000e-07	3.000000000000000e-05
6.288516e+04	1.501724737203823e-01	8.009481110161661e-02	3.000000000000000e-07	3.000000000000000e-05
6.405460e+04	1.509082727681591e-01	8.050484737742086e-02	3.000000000000000e-07	3.000000000000000e-05
6.524507e+04	1.516476786460931e-01	8.091679625828253e-02	3.000000000000000e-07	3.000000000000000e-05
6.645693e+04	1.523907090013514e-01	8.133066750787389e-02	3.000000000000000e-07	3.000000000000000e-05
6.769058e+04	1.531373815676062e-01	8.174647094133765e-02	3.000000000000000e-07	3.000000000000000e-05
6.894640e+04	1.538877141654570e-01	8.216421642530933e-02	3.000000000000000e-07	3.000000000000000e-05
7.022479e+04	1.546417247028541e-01	8.258391387794731e-02	3.000000000000000e-07	3.000000000000000e-05
7.152614e+04	1.553994311755256e-01	8.300557326897029e-02	3.000000000000000e-07	3.000000000000000e-05
7.285087e+04	1.561608516674047e-01	8.342920461970230e-02	3.000000000000000e-07	3.000000000000000e-05
7.419940e+04	1.569260043510609e-01	8.385481800312471e-02	3.000000000000000e-07	3.000000000000000e-05
7.557216e+04	1.576949074881317e-01	8.428242354393539e-02	3.000000000000000e-07	3.000000000000000e-05
7.696956e+04	1.584675794297579e-01	8.471203141861472e-02	3.000000000000000e-07	3.000000000000000e-05
7.839207e+04	1.592440386170198e-01	8.514365185549830e-02	3.000000000000000e-07	3.000000000000000e-05
7.984011e+04	1.600243035813765e-01	8.557729513485629e-02	3.000000000000000e-07	3.000000000000000e-05
8.131415e+04	1.608083929451067e-01	8.601297158897921e-02	3.000000000000000e-07	3.000000000000000e-05
8.281466e+04	1.615963254217520e-01	8.645069160226999e-02	3.000000000000000e-07	3.000000000000000e-05
8.434210e+04	1.623881198165623e-01	8.689046561134220e-02	3.000000000000000e-07	3.000000000000000e-05
8.589696e+04	1.631837950269435e-01	8.733230410512435e-02	3.000000000000000e-07	3.000000000000000e-05
8.747973e+04	1.639833700429073e-01	8.777621762497009e-02	3.000000000000000e-07	3.000000000000000e-05
8.909090e+04	1.647868639475229e-01	8.822221676477414e-02	3.000000000000000e-07	3.000000000000000e-05
9.073099e+04	1.655942959173721e-01	8.867031217109396e-02	3.000000000000000e-07	3.000000000000000e-05
9.240051e+04	1.664056852230048e-01	8.912051454327685e-02	3.000000000000000e-07	3.000000000000000e-05
9.409998e+04	1.672210512293985e-01	8.957283463359261e-02	3.000000000000000e-07	3.000000000000000e-05
9.582994e+04	1.680404133964190e-01	9.002728324737133e-02	3.000000000000000e-07	3.000000000000000e-05
9.759094e+04	1.688637912792837e-01	9.048387124314655e-02	3.000000000000000e-07	3.000000000000000e-05
9.938353e+04	1.696912045290274e-01	9.094260953280339e-02	3.000000000000000e-07	3.000000000000000e-05
1.000000e+05	1.699725599344292e-01	9.109857910159452e-02	3.000000000000000e-07	3.000000000000000e-05
1.018575e+05	1.708152286000404e-01	9.156565709247524e-02	3.000000000000000e-07	3.000000000000000e-05
1.037262e+05	1.716520311220944e-01	9.202939663235145e-02	3.000000000000000e-07	3.000000000000000e-05
1.056288e+05	1.724931123925675e-01	9.249542142536905e-02	3.000000000000000e-07	3.000000000000000e-05
1.075655e+05	1.733383125050491e-01	9.296364286662950e-02	3.000000000000000e-07	3.000000000000000e-05
1.095370e+05	1.741876548304856e-01	9.343407392893072e-02	3.000000000000000e-07	3.000000000000000e-05
1.115438e+05	1.750411595824886e-01	9.390672583518107e-02	3.000000000000000e-07	3.000000000000000e-05
1.135866e+05	1.758988471318907e-01	9.438160989497946e-02	3.000000000000000e-07	3.000000000000000e-05
1.156661e+05	1.767607379483064e-01	9.485873747214728e-02	3.000000000000000e-07	3.000000000000000e-05
1.177828e+05	1.776268526016589e-01	9.533811998549022e-02	3.000000000000000e-07	3.000000000000000e-05
1.199374e+05	1.784972117626479e-01	9.581976890897831e-02	3.000000000000000e-07	3.000000000000000e-05
1.221308e+05	1.793718362032399e-01	9.630369577194280e-02	3.000000000000000e-07	3.000000000000000e-05
1.243634e+05	1.802507467971625e-01	9.678991215927793e-02	3.000000000000000e-07	3.000000000000000e-05
1.266360e+05	1.811339645204011e-01	9.727842971164730e-02	3.000000000000000e-07	3.000000000000000e-05
1.289494e+05	1.820215104516985e-01	9.776926012569427e-02	3.000000000000000e-07	3.000000000000000e-05
1.313043e+05	1.829134057730567e-01	9.826241515425638e-02	3.000000000000000e-07	3.000000000000000e-05
1.337014e+05	1.838096717702417e-01	9.875790660658341e-02	3.000000000000000e-07	3.000000000000000e-05
1.361414e+05	1.847103298332901e-01	9.925574634855931e-02	3.000000000000000e-07	3.000000000000000e-05
1.386252e+05	1.856154014570195e-01	9.975594630292747e-02	3.000000000000000e-07	3.000000000000000e-05
1.411535e+05	1.865249082415398e-01	1.002585184495196e-01	3.000000000000000e-07	3.000000000000000e-05
1.437271e+05	1.874388718927682e-01	1.007634748254882e-01	3.000000000000000e-07	3.000000000000000e-05
1.463468e+05	1.883573142229461e-01	1.012708275255419e-01	3.000000000000000e-07	3.000000000000000e-05
1.490135e+05	1.892802571511592e-01	1.017805887021849e-01	3.000000000000000e-07	3.000000000000000e-05
1.517280e+05	1.902077227038591e-01	1.022927705659588e-01	3.000000000000000e-07	3.000000000000000e-05
1.544912e+05	1.911397330153889e-01	1.028073853856884e-01	3.000000000000000e-07	3.000000000000000e-05
1.573039e+05	1.920763103285097e-01	1.033244454887302e-01	3.000000000000000e-07	3.000000000000000e-05
1.601669e+05	1.930174769949314e-01	1.038439632612239e-01	3.000000000000000e-07	3.000000000000000e-05
1.630813e+05	1.939632554758448e-01	1.043659511483475e-01	3.000000000000000e-07	3.000000000000000e-05
1.660480e+05	1.949136683424570e-01	1.048904216545747e-01	3.000000000000000e-07	3.000000000000000e-05
1.690678e+05	1.958687382765293e-01	1.054173873439359e-01	3.000000000000000e-07	3.000000000000000e-05
1.721417e+05	1.968284880709174e-01	1.059468608402820e-01	3.000000000000000e-07	3.000000000000000e-05
1.752707e+05	1.977929406301151e-01	1.064788548275503e-01	3.000000000000000e-07	3.000000000000000e-05
1.784557e+05	1.987621189707995e-01	1.070133820500346e-01	3.000000000000000e-07	3.000000000000000e-05
1.816979e+05	1.997360462223800e-01	1.075504553126566e-01	3.000000000000000e-07	3.000000000000000e-05
1.849982e+05	2.007147456275491e-01	1.080900874812416e-01	3.000000000000000e-07	3.000000000000000e-05
1.883576e+05	2.016982405428369e-01	1.086322914827954e-01	3.000000000000000e-07	3.000000000000000e-05
1.917772e+05	2.026865544391670e-01	1.091770803057852e-01	3.000000000000000e-07	3.000000000000000e-05
1.952581e+05	2.036797109024166e-01	1.097244670004219e-01	3.000000000000000e-07	3.000000000000000e-05
1.988014e+05	2.046777336339781e-01	1.102744646789465e-01	3.000000000000000e-07	3.000000000000000e-05
2.024082e+05	2.056806464513241e-01	1.108270865159176e-01	3.000000000000000e-07	3.000000000000000e-05
2.060796e+05	2.066884732885754e-01	1.113823457485025e-01	3.000000000000000e-07	3.000000000000000e-05
2.098169e+05	2.077012381970710e-01	1.119402556767700e-01	3.000000000000000e-07	3.000000000000000e-05
2.136211e+05	2.087189653459417e-01	1.125008296639870e-01	3.000000000000000e-07	3.000000000000000e-05
2.174935e+05	2.097416790226860e-01	1.130640811369157e-01	3.000000000000000e-07	3.000000000000000e-05
2.214353e+05	2.107694036337490e-01	1.136300235861150e-01	3.000000000000000e-07	3.000000000000000e-05
2.254478e+05	2.118021637051043e-01	1.141986705662435e-01	3.000000000000000e-07	3.000000000000000e-05
2.295322e+05	2.128399838828384e-01	1.147700356963645e-01	3.000000000000000e-07	3.000000000000000e-05
2.336898e+05	2.138828889337384e-01	1.153441326602545e-01	3.000000000000000e-07	3.000000000000000e-05
2.379219e+05	2.149309037458821e-01	1.159209752067130e-01	3.000000000000000e-07	3.000000000000000e-05
2.422299e+05	2.159840533292315e-01	1.165005771498754e-01	3.000000000000000e-07	3.000000000000000e-05
2.466151e+05	2.170423628162290e-01	1.170829523695275e-01	3.000000000000000e-07	3.000000000000000e-05
2.510789e+05	2.181058574623960e-01	1.176681148114228e-01	3.000000000000000e-07	3.000000000000000e-05
2.556227e+05	2.191745626469358e-01	1.182560784876022e-01	3.000000000000000e-07	3.000000000000000e-05
2.602480e+05	2.202485038733378e-01	1.188468574767152e-01	3.000000000000000e-07	3.000000000000000e-05
2.649563e+05	2.213277067699859e-01	1.194404659243441e-01	3.000000000000000e-07	3.000000000000000e-05
2.697489e+05	2.224121970907693e-01	1.200369180433305e-01	3.000000000000000e-07	3.000000000000000e-05
2.746274e+05	2.235020007156965e-01	1.206362281141030e-01	3.000000000000000e-07	3.000000000000000e-05
2.795935e+05	2.245971436515123e-01	1.212384104850081e-01	3.000000000000000e-07	3.000000000000000e-05
2.846485e+05	2.256976520323175e-01	1.218434795726433e-01	3.000000000000000e-07	3.000000000000000e-05
2.897942e+05	2.268035521201925e-01	1.224514498621912e-01	3.000000000000000e-07	3.000000000000000e-05
2.950322e+05	2.279148703058227e-01	1.230623359077574e-01	3.000000000000000e-07	3.000000000000000e-05
3.003641e+05	2.290316331091284e-01	1.236761523327092e-01	3.000000000000000e-07	3.000000000000000e-05
3.057916e+05	2.301538671798961e-01	1.242929138300173e-01	3.000000000000000e-07	3.000000000000000e-05
3.113165e+05	2.312815992984150e-01	1.249126351625991e-01	3.000000000000000e-07	3.000000000000000e-05
3.169404e+05	2.324148563761143e-01	1.255353311636641e-01	3.000000000000000e-07	3.000000000000000e-05
3.226652e+05	2.335536654562056e-01	1.261610167370621e-01	3.000000000000000e-07	3.000000000000000e-05
3.284927e+05	2.346980537143274e-01	1.267897068576327e-01	3.000000000000000e-07	3.000000000000000e-05
3.344247e+05	2.358480484591928e-01	1.274214165715573e-01	3.000000000000000e-07	3.000000000000000e-05
3.404631e+05	2.370036771332410e-01	1.280561609967130e-01	3.000000000000000e-07	3.000000000000000e-05
3.466098e+05	2.381649673132910e-01	1.286939553230286e-01	3.000000000000000e-07	3.000000000000000e-05
3.528668e+05	2.393319467111996e-01	1.293348148128431e-01	3.000000000000000e-07	3.000000000000000e-05
3.592360e+05	2.405046431745219e-01	1.299787548012654e-01	3.000000000000000e-07	3.000000000000000e-05
3.657195e+05	2.416830846871749e-01	1.306257906965371e-01	3.000000000000000e-07	3.000000000000000e-05
3.723193e+05	2.428672993701056e-01	1.312759379803963e-01	3.000000000000000e-07	3.000000000000000e-05
3.790375e+05	2.440573154819602e-01	1.319292122084444e-01	3.000000000000000e-07	3.000000000000000e-05
3.858763e+05	2.452531614197590e-01	1.325856290105142e-01	3.000000000000000e-07	3.000000000000000e-05
3.928378e+05	2.464548657195728e-01	1.332452040910407e-01	3.000000000000000e-07	3.000000000000000e-05
3.999242e+05	2.476624570572035e-01	1.339079532294332e-01	3.000000000000000e-07	3.000000000000000e-05
4.071378e+05	2.488759642488677e-01	1.345738922804504e-01	3.000000000000000e-07	3.000000000000000e-05
4.144809e+05	2.500954162518836e-01	1.352430371745764e-01	3.000000000000000e-07	3.000000000000000e-05
4.219557e+05	2.513208421653621e-01	1.359154039183998e-01	3.000000000000000e-07	3.000000000000000e-05
4.295647e+05	2.525522712308996e-01	1.365910085949942e-01	3.000000000000000e-07	3.000000000000000e-05
4.373103e+05	2.537897328332761e-01	1.372698673643009e-01	3.000000000000000e-07	3.000000000000000e-05
4.451950e+05	2.550332565011553e-01	1.379519964635136e-01	3.000000000000000e-07	3.000000000000000e-05
4.532211e+05	2.562828719077887e-01	1.386374122074653e-01	3.000000000000000e-07	3.000000000000000e-05
4.613914e+05	2.575386088717234e-01	1.393261309890172e-01	3.000000000000000e-07	3.000000000000000e-05
4.697084e+05	2.588004973575127e-01	1.400181692794493e-01	3.000000000000000e-07	3.000000000000000e-05
4.781747e+05	2.600685674764308e-01	1.407135436288534e-01	3.000000000000000e-07	3.000000000000000e-05
4.867930e+05	2.613428494871906e-01	1.414122706665281e-01	3.000000000000000e-07	3.000000000000000e-05
4.955661e+05	2.626233737966653e-01	1.421143671013760e-01	3.000000000000000e-07	3.000000000000000e-05
5.044967e+05	2.639101709606134e-01	1.428198497223022e-01	3.000000000000000e-07	3.000000000000000e-05
5.135877e+05	2.652032716844070e-01	1.435287353986159e-01	3.000000000000000e-07	3.000000000000000e-05
5.228420e+05	2.665027068237642e-01	1.442410410804330e-01	3.000000000000000e-07	3.000000000000000e-05
5.322626e+05	2.678085073854849e-01	1.449567837990821e-01	3.000000000000000e-07	3.000000000000000e-05
5.418523e+05	2.691207045281896e-01	1.456759806675106e-01	3.000000000000000e-07	3.000000000000000e-05
5.516144e+05	2.704393295630630e-01	1.463986488806953e-01	3.000000000000000e-07	3.000000000000000e-05
5.615518e+05	2.717644139546002e-01	1.471248057160525e-01	3.000000000000000e-07	3.000000000000000e-05
5.716678e+05	2.730959893213565e-01	1.478544685338524e-01	3.000000000000000e-07	3.000000000000000e-05
5.819655e+05	2.744340874367025e-01	1.485876547776342e-01	3.000000000000000e-07	3.000000000000000e-05
5.924483e+05	2.757787402295805e-01	1.493243819746235e-01	3.000000000000000e-07	3.000000000000000e-05
6.031194e+05	2.771299797852663e-01	1.500646677361526e-01	3.000000000000000e-07	3.000000000000000e-05
6.139824e+05	2.784878383461344e-01	1.508085297580814e-01	3.000000000000000e-07	3.000000000000000e-05
6.250405e+05	2.798523483124265e-01	1.515559858212220e-01	3.000000000000000e-07	3.000000000000000e-05
6.362975e+05	2.812235422430241e-01	1.523070537917642e-01	3.000000000000000e-07	3.000000000000000e-05
6.477568e+05	2.826014528562249e-01	1.530617516217038e-01	3.000000000000000e-07	3.000000000000000e-05
6.594221e+05	2.839861130305229e-01	1.538200973492726e-01	3.000000000000000e-07	3.000000000000000e-05
6.712971e+05	2.853775558053924e-01	1.545821090993708e-01	3.000000000000000e-07	3.000000000000000e-05
6.833856e+05	2.867758143820756e-01	1.553478050840013e-01	3.000000000000000e-07	3.000000000000000e-05
6.956915e+05	2.881809221243745e-01	1.561172036027062e-01	3.000000000000000e-07	3.000000000000000e-05
7.082187e+05	2.895929125594462e-01	1.568903230430058e-01	3.000000000000000e-07	3.000000000000000e-05
7.209711e+05	2.910118193786025e-01	1.576671818808389e-01	3.000000000000000e-07	3.000000000000000e-05
7.339530e+05	2.924376764381133e-01	1.584477986810062e-01	3.000000000000000e-07	3.000000000000000e-05
7.471683e+05	2.938705177600134e-01	1.592321920976152e-01	3.000000000000000e-07	3.000000000000000e-05
7.606213e+05	2.953103775329144e-01	1.600203808745276e-01	3.000000000000000e-07	3.000000000000000e-05
7.743163e+05	2.967572901128191e-01	1.608123838458085e-01	3.000000000000000e-07	3.000000000000000e-05
7.882578e+05	2.982112900239416e-01	1.616082199361786e-01	3.000000000000000e-07	3.000000000000000e-05
8.024500e+05	2.996724119595297e-01	1.624079081614674e-01	3.000000000000000e-07	3.000000000000000e-05
8.168976e+05	3.011406907826925e-01	1.632114676290697e-01	3.000000000000000e-07	3.000000000000000e-05
8.316052e+05	3.026161615272316e-01	1.640189175384037e-01	3.000000000000000e-07	3.000000000000000e-05
8.465775e+05	3.040988593984764e-01	1.648302771813712e-01	3.000000000000000e-07	3.000000000000000e-05
8.618193e+05	3.055888197741238e-01	1.656455659428208e-01	3.000000000000000e-07	3.000000000000000e-05
8.773354e+05	3.070860782050812e-01	1.664648033010122e-01	3.000000000000000e-07	3.000000000000000e-05
8.931308e+05	3.085906704163148e-01	1.672880088280840e-01	3.000000000000000e-07	3.000000000000000e-05
9.092105e+05	3.101026323077010e-01	1.681152021905225e-01	3.000000000000000e-07	3.000000000000000e-05
9.255798e+05	3.116219999548823e-01	1.689464031496337e-01	3.000000000000000e-07	3.000000000000000e-05
9.422438e+05	3.131488096101280e-01	1.697816315620174e-01	3.000000000000000e-07	3.000000000000000e-05
9.592078e+05	3.146830977031982e-01	1.706209073800429e-01	3.000000000000000e-07	3.000000000000000e-05
9.764773e+05	3.162249008422126e-01	1.714642506523279e-01	3.000000000000000e-07	3.000000000000000e-05
9.940579e+05	3.177742558145229e-01	1.723116815242192e-01	3.000000000000000e-07	3.000000000000000e-05
1.000000e+06	3.182920290281520e-01	1.725948710305966e-01	3.000000000000000e-07	3.000000000000000e-05
1.018220e+06	3.198701407400031e-01	1.734579725389182e-01	3.000000000000000e-07	3.000000000000000e-05
1.036548e+06	3.214370175837761e-01	1.743148865878460e-01	3.000000000000000e-07	3.000000000000000e-05
1.055210e+06	3.230119075597688e-01	1.751761406015990e-01	3.000000000000000e-07	3.000000000000000e-05
1.074209e+06	3.245945052897457e-01	1.760415675870068e-01	3.000000000000000e-07	3.000000000000000e-05
1.093550e+06	3.261848546575035e-01	1.769111915634772e-01	3.000000000000000e-07	3.000000000000000e-05
1.113239e+06	3.277829934988534e-01	1.777850332416403e-01	3.000000000000000e-07	3.000000000000000e-05
1.133283e+06	3.293889599466869e-01	1.786631134933325e-01	3.000000000000000e-07	3.000000000000000e-05
1.153689e+06	3.310027923185955e-01	1.795454532901406e-01	3.000000000000000e-07	3.000000000000000e-05
1.174462e+06	3.326245291198050e-01	1.804320737050079e-01	3.000000000000000e-07	3.000000000000000e-05
1.195609e+06	3.342542090440578e-01	1.813229959127189e-01	3.000000000000000e-07	3.000000000000000e-05
1.217138e+06	3.358918709745355e-01	1.822182411904059e-01	3.000000000000000e-07	3.000000000000000e-05
1.239055e+06	3.375375539847857e-01	1.831178309180591e-01	3.000000000000000e-07	3.000000000000000e-05
1.261368e+06	3.391912973396543e-01	1.840217865790387e-01	3.000000000000000e-07	3.000000000000000e-05
1.284082e+06	3.408531404962212e-01	1.849301297605897e-01	3.000000000000000e-07	3.000000000000000e-05
1.307206e+06	3.425231231047414e-01	1.858428821543593e-01	3.000000000000000e-07	3.000000000000000e-05
1.330747e+06	3.442012850095902e-01	1.867600655569168e-01	3.000000000000000e-07	3.000000000000000e-05
1.354713e+06	3.458876662502137e-01	1.876817018702758e-01	3.000000000000000e-07	3.000000000000000e-05
1.379111e+06	3.475823070620830e-01	1.886078131024190e-01	3.000000000000000e-07	3.000000000000000e-05
1.403950e+06	3.492852478776540e-01	1.895384213678259e-01	3.000000000000000e-07	3.000000000000000e-05
1.429236e+06	3.509965293273309e-01	1.904735488880022e-01	3.000000000000000e-07	3.000000000000000e-05
1.454979e+06	3.527161922404357e-01	1.914132179920127e-01	3.000000000000000e-07	3.000000000000000e-05
1.481186e+06	3.544442776461809e-01	1.923574511170159e-01	3.000000000000000e-07	3.000000000000000e-05
1.507866e+06	3.561808267746486e-01	1.933062708088019e-01	3.000000000000000e-07	3.000000000000000e-05
1.535027e+06	3.579258810577730e-01	1.942596997223320e-01	3.000000000000000e-07	3.000000000000000e-05
1.562679e+06	3.596794821303284e-01	1.952177606222819e-01	3.000000000000000e-07	3.000000000000000e-05
1.590830e+06	3.614416718309221e-01	1.961804763835868e-01	3.000000000000000e-07	3.000000000000000e-05
1.619490e+06	3.632124922029916e-01	1.971478699919891e-01	3.000000000000000e-07	3.000000000000000e-05
1.648666e+06	3.649919854958076e-01	1.981199645445891e-01	3.000000000000000e-07	3.000000000000000e-05
1.678370e+06	3.667801941654809e-01	1.990967832503983e-01	3.000000000000000e-07	3.000000000000000e-05
1.708610e+06	3.685771608759746e-01	2.000783494308950e-01	3.000000000000000e-07	3.000000000000000e-05
1.739396e+06	3.703829285001221e-01	2.010646865205826e-01	3.000000000000000e-07	3.000000000000000e-05
1.770738e+06	3.721975401206483e-01	2.020558180675512e-01	3.000000000000000e-07	3.000000000000000e-05
1.802646e+06	3.740210390311976e-01	2.030517677340409e-01	3.000000000000000e-07	3.000000000000000e-05
1.835131e+06	3.758534687373659e-01	2.040525592970088e-01	3.000000000000000e-07	3.000000000000000e-05
1.868202e+06	3.776948729577380e-01	2.050582166486979e-01	3.000000000000000e-07	3.000000000000000e-05
1.901871e+06	3.795452956249295e-01	2.060687637972090e-01	3.000000000000000e-07	3.000000000000000e-05
1.936149e+06	3.814047808866351e-01	2.070842248670760e-01	3.000000000000000e-07	3.000000000000000e-05
1.971046e+06	3.832733731066806e-01	2.081046240998425e-01	3.000000000000000e-07	3.000000000000000e-05
2.006573e+06	3.851511168660809e-01	2.091299858546428e-01	3.000000000000000e-07	3.000000000000000e-05
2.042743e+06	3.870380569641028e-01	2.101603346087841e-01	3.000000000000000e-07	3.000000000000000e-05
2.079567e+06	3.889342384193335e-01	2.111956949583334e-01	3.000000000000000e-07	3.000000000000000e-05
2.117056e+06	3.908397064707535e-01	2.122360916187048e-01	3.000000000000000e-07	3.000000000000000e-05
2.155223e+06	3.927545065788156e-01	2.132815494252521e-01	3.000000000000000e-07	3.000000000000000e-05
2.194080e+06	3.946786844265286e-01	2.143320933338624e-01	3.000000000000000e-07	3.000000000000000e-05
2.233640e+06	3.966122859205466e-01	2.153877484215533e-01	3.000000000000000e-07	3.000000000000000e-05
2.273915e+06	3.985553571922636e-01	2.164485398870730e-01	3.000000000000000e-07	3.000000000000000e-05
2.314919e+06	4.005079445989131e-01	2.175144930515035e-01	3.000000000000000e-07	3.000000000000000e-05
2.356665e+06	4.024700947246740e-01	2.185856333588654e-01	3.000000000000000e-07	3.000000000000000e-05
2.399166e+06	4.044418543817805e-01	2.196619863767277e-01	3.000000000000000e-07	3.000000000000000e-05
2.442435e+06	4.064232706116389e-01	2.207435777968187e-01	3.000000000000000e-07	3.000000000000000e-05
2.486488e+06	4.084143906859488e-01	2.218304334356406e-01	3.000000000000000e-07	3.000000000000000e-05
2.531338e+06	4.104152621078305e-01	2.229225792350872e-01	3.000000000000000e-07	3.000000000000000e-05
2.576999e+06	4.124259326129573e-01	2.240200412630644e-01	3.000000000000000e-07	3.000000000000000e-05
2.623487e+06	4.144464501706938e-01	2.251228457141132e-01	3.000000000000000e-07	3.000000000000000e-05
2.670816e+06	4.164768629852396e-01	2.262310189100367e-01	3.000000000000000e-07	3.000000000000000e-05
2.719002e+06	4.185172194967784e-01	2.273445873005289e-01	3.000000000000000e-07	3.000000000000000e-05
2.768061e+06	4.205675683826335e-01	2.284635774638079e-01	3.000000000000000e-07	3.000000000000000e-05
2.818007e+06	4.226279585584277e-01	2.295880161072509e-01	3.000000000000000e-07	3.000000000000000e-05
2.868859e+06	4.246984391792501e-01	2.307179300680328e-01	3.000000000000000e-07	3.000000000000000e-05
2.920631e+06	4.267790596408278e-01	2.318533463137683e-01	3.000000000000000e-07	3.000000000000000e-05
2.973340e+06	4.288698695807036e-01	2.329942919431559e-01	3.000000000000000e-07	3.000000000000000e-05
3.027005e+06	4.309709188794198e-01	2.341407941866265e-01	3.000000000000000e-07	3.000000000000000e-05
3.081641e+06	4.330822576617070e-01	2.352928804069937e-01	3.000000000000000e-07	3.000000000000000e-05
3.137268e+06	4.352039362976797e-01	2.364505781001085e-01	3.000000000000000e-07	3.000000000000000e-05
3.193902e+06	4.373360054040366e-01	2.376139148955160e-01	3.000000000000000e-07	3.000000000000000e-05
3.251563e+06	4.394785158452681e-01	2.387829185571161e-01	3.000000000000000e-07	3.000000000000000e-05
3.310268e+06	4.416315187348688e-01	2.399576169838273e-01	3.000000000000000e-07	3.000000000000000e-05
3.370038e+06	4.437950654365558e-01	2.411380382102528e-01	3.000000000000000e-07	3.000000000000000e-05
3.430890e+06	4.459692075654939e-01	2.423242104073513e-01	3.000000000000000e-07	3.000000000000000e-05
3.492846e+06	4.481539969895255e-01	2.435161618831098e-01	3.000000000000000e-07	3.000000000000000e-05
3.555925e+06	4.503494858304082e-01	2.447139210832201e-01	3.000000000000000e-07	3.000000000000000e-05
3.620148e+06	4.525557264650568e-01	2.459175165917588e-01	3.000000000000000e-07	3.000000000000000e-05
3.685535e+06	4.547727715267920e-01	2.471269771318700e-01	3.000000000000000e-07	3.000000000000000e-05
3.752108e+06	4.570006739065959e-01	2.483423315664517e-01	3.000000000000000e-07	3.000000000000000e-05
3.819888e+06	4.592394867543725e-01	2.495636088988459e-01	3.000000000000000e-07	3.000000000000000e-05
3.888898e+06	4.614892634802151e-01	2.507908382735308e-01	3.000000000000000e-07	3.000000000000000e-05
3.959159e+06	4.637500577556798e-01	2.520240489768176e-01	3.000000000000000e-07	3.000000000000000e-05
4.030696e+06	4.660219235150648e-01	2.532632704375503e-01	3.000000000000000e-07	3.000000000000000e-05
4.103530e+06	4.683049149566967e-01	2.545085322278082e-01	3.000000000000000e-07	3.000000000000000e-05
4.177685e+06	4.705990865442226e-01	2.557598640636130e-01	3.000000000000000e-07	3.000000000000000e-05
4.253187e+06	4.729044930079083e-01	2.570172958056381e-01	3.000000000000000e-07	3.000000000000000e-05
4.330058e+06	4.752211893459435e-01	2.582808574599224e-01	3.000000000000000e-07	3.000000000000000e-05
4.408325e+06	4.775492308257534e-01	2.595505791785865e-01	3.000000000000000e-07	3.000000000000000e-05
4.488012e+06	4.798886729853153e-01	2.608264912605536e-01	3.000000000000000e-07	3.000000000000000e-05
4.569146e+06	4.822395716344838e-01	2.621086241522723e-01	3.000000000000000e-07	3.000000000000000e-05
4.651753e+06	4.846019828563208e-01	2.633970084484447e-01	3.000000000000000e-07	3.000000000000000e-05
4.735860e+06	4.869759630084332e-01	2.646916748927566e-01	3.000000000000000e-07	3.000000000000000e-05
4.821495e+06	4.893615687243157e-01	2.659926543786117e-01	3.000000000000000e-07	3.000000000000000e-05
4.908684e+06	4.917588569147019e-01	2.672999779498698e-01	3.000000000000000e-07	3.000000000000000e-05
4.997457e+06	4.941678847689205e-01	2.686136768015875e-01	3.000000000000000e-07	3.000000000000000e-05
5.087843e+06	4.965887097562594e-01	2.699337822807640e-01	3.000000000000000e-07	3.000000000000000e-05
5.179871e+06	4.990213896273352e-01	2.712603258870889e-01	3.000000000000000e-07	3.000000000000000e-05
5.273570e+06	5.014659824154707e-01	2.725933392736950e-01	3.000000000000000e-07	3.000000000000000e-05
5.368972e+06	5.039225464380781e-01	2.739328542479135e-01	3.000000000000000e-07	3.000000000000000e-05
5.466108e+06	5.063911402980495e-01	2.752789027720342e-01	3.000000000000000e-07	3.000000000000000e-05
5.565009e+06	5.088718228851541e-01	2.766315169640678e-01	3.000000000000000e-07	3.000000000000000e-05
5.665707e+06	5.113646533774422e-01	2.779907290985137e-01	3.000000000000000e-07	3.000000000000000e-05
5.768236e+06	5.138696912426562e-01	2.793565716071300e-01	3.000000000000000e-07	3.000000000000000e-05
5.872629e+06	5.163869962396482e-01	2.807290770797078e-01	3.000000000000000e-07	3.000000000000000e-05
5.978919e+06	5.189166284198050e-01	2.821082782648496e-01	3.000000000000000e-07	3.000000000000000e-05
6.087143e+06	5.214586481284795e-01	2.834942080707508e-01	3.000000000000000e-07	3.000000000000000e-05
6.197334e+06	5.240131160064297e-01	2.848868995659856e-01	3.000000000000000e-07	3.000000000000000e-05
6.309529e+06	5.265800929912644e-01	2.862863859802961e-01	3.000000000000000e-07	3.000000000000000e-05
6.423764e+06	5.291596403188958e-01	2.876927007053861e-01	3.000000000000000e-07	3.000000000000000e-05
6.540077e+06	5.317518195249999e-01	2.891058772957175e-01	3.000000000000000e-07	3.000000000000000e-05
6.658507e+06	5.343566924464832e-01	2.905259494693119e-01	3.000000000000000e-07	3.000000000000000e-05
6.779091e+06	5.369743212229572e-01	2.919529511085552e-01	3.000000000000000e-07	3.000000000000000e-05
6.901868e+06	5.396047682982196e-01	2.933869162610064e-01	3.000000000000000e-07	3.000000000000000e-05
7.026880e+06	5.422480964217434e-01	2.948278791402102e-01	3.000000000000000e-07	3.000000000000000e-05
7.154167e+06	5.449043686501729e-01	2.962758741265138e-01	3.000000000000000e-07	3.000000000000000e-05
7.283770e+06	5.475736483488266e-01	2.977309357678873e-01	3.000000000000000e-07	3.000000000000000e-05
7.415733e+06	5.502559991932086e-01	2.991930987807485e-01	3.000000000000000e-07	3.000000000000000e-05
7.550098e+06	5.529514851705259e-01	3.006623980507914e-01	3.000000000000000e-07	3.000000000000000e-05
7.686908e+06	5.556601705812149e-01	3.021388686338186e-01	3.000000000000000e-07	3.000000000000000e-05
7.826210e+06	5.583821200404735e-01	3.036225457565784e-01	3.000000000000000e-07	3.000000000000000e-05
7.968048e+06	5.611173984798019e-01	3.051134648176052e-01	3.000000000000000e-07	3.000000000000000e-05
8.112469e+06	5.638660711485510e-01	3.066116613880641e-01	3.000000000000000e-07	3.000000000000000e-05
8.259520e+06	5.666282036154775e-01	3.081171712126003e-01	3.000000000000000e-07	3.000000000000000e-05
8.409250e+06	5.694038617703073e-01	3.096300302101918e-01	3.000000000000000e-07	3.000000000000000e-05
8.561707e+06	5.721931118253067e-01	3.111502744750067e-01	3.000000000000000e-07	3.000000000000000e-05
8.716942e+06	5.749960203168605e-01	3.126779402772644e-01	3.000000000000000e-07	3.000000000000000e-05
8.875005e+06	5.778126541070584e-01	3.142130640641012e-01	3.000000000000000e-07	3.000000000000000e-05
9.035947e+06	5.806430803852893e-01	3.157556824604399e-01	3.000000000000000e-07	3.000000000000000e-05
9.199823e+06	5.834873666698430e-01	3.173058322698643e-01	3.000000000000000e-07	3.000000000000000e-05
9.366685e+06	5.863455808095200e-01	3.188635504754964e-01	3.000000000000000e-07	3.000000000000000e-05
9.536589e+06	5.892177909852487e-01	3.204288742408797e-01	3.000000000000000e-07	3.000000000000000e-05
9.709589e+06	5.921040657117116e-01	3.220018409108659e-01	3.000000000000000e-07	3.000000000000000e-05
9.885744e+06	5.950044738389778e-01	3.235824880125053e-01	3.000000000000000e-07	3.000000000000000e-05
1.000000e+07	5.968627300710894e-01	3.245951772998020e-01	3.000000000000000e-07	3.000000000000000e-05
1.018264e+07	5.998055734731828e-01	3.261989143851656e-01	3.000000000000000e-07	3.000000000000000e-05
1.036739e+07	6.027433482081787e-01	3.277998674369618e-01	3.000000000000000e-07	3.000000000000000e-05
1.055554e+07	6.056958604431052e-01	3.294088301481990e-01	3.000000000000000e-07	3.000000000000000e-05
1.074711e+07	6.086628239690437e-01	3.310256465508028e-01	3.000000000000000e-07	3.000000000000000e-05
1.094218e+07	6.116443160056558e-01	3.326503587296341e-01	3.000000000000000e-07	3.000000000000000e-05
1.114081e+07	6.146404075570824e-01	3.342830053818430e-01	3.000000000000000e-07	3.000000000000000e-05
1.134307e+07	6.176511700942109e-01	3.359236254583742e-01	3.000000000000000e-07	3.000000000000000e-05
1.154901e+07	6.206766754356302e-01	3.375722580990916e-01	3.000000000000000e-07	3.000000000000000e-05
1.175871e+07	6.237169957515245e-01	3.392289426349003e-01	3.000000000000000e-07	3.000000000000000e-05
1.197224e+07	6.267722035653543e-01	3.408937185886625e-01	3.000000000000000e-07	3.000000000000000e-05
1.218966e+07	6.298423717555869e-01	3.425666256761403e-01	3.000000000000000e-07	3.000000000000000e-05
1.241106e+07	6.329275735574330e-01	3.442477038069429e-01	3.000000000000000e-07	3.000000000000000e-05
1.263649e+07	6.360278825645939e-01	3.459369930854785e-01	3.000000000000000e-07	3.000000000000000e-05
1.286604e+07	6.391433727310151e-01	3.476345338119111e-01	3.000000000000000e-07	3.000000000000000e-05
1.309978e+07	6.422741183726497e-01	3.493403664831219e-01	3.000000000000000e-07	3.000000000000000e-05
1.333779e+07	6.454201941692309e-01	3.510545317936750e-01	3.000000000000000e-07	3.000000000000000e-05
1.358014e+07	6.485816751660511e-01	3.527770706367884e-01	3.000000000000000e-07	3.000000000000000e-05
1.382692e+07	6.517586367757524e-01	3.545080241053094e-01	3.000000000000000e-07	3.000000000000000e-05
1.407821e+07	6.549511547801234e-01	3.562474334926951e-01	3.000000000000000e-07	3.000000000000000e-05
1.433409e+07	6.581593053319067e-01	3.579953402939969e-01	3.000000000000000e-07	3.000000000000000e-05
1.459464e+07	6.613831649566138e-01	3.597517862068508e-01	3.000000000000000e-07	3.000000000000000e-05
1.485995e+07	6.646228105543497e-01	3.615168131324719e-01	3.000000000000000e-07	3.000000000000000e-05
1.513011e+07	6.678783194016464e-01	3.632904631766534e-01	3.000000000000000e-07	3.000000000000000e-05
1.540521e+07	6.711497691533054e-01	3.650727786507721e-01	3.000000000000000e-07	3.000000000000000e-05
1.568533e+07	6.744372378442480e-01	3.668638020727962e-01	3.000000000000000e-07	3.000000000000000e-05
1.597057e+07	6.777408038913771e-01	3.686635761683009e-01	3.000000000000000e-07	3.000000000000000e-05
1.626103e+07	6.810605460954456e-01	3.704721438714861e-01	3.000000000000000e-07	3.000000000000000e-05
1.655679e+07	6.843965436429355e-01	3.722895483262018e-01	3.000000000000000e-07	3.000000000000000e-05
1.685797e+07	6.877488761079454e-01	3.741158328869761e-01	3.000000000000000e-07	3.000000000000000e-05
1.716464e+07	6.911176234540882e-01	3.759510411200499e-01	3.000000000000000e-07	3.000000000000000e-05
1.747693e+07	6.945028660363967e-01	3.777952168044159e-01	3.000000000000000e-07	3.000000000000000e-05
1.779493e+07	6.979046846032397e-01	3.796484039328624e-01	3.000000000000000e-07	3.000000000000000e-05
1.811874e+07	7.013231602982472e-01	3.815106467130232e-01	3.000000000000000e-07	3.000000000000000e-05
1.844847e+07	7.047583746622443e-01	3.833819895684316e-01	3.000000000000000e-07	3.000000000000000e-05
1.878424e+07	7.082104096351959e-01	3.852624771395797e-01	3.000000000000000e-07	3.000000000000000e-05
1.912615e+07	7.116793475581593e-01	3.871521542849837e-01	3.000000000000000e-07	3.000000000000000e-05
1.947431e+07	7.151652711752480e-01	3.890510660822533e-01	3.000000000000000e-07	3.000000000000000e-05
1.982884e+07	7.186682636356040e-01	3.909592578291670e-01	3.000000000000000e-07	3.000000000000000e-05
2.018986e+07	7.221884084953800e-01	3.928767750447522e-01	3.000000000000000e-07	3.000000000000000e-05
2.055749e+07	7.257257897197315e-01	3.948036634703712e-01	3.000000000000000e-07	3.000000000000000e-05
2.093184e+07	7.292804916848183e-01	3.967399690708118e-01	3.000000000000000e-07	3.000000000000000e-05
2.131305e+07	7.328525991798167e-01	3.986857380353836e-01	3.000000000000000e-07	3.000000000000000e-05
2.170123e+07	7.364421974089400e-01	4.006410167790194e-01	3.000000000000000e-07	3.000000000000000e-05
2.209652e+07	7.400493719934701e-01	4.026058519433826e-01	3.000000000000000e-07	3.000000000000000e-05
2.249905e+07	7.436742089737990e-01	4.045802903979789e-01	3.000000000000000e-07	3.000000000000000e-05
2.290895e+07	7.473167948114797e-01	4.065643792412747e-01	3.000000000000000e-07	3.000000000000000e-05
2.332635e+07	7.509772163912876e-01	4.085581658018197e-01	3.000000000000000e-07	3.000000000000000e-05
2.375140e+07	7.546555610232916e-01	4.105616976393761e-01	3.000000000000000e-07	3.000000000000000e-05
2.418423e+07	7.583519164449355e-01	4.125750225460523e-01	3.000000000000000e-07	3.000000000000000e-05
2.462499e+07	7.620663708231303e-01	4.145981885474434e-01	3.000000000000000e-07	3.000000000000000e-05
2.507383e+07	7.657990127563553e-01	4.166312439037755e-01	3.000000000000000e-07	3.000000000000000e-05
2.553088e+07	7.695499312767706e-01	4.186742371110574e-01	3.000000000000000e-07	3.000000000000000e-05
2.599631e+07	7.733192158523395e-01	4.207272169022366e-01	3.000000000000000e-07	3.000000000000000e-05
2.647027e+07	7.771069563889619e-01	4.227902322483616e-01	3.000000000000000e-07	3.000000000000000e-05
2.695292e+07	7.809132432326167e-01	4.248633323597498e-01	3.000000000000000e-07	3.000000000000000e-05
2.744441e+07	7.847381671715165e-01	4.269465666871608e-01	3.000000000000000e-07	3.000000000000000e-05
2.794490e+07	7.885818194382713e-01	4.290399849229759e-01	3.000000000000000e-07	3.000000000000000e-05
2.845457e+07	7.924442917120643e-01	4.311436370023827e-01	3.000000000000000e-07	3.000000000000000e-05
2.897359e+07	7.963256761208364e-01	4.332575731045664e-01	3.000000000000000e-07	3.000000000000000e-05
2.950212e+07	8.002260652434833e-01	4.353818436539056e-01	3.000000000000000e-07	3.000000000000000e-05
3.004034e+07	8.041455521120624e-01	4.375164993211757e-01	3.000000000000000e-07	3.000000000000000e-05
3.058842e+07	8.080842302140103e-01	4.396615910247563e-01	3.000000000000000e-07	3.000000000000000e-05
3.114656e+07	8.120421934943721e-01	4.418171699318459e-01	3.000000000000000e-07	3.000000000000000e-05
3.171494e+07	8.160195363580404e-01	4.439832874596819e-01	3.000000000000000e-07	3.000000000000000e-05
3.229374e+07	8.200163536720063e-01	4.461599952767664e-01	3.000000000000000e-07	3.000000000000000e-05
3.288315e+07	8.240327407676208e-01	4.483473453040989e-01	3.000000000000000e-07	3.000000000000000e-05
3.348338e+07	8.280687934428673e-01	4.505453897164136e-01	3.000000000000000e-07	3.000000000000000e-05
3.409462e+07	8.321246079646459e-01	4.527541809434240e-01	3.000000000000000e-07	3.000000000000000e-05
3.471708e+07	8.362002810710678e-01	4.549737716710729e-01	3.000000000000000e-07	3.000000000000000e-05
3.535096e+07	8.402959099737617e-01	4.572042148427888e-01	3.000000000000000e-07	3.000000000000000e-05
3.599647e+07	8.444115923601913e-01	4.594455636607481e-01	3.000000000000000e-07	3.000000000000000e-05
3.665382e+07	8.485474263959839e-01	4.616978715871439e-01	3.000000000000000e-07	3.000000000000000e-05
3.732324e+07	8.527035107272712e-01	4.639611923454608e-01	3.000000000000000e-07	3.000000000000000e-05
3.800495e+07	8.568799444830402e-01	4.662355799217558e-01	3.000000000000000e-07	3.000000000000000e-05
3.869918e+07	8.610768272774968e-01	4.685210885659455e-01	3.000000000000000e-07	3.000000000000000e-05
3.940615e+07	8.652942592124406e-01	4.708177727930997e-01	3.000000000000000e-07	3.000000000000000e-05
4.012609e+07	8.695323408796510e-01	4.731256873847412e-01	3.000000000000000e-07	3.000000000000000e-05
4.085926e+07	8.737911733632854e-01	4.754448873901523e-01	3.000000000000000e-07	3.000000000000000e-05
4.160590e+07	8.780708582422887e-01	4.777754281276870e-01	3.000000000000000e-07	3.000000000000000e-05
4.236624e+07	8.823714975928157e-01	4.801173651860902e-01	3.000000000000000e-07	3.000000000000000e-05
4.314055e+07	8.866931939906634e-01	4.824707544258230e-01	3.000000000000000e-07	3.000000000000000e-05
4.392908e+07	8.910360505137168e-01	4.848356519803949e-01	3.000000000000000e-07	3.000000000000000e-05
4.473210e+07	8.954001707444068e-01	4.872121142577019e-01	3.000000000000000e-07	3.000000000000000e-05
4.554987e+07	8.997856587721784e-01	4.896001979413717e-01	3.000000000000000e-07	3.000000000000000e-05
4.638267e+07	9.041926191959730e-01	4.919999599921148e-01	3.000000000000000e-07	3.000000000000000e-05
4.723077e+07	9.086211571267215e-01	4.944114576490832e-01	3.000000000000000e-07	3.000000000000000e-05
4.809445e+07	9.130713781898502e-01	4.968347484312347e-01	3.000000000000000e-07	3.000000000000000e-05
4.897401e+07	9.175433885277988e-01	4.992698901387047e-01	3.000000000000000e-07	3.000000000000000e-05
4.986973e+07	9.220372948025510e-01	5.017169408541838e-01	3.000000000000000e-07	3.000000000000000e-05
5.078192e+07	9.265532041981765e-01	5.041759589443032e-01	3.000000000000000e-07	3.000000000000000e-05
5.171087e+07	9.310912244233871e-01	5.066470030610263e-01	3.000000000000000e-07	3.000000000000000e-05
5.265691e+07	9.356514637141036e-01	5.091301321430464e-01	3.000000000000000e-07	3.000000000000000e-05
5.362034e+07	9.402340308360364e-01	5.116254054171926e-01	3.000000000000000e-07	3.000000000000000e-05
5.460148e+07	9.448390350872784e-01	5.141328823998421e-01	3.000000000000000e-07	3.000000000000000e-05
5.560066e+07	9.494665863009104e-01	5.166526228983387e-01	3.000000000000000e-07	3.000000000000000e-05
5.661822e+07	9.541167948476197e-01	5.191846870124187e-01	3.000000000000000e-07	3.000000000000000e-05
5.765450e+07	9.587897716383308e-01	5.217291351356442e-01	3.000000000000000e-07	3.000000000000000e-05
5.870983e+07	9.634856281268496e-01	5.242860279568429e-01	3.000000000000000e-07	3.000000000000000e-05
5.978458e+07	9.682044763125205e-01	5.268554264615549e-01	3.000000000000000e-07	3.000000000000000e-05
6.087911e+07	9.729464287428961e-01	5.294373919334869e-01	3.000000000000000e-07	3.000000000000000e-05
6.199376e+07	9.777115985164201e-01	5.320319859559732e-01	3.000000000000000e-07	3.000000000000000e-05
6.312893e+07	9.825000992851242e-01	5.346392704134441e-01	3.000000000000000e-07	3.000000000000000e-05
6.428499e+07	9.873120452573362e-01	5.372593074929006e-01	3.000000000000000e-07	3.000000000000000e-05
6.546232e+07	9.921475512004038e-01	5.398921596853987e-01	3.000000000000000e-07	3.000000000000000e-05
6.666132e+07	9.970067324434297e-01	5.425378897875375e-01	3.000000000000000e-07	3.000000000000000e-05
6.788239e+07	1.001889704880021e+00	5.451965609029572e-01	3.000000000000000e-07	3.000000000000000e-05
6.912594e+07	1.006796584971053e+00	5.478682364438440e-01	3.000000000000000e-07	3.000000000000000e-05
7.039238e+07	1.011727489747444e+00	5.505529801324407e-01	3.000000000000000e-07	3.000000000000000e-05
7.168213e+07	1.016682536812946e+00	5.532508560025674e-01	3.000000000000000e-07	3.000000000000000e-05
7.299563e+07	1.021661844346947e+00	5.559619284011470e-01	3.000000000000000e-07	3.000000000000000e-05
7.433332e+07	1.026665531107291e+00	5.586862619897399e-01	3.000000000000000e-07	3.000000000000000e-05
7.569564e+07	1.031693716433107e+00	5.614239217460852e-01	3.000000000000000e-07	3.000000000000000e-05
7.708305e+07	1.036746520247653e+00	5.641749729656504e-01	3.000000000000000e-07	3.000000000000000e-05
7.849602e+07	1.041824063061176e+00	5.669394812631876e-01	3.000000000000000e-07	3.000000000000000e-05
7.993501e+07	1.046926465973787e+00	5.697175125742980e-01	3.000000000000000e-07	3.000000000000000e-05
8.140051e+07	1.052053850678344e+00	5.725091331570042e-01	3.000000000000000e-07	3.000000000000000e-05
8.289300e+07	1.057206339463355e+00	5.753144095933290e-01	3.000000000000000e-07	3.000000000000000e-05
8.441300e+07	1.062384055215891e+00	5.781334087908838e-01	3.000000000000000e-07	3.000000000000000e-05
8.596100e+07	1.067587121424522e+00	5.809661979844629e-01	3.000000000000000e-07	3.000000000000000e-05
8.753753e+07	1.072815662182250e+00	5.838128447376468e-01	3.000000000000000e-07	3.000000000000000e-05
8.914311e+07	1.078069802189479e+00	5.866734169444132e-01	3.000000000000000e-07	3.000000000000000e-05
9.077829e+07	1.083349666756978e+00	5.895479828307548e-01	3.000000000000000e-07	3.000000000000000e-05
9.244360e+07	1.088655381808874e+00	5.924366109563071e-01	3.000000000000000e-07	3.000000000000000e-05
9.413961e+07	1.093987073885652e+00	5.953393702159814e-01	3.000000000000000e-07	3.000000000000000e-05
9.586688e+07	1.099344870147171e+00	5.982563298416087e-01	3.000000000000000e-07	3.000000000000000e-05
9.762600e+07	1.104728898375695e+00	6.011875594035894e-01	3.000000000000000e-07	3.000000000000000e-05
9.941755e+07	1.110139286978942e+00	6.041331288125517e-01	3.000000000000000e-07	3.000000000000000e-05
1.000000e+08	1.111877740020417e+00	6.050795890756480e-01	3.000000000000000e-07	3.000000000000000e-05
1.018582e+08	1.117391017228100e+00	6.080811585894440e-01	3.000000000000000e-07	3.000000000000000e-05
1.037274e+08	1.122862159403054e+00	6.110597771953311e-01	3.000000000000000e-07	3.000000000000000e-05
1.056314e+08	1.128361351522172e+00	6.140536554970576e-01	3.000000000000000e-07	3.000000000000000e-05
1.075706e+08	1.133887444668028e+00	6.170621679963023e-01	3.000000000000000e-07	3.000000000000000e-05
1.095455e+08	1.139440594029463e+00	6.200853991824472e-01	3.000000000000000e-07	3.000000000000000e-05
1.115569e+08	1.145020931618994e+00	6.231234209268784e-01	3.000000000000000e-07	3.000000000000000e-05
1.136053e+08	1.150628590532767e+00	6.261763056906566e-01	3.000000000000000e-07	3.000000000000000e-05
1.156916e+08	1.156263704510388e+00	6.292441262848795e-01	3.000000000000000e-07	3.000000000000000e-05
1.178163e+08	1.161926407946216e+00	6.323269558768277e-01	3.000000000000000e-07	3.000000000000000e-05
1.199803e+08	1.167616835892422e+00	6.354248679916283e-01	3.000000000000000e-07	3.000000000000000e-05
1.221842e+08	1.173335124062206e+00	6.385379365140088e-01	3.000000000000000e-07	3.000000000000000e-05
1.244288e+08	1.179081408833034e+00	6.416662356900579e-01	3.000000000000000e-07	3.000000000000000e-05
1.267148e+08	1.184855827249892e+00	6.448098401289956e-01	3.000000000000000e-07	3.000000000000000e-05
1.290429e+08	1.190658517028549e+00	6.479688248049523e-01	3.000000000000000e-07	3.000000000000000e-05
1.314141e+08	1.196489616558840e+00	6.511432650587554e-01	3.000000000000000e-07	3.000000000000000e-05
1.338291e+08	1.202349264907971e+00	6.543332365997256e-01	3.000000000000000e-07	3.000000000000000e-05
1.362886e+08	1.208237601823826e+00	6.575388155074822e-01	3.000000000000000e-07	3.000000000000000e-05
1.387935e+08	1.214154767738303e+00	6.607600782337559e-01	3.000000000000000e-07	3.000000000000000e-05
1.413447e+08	1.220100903770660e+00	6.639971016042125e-01	3.000000000000000e-07	3.000000000000000e-05
1.439431e+08	1.226076151730882e+00	6.672499628202836e-01	3.000000000000000e-07	3.000000000000000e-05
1.465894e+08	1.232080654123057e+00	6.705187394610070e-01	3.000000000000000e-07	3.000000000000000e-05
1.492846e+08	1.238114554148776e+00	6.738035094848768e-01	3.000000000000000e-07	3.000000000000000e-05
1.520295e+08	1.244177995710545e+00	6.771043512317011e-01	3.000000000000000e-07	3.000000000000000e-05
1.548252e+08	1.250271123415218e+00	6.804213434244702e-01	3.000000000000000e-07	3.000000000000000e-05
1.576725e+08	1.256394082577440e+00	6.837545651712331e-01	3.000000000000000e-07	3.000000000000000e-05
1.605724e+08	1.262547019223116e+00	6.871040959669831e-01	3.000000000000000e-07	3.000000000000000e-05
1.635260e+08	1.268730080092887e+00	6.904700156955533e-01	3.000000000000000e-07	3.000000000000000e-05
1.665340e+08	1.274943412645630e+00	6.938524046315208e-01	3.000000000000000e-07	3.000000000000000e-05
1.695977e+08	1.281187165061977e+00	6.972513434421203e-01	3.000000000000000e-07	3.000000000000000e-05
1.727180e+08	1.287461486247840e+00	7.006669131891672e-01	3.000000000000000e-07	3.000000000000000e-05
1.758960e+08	1.293766525837966e+00	7.040991953309902e-01	3.000000000000000e-07	3.000000000000000e-05
1.791327e+08	1.300102434199502e+00	7.075482717243731e-01	3.000000000000000e-07	3.000000000000000e-05
1.824293e+08	1.306469362435579e+00	7.110142246265058e-01	3.000000000000000e-07	3.000000000000000e-05
1.857867e+08	1.312867462388917e+00	7.144971366969459e-01	3.000000000000000e-07	3.000000000000000e-05
1.892063e+08	1.319296886645439e+00	7.179970909995887e-01	3.000000000000000e-07	3.000000000000000e-05
1.926891e+08	1.325757788537915e+00	7.215141710046478e-01	3.000000000000000e-07	3.000000000000000e-05
1.962363e+08	1.332250322149612e+00	7.250484605906441e-01	3.000000000000000e-07	3.000000000000000e-05
1.998491e+08	1.338774642317969e+00	7.286000440464065e-01	3.000000000000000e-07	3.000000000000000e-05
2.035287e+08	1.345330904638287e+00	7.321690060730807e-01	3.000000000000000e-07	3.000000000000000e-05
2.072763e+08	1.351919265467441e+00	7.357554317861478e-01	3.000000000000000e-07	3.000000000000000e-05
2.110933e+08	1.358539881927602e+00	7.393594067174541e-01	3.000000000000000e-07	3.000000000000000e-05
2.149809e+08	1.365192911909988e+00	7.429810168172505e-01	3.000000000000000e-07	3.000000000000000e-05
2.189404e+08	1.371878514078624e+00	7.466203484562398e-01	3.000000000000000e-07	3.000000000000000e-05
2.229732e+08	1.378596847874125e+00	7.502774884276373e-01	3.000000000000000e-07	3.000000000000000e-05
2.270805e+08	1.385348073517498e+00	7.539525239492392e-01	3.000000000000000e-07	3.000000000000000e-05
2.312639e+08	1.392132352013961e+00	7.576455426655012e-01	3.000000000000000e-07	3.000000000000000e-05
2.355247e+08	1.398949845156778e+00	7.613566326496289e-01	3.000000000000000e-07	3.000000000000000e-05
2.398643e+08	1.405800715531120e+00	7.650858824056768e-01	3.000000000000000e-07	3.000000000000000e-05
2.442843e+08	1.412685126517938e+00	7.688333808706573e-01	3.000000000000000e-07	3.000000000000000e-05
2.487860e+08	1.419603242297859e+00	7.725992174166627e-01	3.000000000000000e-07	3.000000000000000e-05
2.533711e+08	1.426555227855098e+00	7.763834818529939e-01	3.000000000000000e-07	3.000000000000000e-05
2.580411e+08	1.433541248981393e+00	7.801862644283019e-01	3.000000000000000e-07	3.000000000000000e-05
2.627975e+08	1.440561472279955e+00	7.840076558327397e-01	3.000000000000000e-07	3.000000000000000e-05
2.676420e+08	1.447616065169441e+00	7.878477472001235e-01	3.000000000000000e-07	3.000000000000000e-05
2.725762e+08	1.454705195887944e+00	7.917066301101056e-01	3.000000000000000e-07	3.000000000000000e-05
2.776018e+08	1.461829033497004e+00	7.955843965903572e-01	3.000000000000000e-07	3.000000000000000e-05
2.827204e+08	1.468987747885636e+00	7.994811391187624e-01	3.000000000000000e-07	3.000000000000000e-05
2.879338e+08	1.476181509774383e+00	8.033969506256224e-01	3.000000000000000e-07	3.000000000000000e-05
2.932438e+08	1.483410490719383e+00	8.073319244958715e-01	3.000000000000000e-07	3.000000000000000e-05
2.986521e+08	1.490674863116459e+00	8.112861545713023e-01	3.000000000000000e-07	3.000000000000000e-05
3.041606e+08	1.497974800205229e+00	8.152597351528030e-01	3.000000000000000e-07	3.000000000000000e-05
3.097712e+08	1.505310476073237e+00	8.192527610026061e-01	3.000000000000000e-07	3.000000000000000e-05
3.154857e+08	1.512682065660098e+00	8.232653273465462e-01	3.000000000000000e-07	3.000000000000000e-05
3.213060e+08	1.520089744761674e+00	8.272975298763309e-01	3.000000000000000e-07	3.000000000000000e-05
3.272343e+08	1.527533690034260e+00	8.313494647518210e-01	3.000000000000000e-07	3.000000000000000e-05
3.332723e+08	1.535014078998797e+00	8.354212286033240e-01	3.000000000000000e-07	3.000000000000000e-05
3.394223e+08	1.542531090045105e+00	8.395129185338962e-01	3.000000000000000e-07	3.000000000000000e-05
3.456862e+08	1.550084902436131e+00	8.436246321216586e-01	3.000000000000000e-07	3.000000000000000e-05
3.520663e+08	1.557675696312227e+00	8.477564674221220e-01	3.000000000000000e-07	3.000000000000000e-05
3.585646e+08	1.565303652695441e+00	8.519085229705251e-01	3.000000000000000e-07	3.000000000000000e-05
3.651834e+08	1.572968953493834e+00	8.560808977841832e-01	3.000000000000000e-07	3.000000000000000e-05
3.719248e+08	1.580671781505814e+00	8.602736913648484e-01	3.000000000000000e-07	3.000000000000000e-05
3.787913e+08	1.588412320424493e+00	8.644870037010814e-01	3.000000000000000e-07	3.000000000000000e-05
3.857850e+08	1.596190754842072e+00	8.687209352706358e-01	3.000000000000000e-07	3.000000000000000e-05
3.929084e+08	1.604007270254232e+00	8.729755870428518e-01	3.000000000000000e-07	3.000000000000000e-05
4.001640e+08	1.611862053064562e+00	8.772510604810647e-01	3.000000000000000e-07	3.000000000000000e-05
4.075540e+08	1.619755290589001e+00	8.815474575450223e-01	3.000000000000000e-07	3.000000000000000e-05
4.150812e+08	1.627687171060301e+00	8.858648806933160e-01	3.000000000000000e-07	3.000000000000000e-05
4.227479e+08	1.635657883632517e+00	8.902034328858234e-01	3.000000000000000e-07	3.000000000000000e-05
4.305569e+08	1.643667618385514e+00	8.945632175861614e-01	3.000000000000000e-07	3.000000000000000e-05
4.385107e+08	1.651716566329497e+00	8.989443387641544e-01	3.000000000000000e-07	3.000000000000000e-05
4.466120e+08	1.659804919409567e+00	9.033469008983108e-01	3.000000000000000e-07	3.000000000000000e-05
4.548637e+08	1.667932870510295e+00	9.077710089783150e-01	3.000000000000000e-07	3.000000000000000e-05
4.632684e+08	1.676100613460319e+00	9.122167685075291e-01	3.000000000000000e-07	3.000000000000000e-05
4.718291e+08	1.684308343036965e+00	9.166842855055081e-01	3.000000000000000e-07	3.000000000000000e-05
4.805487e+08	1.692556254970889e+00	9.211736665105277e-01	3.000000000000000e-07	3.000000000000000e-05
4.894301e+08	1.700844545950745e+00	9.256850185821229e-01	3.000000000000000e-07	3.000000000000000e-05
4.984763e+08	1.709173413627872e+00	9.302184493036412e-01	3.000000000000000e-07	3.000000000000000e-05
5.076903e+08	1.717543056621005e+00	9.347740667848057e-01	3.000000000000000e-07	3.000000000000000e-05
5.170755e+08	1.725953674521009e+00	9.393519796642934e-01	3.000000000000000e-07	3.000000000000000e-05
5.266348e+08	1.734405467895638e+00	9.439522971123243e-01	3.000000000000000e-07	3.000000000000000e-05
5.363716e+08	1.742898638294317e+00	9.485751288332639e-01	3.000000000000000e-07	3.000000000000000e-05
5.462891e+08	1.751433388252941e+00	9.532205850682378e-01	3.000000000000000e-07	3.000000000000000e-05
5.563908e+08	1.760009921298711e+00	9.578887765977603e-01	3.000000000000000e-07	3.000000000000000e-05
5.666801e+08	1.768628441954979e+00	9.625798147443745e-01	3.000000000000000e-07	3.000000000000000e-05
5.771604e+08	1.777289155746123e+00	9.672938113753060e-01	3.000000000000000e-07	3.000000000000000e-05
5.878353e+08	1.785992269202453e+00	9.720308789051300e-01	3.000000000000000e-07	3.000000000000000e-05
5.987085e+08	1.794737989865125e+00	9.767911302984503e-01	3.000000000000000e-07	3.000000000000000e-05
6.097836e+08	1.803526526291095e+00	9.815746790725923e-01	3.000000000000000e-07	3.000000000000000e-05
6.210644e+08	1.812358088058086e+00	9.863816393003094e-01	3.000000000000000e-07	3.000000000000000e-05
6.325547e+08	1.821232885769587e+00	9.912121256125012e-01	3.000000000000000e-07	3.000000000000000e-05
6.442585e+08	1.830151131059870e+00	9.960662532009467e-01	3.000000000000000e-07	3.000000000000000e-05
6.561798e+08	1.839113036599038e+00	1.000944137821050e+00	3.000000000000000e-07	3.000000000000000e-05
6.683225e+08	1.848118816098091e+00	1.005845895794599e+00	3.000000000000000e-07	3.000000000000000e-05
6.806908e+08	1.857168684314023e+00	1.010771644012541e+00	3.000000000000000e-07	3.000000000000000e-05
6.932890e+08	1.866262857054938e+00	1.015721499937763e+00	3.000000000000000e-07	3.000000000000000e-05
7.061212e+08	1.875401551185197e+00	1.020695581607897e+00	3.000000000000000e-07	3.000000000000000e-05
7.191919e+08	1.884584984630588e+00	1.025694007638134e+00	3.000000000000000e-07	3.000000000000000e-05
7.325055e+08	1.893813376383516e+00	1.030716897224046e+00	3.000000000000000e-07	3.000000000000000e-05
7.460666e+08	1.903086946508227e+00	1.035764370144434e+00	3.000000000000000e-07	3.000000000000000e-05
7.598797e+08	1.912405916146054e+00	1.040836546764177e+00	3.000000000000000e-07	3.000000000000000e-05
7.739496e+08	1.921770507520685e+00	1.045933548037106e+00	3.000000000000000e-07	3.000000000000000e-05
7.882811e+08	1.931180943943463e+00	1.051055495508885e+00	3.000000000000000e-07	3.000000000000000e-05
8.028790e+08	1.940637449818707e+00	1.056202511319907e+00	3.000000000000000e-07	3.000000000000000e-05
8.177483e+08	1.950140250649063e+00	1.061374718208209e+00	3.000000000000000e-07	3.000000000000000e-05
8.328940e+08	1.959689573040877e+00	1.066572239512393e+00	3.000000000000000e-07	3.000000000000000e-05
8.483214e+08	1.969285644709599e+00	1.071795199174571e+00	3.000000000000000e-07	3.000000000000000e-05
8.640357e+08	1.978928694485207e+00	1.077043721743315e+00	3.000000000000000e-07	3.000000000000000e-05
8.800422e+08	1.988618952317668e+00	1.082317932376630e+00	3.000000000000000e-07	3.000000000000000e-05
8.963464e+08	1.998356649282411e+00	1.087617956844933e+00	3.000000000000000e-07	3.000000000000000e-05
9.129538e+08	2.008142017585843e+00	1.092943921534054e+00	3.000000000000000e-07	3.000000000000000e-05
9.298701e+08	2.017975290570878e+00	1.098295953448247e+00	3.000000000000000e-07	3.000000000000000e-05
9.471011e+08	2.027856702722503e+00	1.103674180213221e+00	3.000000000000000e-07	3.000000000000000e-05
9.646527e+08	2.037786489673363e+00	1.109078730079174e+00	3.000000000000000e-07	3.000000000000000e-05
9.825308e+08	2.047764888209383e+00	1.114509731923861e+00	3.000000000000000e-07	3.000000000000000e-05
1.000000e+09	2.057384830257977e+00	1.119745628673271e+00	3.000000000000000e-07	3.000000000000000e-05
