#t[yr]	ecc	inc	eachmass	totalmass
0.000000e+00	5.000000000000000e-02	2.500000000000000e-02	3.000000000000000e-06	3.000000000000000e-06
1.000000e-03	4.999986715257204e-02	2.499995379834372e-02	3.000000000000000e-06	3.000000000000000e-06
1.000000e-02	4.999867151381784e-02	2.499953798031121e-02	3.000000000000000e-06	3.000000000000000e-06
1.000000e-01	4.998671391178190e-02	2.499537948401493e-02	3.000000000000000e-06	3.000000000000000e-06
1.000000e+00	4.986701612996845e-02	2.495376286764453e-02	3.000000000000000e-06	3.000000000000000e-06
2.881487e+00	4.961660764798158e-02	2.486667262746365e-02	3.000000000000000e-06	3.000000000000000e-06
4.759625e+00	4.936697765217146e-02	2.477971969984859e-02	3.000000000000000e-06	3.000000000000000e-06
6.630831e+00	4.911861673186489e-02	2.469307377886628e-02	3.000000000000000e-06	3.000000000000000e-06
8.495229e+00	4.887152025303153e-02	2.460673272340877e-02	3.000000000000000e-06	3.000000000000000e-06
1.000000e+01	4.867248513974010e-02	2.453706385895518e-02	3.000000000000000e-06	3.000000000000000e-06
1.185119e+01	4.842782373108016e-02	2.445132475716896e-02	3.000000000000000e-06	3.000000000000000e-06
1.369720e+01	4.818424466557200e-02	2.436582540466014e-02	3.000000000000000e-06	3.000000000000000e-06
1.553692e+01	4.794190507487407e-02	2.428062021414767e-02	3.000000000000000e-06	3.000000000000000e-06
1.737048e+01	4.770079919437526e-02	2.419570664981304e-02	3.000000000000000e-06	3.000000000000000e-06
1.919801e+01	4.746092073173114e-02	2.411108198971427e-02	3.000000000000000e-06	3.000000000000000e-06
2.101966e+01	4.722226342600096e-02	2.402674352137002e-02	3.000000000000000e-06	3.000000000000000e-06
2.283555e+01	4.698482104938739e-02	2.394268854216446e-02	3.000000000000000e-06	3.000000000000000e-06
2.464581e+01	4.674858740709149e-02	2.385891435908645e-02	3.000000000000000e-06	3.000000000000000e-06
2.645057e+01	4.651355633716260e-02	2.377541828846225e-02	3.000000000000000e-06	3.000000000000000e-06
2.824996e+01	4.627972171034941e-02	2.369219765568394e-02	3.000000000000000e-06	3.000000000000000e-06
3.004411e+01	4.604707742995236e-02	2.360924979493319e-02	3.000000000000000e-06	3.000000000000000e-06
3.183316e+01	4.581561743167718e-02	2.352657204890049e-02	3.000000000000000e-06	3.000000000000000e-06
3.361722e+01	4.558533568348987e-02	2.344416176849954e-02	3.000000000000000e-06	3.000000000000000e-06
3.539643e+01	4.535622618547272e-02	2.336201631257674e-02	3.000000000000000e-06	3.000000000000000e-06
3.717091e+01	4.512828296968191e-02	2.328013304761562e-02	3.000000000000000e-06	3.000000000000000e-06
3.894080e+01	4.490150010000621e-02	2.319850934743603e-02	3.000000000000000e-06	3.000000000000000e-06
4.070621e+01	4.467587167202712e-02	2.311714259288792e-02	3.000000000000000e-06	3.000000000000000e-06
4.246727e+01	4.445139181288037e-02	2.303603017153958e-02	3.000000000000000e-06	3.000000000000000e-06
4.422412e+01	4.422805468111873e-02	2.295516947736018e-02	3.000000000000000e-06	3.000000000000000e-06
4.597687e+01	4.400585446657630e-02	2.287455791039633e-02	3.000000000000000e-06	3.000000000000000e-06
4.772565e+01	4.378478539023414e-02	2.279419287644257e-02	3.000000000000000e-06	3.000000000000000e-06
4.947059e+01	4.356484170408738e-02	2.271407178670553e-02	3.000000000000000e-06	3.000000000000000e-06
5.121182e+01	4.334601769101383e-02	2.263419205746160e-02	3.000000000000000e-06	3.000000000000000e-06
5.294945e+01	4.312830766464402e-02	2.255455110970779e-02	3.000000000000000e-06	3.000000000000000e-06
5.468361e+01	4.291170596923279e-02	2.247514636880576e-02	3.000000000000000e-06	3.000000000000000e-06
5.641444e+01	4.269620697953242e-02	2.239597526411848e-02	3.000000000000000e-06	3.000000000000000e-06
5.814205e+01	4.248180510066740e-02	2.231703522863956e-02	3.000000000000000e-06	3.000000000000000e-06
5.986657e+01	4.226849476801069e-02	2.223832369861483e-02	3.000000000000000e-06	3.000000000000000e-06
6.158812e+01	4.205627044706176e-02	2.215983811315594e-02	3.000000000000000e-06	3.000000000000000e-06
6.330684e+01	4.184512663332623e-02	2.208157591384567e-02	3.000000000000000e-06	3.000000000000000e-06
6.502284e+01	4.163505785219725e-02	2.200353454433469e-02	3.000000000000000e-06	3.000000000000000e-06
6.673626e+01	4.142605865883869e-02	2.192571144992950e-02	3.000000000000000e-06	3.000000000000000e-06
6.844722e+01	4.121812363807003e-02	2.184810407717108e-02	3.000000000000000e-06	3.000000000000000e-06
7.015584e+01	4.101124740425324e-02	2.177070987340404e-02	3.000000000000000e-06	3.000000000000000e-06
7.186226e+01	4.080542460118140e-02	2.169352628633596e-02	3.000000000000000e-06	3.000000000000000e-06
7.356659e+01	4.060064990196943e-02	2.161655076358630e-02	3.000000000000000e-06	3.000000000000000e-06
7.526898e+01	4.039691800894668e-02	2.153978075222480e-02	3.000000000000000e-06	3.000000000000000e-06
7.696955e+01	4.019422365355166e-02	2.146321369829879e-02	3.000000000000000e-06	3.000000000000000e-06
7.866842e+01	3.999256159622886e-02	2.138684704634895e-02	3.000000000000000e-06	3.000000000000000e-06
8.036573e+01	3.979192662632773e-02	2.131067823891322e-02	3.000000000000000e-06	3.000000000000000e-06
8.206161e+01	3.959231356200394e-02	2.123470471601824e-02	3.000000000000000e-06	3.000000000000000e-06
8.375618e+01	3.939371725012289e-02	2.115892391465800e-02	3.000000000000000e-06	3.000000000000000e-06
8.544959e+01	3.919613256616569e-02	2.108333326825891e-02	3.000000000000000e-06	3.000000000000000e-06
8.714196e+01	3.899955441413751e-02	2.100793020613113e-02	3.000000000000000e-06	3.000000000000000e-06
8.883343e+01	3.880397772647856e-02	2.093271215290521e-02	3.000000000000000e-06	3.000000000000000e-06
9.052413e+01	3.860939746397760e-02	2.085767652795377e-02	3.000000000000000e-06	3.000000000000000e-06
9.221420e+01	3.841580861568826e-02	2.078282074479732e-02	3.000000000000000e-06	3.000000000000000e-06
9.390378e+01	3.822320619884816e-02	2.070814221049380e-02	3.000000000000000e-06	3.000000000000000e-06
9.559300e+01	3.803158525880090e-02	2.063363832501097e-02	3.000000000000000e-06	3.000000000000000e-06
9.728200e+01	3.784094086892111e-02	2.055930648058106e-02	3.000000000000000e-06	3.000000000000000e-06
9.897092e+01	3.765126813054266e-02	2.048514406103683e-02	3.000000000000000e-06	3.000000000000000e-06
1.000000e+02	3.753640547490880e-02	2.044009157685680e-02	3.000000000000000e-06	3.000000000000000e-06
1.016892e+02	3.734827402903688e-02	2.036619195541923e-02	3.000000000000000e-06	3.000000000000000e-06
1.033786e+02	3.716111264578231e-02	2.029245921892082e-02	3.000000000000000e-06	3.000000000000000e-06
1.050684e+02	3.697490546797119e-02	2.021888638666307e-02	3.000000000000000e-06	3.000000000000000e-06
1.067589e+02	3.678964772735027e-02	2.014547079556978e-02	3.000000000000000e-06	3.000000000000000e-06
1.084500e+02	3.660533468088209e-02	2.007220976911423e-02	3.000000000000000e-06	3.000000000000000e-06
1.101421e+02	3.642196161310318e-02	1.999910061745477e-02	3.000000000000000e-06	3.000000000000000e-06
1.118352e+02	3.623952383607986e-02	1.992614063659996e-02	3.000000000000000e-06	3.000000000000000e-06
1.135295e+02	3.605801668936942e-02	1.985332710754708e-02	3.000000000000000e-06	3.000000000000000e-06
1.152252e+02	3.587743553998580e-02	1.978065729539233e-02	3.000000000000000e-06	3.000000000000000e-06
1.169224e+02	3.569777578237027e-02	1.970812844841154e-02	3.000000000000000e-06	3.000000000000000e-06
1.186212e+02	3.551903283836713e-02	1.963573779710985e-02	3.000000000000000e-06	3.000000000000000e-06
1.203219e+02	3.534120215720483e-02	1.956348255323901e-02	3.000000000000000e-06	3.000000000000000e-06
1.220246e+02	3.516427921548261e-02	1.949135990878067e-02	3.000000000000000e-06	3.000000000000000e-06
1.237295e+02	3.498825951716311e-02	1.941936703489409e-02	3.000000000000000e-06	3.000000000000000e-06
1.254368e+02	3.481313859357107e-02	1.934750108082641e-02	3.000000000000000e-06	3.000000000000000e-06
1.271465e+02	3.463891200339859e-02	1.927575917278371e-02	3.000000000000000e-06	3.000000000000000e-06
1.288590e+02	3.446557533271717e-02	1.920413841276104e-02	3.000000000000000e-06	3.000000000000000e-06
1.305744e+02	3.429312419499692e-02	1.913263587732898e-02	3.000000000000000e-06	3.000000000000000e-06
1.322928e+02	3.412155423113338e-02	1.906124861637504e-02	3.000000000000000e-06	3.000000000000000e-06
1.340145e+02	3.395086110948224e-02	1.898997365179710e-02	3.000000000000000e-06	3.000000000000000e-06
1.357397e+02	3.378104052590251e-02	1.891880797614679e-02	3.000000000000000e-06	3.000000000000000e-06
1.374685e+02	3.361208820380852e-02	1.884774855121998e-02	3.000000000000000e-06	3.000000000000000e-06
1.392011e+02	3.344399989423134e-02	1.877679230659165e-02	3.000000000000000e-06	3.000000000000000e-06
1.409378e+02	3.327677137589002e-02	1.870593613809224e-02	3.000000000000000e-06	3.000000000000000e-06
1.426788e+02	3.311039845527337e-02	1.863517690622230e-02	3.000000000000000e-06	3.000000000000000e-06
1.444243e+02	3.294487696673280e-02	1.856451143450206e-02	3.000000000000000e-06	3.000000000000000e-06
1.461744e+02	3.278020277258686e-02	1.849393650775243e-02	3.000000000000000e-06	3.000000000000000e-06
1.479295e+02	3.261637176323838e-02	1.842344887030357e-02	3.000000000000000e-06	3.000000000000000e-06
1.496897e+02	3.245337985730461e-02	1.835304522412709e-02	3.000000000000000e-06	3.000000000000000e-06
1.514553e+02	3.229122300176156e-02	1.828272222688739e-02	3.000000000000000e-06	3.000000000000000e-06
1.532265e+02	3.212989717210324e-02	1.821247648990775e-02	3.000000000000000e-06	3.000000000000000e-06
1.550036e+02	3.196939837251665e-02	1.814230457604607e-02	3.000000000000000e-06	3.000000000000000e-06
1.567868e+02	3.180972263607379e-02	1.807220299747516e-02	3.000000000000000e-06	3.000000000000000e-06
1.585764e+02	3.165086602494161e-02	1.800216821336176e-02	3.000000000000000e-06	3.000000000000000e-06
1.603727e+02	3.149282463061117e-02	1.793219662743853e-02	3.000000000000000e-06	3.000000000000000e-06
1.621758e+02	3.133559457414722e-02	1.786228458546227e-02	3.000000000000000e-06	3.000000000000000e-06
1.639862e+02	3.117917200645973e-02	1.779242837255178e-02	3.000000000000000e-06	3.000000000000000e-06
1.658041e+02	3.102355310859879e-02	1.772262421039757e-02	3.000000000000000e-06	3.000000000000000e-06
1.676297e+02	3.086873409207448e-02	1.765286825433584e-02	3.000000000000000e-06	3.000000000000000e-06
1.694635e+02	3.071471119920362e-02	1.758315659027786e-02	3.000000000000000e-06	3.000000000000000e-06
1.713056e+02	3.056148070348521e-02	1.751348523148579e-02	3.000000000000000e-06	3.000000000000000e-06
1.731566e+02	3.040903891000666e-02	1.744385011518478e-02	3.000000000000000e-06	3.000000000000000e-06
1.750165e+02	3.025738215588316e-02	1.737424709900094e-02	3.000000000000000e-06	3.000000000000000e-06
1.768860e+02	3.010650681073271e-02	1.730467195721350e-02	3.000000000000000e-06	3.000000000000000e-06
1.787652e+02	2.995640927718927e-02	1.723512037680874e-02	3.000000000000000e-06	3.000000000000000e-06
1.806545e+02	2.980708599145729e-02	1.716558795332240e-02	3.000000000000000e-06	3.000000000000000e-06
1.825544e+02	2.965853342391069e-02	1.709607018645587e-02	3.000000000000000e-06	3.000000000000000e-06
1.844652e+02	2.951074807973977e-02	1.702656247545066e-02	3.000000000000000e-06	3.000000000000000e-06
1.863874e+02	2.936372649965007e-02	1.695706011420391e-02	3.000000000000000e-06	3.000000000000000e-06
1.883214e+02	2.921746526061722e-02	1.688755828610665e-02	3.000000000000000e-06	3.000000000000000e-06
1.902675e+02	2.907196097670260e-02	1.681805205858469e-02	3.000000000000000e-06	3.000000000000000e-06
1.922264e+02	2.892721029993477e-02	1.674853637732035e-02	3.000000000000000e-06	3.000000000000000e-06
1.941984e+02	2.878320992126240e-02	1.667900606013130e-02	3.000000000000000e-06	3.000000000000000e-06
1.961840e+02	2.863995657158481e-02	1.660945579048071e-02	3.000000000000000e-06	3.000000000000000e-06
1.981838e+02	2.849744702286693e-02	1.653988011059050e-02	3.000000000000000e-06	3.000000000000000e-06
2.001984e+02	2.835567808934629e-02	1.647027341412688e-02	3.000000000000000e-06	3.000000000000000e-06
2.022281e+02	2.821464662884030e-02	1.640062993842458e-02	3.000000000000000e-06	3.000000000000000e-06
2.042737e+02	2.807434954416309e-02	1.633094375621281e-02	3.000000000000000e-06	3.000000000000000e-06
2.063358e+02	2.793478378466215e-02	1.626120876680266e-02	3.000000000000000e-06	3.000000000000000e-06
2.084149e+02	2.779594634788609e-02	1.619141868669141e-02	3.000000000000000e-06	3.000000000000000e-06
2.105117e+02	2.765783428139633e-02	1.612156703953505e-02	3.000000000000000e-06	3.000000000000000e-06
2.126270e+02	2.752044468473668e-02	1.605164714543529e-02	3.000000000000000e-06	3.000000000000000e-06
2.147615e+02	2.738377471157664e-02	1.598165210948166e-02	3.000000000000000e-06	3.000000000000000e-06
2.169158e+02	2.724782157204611e-02	1.591157480948347e-02	3.000000000000000e-06	3.000000000000000e-06
2.190909e+02	2.711258253528118e-02	1.584140788281894e-02	3.000000000000000e-06	3.000000000000000e-06
2.212874e+02	2.697805493220328e-02	1.577114371232145e-02	3.000000000000000e-06	3.000000000000000e-06
2.235064e+02	2.684423615855659e-02	1.570077441111370e-02	3.000000000000000e-06	3.000000000000000e-06
2.257488e+02	2.671112367823183e-02	1.563029180629076e-02	3.000000000000000e-06	3.000000000000000e-06
2.280154e+02	2.657871502690838e-02	1.555968742134147e-02	3.000000000000000e-06	3.000000000000000e-06
2.303073e+02	2.644700781605045e-02	1.548895245718508e-02	3.000000000000000e-06	3.000000000000000e-06
2.326256e+02	2.631599973729832e-02	1.541807777168521e-02	3.000000000000000e-06	3.000000000000000e-06
2.349715e+02	2.618568856730097e-02	1.534705385748653e-02	3.000000000000000e-06	3.000000000000000e-06
2.373460e+02	2.605607217304307e-02	1.527587081800063e-02	3.000000000000000e-06	3.000000000000000e-06
2.397506e+02	2.592714851772663e-02	1.520451834134565e-02	3.000000000000000e-06	3.000000000000000e-06
2.421865e+02	2.579891566727679e-02	1.513298567201913e-02	3.000000000000000e-06	3.000000000000000e-06
2.446551e+02	2.567137179755101e-02	1.506126158005462e-02	3.000000000000000e-06	3.000000000000000e-06
2.471580e+02	2.554451520234354e-02	1.498933432737917e-02	3.000000000000000e-06	3.000000000000000e-06
2.496968e+02	2.541834430229086e-02	1.491719163105021e-02	3.000000000000000e-06	3.000000000000000e-06
2.522732e+02	2.529285765480079e-02	1.484482062300507e-02	3.000000000000000e-06	3.000000000000000e-06
2.548889e+02	2.516805396514779e-02	1.477220780590395e-02	3.000000000000000e-06	3.000000000000000e-06
2.575461e+02	2.504393209890082e-02	1.469933900458591e-02	3.000000000000000e-06	3.000000000000000e-06
2.602466e+02	2.492049109587817e-02	1.462619931258464e-02	3.000000000000000e-06	3.000000000000000e-06
2.629929e+02	2.479773018585800e-02	1.455277303306643e-02	3.000000000000000e-06	3.000000000000000e-06
2.657872e+02	2.467564880631373e-02	1.447904361345120e-02	3.000000000000000e-06	3.000000000000000e-06
2.686322e+02	2.455424662249349e-02	1.440499357285831e-02	3.000000000000000e-06	3.000000000000000e-06
2.715307e+02	2.443352355022236e-02	1.433060442137571e-02	3.000000000000000e-06	3.000000000000000e-06
2.744855e+02	2.431347978188005e-02	1.425585656997976e-02	3.000000000000000e-06	3.000000000000000e-06
2.775001e+02	2.419411581609643e-02	1.418072922972678e-02	3.000000000000000e-06	3.000000000000000e-06
2.805779e+02	2.407543249181896e-02	1.410520029858772e-02	3.000000000000000e-06	3.000000000000000e-06
2.837226e+02	2.395743102754382e-02	1.402924623399357e-02	3.000000000000000e-06	3.000000000000000e-06
2.869386e+02	2.384011306667524e-02	1.395284190878736e-02	3.000000000000000e-06	3.000000000000000e-06
2.902304e+02	2.372348073019420e-02	1.387596044782151e-02	3.000000000000000e-06	3.000000000000000e-06
2.936028e+02	2.360753667809191e-02	1.379857304187253e-02	3.000000000000000e-06	3.000000000000000e-06
2.970615e+02	2.349228418137304e-02	1.372064873483966e-02	3.000000000000000e-06	3.000000000000000e-06
3.006124e+02	2.337772720688218e-02	1.364215417930759e-02	3.000000000000000e-06	3.000000000000000e-06
3.042623e+02	2.326387051778813e-02	1.356305335443341e-02	3.000000000000000e-06	3.000000000000000e-06
3.080185e+02	2.315071979331889e-02	1.348330723868971e-02	3.000000000000000e-06	3.000000000000000e-06
3.118892e+02	2.303828177233952e-02	1.340287342816000e-02	3.000000000000000e-06	3.000000000000000e-06
3.158839e+02	2.292656442669538e-02	1.332170568870153e-02	3.000000000000000e-06	3.000000000000000e-06
3.200127e+02	2.281557717203213e-02	1.323975342717043e-02	3.000000000000000e-06	3.000000000000000e-06
3.242876e+02	2.270533112623810e-02	1.315696106277436e-02	3.000000000000000e-06	3.000000000000000e-06
3.287217e+02	2.259583942900808e-02	1.307326727408618e-02	3.000000000000000e-06	3.000000000000000e-06
3.333303e+02	2.248711764070914e-02	1.298860408975366e-02	3.000000000000000e-06	3.000000000000000e-06
3.381310e+02	2.237918424536188e-02	1.290289578063353e-02	3.000000000000000e-06	3.000000000000000e-06
3.431440e+02	2.227206129209838e-02	1.281605749670625e-02	3.000000000000000e-06	3.000000000000000e-06
3.483928e+02	2.216577522344509e-02	1.272799357175538e-02	3.000000000000000e-06	3.000000000000000e-06
3.539054e+02	2.206035795966730e-02	1.263859538940268e-02	3.000000000000000e-06	3.000000000000000e-06
3.597148e+02	2.195584834028148e-02	1.254773866083478e-02	3.000000000000000e-06	3.000000000000000e-06
3.658608e+02	2.185229407363392e-02	1.245527989948657e-02	3.000000000000000e-06	3.000000000000000e-06
3.723915e+02	2.174975442534157e-02	1.236105177761527e-02	3.000000000000000e-06	3.000000000000000e-06
3.793668e+02	2.164830400851055e-02	1.226485689062648e-02	3.000000000000000e-06	3.000000000000000e-06
3.868614e+02	2.154803826473822e-02	1.216645919468005e-02	3.000000000000000e-06	3.000000000000000e-06
3.949709e+02	2.144908162733699e-02	1.206557194120527e-02	3.000000000000000e-06	3.000000000000000e-06
4.038205e+02	2.135160010806519e-02	1.196184014933359e-02	3.000000000000000e-06	3.000000000000000e-06
4.135787e+02	2.125582152317426e-02	1.185481420003476e-02	3.000000000000000e-06	3.000000000000000e-06
4.244799e+02	2.116206966725399e-02	1.174390825462159e-02	3.000000000000000e-06	3.000000000000000e-06
4.368651e+02	2.107082576124276e-02	1.162833106997476e-02	3.000000000000000e-06	3.000000000000000e-06
4.512586e+02	2.098284807643509e-02	1.150696247894034e-02	3.000000000000000e-06	3.000000000000000e-06
4.685309e+02	2.089943065465492e-02	1.137811117358508e-02	3.000000000000000e-06	3.000000000000000e-06
4.902977e+02	2.082305145219321e-02	1.123897275937983e-02	3.000000000000000e-06	3.000000000000000e-06
5.187512e+02	2.076235158943878e-02	1.109135965677729e-02	3.000000000000000e-06	3.000000000000000e-06
5.477311e+02	2.074106517187050e-02	1.098050239050281e-02	3.000000000000000e-06	3.000000000000000e-06
5.773765e+02	2.074916181665151e-02	1.090021264498936e-02	3.000000000000000e-06	3.000000000000000e-06
6.076739e+02	2.077926614190460e-02	1.084567358437377e-02	3.000000000000000e-06	3.000000000000000e-06
6.386185e+02	2.082572256494496e-02	1.081251877088140e-02	3.000000000000000e-06	3.000000000000000e-06
6.702099e+02	2.088427406401683e-02	1.079692863245998e-02	3.000000000000000e-06	3.000000000000000e-06
7.024511e+02	2.095175901743275e-02	1.079564189175849e-02	3.000000000000000e-06	3.000000000000000e-06
7.353476e+02	2.102585342785749e-02	1.080592623940149e-02	3.000000000000000e-06	3.000000000000000e-06
7.689071e+02	2.110486254888386e-02	1.082552646864860e-02	3.000000000000000e-06	3.000000000000000e-06
8.031390e+02	2.118755813328502e-02	1.085260315218135e-02	3.000000000000000e-06	3.000000000000000e-06
8.380538e+02	2.127305434477066e-02	1.088567024764076e-02	3.000000000000000e-06	3.000000000000000e-06
8.736632e+02	2.136071477912931e-02	1.092353649036997e-02	3.000000000000000e-06	3.000000000000000e-06
9.099794e+02	2.145008368034104e-02	1.096525300179128e-02	3.000000000000000e-06	3.000000000000000e-06
9.470155e+02	2.154083553947717e-02	1.101006798834590e-02	3.000000000000000e-06	3.000000000000000e-06
9.847851e+02	2.163273843016899e-02	1.105738848579306e-02	3.000000000000000e-06	3.000000000000000e-06
1.000000e+03	2.166947884883565e-02	1.107691290118436e-02	3.000000000000000e-06	3.000000000000000e-06
1.039279e+03	2.176381814713335e-02	1.112752837028550e-02	3.000000000000000e-06	3.000000000000000e-06
1.078864e+03	2.185787554075050e-02	1.117911947606999e-02	3.000000000000000e-06	3.000000000000000e-06
1.119241e+03	2.195271774148934e-02	1.123202199851470e-02	3.000000000000000e-06	3.000000000000000e-06
1.160416e+03	2.204827113984941e-02	1.128602220532006e-02	3.000000000000000e-06	3.000000000000000e-06
1.202404e+03	2.214450037465118e-02	1.134096380595286e-02	3.000000000000000e-06	3.000000000000000e-06
1.245223e+03	2.224138058452978e-02	1.139672555189450e-02	3.000000000000000e-06	3.000000000000000e-06
1.288887e+03	2.233889471486212e-02	1.145321370423483e-02	3.000000000000000e-06	3.000000000000000e-06
1.333413e+03	2.243703126540987e-02	1.151035590539137e-02	3.000000000000000e-06	3.000000000000000e-06
1.378819e+03	2.253578269407139e-02	1.156809637865840e-02	3.000000000000000e-06	3.000000000000000e-06
1.425121e+03	2.263514428079306e-02	1.162639217602318e-02	3.000000000000000e-06	3.000000000000000e-06
1.472337e+03	2.273511331882479e-02	1.168521025354810e-02	3.000000000000000e-06	3.000000000000000e-06
1.520485e+03	2.283568853866325e-02	1.174452519768984e-02	3.000000000000000e-06	3.000000000000000e-06
1.569582e+03	2.293686969739813e-02	1.180431746199191e-02	3.000000000000000e-06	3.000000000000000e-06
1.619647e+03	2.303865728567061e-02	1.186457200277764e-02	3.000000000000000e-06	3.000000000000000e-06
1.670699e+03	2.314105231831493e-02	1.192527722593564e-02	3.000000000000000e-06	3.000000000000000e-06
1.722756e+03	2.324405618459853e-02	1.198642417564768e-02	3.000000000000000e-06	3.000000000000000e-06
1.775839e+03	2.334767054096083e-02	1.204800591083092e-02	3.000000000000000e-06	3.000000000000000e-06
1.829966e+03	2.345189723410308e-02	1.211001702688923e-02	3.000000000000000e-06	3.000000000000000e-06
1.885158e+03	2.355673824579281e-02	1.217245328970074e-02	3.000000000000000e-06	3.000000000000000e-06
1.941435e+03	2.366219565323508e-02	1.223531135611180e-02	3.000000000000000e-06	3.000000000000000e-06
1.998818e+03	2.376827160062764e-02	1.229858856096705e-02	3.000000000000000e-06	3.000000000000000e-06
2.057328e+03	2.387496827877025e-02	1.236228275521151e-02	3.000000000000000e-06	3.000000000000000e-06
2.116987e+03	2.398228791048799e-02	1.242639218311527e-02	3.000000000000000e-06	3.000000000000000e-06
2.177816e+03	2.409023274026188e-02	1.249091538940773e-02	3.000000000000000e-06	3.000000000000000e-06
2.239837e+03	2.419880502691149e-02	1.255585114923201e-02	3.000000000000000e-06	3.000000000000000e-06
2.303073e+03	2.430800703849631e-02	1.262119841547567e-02	3.000000000000000e-06	3.000000000000000e-06
2.367547e+03	2.441784104883362e-02	1.268695627930562e-02	3.000000000000000e-06	3.000000000000000e-06
2.433283e+03	2.452830933519594e-02	1.275312394071588e-02	3.000000000000000e-06	3.000000000000000e-06
2.500304e+03	2.463941417687020e-02	1.281970068665174e-02	3.000000000000000e-06	3.000000000000000e-06
2.568634e+03	2.475115785434716e-02	1.288668587485364e-02	3.000000000000000e-06	3.000000000000000e-06
2.638297e+03	2.486354264897112e-02	1.295407892200860e-02	3.000000000000000e-06	3.000000000000000e-06
2.709320e+03	2.497657084292567e-02	1.302187929513698e-02	3.000000000000000e-06	3.000000000000000e-06
2.781727e+03	2.509024471946383e-02	1.309008650540196e-02	3.000000000000000e-06	3.000000000000000e-06
2.855545e+03	2.520456656331508e-02	1.315870010372718e-02	3.000000000000000e-06	3.000000000000000e-06
2.930799e+03	2.531953866121910e-02	1.322771967775815e-02	3.000000000000000e-06	3.000000000000000e-06
3.007516e+03	2.543516330254923e-02	1.329714484981780e-02	3.000000000000000e-06	3.000000000000000e-06
3.085724e+03	2.555144277999809e-02	1.336697527559292e-02	3.000000000000000e-06	3.000000000000000e-06
3.165450e+03	2.566837939030463e-02	1.343721064335378e-02	3.000000000000000e-06	3.000000000000000e-06
3.246723e+03	2.578597543500731e-02	1.350785067355903e-02	3.000000000000000e-06	3.000000000000000e-06
3.329571e+03	2.590423322121188e-02	1.357889511873504e-02	3.000000000000000e-06	3.000000000000000e-06
3.414023e+03	2.602315506236499e-02	1.365034376354729e-02	3.000000000000000e-06	3.000000000000000e-06
3.500110e+03	2.614274327902730e-02	1.372219642500220e-02	3.000000000000000e-06	3.000000000000000e-06
3.587860e+03	2.626300019964085e-02	1.379445295273417e-02	3.000000000000000e-06	3.000000000000000e-06
3.677306e+03	2.638392816128734e-02	1.386711322934393e-02	3.000000000000000e-06	3.000000000000000e-06
3.768477e+03	2.650552951043415e-02	1.394017717076384e-02	3.000000000000000e-06	3.000000000000000e-06
3.861407e+03	2.662780660366623e-02	1.401364472663182e-02	3.000000000000000e-06	3.000000000000000e-06
3.956127e+03	2.675076180840208e-02	1.408751588066114e-02	3.000000000000000e-06	3.000000000000000e-06
4.052670e+03	2.687439750359277e-02	1.416179065099659e-02	3.000000000000000e-06	3.000000000000000e-06
4.151070e+03	2.699871608040293e-02	1.423646909055048e-02	3.000000000000000e-06	3.000000000000000e-06
4.251360e+03	2.712371994287323e-02	1.431155128731405e-02	3.000000000000000e-06	3.000000000000000e-06
4.353576e+03	2.724941150856371e-02	1.438703736464125e-02	3.000000000000000e-06	3.000000000000000e-06
4.457752e+03	2.737579320917783e-02	1.446292748150304e-02	3.000000000000000e-06	3.000000000000000e-06
4.563925e+03	2.750286749116691e-02	1.453922183271127e-02	3.000000000000000e-06	3.000000000000000e-06
4.672130e+03	2.763063681631494e-02	1.461592064911168e-02	3.000000000000000e-06	3.000000000000000e-06
4.782406e+03	2.775910366230368e-02	1.469302419774608e-02	3.000000000000000e-06	3.000000000000000e-06
4.894789e+03	2.788827052325823e-02	1.477053278198423e-02	3.000000000000000e-06	3.000000000000000e-06
5.009318e+03	2.801813991027304e-02	1.484844674162595e-02	3.000000000000000e-06	3.000000000000000e-06
5.126033e+03	2.814871435191865e-02	1.492676645297426e-02	3.000000000000000e-06	3.000000000000000e-06
5.244972e+03	2.827999639472931e-02	1.500549232888063e-02	3.000000000000000e-06	3.000000000000000e-06
5.366177e+03	2.841198860367171e-02	1.508462481876326e-02	3.000000000000000e-06	3.000000000000000e-06
5.489688e+03	2.854469356259511e-02	1.516416440859953e-02	3.000000000000000e-06	3.000000000000000e-06
5.615548e+03	2.867811387466327e-02	1.524411162089366e-02	3.000000000000000e-06	3.000000000000000e-06
5.743798e+03	2.881225216276835e-02	1.532446701462091e-02	3.000000000000000e-06	3.000000000000000e-06
5.874483e+03	2.894711106992720e-02	1.540523118514931e-02	3.000000000000000e-06	3.000000000000000e-06
6.007647e+03	2.908269325966053e-02	1.548640476414011e-02	3.000000000000000e-06	3.000000000000000e-06
6.143333e+03	2.921900141635514e-02	1.556798841942822e-02	3.000000000000000e-06	3.000000000000000e-06
6.281589e+03	2.935603824560976e-02	1.564998285488355e-02	3.000000000000000e-06	3.000000000000000e-06
6.422460e+03	2.949380647456485e-02	1.573238881025464e-02	3.000000000000000e-06	3.000000000000000e-06
6.565994e+03	2.963230885221687e-02	1.581520706099546e-02	3.000000000000000e-06	3.000000000000000e-06
6.712239e+03	2.977154814971729e-02	1.589843841807650e-02	3.000000000000000e-06	3.000000000000000e-06
6.861243e+03	2.991152716065698e-02	1.598208372778139e-02	3.000000000000000e-06	3.000000000000000e-06
7.013057e+03	3.005224870133624e-02	1.606614387148971e-02	3.000000000000000e-06	3.000000000000000e-06
7.167731e+03	3.019371561102106e-02	1.615061976544734e-02	3.000000000000000e-06	3.000000000000000e-06
7.325316e+03	3.033593075218602e-02	1.623551236052509e-02	3.000000000000000e-06	3.000000000000000e-06
7.485866e+03	3.047889701074421e-02	1.632082264196665e-02	3.000000000000000e-06	3.000000000000000e-06
7.649434e+03	3.062261729626469e-02	1.640655162912670e-02	3.000000000000000e-06	3.000000000000000e-06
7.816074e+03	3.076709454217800e-02	1.649270037520009e-02	3.000000000000000e-06	3.000000000000000e-06
7.985840e+03	3.091233170597005e-02	1.657926996694294e-02	3.000000000000000e-06	3.000000000000000e-06
8.158791e+03	3.105833176936484e-02	1.666626152438638e-02	3.000000000000000e-06	3.000000000000000e-06
8.334982e+03	3.120509773849661e-02	1.675367620054389e-02	3.000000000000000e-06	3.000000000000000e-06
8.514472e+03	3.135263264407166e-02	1.684151518111276e-02	3.000000000000000e-06	3.000000000000000e-06
8.697320e+03	3.150093954152038e-02	1.692977968417060e-02	3.000000000000000e-06	3.000000000000000e-06
8.883587e+03	3.165002151113991e-02	1.701847095986737e-02	3.000000000000000e-06	3.000000000000000e-06
9.073334e+03	3.179988165822779e-02	1.710759029011386e-02	3.000000000000000e-06	3.000000000000000e-06
9.266623e+03	3.195052311320713e-02	1.719713898826693e-02	3.000000000000000e-06	3.000000000000000e-06
9.463518e+03	3.210194903174356e-02	1.728711839881236e-02	3.000000000000000e-06	3.000000000000000e-06
9.664084e+03	3.225416259485440e-02	1.737752989704576e-02	3.000000000000000e-06	3.000000000000000e-06
9.868387e+03	3.240716700901060e-02	1.746837488875215e-02	3.000000000000000e-06	3.000000000000000e-06
1.000000e+04	3.250451882880051e-02	1.752615857513606e-02	3.000000000000000e-06	3.000000000000000e-06
1.021198e+04	3.265986474491616e-02	1.761833368386562e-02	3.000000000000000e-06	3.000000000000000e-06
1.042644e+04	3.281495336005739e-02	1.771031884741918e-02	3.000000000000000e-06	3.000000000000000e-06
1.064492e+04	3.297086429581035e-02	1.780275439600576e-02	3.000000000000000e-06	3.000000000000000e-06
1.086746e+04	3.312758099892559e-02	1.789563011797277e-02	3.000000000000000e-06	3.000000000000000e-06
1.109413e+04	3.328510715992276e-02	1.798894780853678e-02	3.000000000000000e-06	3.000000000000000e-06
1.132500e+04	3.344344613485505e-02	1.808270906851168e-02	3.000000000000000e-06	3.000000000000000e-06
1.156015e+04	3.360260131913177e-02	1.817691552930769e-02	3.000000000000000e-06	3.000000000000000e-06
1.179966e+04	3.376257613777690e-02	1.827156884897309e-02	3.000000000000000e-06	3.000000000000000e-06
1.204360e+04	3.392337404400604e-02	1.836667071228486e-02	3.000000000000000e-06	3.000000000000000e-06
1.229205e+04	3.408499851836528e-02	1.846222283065869e-02	3.000000000000000e-06	3.000000000000000e-06
1.254510e+04	3.424745306826311e-02	1.855822694199289e-02	3.000000000000000e-06	3.000000000000000e-06
1.280282e+04	3.441074122772238e-02	1.865468481046802e-02	3.000000000000000e-06	3.000000000000000e-06
1.306531e+04	3.457486655725499e-02	1.875159822631816e-02	3.000000000000000e-06	3.000000000000000e-06
1.333264e+04	3.473983264380472e-02	1.884896900558403e-02	3.000000000000000e-06	3.000000000000000e-06
1.360490e+04	3.490564310072722e-02	1.894679898985533e-02	3.000000000000000e-06	3.000000000000000e-06
1.388218e+04	3.507230156779011e-02	1.904509004600696e-02	3.000000000000000e-06	3.000000000000000e-06
1.416457e+04	3.523981171118325e-02	1.914384406593259e-02	3.000000000000000e-06	3.000000000000000e-06
1.445216e+04	3.540817722353409e-02	1.924306296627781e-02	3.000000000000000e-06	3.000000000000000e-06
1.474505e+04	3.557740182392516e-02	1.934274868817470e-02	3.000000000000000e-06	3.000000000000000e-06
1.504332e+04	3.574748925791223e-02	1.944290319697855e-02	3.000000000000000e-06	3.000000000000000e-06
1.534708e+04	3.591844329754223e-02	1.954352848200809e-02	3.000000000000000e-06	3.000000000000000e-06
1.565642e+04	3.609026774137077e-02	1.964462655628931e-02	3.000000000000000e-06	3.000000000000000e-06
1.597144e+04	3.626296641447901e-02	1.974619945630365e-02	3.000000000000000e-06	3.000000000000000e-06
1.629225e+04	3.643654316849002e-02	1.984824924174067e-02	3.000000000000000e-06	3.000000000000000e-06
1.661894e+04	3.661100188158446e-02	1.995077799525558e-02	3.000000000000000e-06	3.000000000000000e-06
1.695163e+04	3.678634645851604e-02	2.005378782223155e-02	3.000000000000000e-06	3.000000000000000e-06
1.729041e+04	3.696258083062649e-02	2.015728085054727e-02	3.000000000000000e-06	3.000000000000000e-06
1.763540e+04	3.713970895586053e-02	2.026125923034953e-02	3.000000000000000e-06	3.000000000000000e-06
1.798671e+04	3.731773481878065e-02	2.036572513383108e-02	3.000000000000000e-06	3.000000000000000e-06
1.834445e+04	3.749666243058202e-02	2.047068075501372e-02	3.000000000000000e-06	3.000000000000000e-06
1.870874e+04	3.767649582910759e-02	2.057612830953674e-02	3.000000000000000e-06	3.000000000000000e-06
1.907969e+04	3.785723907886342e-02	2.068207003445057e-02	3.000000000000000e-06	3.000000000000000e-06
1.945743e+04	3.803889627103445e-02	2.078850818801588e-02	3.000000000000000e-06	3.000000000000000e-06
1.984206e+04	3.822147152350081e-02	2.089544504950791e-02	3.000000000000000e-06	3.000000000000000e-06
2.023373e+04	3.840496898085452e-02	2.100288291902614e-02	3.000000000000000e-06	3.000000000000000e-06
2.063254e+04	3.858939281441714e-02	2.111082411730923e-02	3.000000000000000e-06	3.000000000000000e-06
2.103863e+04	3.877474722225792e-02	2.121927098555527e-02	3.000000000000000e-06	3.000000000000000e-06
2.145213e+04	3.896103642921294e-02	2.132822588524728e-02	3.000000000000000e-06	3.000000000000000e-06
2.187318e+04	3.914826468690506e-02	2.143769119798388e-02	3.000000000000000e-06	3.000000000000000e-06
2.230189e+04	3.933643627376492e-02	2.154766932531520e-02	3.000000000000000e-06	3.000000000000000e-06
2.273842e+04	3.952555549505289e-02	2.165816268858388e-02	3.000000000000000e-06	3.000000000000000e-06
2.318291e+04	3.971562668288221e-02	2.176917372877122e-02	3.000000000000000e-06	3.000000000000000e-06
2.363548e+04	3.990665419624316e-02	2.188070490634835e-02	3.000000000000000e-06	3.000000000000000e-06
2.409630e+04	4.009864242102860e-02	2.199275870113241e-02	3.000000000000000e-06	3.000000000000000e-06
2.456549e+04	4.029159577006055e-02	2.210533761214772e-02	3.000000000000000e-06	3.000000000000000e-06
2.504323e+04	4.048551868311828e-02	2.221844415749178e-02	3.000000000000000e-06	3.000000000000000e-06
2.552965e+04	4.068041562696757e-02	2.233208087420620e-02	3.000000000000000e-06	3.000000000000000e-06
2.602491e+04	4.087629109539148e-02	2.244625031815238e-02	3.000000000000000e-06	3.000000000000000e-06
2.652917e+04	4.107314960922240e-02	2.256095506389188e-02	3.000000000000000e-06	3.000000000000000e-06
2.704259e+04	4.127099571637565e-02	2.267619770457154e-02	3.000000000000000e-06	3.000000000000000e-06
2.756533e+04	4.146983399188454e-02	2.279198085181313e-02	3.000000000000000e-06	3.000000000000000e-06
2.809756e+04	4.166966903793685e-02	2.290830713560759e-02	3.000000000000000e-06	3.000000000000000e-06
2.863945e+04	4.187050548391295e-02	2.302517920421377e-02	3.000000000000000e-06	3.000000000000000e-06
2.919117e+04	4.207234798642541e-02	2.314259972406146e-02	3.000000000000000e-06	3.000000000000000e-06
2.975290e+04	4.227520122936015e-02	2.326057137965895e-02	3.000000000000000e-06	3.000000000000000e-06
3.032481e+04	4.247906992391925e-02	2.337909687350474e-02	3.000000000000000e-06	3.000000000000000e-06
3.090708e+04	4.268395880866534e-02	2.349817892600348e-02	3.000000000000000e-06	3.000000000000000e-06
3.149991e+04	4.288987264956755e-02	2.361782027538612e-02	3.000000000000000e-06	3.000000000000000e-06
3.210347e+04	4.309681624004918e-02	2.373802367763407e-02	3.000000000000000e-06	3.000000000000000e-06
3.271797e+04	4.330479440103696e-02	2.385879190640744e-02	3.000000000000000e-06	3.000000000000000e-06
3.334359e+04	4.351381198101195e-02	2.398012775297714e-02	3.000000000000000e-06	3.000000000000000e-06
3.398053e+04	4.372387385606216e-02	2.410203402616093e-02	3.000000000000000e-06	3.000000000000000e-06
3.462900e+04	4.393498492993673e-02	2.422451355226328e-02	3.000000000000000e-06	3.000000000000000e-06
3.528920e+04	4.414715013410190e-02	2.434756917501888e-02	3.000000000000000e-06	3.000000000000000e-06
3.596134e+04	4.436037442779858e-02	2.447120375554000e-02	3.000000000000000e-06	3.000000000000000e-06
3.664563e+04	4.457466279810157e-02	2.459542017226725e-02	3.000000000000000e-06	3.000000000000000e-06
3.734230e+04	4.479002025998056e-02	2.472022132092404e-02	3.000000000000000e-06	3.000000000000000e-06
3.805155e+04	4.500645185636269e-02	2.484561011447450e-02	3.000000000000000e-06	3.000000000000000e-06
3.877362e+04	4.522396265819683e-02	2.497158948308471e-02	3.000000000000000e-06	3.000000000000000e-06
3.950873e+04	4.544255776451960e-02	2.509816237408740e-02	3.000000000000000e-06	3.000000000000000e-06
4.025711e+04	4.566224230252296e-02	2.522533175194989e-02	3.000000000000000e-06	3.000000000000000e-06
4.101901e+04	4.588302142762350e-02	2.535310059824524e-02	3.000000000000000e-06	3.000000000000000e-06
4.179466e+04	4.610490032353341e-02	2.548147191162655e-02	3.000000000000000e-06	3.000000000000000e-06
4.258431e+04	4.632788420233313e-02	2.561044870780443e-02	3.000000000000000e-06	3.000000000000000e-06
4.338821e+04	4.655197830454561e-02	2.574003401952741e-02	3.000000000000000e-06	3.000000000000000e-06
4.420662e+04	4.677718789921222e-02	2.587023089656540e-02	3.000000000000000e-06	3.000000000000000e-06
4.503978e+04	4.700351828397031e-02	2.600104240570125e-02	3.000000000000000e-06	3.000000000000000e-06
4.588797e+04	4.723097478513252e-02	2.613247163070273e-02	3.000000000000000e-06	3.000000000000000e-06
4.675145e+04	4.745956275776737e-02	2.626452167233395e-02	3.000000000000000e-06	3.000000000000000e-06
4.763049e+04	4.768928758578186e-02	2.639719564834261e-02	3.000000000000000e-06	3.000000000000000e-06
4.852538e+04	4.792015468200554e-02	2.653049669345749e-02	3.000000000000000e-06	3.000000000000000e-06
4.943639e+04	4.815216948827615e-02	2.666442795938860e-02	3.000000000000000e-06	3.000000000000000e-06
5.036382e+04	4.838533747552684e-02	2.679899261482990e-02	3.000000000000000e-06	3.000000000000000e-06
5.130795e+04	4.861966414387502e-02	2.693419384546449e-02	3.000000000000000e-06	3.000000000000000e-06
5.226909e+04	4.885515502271278e-02	2.707003485397236e-02	3.000000000000000e-06	3.000000000000000e-06
5.324753e+04	4.909181567079886e-02	2.720651886004046e-02	3.000000000000000e-06	3.000000000000000e-06
5.424359e+04	4.932965167635216e-02	2.734364910037528e-02	3.000000000000000e-06	3.000000000000000e-06
5.525758e+04	4.956866865714683e-02	2.748142882871760e-02	3.000000000000000e-06	3.000000000000000e-06
5.628982e+04	4.980887226060887e-02	2.761986131585966e-02	3.000000000000000e-06	3.000000000000000e-06
5.734063e+04	5.005026816391431e-02	2.775894984966445e-02	3.000000000000000e-06	3.000000000000000e-06
5.841035e+04	5.029286207408881e-02	2.789869773508729e-02	3.000000000000000e-06	3.000000000000000e-06
5.949932e+04	5.053665972810883e-02	2.803910829419946e-02	3.000000000000000e-06	3.000000000000000e-06
6.060788e+04	5.078166689300431e-02	2.818018486621400e-02	3.000000000000000e-06	3.000000000000000e-06
6.173637e+04	5.102788936596279e-02	2.832193080751351e-02	3.000000000000000e-06	3.000000000000000e-06
6.288516e+04	5.127533297443502e-02	2.846434949168001e-02	3.000000000000000e-06	3.000000000000000e-06
6.405460e+04	5.152400357624204e-02	2.860744430952671e-02	3.000000000000000e-06	3.000000000000000e-06
6.524507e+04	5.177390705968372e-02	2.875121866913180e-02	3.000000000000000e-06	3.000000000000000e-06
6.645693e+04	5.202504934364872e-02	2.889567599587404e-02	3.000000000000000e-06	3.000000000000000e-06
6.769058e+04	5.227743637772589e-02	2.904081973247023e-02	3.000000000000000e-06	3.000000000000000e-06
6.894640e+04	5.253107414231715e-02	2.918665333901456e-02	3.000000000000000e-06	3.000000000000000e-06
7.022479e+04	5.278596864875167e-02	2.933318029301962e-02	3.000000000000000e-06	3.000000000000000e-06
7.152614e+04	5.304212593940158e-02	2.948040408945925e-02	3.000000000000000e-06	3.000000000000000e-06
7.285087e+04	5.329955208779896e-02	2.962832824081306e-02	3.000000000000000e-06	3.000000000000000e-06
7.419940e+04	5.355825319875432e-02	2.977695627711260e-02	3.000000000000000e-06	3.000000000000000e-06
7.557216e+04	5.381823540847636e-02	2.992629174598919e-02	3.000000000000000e-06	3.000000000000000e-06
7.696956e+04	5.407950488469315e-02	3.007633821272339e-02	3.000000000000000e-06	3.000000000000000e-06
7.839207e+04	5.434206782677468e-02	3.022709926029595e-02	3.000000000000000e-06	3.000000000000000e-06
7.984011e+04	5.460593046585669e-02	3.037857848944043e-02	3.000000000000000e-06	3.000000000000000e-06
8.131415e+04	5.487109906496591e-02	3.053077951869719e-02	3.000000000000000e-06	3.000000000000000e-06
8.281466e+04	5.513757991914660e-02	3.068370598446899e-02	3.000000000000000e-06	3.000000000000000e-06
8.434210e+04	5.540537935558838e-02	3.083736154107796e-02	3.000000000000000e-06	3.000000000000000e-06
8.589696e+04	5.567450373375541e-02	3.099174986082404e-02	3.000000000000000e-06	3.000000000000000e-06
8.747973e+04	5.594495944551691e-02	3.114687463404479e-02	3.000000000000000e-06	3.000000000000000e-06
8.909090e+04	5.621675291527885e-02	3.130273956917659e-02	3.000000000000000e-06	3.000000000000000e-06
9.073099e+04	5.648989060011709e-02	3.145934839281719e-02	3.000000000000000e-06	3.000000000000000e-06
9.240051e+04	5.676437898991166e-02	3.161670484978955e-02	3.000000000000000e-06	3.000000000000000e-06
9.409998e+04	5.704022460748236e-02	3.177481270320705e-02	3.000000000000000e-06	3.000000000000000e-06
9.582994e+04	5.731743400872570e-02	3.193367573453987e-02	3.000000000000000e-06	3.000000000000000e-06
9.759094e+04	5.759601378275299e-02	3.209329774368267e-02	3.000000000000000e-06	3.000000000000000e-06
9.938353e+04	5.787597055202969e-02	3.225368254902355e-02	3.000000000000000e-06	3.000000000000000e-06
1.000000e+05	5.797117036921125e-02	3.230821531473453e-02	3.000000000000000e-06	3.000000000000000e-06
1.018575e+05	5.825630450816031e-02	3.247153091081525e-02	3.000000000000000e-06	3.000000000000000e-06
1.037262e+05	5.853946532789831e-02	3.263369017956275e-02	3.000000000000000e-06	3.000000000000000e-06
1.056288e+05	5.882408543554982e-02	3.279665942986357e-02	3.000000000000000e-06	3.000000000000000e-06
1.075655e+05	5.911011068827160e-02	3.296040768653442e-02	3.000000000000000e-06	3.000000000000000e-06
1.095370e+05	5.939754896645916e-02	3.312493949121526e-02	3.000000000000000e-06	3.000000000000000e-06
1.115438e+05	5.968640708571003e-02	3.329025877247946e-02	3.000000000000000e-06	3.000000000000000e-06
1.135866e+05	5.997669191703076e-02	3.345636948845741e-02	3.000000000000000e-06	3.000000000000000e-06
1.156661e+05	6.026841036634563e-02	3.362327561573542e-02	3.000000000000000e-06	3.000000000000000e-06
1.177828e+05	6.056156937464829e-02	3.379098114979182e-02	3.000000000000000e-06	3.000000000000000e-06
1.199374e+05	6.085617591797095e-02	3.395949010517546e-02	3.000000000000000e-06	3.000000000000000e-06
1.221308e+05	6.115223700745013e-02	3.412880651565464e-02	3.000000000000000e-06	3.000000000000000e-06
1.243634e+05	6.144975968943780e-02	3.429893443434446e-02	3.000000000000000e-06	3.000000000000000e-06
1.266360e+05	6.174875104563590e-02	3.446987793382025e-02	3.000000000000000e-06	3.000000000000000e-06
1.289494e+05	6.204921819324283e-02	3.464164110622205e-02	3.000000000000000e-06	3.000000000000000e-06
1.313043e+05	6.235116828510655e-02	3.481422806335335e-02	3.000000000000000e-06	3.000000000000000e-06
1.337014e+05	6.265460850988130e-02	3.498764293677653e-02	3.000000000000000e-06	3.000000000000000e-06
1.361414e+05	6.295954609218693e-02	3.516188987790603e-02	3.000000000000000e-06	3.000000000000000e-06
1.386252e+05	6.326598829276971e-02	3.533697305810068e-02	3.000000000000000e-06	3.000000000000000e-06
1.411535e+05	6.357394240866471e-02	3.551289666875543e-02	3.000000000000000e-06	3.000000000000000e-06
1.437271e+05	6.388341577335939e-02	3.568966492139316e-02	3.000000000000000e-06	3.000000000000000e-06
1.463468e+05	6.419441575695832e-02	3.586728204775682e-02	3.000000000000000e-06	3.000000000000000e-06
1.490135e+05	6.450694976634917e-02	3.604575229990190e-02	3.000000000000000e-06	3.000000000000000e-06
1.517280e+05	6.482102524536967e-02	3.622507995028963e-02	3.000000000000000e-06	3.000000000000000e-06
1.544912e+05	6.513664967497586e-02	3.640526929188077e-02	3.000000000000000e-06	3.000000000000000e-06
1.573039e+05	6.545383057341138e-02	3.658632463823014e-02	3.000000000000000e-06	3.000000000000000e-06
1.601669e+05	6.577257549637786e-02	3.676825032358189e-02	3.000000000000000e-06	3.000000000000000e-06
1.630813e+05	6.609289203720656e-02	3.695105070296556e-02	3.000000000000000e-06	3.000000000000000e-06
1.660480e+05	6.641478782703102e-02	3.713473015229288e-02	3.000000000000000e-06	3.000000000000000e-06
1.690678e+05	6.673827053496083e-02	3.731929306845543e-02	3.000000000000000e-06	3.000000000000000e-06
1.721417e+05	6.706334786825659e-02	3.750474386942294e-02	3.000000000000000e-06	3.000000000000000e-06
1.752707e+05	6.739002757250601e-02	3.769108699434255e-02	3.000000000000000e-06	3.000000000000000e-06
1.784557e+05	6.771831743180097e-02	3.787832690363867e-02	3.000000000000000e-06	3.000000000000000e-06
1.816979e+05	6.804822526891594e-02	3.806646807911373e-02	3.000000000000000e-06	3.000000000000000e-06
1.849982e+05	6.837975894548730e-02	3.825551502404966e-02	3.000000000000000e-06	3.000000000000000e-06
1.883576e+05	6.871292636219389e-02	3.844547226331012e-02	3.000000000000000e-06	3.000000000000000e-06
1.917772e+05	6.904773545893871e-02	3.863634434344345e-02	3.000000000000000e-06	3.000000000000000e-06
1.952581e+05	6.938419421503157e-02	3.882813583278649e-02	3.000000000000000e-06	3.000000000000000e-06
1.988014e+05	6.972231064937312e-02	3.902085132156901e-02	3.000000000000000e-06	3.000000000000000e-06
2.024082e+05	7.006209282063972e-02	3.921449542201895e-02	3.000000000000000e-06	3.000000000000000e-06
2.060796e+05	7.040354882746958e-02	3.940907276846836e-02	3.000000000000000e-06	3.000000000000000e-06
2.098169e+05	7.074668680865007e-02	3.960458801746012e-02	3.000000000000000e-06	3.000000000000000e-06
2.136211e+05	7.109151494330597e-02	3.980104584785534e-02	3.000000000000000e-06	3.000000000000000e-06
2.174935e+05	7.143804145108895e-02	3.999845096094146e-02	3.000000000000000e-06	3.000000000000000e-06
2.214353e+05	7.178627459236822e-02	4.019680808054113e-02	3.000000000000000e-06	3.000000000000000e-06
2.254478e+05	7.213622266842215e-02	4.039612195312182e-02	3.000000000000000e-06	3.000000000000000e-06
2.295322e+05	7.248789402163110e-02	4.059639734790594e-02	3.000000000000000e-06	3.000000000000000e-06
2.336898e+05	7.284129703567138e-02	4.079763905698199e-02	3.000000000000000e-06	3.000000000000000e-06
2.379219e+05	7.319644013571028e-02	4.099985189541612e-02	3.000000000000000e-06	3.000000000000000e-06
2.422299e+05	7.355333178860229e-02	4.120304070136454e-02	3.000000000000000e-06	3.000000000000000e-06
2.466151e+05	7.391198050308634e-02	4.140721033618659e-02	3.000000000000000e-06	3.000000000000000e-06
2.510789e+05	7.427239482998424e-02	4.161236568455850e-02	3.000000000000000e-06	3.000000000000000e-06
2.556227e+05	7.463458336240024e-02	4.181851165458787e-02	3.000000000000000e-06	3.000000000000000e-06
2.602480e+05	7.499855473592174e-02	4.202565317792874e-02	3.000000000000000e-06	3.000000000000000e-06
2.649563e+05	7.536431762882097e-02	4.223379520989752e-02	3.000000000000000e-06	3.000000000000000e-06
2.697489e+05	7.573188076225805e-02	4.244294272958941e-02	3.000000000000000e-06	3.000000000000000e-06
2.746274e+05	7.610125290048500e-02	4.265310073999565e-02	3.000000000000000e-06	3.000000000000000e-06
2.795935e+05	7.647244285105088e-02	4.286427426812135e-02	3.000000000000000e-06	3.000000000000000e-06
2.846485e+05	7.684545946500823e-02	4.307646836510412e-02	3.000000000000000e-06	3.000000000000000e-06
2.897942e+05	7.722031163712045e-02	4.328968810633321e-02	3.000000000000000e-06	3.000000000000000e-06
2.950322e+05	7.759700830607044e-02	4.350393859156947e-02	3.000000000000000e-06	3.000000000000000e-06
3.003641e+05	7.797555845467036e-02	4.371922494506594e-02	3.000000000000000e-06	3.000000000000000e-06
3.057916e+05	7.835597111007246e-02	4.393555231568907e-02	3.000000000000000e-06	3.000000000000000e-06
3.113165e+05	7.873825534398118e-02	4.415292587704067e-02	3.000000000000000e-06	3.000000000000000e-06
3.169404e+05	7.912242027286638e-02	4.437135082758055e-02	3.000000000000000e-06	3.000000000000000e-06
3.226652e+05	7.950847505817756e-02	4.459083239074974e-02	3.000000000000000e-06	3.000000000000000e-06
3.284927e+05	7.989642890655940e-02	4.481137581509445e-02	3.000000000000000e-06	3.000000000000000e-06
3.344247e+05	8.028629107006850e-02	4.503298637439076e-02	3.000000000000000e-06	3.000000000000000e-06
3.404631e+05	8.067807084639109e-02	4.525566936776981e-02	3.000000000000000e-06	3.000000000000000e-06
3.466098e+05	8.107177757906205e-02	4.547943011984384e-02	3.000000000000000e-06	3.000000000000000e-06
3.528668e+05	8.146742065768500e-02	4.570427398083281e-02	3.000000000000000e-06	3.000000000000000e-06
3.592360e+05	8.186500951815373e-02	4.593020632669172e-02	3.000000000000000e-06	3.000000000000000e-06
3.657195e+05	8.226455364287456e-02	4.615723255923856e-02	3.000000000000000e-06	3.000000000000000e-06
3.723193e+05	8.266606256099011e-02	4.638535810628297e-02	3.000000000000000e-06	3.000000000000000e-06
3.790375e+05	8.306954584860406e-02	4.661458842175563e-02	3.000000000000000e-06	3.000000000000000e-06
3.858763e+05	8.347501312900717e-02	4.684492898583820e-02	3.000000000000000e-06	3.000000000000000e-06
3.928378e+05	8.388247407290463e-02	4.707638530509402e-02	3.000000000000000e-06	3.000000000000000e-06
3.999242e+05	8.429193839864428e-02	4.730896291259949e-02	3.000000000000000e-06	3.000000000000000e-06
4.071378e+05	8.470341587244636e-02	4.754266736807606e-02	3.000000000000000e-06	3.000000000000000e-06
4.144809e+05	8.511691630863422e-02	4.777750425802296e-02	3.000000000000000e-06	3.000000000000000e-06
4.219557e+05	8.553244956986633e-02	4.801347919585063e-02	3.000000000000000e-06	3.000000000000000e-06
4.295647e+05	8.595002556736955e-02	4.825059782201469e-02	3.000000000000000e-06	3.000000000000000e-06
4.373103e+05	8.636965426117348e-02	4.848886580415081e-02	3.000000000000000e-06	3.000000000000000e-06
4.451950e+05	8.679134566034610e-02	4.872828883721007e-02	3.000000000000000e-06	3.000000000000000e-06
4.532211e+05	8.721510982323066e-02	4.896887264359510e-02	3.000000000000000e-06	3.000000000000000e-06
4.613914e+05	8.764095685768369e-02	4.921062297329690e-02	3.000000000000000e-06	3.000000000000000e-06
4.697084e+05	8.806889692131441e-02	4.945354560403233e-02	3.000000000000000e-06	3.000000000000000e-06
4.781747e+05	8.849894022172511e-02	4.969764634138223e-02	3.000000000000000e-06	3.000000000000000e-06
4.867930e+05	8.893109701675304e-02	4.994293101893041e-02	3.000000000000000e-06	3.000000000000000e-06
4.955661e+05	8.936537761471339e-02	5.018940549840314e-02	3.000000000000000e-06	3.000000000000000e-06
5.044967e+05	8.980179237464347e-02	5.043707566980943e-02	3.000000000000000e-06	3.000000000000000e-06
5.135877e+05	9.024035170654839e-02	5.068594745158198e-02	3.000000000000000e-06	3.000000000000000e-06
5.228420e+05	9.068106607164758e-02	5.093602679071885e-02	3.000000000000000e-06	3.000000000000000e-06
5.322626e+05	9.112394598262304e-02	5.118731966292583e-02	3.000000000000000e-06	3.000000000000000e-06
5.418523e+05	9.156900200386844e-02	5.143983207275950e-02	3.000000000000000e-06	3.000000000000000e-06
5.516144e+05	9.201624475173979e-02	5.169357005377100e-02	3.000000000000000e-06	3.000000000000000e-06
5.615518e+05	9.246568489480721e-02	5.194853966865044e-02	3.000000000000000e-06	3.000000000000000e-06
5.716678e+05	9.291733315410804e-02	5.220474700937221e-02	3.000000000000000e-06	3.000000000000000e-06
5.819655e+05	9.337120030340125e-02	5.246219819734080e-02	3.000000000000000e-06	3.000000000000000e-06
5.924483e+05	9.382729716942312e-02	5.272089938353745e-02	3.000000000000000e-06	3.000000000000000e-06
6.031194e+05	9.428563463214415e-02	5.298085674866742e-02	3.000000000000000e-06	3.000000000000000e-06
6.139824e+05	9.474622362502741e-02	5.324207650330815e-02	3.000000000000000e-06	3.000000000000000e-06
6.250405e+05	9.520907513528810e-02	5.350456488805794e-02	3.000000000000000e-06	3.000000000000000e-06
6.362975e+05	9.567420020415439e-02	5.376832817368551e-02	3.000000000000000e-06	3.000000000000000e-06
6.477568e+05	9.614160992712968e-02	5.403337266128019e-02	3.000000000000000e-06	3.000000000000000e-06
6.594221e+05	9.661131545425608e-02	5.429970468240292e-02	3.000000000000000e-06	3.000000000000000e-06
6.712971e+05	9.708332799037929e-02	5.456733059923796e-02	3.000000000000000e-06	3.000000000000000e-06
6.833856e+05	9.755765879541477e-02	5.483625680474525e-02	3.000000000000000e-06	3.000000000000000e-06
6.956915e+05	9.803431918461529e-02	5.510648972281366e-02	3.000000000000000e-06	3.000000000000000e-06
7.082187e+05	9.851332052883972e-02	5.537803580841485e-02	3.000000000000000e-06	3.000000000000000e-06
7.209711e+05	9.899467425482336e-02	5.565090154775798e-02	3.000000000000000e-06	3.000000000000000e-06
7.339530e+05	9.947839184544939e-02	5.592509345844511e-02	3.000000000000000e-06	3.000000000000000e-06
7.471683e+05	9.996448484002186e-02	5.620061808962733e-02	3.000000000000000e-06	3.000000000000000e-06
7.606213e+05	1.004529648345400e-01	5.647748202216172e-02	3.000000000000000e-06	3.000000000000000e-06
7.743163e+05	1.009438434819739e-01	5.675569186876902e-02	3.000000000000000e-06	3.000000000000000e-06
7.882578e+05	1.014371324925414e-01	5.703525427419206e-02	3.000000000000000e-06	3.000000000000000e-06
8.024500e+05	1.019328436339869e-01	5.731617591535498e-02	3.000000000000000e-06	3.000000000000000e-06
8.168976e+05	1.024309887318606e-01	5.759846350152314e-02	3.000000000000000e-06	3.000000000000000e-06
8.316052e+05	1.029315796698002e-01	5.788212377446401e-02	3.000000000000000e-06	3.000000000000000e-06
8.465775e+05	1.034346283898136e-01	5.816716350860854e-02	3.000000000000000e-06	3.000000000000000e-06
8.618193e+05	1.039401468925624e-01	5.845358951121352e-02	3.000000000000000e-06	3.000000000000000e-06
8.773354e+05	1.044481472376478e-01	5.874140862252470e-02	3.000000000000000e-06	3.000000000000000e-06
8.931308e+05	1.049586415438973e-01	5.903062771594058e-02	3.000000000000000e-06	3.000000000000000e-06
9.092105e+05	1.054716419896531e-01	5.932125369817715e-02	3.000000000000000e-06	3.000000000000000e-06
9.255798e+05	1.059871608130616e-01	5.961329350943326e-02	3.000000000000000e-06	3.000000000000000e-06
9.422438e+05	1.065052103123650e-01	5.990675412355694e-02	3.000000000000000e-06	3.000000000000000e-06
9.592078e+05	1.070258028461933e-01	6.020164254821238e-02	3.000000000000000e-06	3.000000000000000e-06
9.764773e+05	1.075489508338592e-01	6.049796582504782e-02	3.000000000000000e-06	3.000000000000000e-06
9.940579e+05	1.080746667556527e-01	6.079573102986425e-02	3.000000000000000e-06	3.000000000000000e-06
1.000000e+06	1.082503549874580e-01	6.089523767936551e-02	3.000000000000000e-06	3.000000000000000e-06
1.018220e+06	1.087858358722675e-01	6.119851684475183e-02	3.000000000000000e-06	3.000000000000000e-06
1.036548e+06	1.093175100714638e-01	6.149962745989571e-02	3.000000000000000e-06	3.000000000000000e-06
1.055210e+06	1.098519087304328e-01	6.180226866140454e-02	3.000000000000000e-06	3.000000000000000e-06
1.074209e+06	1.103889282240437e-01	6.210638177133218e-02	3.000000000000000e-06	3.000000000000000e-06
1.093550e+06	1.109285834401867e-01	6.241197523005647e-02	3.000000000000000e-06	3.000000000000000e-06
1.113239e+06	1.114708872153655e-01	6.271905631461801e-02	3.000000000000000e-06	3.000000000000000e-06
1.133283e+06	1.120158524873606e-01	6.302763235832973e-02	3.000000000000000e-06	3.000000000000000e-06
1.153689e+06	1.125634922569240e-01	6.333771072936337e-02	3.000000000000000e-06	3.000000000000000e-06
1.174462e+06	1.131138195886944e-01	6.364929883143344e-02	3.000000000000000e-06	3.000000000000000e-06
1.195609e+06	1.136668476114593e-01	6.396240410404615e-02	3.000000000000000e-06	3.000000000000000e-06
1.217138e+06	1.142225895184511e-01	6.427703402272937e-02	3.000000000000000e-06	3.000000000000000e-06
1.239055e+06	1.147810585676544e-01	6.459319609924605e-02	3.000000000000000e-06	3.000000000000000e-06
1.261368e+06	1.153422680821188e-01	6.491089788179670e-02	3.000000000000000e-06	3.000000000000000e-06
1.284082e+06	1.159062314502752e-01	6.523014695521527e-02	3.000000000000000e-06	3.000000000000000e-06
1.307206e+06	1.164729621262545e-01	6.555095094116066e-02	3.000000000000000e-06	3.000000000000000e-06
1.330747e+06	1.170424736302078e-01	6.587331749830574e-02	3.000000000000000e-06	3.000000000000000e-06
1.354713e+06	1.176147795486292e-01	6.619725432252511e-02	3.000000000000000e-06	3.000000000000000e-06
1.379111e+06	1.181898935346787e-01	6.652276914708222e-02	3.000000000000000e-06	3.000000000000000e-06
1.403950e+06	1.187678293085081e-01	6.684986974281629e-02	3.000000000000000e-06	3.000000000000000e-06
1.429236e+06	1.193486006575878e-01	6.717856391832963e-02	3.000000000000000e-06	3.000000000000000e-06
1.454979e+06	1.199322214370347e-01	6.750885952017537e-02	3.000000000000000e-06	3.000000000000000e-06
1.481186e+06	1.205187055699433e-01	6.784076443304567e-02	3.000000000000000e-06	3.000000000000000e-06
1.507866e+06	1.211080670477161e-01	6.817428657996080e-02	3.000000000000000e-06	3.000000000000000e-06
1.535027e+06	1.217003199303981e-01	6.850943392245902e-02	3.000000000000000e-06	3.000000000000000e-06
1.562679e+06	1.222954783470106e-01	6.884621446078708e-02	3.000000000000000e-06	3.000000000000000e-06
1.590830e+06	1.228935564958890e-01	6.918463623409182e-02	3.000000000000000e-06	3.000000000000000e-06
1.619490e+06	1.234945686450196e-01	6.952470732061250e-02	3.000000000000000e-06	3.000000000000000e-06
1.648666e+06	1.240985291323810e-01	6.986643583787412e-02	3.000000000000000e-06	3.000000000000000e-06
1.678370e+06	1.247054523662843e-01	7.020982994288158e-02	3.000000000000000e-06	3.000000000000000e-06
1.708610e+06	1.253153528257174e-01	7.055489783231482e-02	3.000000000000000e-06	3.000000000000000e-06
1.739396e+06	1.259282450606892e-01	7.090164774272485e-02	3.000000000000000e-06	3.000000000000000e-06
1.770738e+06	1.265441436925767e-01	7.125008795073080e-02	3.000000000000000e-06	3.000000000000000e-06
1.802646e+06	1.271630634144732e-01	7.160022677321778e-02	3.000000000000000e-06	3.000000000000000e-06
1.835131e+06	1.277850189915381e-01	7.195207256753583e-02	3.000000000000000e-06	3.000000000000000e-06
1.868202e+06	1.284100252613492e-01	7.230563373169972e-02	3.000000000000000e-06	3.000000000000000e-06
1.901871e+06	1.290380971342558e-01	7.266091870458982e-02	3.000000000000000e-06	3.000000000000000e-06
1.936149e+06	1.296692495937341e-01	7.301793596615380e-02	3.000000000000000e-06	3.000000000000000e-06
1.971046e+06	1.303034976967441e-01	7.337669403760944e-02	3.000000000000000e-06	3.000000000000000e-06
2.006573e+06	1.309408565740885e-01	7.373720148164835e-02	3.000000000000000e-06	3.000000000000000e-06
2.042743e+06	1.315813414307732e-01	7.409946690264062e-02	3.000000000000000e-06	3.000000000000000e-06
2.079567e+06	1.322249675463694e-01	7.446349894684060e-02	3.000000000000000e-06	3.000000000000000e-06
2.117056e+06	1.328717502753781e-01	7.482930630259352e-02	3.000000000000000e-06	3.000000000000000e-06
2.155223e+06	1.335217050475955e-01	7.519689770054325e-02	3.000000000000000e-06	3.000000000000000e-06
2.194080e+06	1.341748473684807e-01	7.556628191384088e-02	3.000000000000000e-06	3.000000000000000e-06
2.233640e+06	1.348311928195258e-01	7.593746775835448e-02	3.000000000000000e-06	3.000000000000000e-06
2.273915e+06	1.354907570586263e-01	7.631046409287988e-02	3.000000000000000e-06	3.000000000000000e-06
2.314919e+06	1.361535558204549e-01	7.668527981935221e-02	3.000000000000000e-06	3.000000000000000e-06
2.356665e+06	1.368196049168361e-01	7.706192388305880e-02	3.000000000000000e-06	3.000000000000000e-06
2.399166e+06	1.374889202371231e-01	7.744040527285295e-02	3.000000000000000e-06	3.000000000000000e-06
2.442435e+06	1.381615177485764e-01	7.782073302136865e-02	3.000000000000000e-06	3.000000000000000e-06
2.486488e+06	1.388374134967446e-01	7.820291620523646e-02	3.000000000000000e-06	3.000000000000000e-06
2.531338e+06	1.395166236058461e-01	7.858696394530044e-02	3.000000000000000e-06	3.000000000000000e-06
2.576999e+06	1.401991642791541e-01	7.897288540683607e-02	3.000000000000000e-06	3.000000000000000e-06
2.623487e+06	1.408850517993824e-01	7.936068979976918e-02	3.000000000000000e-06	3.000000000000000e-06
2.670816e+06	1.415743025290734e-01	7.975038637889603e-02	3.000000000000000e-06	3.000000000000000e-06
2.719002e+06	1.422669329109881e-01	8.014198444410452e-02	3.000000000000000e-06	3.000000000000000e-06
2.768061e+06	1.429629594684979e-01	8.053549334059619e-02	3.000000000000000e-06	3.000000000000000e-06
2.818007e+06	1.436623988059787e-01	8.093092245910964e-02	3.000000000000000e-06	3.000000000000000e-06
2.868859e+06	1.443652676092063e-01	8.132828123614479e-02	3.000000000000000e-06	3.000000000000000e-06
2.920631e+06	1.450715826457538e-01	8.172757915418827e-02	3.000000000000000e-06	3.000000000000000e-06
2.973340e+06	1.457813607653922e-01	8.212882574194001e-02	3.000000000000000e-06	3.000000000000000e-06
3.027005e+06	1.464946189004908e-01	8.253203057454082e-02	3.000000000000000e-06	3.000000000000000e-06
3.081641e+06	1.472113740664216e-01	8.293720327380107e-02	3.000000000000000e-06	3.000000000000000e-06
3.137268e+06	1.479316433619644e-01	8.334435350843054e-02	3.000000000000000e-06	3.000000000000000e-06
3.193902e+06	1.486554439697145e-01	8.375349099426936e-02	3.000000000000000e-06	3.000000000000000e-06
3.251563e+06	1.493827931564922e-01	8.416462549451997e-02	3.000000000000000e-06	3.000000000000000e-06
3.310268e+06	1.501137082737542e-01	8.457776681998044e-02	3.000000000000000e-06	3.000000000000000e-06
3.370038e+06	1.508482067580074e-01	8.499292482927866e-02	3.000000000000000e-06	3.000000000000000e-06
3.430890e+06	1.515863061312242e-01	8.541010942910783e-02	3.000000000000000e-06	3.000000000000000e-06
3.492846e+06	1.523280240012606e-01	8.582933057446300e-02	3.000000000000000e-06	3.000000000000000e-06
3.555925e+06	1.530733780622751e-01	8.625059826887883e-02	3.000000000000000e-06	3.000000000000000e-06
3.620148e+06	1.538223860951512e-01	8.667392256466841e-02	3.000000000000000e-06	3.000000000000000e-06
3.685535e+06	1.545750659679207e-01	8.709931356316339e-02	3.000000000000000e-06	3.000000000000000e-06
3.752108e+06	1.553314356361900e-01	8.752678141495510e-02	3.000000000000000e-06	3.000000000000000e-06
3.819888e+06	1.560915131435675e-01	8.795633632013691e-02	3.000000000000000e-06	3.000000000000000e-06
3.888898e+06	1.568553166220943e-01	8.838798852854789e-02	3.000000000000000e-06	3.000000000000000e-06
3.959159e+06	1.576228642926760e-01	8.882174834001733e-02	3.000000000000000e-06	3.000000000000000e-06
4.030696e+06	1.583941744655170e-01	8.925762610461084e-02	3.000000000000000e-06	3.000000000000000e-06
4.103530e+06	1.591692655405572e-01	8.969563222287739e-02	3.000000000000000e-06	3.000000000000000e-06
4.177685e+06	1.599481560079101e-01	9.013577714609759e-02	3.000000000000000e-06	3.000000000000000e-06
4.253187e+06	1.607308644483043e-01	9.057807137653320e-02	3.000000000000000e-06	3.000000000000000e-06
4.330058e+06	1.615174095335254e-01	9.102252546767789e-02	3.000000000000000e-06	3.000000000000000e-06
4.408325e+06	1.623078100268618e-01	9.146915002450910e-02	3.000000000000000e-06	3.000000000000000e-06
4.488012e+06	1.631020847835518e-01	9.191795570374130e-02	3.000000000000000e-06	3.000000000000000e-06
4.569146e+06	1.639002527512329e-01	9.236895321408031e-02	3.000000000000000e-06	3.000000000000000e-06
4.651753e+06	1.647023329703933e-01	9.282215331647892e-02	3.000000000000000e-06	3.000000000000000e-06
4.735860e+06	1.655083445748262e-01	9.327756682439378e-02	3.000000000000000e-06	3.000000000000000e-06
4.821495e+06	1.663183067920853e-01	9.373520460404350e-02	3.000000000000000e-06	3.000000000000000e-06
4.908684e+06	1.671322389439438e-01	9.419507757466802e-02	3.000000000000000e-06	3.000000000000000e-06
4.997457e+06	1.679501604468544e-01	9.465719670878925e-02	3.000000000000000e-06	3.000000000000000e-06
5.087843e+06	1.687720908124124e-01	9.512157303247290e-02	3.000000000000000e-06	3.000000000000000e-06
5.179871e+06	1.695980496478205e-01	9.558821762559173e-02	3.000000000000000e-06	3.000000000000000e-06
5.273570e+06	1.704280566563567e-01	9.605714162208993e-02	3.000000000000000e-06	3.000000000000000e-06
5.368972e+06	1.712621316378435e-01	9.652835621024887e-02	3.000000000000000e-06	3.000000000000000e-06
5.466108e+06	1.721002944891201e-01	9.700187263295408e-02	3.000000000000000e-06	3.000000000000000e-06
5.565009e+06	1.729425652045165e-01	9.747770218796367e-02	3.000000000000000e-06	3.000000000000000e-06
5.665707e+06	1.737889638763301e-01	9.795585622817783e-02	3.000000000000000e-06	3.000000000000000e-06
5.768236e+06	1.746395106953051e-01	9.843634616190984e-02	3.000000000000000e-06	3.000000000000000e-06
5.872629e+06	1.754942259511131e-01	9.891918345315827e-02	3.000000000000000e-06	3.000000000000000e-06
5.978919e+06	1.763531300328373e-01	9.940437962188060e-02	3.000000000000000e-06	3.000000000000000e-06
6.087143e+06	1.772162434294583e-01	9.989194624426810e-02	3.000000000000000e-06	3.000000000000000e-06
6.197334e+06	1.780835867303424e-01	1.003818949530220e-01	3.000000000000000e-06	3.000000000000000e-06
6.309529e+06	1.789551806257326e-01	1.008742374376313e-01	3.000000000000000e-06	3.000000000000000e-06
6.423764e+06	1.798310459072417e-01	1.013689854446514e-01	3.000000000000000e-06	3.000000000000000e-06
6.540077e+06	1.807112034683480e-01	1.018661507779846e-01	3.000000000000000e-06	3.000000000000000e-06
6.658507e+06	1.815956743048931e-01	1.023657452991617e-01	3.000000000000000e-06	3.000000000000000e-06
6.779091e+06	1.824844795155829e-01	1.028677809276249e-01	3.000000000000000e-06	3.000000000000000e-06
6.901868e+06	1.833776403024899e-01	1.033722696410125e-01	3.000000000000000e-06	3.000000000000000e-06
7.026880e+06	1.842751779715591e-01	1.038792234754444e-01	3.000000000000000e-06	3.000000000000000e-06
7.154167e+06	1.851771139331158e-01	1.043886545258095e-01	3.000000000000000e-06	3.000000000000000e-06
7.283770e+06	1.860834697023757e-01	1.049005749460539e-01	3.000000000000000e-06	3.000000000000000e-06
7.415733e+06	1.869942668999582e-01	1.054149969494715e-01	3.000000000000000e-06	3.000000000000000e-06
7.550098e+06	1.879095272524013e-01	1.059319328089947e-01	3.000000000000000e-06	3.000000000000000e-06
7.686908e+06	1.888292725926801e-01	1.064513948574878e-01	3.000000000000000e-06	3.000000000000000e-06
7.826210e+06	1.897535248607266e-01	1.069733954880408e-01	3.000000000000000e-06	3.000000000000000e-06
7.968048e+06	1.906823061039534e-01	1.074979471542653e-01	3.000000000000000e-06	3.000000000000000e-06
8.112469e+06	1.916156384777787e-01	1.080250623705916e-01	3.000000000000000e-06	3.000000000000000e-06
8.259520e+06	1.925535442461546e-01	1.085547537125671e-01	3.000000000000000e-06	3.000000000000000e-06
8.409250e+06	1.934960457820980e-01	1.090870338171566e-01	3.000000000000000e-06	3.000000000000000e-06
8.561707e+06	1.944431655682238e-01	1.096219153830433e-01	3.000000000000000e-06	3.000000000000000e-06
8.716942e+06	1.953949261972809e-01	1.101594111709324e-01	3.000000000000000e-06	3.000000000000000e-06
8.875005e+06	1.963513503726907e-01	1.106995340038548e-01	3.000000000000000e-06	3.000000000000000e-06
9.035947e+06	1.973124609090883e-01	1.112422967674737e-01	3.000000000000000e-06	3.000000000000000e-06
9.199823e+06	1.982782807328664e-01	1.117877124103912e-01	3.000000000000000e-06	3.000000000000000e-06
9.366685e+06	1.992488328827220e-01	1.123357939444579e-01	3.000000000000000e-06	3.000000000000000e-06
9.536589e+06	2.002241405102053e-01	1.128865544450829e-01	3.000000000000000e-06	3.000000000000000e-06
9.709589e+06	2.012042268802717e-01	1.134400070515460e-01	3.000000000000000e-06	3.000000000000000e-06
9.885744e+06	2.021891153718365e-01	1.139961649673107e-01	3.000000000000000e-06	3.000000000000000e-06
1.000000e+07	2.028201228832622e-01	1.143524857933311e-01	3.000000000000000e-06	3.000000000000000e-06
1.018264e+07	2.038194257933305e-01	1.149167728897099e-01	3.000000000000000e-06	3.000000000000000e-06
1.036739e+07	2.048170103789651e-01	1.154800832804243e-01	3.000000000000000e-06	3.000000000000000e-06
1.055554e+07	2.058196022209366e-01	1.160462148090444e-01	3.000000000000000e-06	3.000000000000000e-06
1.074711e+07	2.068271041295704e-01	1.166151126001596e-01	3.000000000000000e-06	3.000000000000000e-06
1.094218e+07	2.078395423257916e-01	1.171867914638527e-01	3.000000000000000e-06	3.000000000000000e-06
1.114081e+07	2.088569409202717e-01	1.177612650174319e-01	3.000000000000000e-06	3.000000000000000e-06
1.134307e+07	2.098793241823734e-01	1.183385469670232e-01	3.000000000000000e-06	3.000000000000000e-06
1.154901e+07	2.109067164996493e-01	1.189186510849330e-01	3.000000000000000e-06	3.000000000000000e-06
1.175871e+07	2.119391423791328e-01	1.195015912105200e-01	3.000000000000000e-06	3.000000000000000e-06
1.197224e+07	2.129766264478946e-01	1.200873812505990e-01	3.000000000000000e-06	3.000000000000000e-06
1.218966e+07	2.140191934536258e-01	1.206760351798278e-01	3.000000000000000e-06	3.000000000000000e-06
1.241106e+07	2.150668682652262e-01	1.212675670410755e-01	3.000000000000000e-06	3.000000000000000e-06
1.263649e+07	2.161196758733973e-01	1.218619909457815e-01	3.000000000000000e-06	3.000000000000000e-06
1.286604e+07	2.171776413912384e-01	1.224593210743073e-01	3.000000000000000e-06	3.000000000000000e-06
1.309978e+07	2.182407900548458e-01	1.230595716762854e-01	3.000000000000000e-06	3.000000000000000e-06
1.333779e+07	2.193091472239151e-01	1.236627570709658e-01	3.000000000000000e-06	3.000000000000000e-06
1.358014e+07	2.203827383823455e-01	1.242688916475621e-01	3.000000000000000e-06	3.000000000000000e-06
1.382692e+07	2.214615891388481e-01	1.248779898655972e-01	3.000000000000000e-06	3.000000000000000e-06
1.407821e+07	2.225457252275564e-01	1.254900662552509e-01	3.000000000000000e-06	3.000000000000000e-06
1.433409e+07	2.236351725086396e-01	1.261051354177074e-01	3.000000000000000e-06	3.000000000000000e-06
1.459464e+07	2.247299569689196e-01	1.267232120255039e-01	3.000000000000000e-06	3.000000000000000e-06
1.485995e+07	2.258301047224903e-01	1.273443108228819e-01	3.000000000000000e-06	3.000000000000000e-06
1.513011e+07	2.269356420113401e-01	1.279684466261387e-01	3.000000000000000e-06	3.000000000000000e-06
1.540521e+07	2.280465952059777e-01	1.285956343239812e-01	3.000000000000000e-06	3.000000000000000e-06
1.568533e+07	2.291629908060608e-01	1.292258888778811e-01	3.000000000000000e-06	3.000000000000000e-06
1.597057e+07	2.302848554410273e-01	1.298592253224317e-01	3.000000000000000e-06	3.000000000000000e-06
1.626103e+07	2.314122158707310e-01	1.304956587657066e-01	3.000000000000000e-06	3.000000000000000e-06
1.655679e+07	2.325450989860788e-01	1.311352043896201e-01	3.000000000000000e-06	3.000000000000000e-06
1.685797e+07	2.336835318096720e-01	1.317778774502893e-01	3.000000000000000e-06	3.000000000000000e-06
1.716464e+07	2.348275414964506e-01	1.324236932783979e-01	3.000000000000000e-06	3.000000000000000e-06
1.747693e+07	2.359771553343405e-01	1.330726672795617e-01	3.000000000000000e-06	3.000000000000000e-06
1.779493e+07	2.371324007449039e-01	1.337248149346961e-01	3.000000000000000e-06	3.000000000000000e-06
1.811874e+07	2.382933052839935e-01	1.343801518003853e-01	3.000000000000000e-06	3.000000000000000e-06
1.844847e+07	2.394598966424087e-01	1.350386935092533e-01	3.000000000000000e-06	3.000000000000000e-06
1.878424e+07	2.406322026465563e-01	1.357004557703367e-01	3.000000000000000e-06	3.000000000000000e-06
1.912615e+07	2.418102512591136e-01	1.363654543694589e-01	3.000000000000000e-06	3.000000000000000e-06
1.947431e+07	2.429940705796949e-01	1.370337051696075e-01	3.000000000000000e-06	3.000000000000000e-06
1.982884e+07	2.441836888455215e-01	1.377052241113114e-01	3.000000000000000e-06	3.000000000000000e-06
2.018986e+07	2.453791344320950e-01	1.383800272130218e-01	3.000000000000000e-06	3.000000000000000e-06
2.055749e+07	2.465804358538735e-01	1.390581305714938e-01	3.000000000000000e-06	3.000000000000000e-06
2.093184e+07	2.477876217649513e-01	1.397395503621705e-01	3.000000000000000e-06	3.000000000000000e-06
2.131305e+07	2.490007209597422e-01	1.404243028395681e-01	3.000000000000000e-06	3.000000000000000e-06
2.170123e+07	2.502197623736659e-01	1.411124043376644e-01	3.000000000000000e-06	3.000000000000000e-06
2.209652e+07	2.514447750838376e-01	1.418038712702876e-01	3.000000000000000e-06	3.000000000000000e-06
2.249905e+07	2.526757883097614e-01	1.424987201315080e-01	3.000000000000000e-06	3.000000000000000e-06
2.290895e+07	2.539128314140265e-01	1.431969674960312e-01	3.000000000000000e-06	3.000000000000000e-06
2.332635e+07	2.551559339030079e-01	1.438986300195934e-01	3.000000000000000e-06	3.000000000000000e-06
2.375140e+07	2.564051254275687e-01	1.446037244393583e-01	3.000000000000000e-06	3.000000000000000e-06
2.418423e+07	2.576604357837681e-01	1.453122675743169e-01	3.000000000000000e-06	3.000000000000000e-06
2.462499e+07	2.589218949135708e-01	1.460242763256876e-01	3.000000000000000e-06	3.000000000000000e-06
2.507383e+07	2.601895329055613e-01	1.467397676773199e-01	3.000000000000000e-06	3.000000000000000e-06
2.553088e+07	2.614633799956612e-01	1.474587586960992e-01	3.000000000000000e-06	3.000000000000000e-06
2.599631e+07	2.627434665678493e-01	1.481812665323535e-01	3.000000000000000e-06	3.000000000000000e-06
2.647027e+07	2.640298231548870e-01	1.489073084202626e-01	3.000000000000000e-06	3.000000000000000e-06
2.695292e+07	2.653224804390452e-01	1.496369016782691e-01	3.000000000000000e-06	3.000000000000000e-06
2.744441e+07	2.666214692528364e-01	1.503700637094911e-01	3.000000000000000e-06	3.000000000000000e-06
2.794490e+07	2.679268205797492e-01	1.511068120021374e-01	3.000000000000000e-06	3.000000000000000e-06
2.845457e+07	2.692385655549873e-01	1.518471641299242e-01	3.000000000000000e-06	3.000000000000000e-06
2.897359e+07	2.705567354662116e-01	1.525911377524944e-01	3.000000000000000e-06	3.000000000000000e-06
2.950212e+07	2.718813617542860e-01	1.533387506158386e-01	3.000000000000000e-06	3.000000000000000e-06
3.004034e+07	2.732124760140268e-01	1.540900205527182e-01	3.000000000000000e-06	3.000000000000000e-06
3.058842e+07	2.745501099949563e-01	1.548449654830905e-01	3.000000000000000e-06	3.000000000000000e-06
3.114656e+07	2.758942956020592e-01	1.556036034145362e-01	3.000000000000000e-06	3.000000000000000e-06
3.171494e+07	2.772450648965434e-01	1.563659524426886e-01	3.000000000000000e-06	3.000000000000000e-06
3.229374e+07	2.786024500966044e-01	1.571320307516650e-01	3.000000000000000e-06	3.000000000000000e-06
3.288315e+07	2.799664835781931e-01	1.579018566145005e-01	3.000000000000000e-06	3.000000000000000e-06
3.348338e+07	2.813371978757880e-01	1.586754483935835e-01	3.000000000000000e-06	3.000000000000000e-06
3.409462e+07	2.827146256831700e-01	1.594528245410935e-01	3.000000000000000e-06	3.000000000000000e-06
3.471708e+07	2.840987998542027e-01	1.602340035994414e-01	3.000000000000000e-06	3.000000000000000e-06
3.535096e+07	2.854897534036150e-01	1.610190042017109e-01	3.000000000000000e-06	3.000000000000000e-06
3.599647e+07	2.868875195077886e-01	1.618078450721035e-01	3.000000000000000e-06	3.000000000000000e-06
3.665382e+07	2.882921315055482e-01	1.626005450263845e-01	3.000000000000000e-06	3.000000000000000e-06
3.732324e+07	2.897036228989568e-01	1.633971229723320e-01	3.000000000000000e-06	3.000000000000000e-06
3.800495e+07	2.911220273541144e-01	1.641975979101871e-01	3.000000000000000e-06	3.000000000000000e-06
3.869918e+07	2.925473787019601e-01	1.650019889331074e-01	3.000000000000000e-06	3.000000000000000e-06
3.940615e+07	2.939797109390789e-01	1.658103152276223e-01	3.000000000000000e-06	3.000000000000000e-06
4.012609e+07	2.954190582285121e-01	1.666225960740900e-01	3.000000000000000e-06	3.000000000000000e-06
4.085926e+07	2.968654549005719e-01	1.674388508471574e-01	3.000000000000000e-06	3.000000000000000e-06
4.160590e+07	2.983189354536591e-01	1.682590990162224e-01	3.000000000000000e-06	3.000000000000000e-06
4.236624e+07	2.997795345550864e-01	1.690833601458975e-01	3.000000000000000e-06	3.000000000000000e-06
4.314055e+07	3.012472870419041e-01	1.699116538964765e-01	3.000000000000000e-06	3.000000000000000e-06
4.392908e+07	3.027222279217312e-01	1.707440000244035e-01	3.000000000000000e-06	3.000000000000000e-06
4.473210e+07	3.042043923735892e-01	1.715804183827435e-01	3.000000000000000e-06	3.000000000000000e-06
4.554987e+07	3.056938157487414e-01	1.724209289216560e-01	3.000000000000000e-06	3.000000000000000e-06
4.638267e+07	3.071905335715351e-01	1.732655516888706e-01	3.000000000000000e-06	3.000000000000000e-06
4.723077e+07	3.086945815402490e-01	1.741143068301648e-01	3.000000000000000e-06	3.000000000000000e-06
4.809445e+07	3.102059955279436e-01	1.749672145898447e-01	3.000000000000000e-06	3.000000000000000e-06
4.897401e+07	3.117248115833168e-01	1.758242953112273e-01	3.000000000000000e-06	3.000000000000000e-06
4.986973e+07	3.132510659315630e-01	1.766855694371255e-01	3.000000000000000e-06	3.000000000000000e-06
5.078192e+07	3.147847949752370e-01	1.775510575103359e-01	3.000000000000000e-06	3.000000000000000e-06
5.171087e+07	3.163260352951213e-01	1.784207801741281e-01	3.000000000000000e-06	3.000000000000000e-06
5.265691e+07	3.178748236510984e-01	1.792947581727370e-01	3.000000000000000e-06	3.000000000000000e-06
5.362034e+07	3.194311969830272e-01	1.801730123518576e-01	3.000000000000000e-06	3.000000000000000e-06
5.460148e+07	3.209951924116235e-01	1.810555636591417e-01	3.000000000000000e-06	3.000000000000000e-06
5.560066e+07	3.225668472393446e-01	1.819424331446974e-01	3.000000000000000e-06	3.000000000000000e-06
5.661822e+07	3.241461989512793e-01	1.828336419615911e-01	3.000000000000000e-06	3.000000000000000e-06
5.765450e+07	3.257332852160406e-01	1.837292113663515e-01	3.000000000000000e-06	3.000000000000000e-06
5.870983e+07	3.273281438866641e-01	1.846291627194766e-01	3.000000000000000e-06	3.000000000000000e-06
5.978458e+07	3.289308130015106e-01	1.855335174859432e-01	3.000000000000000e-06	3.000000000000000e-06
6.087911e+07	3.305413307851722e-01	1.864422972357180e-01	3.000000000000000e-06	3.000000000000000e-06
6.199376e+07	3.321597356493844e-01	1.873555236442725e-01	3.000000000000000e-06	3.000000000000000e-06
6.312893e+07	3.337860661939409e-01	1.882732184930992e-01	3.000000000000000e-06	3.000000000000000e-06
6.428499e+07	3.354203612076143e-01	1.891954036702315e-01	3.000000000000000e-06	3.000000000000000e-06
6.546232e+07	3.370626596690807e-01	1.901221011707648e-01	3.000000000000000e-06	3.000000000000000e-06
6.666132e+07	3.387130007478486e-01	1.910533330973814e-01	3.000000000000000e-06	3.000000000000000e-06
6.788239e+07	3.403714238051931e-01	1.919891216608776e-01	3.000000000000000e-06	3.000000000000000e-06
6.912594e+07	3.420379683950939e-01	1.929294891806923e-01	3.000000000000000e-06	3.000000000000000e-06
7.039238e+07	3.437126742651781e-01	1.938744580854404e-01	3.000000000000000e-06	3.000000000000000e-06
7.168213e+07	3.453955813576680e-01	1.948240509134463e-01	3.000000000000000e-06	3.000000000000000e-06
7.299563e+07	3.470867298103333e-01	1.957782903132821e-01	3.000000000000000e-06	3.000000000000000e-06
7.433332e+07	3.487861599574474e-01	1.967371990443069e-01	3.000000000000000e-06	3.000000000000000e-06
7.569564e+07	3.504939123307495e-01	1.977007999772100e-01	3.000000000000000e-06	3.000000000000000e-06
7.708305e+07	3.522100276604107e-01	1.986691160945556e-01	3.000000000000000e-06	3.000000000000000e-06
7.849602e+07	3.539345468760044e-01	1.996421704913311e-01	3.000000000000000e-06	3.000000000000000e-06
7.993501e+07	3.556675111074827e-01	2.006199863754973e-01	3.000000000000000e-06	3.000000000000000e-06
8.140051e+07	3.574089616861568e-01	2.016025870685422e-01	3.000000000000000e-06	3.000000000000000e-06
8.289300e+07	3.591589401456815e-01	2.025899960060364e-01	3.000000000000000e-06	3.000000000000000e-06
8.441300e+07	3.609174882230461e-01	2.035822367381923e-01	3.000000000000000e-06	3.000000000000000e-06
8.596100e+07	3.626846478595692e-01	2.045793329304254e-01	3.000000000000000e-06	3.000000000000000e-06
8.753753e+07	3.644604612018980e-01	2.055813083639182e-01	3.000000000000000e-06	3.000000000000000e-06
8.914311e+07	3.662449706030138e-01	2.065881869361873e-01	3.000000000000000e-06	3.000000000000000e-06
9.077829e+07	3.680382186232410e-01	2.075999926616536e-01	3.000000000000000e-06	3.000000000000000e-06
9.244360e+07	3.698402480312618e-01	2.086167496722139e-01	3.000000000000000e-06	3.000000000000000e-06
9.413961e+07	3.716511018051359e-01	2.096384822178169e-01	3.000000000000000e-06	3.000000000000000e-06
9.586688e+07	3.734708231333248e-01	2.106652146670409e-01	3.000000000000000e-06	3.000000000000000e-06
9.762600e+07	3.752994554157216e-01	2.116969715076752e-01	3.000000000000000e-06	3.000000000000000e-06
9.941755e+07	3.771370422646853e-01	2.127337773473034e-01	3.000000000000000e-06	3.000000000000000e-06
1.000000e+08	3.777274915024235e-01	2.130669205148710e-01	3.000000000000000e-06	3.000000000000000e-06
1.018582e+08	3.796000255233612e-01	2.141234398525190e-01	3.000000000000000e-06	3.000000000000000e-06
1.037274e+08	3.814582502817846e-01	2.151718822414291e-01	3.000000000000000e-06	3.000000000000000e-06
1.056314e+08	3.833260034543430e-01	2.162256973962478e-01	3.000000000000000e-06	3.000000000000000e-06
1.075706e+08	3.852028948209147e-01	2.172846651514509e-01	3.000000000000000e-06	3.000000000000000e-06
1.095455e+08	3.870889770897993e-01	2.183488152485910e-01	3.000000000000000e-06	3.000000000000000e-06
1.115569e+08	3.889842950978568e-01	2.194181729871014e-01	3.000000000000000e-06	3.000000000000000e-06
1.136053e+08	3.908888940500932e-01	2.204927638735191e-01	3.000000000000000e-06	3.000000000000000e-06
1.156916e+08	3.928028193701184e-01	2.215726135373033e-01	3.000000000000000e-06	3.000000000000000e-06
1.178163e+08	3.947261167039641e-01	2.226577477331093e-01	3.000000000000000e-06	3.000000000000000e-06
1.199803e+08	3.966588319211162e-01	2.237481923414471e-01	3.000000000000000e-06	3.000000000000000e-06
1.221842e+08	3.986010111156069e-01	2.248439733693468e-01	3.000000000000000e-06	3.000000000000000e-06
1.244288e+08	4.005527006071140e-01	2.259451169510099e-01	3.000000000000000e-06	3.000000000000000e-06
1.267148e+08	4.025139469420655e-01	2.270516493484536e-01	3.000000000000000e-06	3.000000000000000e-06
1.290429e+08	4.044847968947503e-01	2.281635969521500e-01	3.000000000000000e-06	3.000000000000000e-06
1.314141e+08	4.064652974684332e-01	2.292809862816652e-01	3.000000000000000e-06	3.000000000000000e-06
1.338291e+08	4.084554958964762e-01	2.304038439862966e-01	3.000000000000000e-06	3.000000000000000e-06
1.362886e+08	4.104554396434650e-01	2.315321968457129e-01	3.000000000000000e-06	3.000000000000000e-06
1.387935e+08	4.124651764063400e-01	2.326660717705946e-01	3.000000000000000e-06	3.000000000000000e-06
1.413447e+08	4.144847541155341e-01	2.338054958032776e-01	3.000000000000000e-06	3.000000000000000e-06
1.439431e+08	4.165142209361151e-01	2.349504961183985e-01	3.000000000000000e-06	3.000000000000000e-06
1.465894e+08	4.185536252689339e-01	2.361011000235441e-01	3.000000000000000e-06	3.000000000000000e-06
1.492846e+08	4.206030157517783e-01	2.372573349599016e-01	3.000000000000000e-06	3.000000000000000e-06
1.520295e+08	4.226624412605328e-01	2.384192285029144e-01	3.000000000000000e-06	3.000000000000000e-06
1.548252e+08	4.247319509103432e-01	2.395868083629387e-01	3.000000000000000e-06	3.000000000000000e-06
1.576725e+08	4.268115940567877e-01	2.407601023859048e-01	3.000000000000000e-06	3.000000000000000e-06
1.605724e+08	4.289014202970535e-01	2.419391385539805e-01	3.000000000000000e-06	3.000000000000000e-06
1.635260e+08	4.310014794711189e-01	2.431239449862390e-01	3.000000000000000e-06	3.000000000000000e-06
1.665340e+08	4.331118216629416e-01	2.443145499393285e-01	3.000000000000000e-06	3.000000000000000e-06
1.695977e+08	4.352324972016522e-01	2.455109818081461e-01	3.000000000000000e-06	3.000000000000000e-06
1.727180e+08	4.373635566627547e-01	2.467132691265148e-01	3.000000000000000e-06	3.000000000000000e-06
1.758960e+08	4.395050508693312e-01	2.479214405678637e-01	3.000000000000000e-06	3.000000000000000e-06
1.791327e+08	4.416570308932539e-01	2.491355249459115e-01	3.000000000000000e-06	3.000000000000000e-06
1.824293e+08	4.438195480564026e-01	2.503555512153534e-01	3.000000000000000e-06	3.000000000000000e-06
1.857867e+08	4.459926539318877e-01	2.515815484725512e-01	3.000000000000000e-06	3.000000000000000e-06
1.892063e+08	4.481764003452802e-01	2.528135459562271e-01	3.000000000000000e-06	3.000000000000000e-06
1.926891e+08	4.503708393758465e-01	2.540515730481608e-01	3.000000000000000e-06	3.000000000000000e-06
1.962363e+08	4.525760233577902e-01	2.552956592738895e-01	3.000000000000000e-06	3.000000000000000e-06
1.998491e+08	4.547920048814995e-01	2.565458343034123e-01	3.000000000000000e-06	3.000000000000000e-06
2.035287e+08	4.570188367948007e-01	2.578021279518971e-01	3.000000000000000e-06	3.000000000000000e-06
2.072763e+08	4.592565722042184e-01	2.590645701803912e-01	3.000000000000000e-06	3.000000000000000e-06
2.110933e+08	4.615052644762410e-01	2.603331910965361e-01	3.000000000000000e-06	3.000000000000000e-06
2.149809e+08	4.637649672385929e-01	2.616080209552848e-01	3.000000000000000e-06	3.000000000000000e-06
2.189404e+08	4.660357343815131e-01	2.628890901596230e-01	3.000000000000000e-06	3.000000000000000e-06
2.229732e+08	4.683176200590397e-01	2.641764292612940e-01	3.000000000000000e-06	3.000000000000000e-06
2.270805e+08	4.706106786903003e-01	2.654700689615271e-01	3.000000000000000e-06	3.000000000000000e-06
2.312639e+08	4.729149649608104e-01	2.667700401117692e-01	3.000000000000000e-06	3.000000000000000e-06
2.355247e+08	4.752305338237755e-01	2.680763737144203e-01	3.000000000000000e-06	3.000000000000000e-06
2.398643e+08	4.775574405014024e-01	2.693891009235729e-01	3.000000000000000e-06	3.000000000000000e-06
2.442843e+08	4.798957404862144e-01	2.707082530457539e-01	3.000000000000000e-06	3.000000000000000e-06
2.487860e+08	4.822454895423751e-01	2.720338615406718e-01	3.000000000000000e-06	3.000000000000000e-06
2.533711e+08	4.846067437070168e-01	2.733659580219661e-01	3.000000000000000e-06	3.000000000000000e-06
2.580411e+08	4.869795592915772e-01	2.747045742579607e-01	3.000000000000000e-06	3.000000000000000e-06
2.627975e+08	4.893639928831409e-01	2.760497421724219e-01	3.000000000000000e-06	3.000000000000000e-06
2.676420e+08	4.917601013457885e-01	2.774014938453186e-01	3.000000000000000e-06	3.000000000000000e-06
2.725762e+08	4.941679418219524e-01	2.787598615135879e-01	3.000000000000000e-06	3.000000000000000e-06
2.776018e+08	4.965875717337790e-01	2.801248775719027e-01	3.000000000000000e-06	3.000000000000000e-06
2.827204e+08	4.990190487844965e-01	2.814965745734443e-01	3.000000000000000e-06	3.000000000000000e-06
2.879338e+08	5.014624309597919e-01	2.828749852306786e-01	3.000000000000000e-06	3.000000000000000e-06
2.932438e+08	5.039177765291921e-01	2.842601424161357e-01	3.000000000000000e-06	3.000000000000000e-06
2.986521e+08	5.063851440474531e-01	2.856520791631932e-01	3.000000000000000e-06	3.000000000000000e-06
3.041606e+08	5.088645923559562e-01	2.870508286668644e-01	3.000000000000000e-06	3.000000000000000e-06
3.097712e+08	5.113561805841099e-01	2.884564242845888e-01	3.000000000000000e-06	3.000000000000000e-06
3.154857e+08	5.138599681507606e-01	2.898688995370278e-01	3.000000000000000e-06	3.000000000000000e-06
3.213060e+08	5.163760147656073e-01	2.912882881088634e-01	3.000000000000000e-06	3.000000000000000e-06
3.272343e+08	5.189043804306267e-01	2.927146238496016e-01	3.000000000000000e-06	3.000000000000000e-06
3.332723e+08	5.214451254415020e-01	2.941479407743788e-01	3.000000000000000e-06	3.000000000000000e-06
3.394223e+08	5.239983103890610e-01	2.955882730647731e-01	3.000000000000000e-06	3.000000000000000e-06
3.456862e+08	5.265639961607201e-01	2.970356550696187e-01	3.000000000000000e-06	3.000000000000000e-06
3.520663e+08	5.291422439419362e-01	2.984901213058250e-01	3.000000000000000e-06	3.000000000000000e-06
3.585646e+08	5.317331152176641e-01	2.999517064591991e-01	3.000000000000000e-06	3.000000000000000e-06
3.651834e+08	5.343366717738236e-01	3.014204453852731e-01	3.000000000000000e-06	3.000000000000000e-06
3.719248e+08	5.369529756987709e-01	3.028963731101344e-01	3.000000000000000e-06	3.000000000000000e-06
3.787913e+08	5.395820893847794e-01	3.043795248312612e-01	3.000000000000000e-06	3.000000000000000e-06
3.857850e+08	5.422240755295270e-01	3.058699359183611e-01	3.000000000000000e-06	3.000000000000000e-06
3.929084e+08	5.448789971375900e-01	3.073676419142143e-01	3.000000000000000e-06	3.000000000000000e-06
4.001640e+08	5.475469175219458e-01	3.088726785355211e-01	3.000000000000000e-06	3.000000000000000e-06
4.075540e+08	5.502279003054813e-01	3.103850816737530e-01	3.000000000000000e-06	3.000000000000000e-06
4.150812e+08	5.529220094225101e-01	3.119048873960084e-01	3.000000000000000e-06	3.000000000000000e-06
4.227479e+08	5.556293091202960e-01	3.134321319458722e-01	3.000000000000000e-06	3.000000000000000e-06
4.305569e+08	5.583498639605848e-01	3.149668517442801e-01	3.000000000000000e-06	3.000000000000000e-06
4.385107e+08	5.610837388211434e-01	3.165090833903866e-01	3.000000000000000e-06	3.000000000000000e-06
4.466120e+08	5.638309988973057e-01	3.180588636624371e-01	3.000000000000000e-06	3.000000000000000e-06
4.548637e+08	5.665917097035270e-01	3.196162295186450e-01	3.000000000000000e-06	3.000000000000000e-06
4.632684e+08	5.693659370749463e-01	3.211812180980728e-01	3.000000000000000e-06	3.000000000000000e-06
4.718291e+08	5.721537471689542e-01	3.227538667215169e-01	3.000000000000000e-06	3.000000000000000e-06
4.805487e+08	5.749552064667711e-01	3.243342128923974e-01	3.000000000000000e-06	3.000000000000000e-06
4.894301e+08	5.777703817750317e-01	3.259222942976526e-01	3.000000000000000e-06	3.000000000000000e-06
4.984763e+08	5.805993402273767e-01	3.275181488086366e-01	3.000000000000000e-06	3.000000000000000e-06
5.076903e+08	5.834421492860541e-01	3.291218144820223e-01	3.000000000000000e-06	3.000000000000000e-06
5.170755e+08	5.862988767435267e-01	3.307333295607088e-01	3.000000000000000e-06	3.000000000000000e-06
5.266348e+08	5.891695907240880e-01	3.323527324747331e-01	3.000000000000000e-06	3.000000000000000e-06
5.363716e+08	5.920543596854864e-01	3.339800618421854e-01	3.000000000000000e-06	3.000000000000000e-06
5.462891e+08	5.949532524205569e-01	3.356153564701304e-01	3.000000000000000e-06	3.000000000000000e-06
5.563908e+08	5.978663380588607e-01	3.372586553555320e-01	3.000000000000000e-06	3.000000000000000e-06
5.666801e+08	6.007936860683335e-01	3.389099976861832e-01	3.000000000000000e-06	3.000000000000000e-06
5.771604e+08	6.037353662569406e-01	3.405694228416398e-01	3.000000000000000e-06	3.000000000000000e-06
5.878353e+08	6.066914487743419e-01	3.422369703941595e-01	3.000000000000000e-06	3.000000000000000e-06
5.987085e+08	6.096620041135631e-01	3.439126801096445e-01	3.000000000000000e-06	3.000000000000000e-06
6.097836e+08	6.126471031126769e-01	3.455965919485905e-01	3.000000000000000e-06	3.000000000000000e-06
6.210644e+08	6.156468169564905e-01	3.472887460670382e-01	3.000000000000000e-06	3.000000000000000e-06
6.325547e+08	6.186612171782437e-01	3.489891828175311e-01	3.000000000000000e-06	3.000000000000000e-06
6.442585e+08	6.216903756613130e-01	3.506979427500770e-01	3.000000000000000e-06	3.000000000000000e-06
6.561798e+08	6.247343646409252e-01	3.524150666131152e-01	3.000000000000000e-06	3.000000000000000e-06
6.683225e+08	6.277932567058799e-01	3.541405953544869e-01	3.000000000000000e-06	3.000000000000000e-06
6.806908e+08	6.308671248002791e-01	3.558745701224121e-01	3.000000000000000e-06	3.000000000000000e-06
6.932890e+08	6.339560422252660e-01	3.576170322664702e-01	3.000000000000000e-06	3.000000000000000e-06
7.061212e+08	6.370600826407725e-01	3.593680233385853e-01	3.000000000000000e-06	3.000000000000000e-06
7.191919e+08	6.401793200672752e-01	3.611275850940170e-01	3.000000000000000e-06	3.000000000000000e-06
7.325055e+08	6.433138288875594e-01	3.628957594923558e-01	3.000000000000000e-06	3.000000000000000e-06
7.460666e+08	6.464636838484921e-01	3.646725886985231e-01	3.000000000000000e-06	3.000000000000000e-06
7.598797e+08	6.496289600628038e-01	3.664581150837762e-01	3.000000000000000e-06	3.000000000000000e-06
7.739496e+08	6.528097330108794e-01	3.682523812267185e-01	3.000000000000000e-06	3.000000000000000e-06
7.882811e+08	6.560060785425568e-01	3.700554299143143e-01	3.000000000000000e-06	3.000000000000000e-06
8.028790e+08	6.592180728789349e-01	3.718673041429090e-01	3.000000000000000e-06	3.000000000000000e-06
8.177483e+08	6.624457926141908e-01	3.736880471192533e-01	3.000000000000000e-06	3.000000000000000e-06
8.328940e+08	6.656893147174054e-01	3.755177022615338e-01	3.000000000000000e-06	3.000000000000000e-06
8.483214e+08	6.689487165343982e-01	3.773563132004077e-01	3.000000000000000e-06	3.000000000000000e-06
8.640357e+08	6.722240757895706e-01	3.792039237800429e-01	3.000000000000000e-06	3.000000000000000e-06
8.800422e+08	6.755154705877585e-01	3.810605780591628e-01	3.000000000000000e-06	3.000000000000000e-06
8.963464e+08	6.788229794160950e-01	3.829263203120967e-01	3.000000000000000e-06	3.000000000000000e-06
9.129538e+08	6.821466811458801e-01	3.848011950298355e-01	3.000000000000000e-06	3.000000000000000e-06
9.298701e+08	6.854866550344614e-01	3.866852469210914e-01	3.000000000000000e-06	3.000000000000000e-06
9.471011e+08	6.888429807271227e-01	3.885785209133646e-01	3.000000000000000e-06	3.000000000000000e-06
9.646527e+08	6.922157382589835e-01	3.904810621540135e-01	3.000000000000000e-06	3.000000000000000e-06
9.825308e+08	6.956050080569057e-01	3.923929160113307e-01	3.000000000000000e-06	3.000000000000000e-06
1.000000e+09	6.988725250347938e-01	3.942360885747498e-01	3.000000000000000e-06	3.000000000000000e-06
