#t[yr]	ecc	inc	eachmass	totalmass
0.000000e+00	1.000000000000000e-01	5.000000000000000e-02	3.000000000000000e-06	3.000000000000000e-05
1.000000e-03	1.000000009448504e-01	5.000000070714469e-02	3.000000000000000e-06	3.000000000000000e-05
1.000000e-02	1.000000094485073e-01	5.000000707144776e-02	3.000000000000000e-06	3.000000000000000e-05
1.000000e-01	1.000000944853834e-01	5.000007071455363e-02	3.000000000000000e-06	3.000000000000000e-05
1.000000e+00	1.000009448848315e-01	5.000070715313143e-02	3.000000000000000e-06	3.000000000000000e-05
1.000000e+01	1.000094519467843e-01	5.000707229028964e-02	3.000000000000000e-06	3.000000000000000e-05
6.295985e+01	1.000596997042191e-01	5.004458120409817e-02	3.000000000000000e-06	3.000000000000000e-05
1.000000e+02	1.000956472114810e-01	5.007107962403022e-02	3.000000000000000e-06	3.000000000000000e-05
1.555849e+02	1.001503780822244e-01	5.011109472608915e-02	3.000000000000000e-06	3.000000000000000e-05
2.127513e+02	1.002078269405247e-01	5.015261843298532e-02	3.000000000000000e-06	3.000000000000000e-05
2.723294e+02	1.002688617917061e-01	5.019625884181164e-02	3.000000000000000e-06	3.000000000000000e-05
3.344179e+02	1.003336467175399e-01	5.024210209258505e-02	3.000000000000000e-06	3.000000000000000e-05
3.991548e+02	1.004023875572979e-01	5.029026272473648e-02	3.000000000000000e-06	3.000000000000000e-05
4.666855e+02	1.004753003008458e-01	5.034086050734852e-02	3.000000000000000e-06	3.000000000000000e-05
5.371644e+02	1.005526130161066e-01	5.039402171967305e-02	3.000000000000000e-06	3.000000000000000e-05
6.107556e+02	1.006345662984710e-01	5.044987936617599e-02	3.000000000000000e-06	3.000000000000000e-05
6.876337e+02	1.007214137585674e-01	5.050857342062849e-02	3.000000000000000e-06	3.000000000000000e-05
7.679837e+02	1.008134224672281e-01	5.057025104338375e-02	3.000000000000000e-06	3.000000000000000e-05
8.520023e+02	1.009108733440301e-01	5.063506676458239e-02	3.000000000000000e-06	3.000000000000000e-05
9.398978e+02	1.010140614693637e-01	5.070318262201354e-02	3.000000000000000e-06	3.000000000000000e-05
1.000000e+03	1.010854413757569e-01	5.074996318687019e-02	3.000000000000000e-06	3.000000000000000e-05
1.096325e+03	1.012006250933950e-01	5.082510109600261e-02	3.000000000000000e-06	3.000000000000000e-05
1.195612e+03	1.013205902136623e-01	5.090281772645641e-02	3.000000000000000e-06	3.000000000000000e-05
1.299726e+03	1.014475876418148e-01	5.098455188477968e-02	3.000000000000000e-06	3.000000000000000e-05
1.408858e+03	1.015818850710160e-01	5.107043913530873e-02	3.000000000000000e-06	3.000000000000000e-05
1.523296e+03	1.017238618526664e-01	5.116068591264911e-02	3.000000000000000e-06	3.000000000000000e-05
1.643339e+03	1.018739045404641e-01	5.125550153654353e-02	3.000000000000000e-06	3.000000000000000e-05
1.769298e+03	1.020324106709548e-01	5.135510072864737e-02	3.000000000000000e-06	3.000000000000000e-05
1.901499e+03	1.021997867206170e-01	5.145970240139622e-02	3.000000000000000e-06	3.000000000000000e-05
2.040282e+03	1.023764458680210e-01	5.156952836349109e-02	3.000000000000000e-06	3.000000000000000e-05
2.185996e+03	1.025628052291359e-01	5.168480173446048e-02	3.000000000000000e-06	3.000000000000000e-05
2.339003e+03	1.027592825413499e-01	5.180574505784032e-02	3.000000000000000e-06	3.000000000000000e-05
2.499672e+03	1.029662922693052e-01	5.193257810022925e-02	3.000000000000000e-06	3.000000000000000e-05
2.668381e+03	1.031842411247884e-01	5.206551533448334e-02	3.000000000000000e-06	3.000000000000000e-05
2.845511e+03	1.034135230174996e-01	5.220476311923146e-02	3.000000000000000e-06	3.000000000000000e-05
3.031444e+03	1.036545134845963e-01	5.235051660432220e-02	3.000000000000000e-06	3.000000000000000e-05
3.226561e+03	1.039075636839616e-01	5.250295641242959e-02	3.000000000000000e-06	3.000000000000000e-05
3.431236e+03	1.041729940778787e-01	5.266224517006973e-02	3.000000000000000e-06	3.000000000000000e-05
3.645835e+03	1.044510879778529e-01	5.282852398536478e-02	3.000000000000000e-06	3.000000000000000e-05
3.870708e+03	1.047420851642459e-01	5.300190899307219e-02	3.000000000000000e-06	3.000000000000000e-05
4.106187e+03	1.050461758316789e-01	5.318248810716525e-02	3.000000000000000e-06	3.000000000000000e-05
4.352583e+03	1.053634951376321e-01	5.337031813473150e-02	3.000000000000000e-06	3.000000000000000e-05
4.610178e+03	1.056941186419853e-01	5.356542240924202e-02	3.000000000000000e-06	3.000000000000000e-05
4.879225e+03	1.060380589147761e-01	5.376778909385296e-02	3.000000000000000e-06	3.000000000000000e-05
5.159944e+03	1.063952635551998e-01	5.397737028479770e-02	3.000000000000000e-06	3.000000000000000e-05
5.452520e+03	1.067656148063822e-01	5.419408201101816e-02	3.000000000000000e-06	3.000000000000000e-05
5.757101e+03	1.071489308704403e-01	5.441780518064405e-02	3.000000000000000e-06	3.000000000000000e-05
6.073800e+03	1.075449689328305e-01	5.464838747125934e-02	3.000000000000000e-06	3.000000000000000e-05
6.402694e+03	1.079534298028116e-01	5.488564610410540e-02	3.000000000000000e-06	3.000000000000000e-05
6.743826e+03	1.083739639784883e-01	5.512937138832932e-02	3.000000000000000e-06	3.000000000000000e-05
7.097210e+03	1.088061788609172e-01	5.537933087591192e-02	3.000000000000000e-06	3.000000000000000e-05
7.462831e+03	1.092496467810077e-01	5.563527393581975e-02	3.000000000000000e-06	3.000000000000000e-05
7.840653e+03	1.097039134711919e-01	5.589693654023593e-02	3.000000000000000e-06	3.000000000000000e-05
8.230621e+03	1.101685066128354e-01	5.616404605721595e-02	3.000000000000000e-06	3.000000000000000e-05
8.632666e+03	1.106429441178507e-01	5.643632586132185e-02	3.000000000000000e-06	3.000000000000000e-05
9.046710e+03	1.111267418533574e-01	5.671349960342952e-02	3.000000000000000e-06	3.000000000000000e-05
9.472673e+03	1.116194205837912e-01	5.699529501857373e-02	3.000000000000000e-06	3.000000000000000e-05
9.910470e+03	1.121205119772203e-01	5.728144719168257e-02	3.000000000000000e-06	3.000000000000000e-05
1.000000e+04	1.122220753086912e-01	5.733936934368313e-02	3.000000000000000e-06	3.000000000000000e-05
1.046124e+04	1.127431867913021e-01	5.763641046806941e-02	3.000000000000000e-06	3.000000000000000e-05
1.092477e+04	1.132610653418198e-01	5.793117070967639e-02	3.000000000000000e-06	3.000000000000000e-05
1.140016e+04	1.137862528612377e-01	5.822967091013018e-02	3.000000000000000e-06	3.000000000000000e-05
1.188709e+04	1.143180880801442e-01	5.853153932929341e-02	3.000000000000000e-06	3.000000000000000e-05
1.238555e+04	1.148562246814878e-01	5.883658406521135e-02	3.000000000000000e-06	3.000000000000000e-05
1.289549e+04	1.154003357309225e-01	5.914462454342933e-02	3.000000000000000e-06	3.000000000000000e-05
1.341692e+04	1.159501208498275e-01	5.945549550382153e-02	3.000000000000000e-06	3.000000000000000e-05
1.394984e+04	1.165053054038596e-01	5.976904645834551e-02	3.000000000000000e-06	3.000000000000000e-05
1.449426e+04	1.170656395379426e-01	6.008514107395966e-02	3.000000000000000e-06	3.000000000000000e-05
1.505022e+04	1.176308969656349e-01	6.040365642747614e-02	3.000000000000000e-06	3.000000000000000e-05
1.561777e+04	1.182008735977987e-01	6.072448217949430e-02	3.000000000000000e-06	3.000000000000000e-05
1.619696e+04	1.187753860772072e-01	6.104751970409853e-02	3.000000000000000e-06	3.000000000000000e-05
1.678789e+04	1.193542702727687e-01	6.137268120364067e-02	3.000000000000000e-06	3.000000000000000e-05
1.739063e+04	1.199373797752472e-01	6.169988883126806e-02	3.000000000000000e-06	3.000000000000000e-05
1.800528e+04	1.205245844260738e-01	6.202907383809390e-02	3.000000000000000e-06	3.000000000000000e-05
1.863147e+04	1.211153024868649e-01	6.235991459008309e-02	3.000000000000000e-06	3.000000000000000e-05
1.926871e+04	1.217088930806701e-01	6.269205729341608e-02	3.000000000000000e-06	3.000000000000000e-05
1.991723e+04	1.223053830866848e-01	6.302552237879798e-02	3.000000000000000e-06	3.000000000000000e-05
2.057724e+04	1.229047876203476e-01	6.336032334828912e-02	3.000000000000000e-06	3.000000000000000e-05
2.124896e+04	1.235071219459411e-01	6.369647348561287e-02	3.000000000000000e-06	3.000000000000000e-05
2.193259e+04	1.241124012838948e-01	6.403398577807856e-02	3.000000000000000e-06	3.000000000000000e-05
2.262836e+04	1.247206408281686e-01	6.437287295240378e-02	3.000000000000000e-06	3.000000000000000e-05
2.333649e+04	1.253318557581836e-01	6.471314750427484e-02	3.000000000000000e-06	3.000000000000000e-05
2.405721e+04	1.259460612493297e-01	6.505482172433799e-02	3.000000000000000e-06	3.000000000000000e-05
2.479074e+04	1.265632724821936e-01	6.539790772107251e-02	3.000000000000000e-06	3.000000000000000e-05
2.553732e+04	1.271835046506807e-01	6.574241744096276e-02	3.000000000000000e-06	3.000000000000000e-05
2.629719e+04	1.278067729691820e-01	6.608836268632533e-02	3.000000000000000e-06	3.000000000000000e-05
2.707058e+04	1.284330926789115e-01	6.643575513109604e-02	3.000000000000000e-06	3.000000000000000e-05
2.785775e+04	1.290624790535225e-01	6.678460633483961e-02	3.000000000000000e-06	3.000000000000000e-05
2.865893e+04	1.296949474040957e-01	6.713492775520714e-02	3.000000000000000e-06	3.000000000000000e-05
2.947439e+04	1.303305130835793e-01	6.748673075903691e-02	3.000000000000000e-06	3.000000000000000e-05
3.030438e+04	1.309691914907503e-01	6.784002663226663e-02	3.000000000000000e-06	3.000000000000000e-05
3.114915e+04	1.316109980737550e-01	6.819482658880345e-02	3.000000000000000e-06	3.000000000000000e-05
3.200899e+04	1.322559483332827e-01	6.855114177847862e-02	3.000000000000000e-06	3.000000000000000e-05
3.288415e+04	1.329040578254153e-01	6.890898329419674e-02	3.000000000000000e-06	3.000000000000000e-05
3.377491e+04	1.335553421641933e-01	6.926836217837605e-02	3.000000000000000e-06	3.000000000000000e-05
3.468155e+04	1.342098170239320e-01	6.962928942876322e-02	3.000000000000000e-06	3.000000000000000e-05
3.560436e+04	1.348674981413174e-01	6.999177600369610e-02	3.000000000000000e-06	3.000000000000000e-05
3.654362e+04	1.355284013173074e-01	7.035583282687834e-02	3.000000000000000e-06	3.000000000000000e-05
3.749964e+04	1.361925424188630e-01	7.072147079172181e-02	3.000000000000000e-06	3.000000000000000e-05
3.847270e+04	1.368599373805273e-01	7.108870076530648e-02	3.000000000000000e-06	3.000000000000000e-05
3.946312e+04	1.375306022058719e-01	7.145753359200041e-02	3.000000000000000e-06	3.000000000000000e-05
4.047121e+04	1.382045529688243e-01	7.182798009677821e-02	3.000000000000000e-06	3.000000000000000e-05
4.149727e+04	1.388818058148923e-01	7.220005108827118e-02	3.000000000000000e-06	3.000000000000000e-05
4.254164e+04	1.395623769622954e-01	7.257375736157859e-02	3.000000000000000e-06	3.000000000000000e-05
4.360464e+04	1.402462827030150e-01	7.294910970086621e-02	3.000000000000000e-06	3.000000000000000e-05
4.468661e+04	1.409335394037725e-01	7.332611888177473e-02	3.000000000000000e-06	3.000000000000000e-05
4.578787e+04	1.416241635069440e-01	7.370479567365848e-02	3.000000000000000e-06	3.000000000000000e-05
4.690879e+04	1.423181715314178e-01	7.408515084167230e-02	3.000000000000000e-06	3.000000000000000e-05
4.804970e+04	1.430155800734033e-01	7.446719514872235e-02	3.000000000000000e-06	3.000000000000000e-05
4.921096e+04	1.437164058071949e-01	7.485093935729492e-02	3.000000000000000e-06	3.000000000000000e-05
5.039295e+04	1.444206654858974e-01	7.523639423117563e-02	3.000000000000000e-06	3.000000000000000e-05
5.159603e+04	1.451283759421173e-01	7.562357053707004e-02	3.000000000000000e-06	3.000000000000000e-05
5.282057e+04	1.458395540886234e-01	7.601247904613549e-02	3.000000000000000e-06	3.000000000000000e-05
5.406697e+04	1.465542169189807e-01	7.640313053543275e-02	3.000000000000000e-06	3.000000000000000e-05
5.533561e+04	1.472723815081613e-01	7.679553578930547e-02	3.000000000000000e-06	3.000000000000000e-05
5.662688e+04	1.479940650131343e-01	7.718970560069388e-02	3.000000000000000e-06	3.000000000000000e-05
5.794120e+04	1.487192846734373e-01	7.758565077238934e-02	3.000000000000000e-06	3.000000000000000e-05
5.927897e+04	1.494480578117325e-01	7.798338211823483e-02	3.000000000000000e-06	3.000000000000000e-05
6.064062e+04	1.501804018343482e-01	7.838291046427640e-02	3.000000000000000e-06	3.000000000000000e-05
6.202657e+04	1.509163342318091e-01	7.878424664986997e-02	3.000000000000000e-06	3.000000000000000e-05
6.343725e+04	1.516558725793549e-01	7.918740152874727e-02	3.000000000000000e-06	3.000000000000000e-05
6.487311e+04	1.523990345374506e-01	7.959238597004449e-02	3.000000000000000e-06	3.000000000000000e-05
6.633460e+04	1.531458378522886e-01	7.999921085929655e-02	3.000000000000000e-06	3.000000000000000e-05
6.782217e+04	1.538963003562834e-01	8.040788709940012e-02	3.000000000000000e-06	3.000000000000000e-05
6.933629e+04	1.546504399685616e-01	8.081842561154760e-02	3.000000000000000e-06	3.000000000000000e-05
7.087744e+04	1.554082746954460e-01	8.123083733613437e-02	3.000000000000000e-06	3.000000000000000e-05
7.244611e+04	1.561698226309360e-01	8.164513323364141e-02	3.000000000000000e-06	3.000000000000000e-05
7.404277e+04	1.569351019571839e-01	8.206132428549510e-02	3.000000000000000e-06	3.000000000000000e-05
7.566794e+04	1.577041309449696e-01	8.247942149490578e-02	3.000000000000000e-06	3.000000000000000e-05
7.732211e+04	1.584769279541719e-01	8.289943588768652e-02	3.000000000000000e-06	3.000000000000000e-05
7.900582e+04	1.592535114342380e-01	8.332137851305352e-02	3.000000000000000e-06	3.000000000000000e-05
8.071959e+04	1.600338999246528e-01	8.374526044440946e-02	3.000000000000000e-06	3.000000000000000e-05
8.246396e+04	1.608181120554057e-01	8.417109278011053e-02	3.000000000000000e-06	3.000000000000000e-05
8.423947e+04	1.616061665474581e-01	8.459888664421863e-02	3.000000000000000e-06	3.000000000000000e-05
8.604668e+04	1.623980822132098e-01	8.502865318723909e-02	3.000000000000000e-06	3.000000000000000e-05
8.788616e+04	1.631938779569659e-01	8.546040358684538e-02	3.000000000000000e-06	3.000000000000000e-05
8.975849e+04	1.639935727754034e-01	8.589414904859093e-02	3.000000000000000e-06	3.000000000000000e-05
9.166425e+04	1.647971857580391e-01	8.632990080660920e-02	3.000000000000000e-06	3.000000000000000e-05
9.360405e+04	1.656047360876972e-01	8.676767012430249e-02	3.000000000000000e-06	3.000000000000000e-05
9.557849e+04	1.664162430409785e-01	8.720746829501994e-02	3.000000000000000e-06	3.000000000000000e-05
9.758819e+04	1.672317259887305e-01	8.764930664272548e-02	3.000000000000000e-06	3.000000000000000e-05
9.963378e+04	1.680512043965180e-01	8.809319652265613e-02	3.000000000000000e-06	3.000000000000000e-05
1.000000e+05	1.681963396897093e-01	8.817179799425591e-02	3.000000000000000e-06	3.000000000000000e-05
1.021193e+05	1.690326170941591e-01	8.862465345760703e-02	3.000000000000000e-06	3.000000000000000e-05
1.042453e+05	1.698607051941389e-01	8.907296289272064e-02	3.000000000000000e-06	3.000000000000000e-05
1.064098e+05	1.706930679725781e-01	8.952347751822332e-02	3.000000000000000e-06	3.000000000000000e-05
1.086129e+05	1.715295049988409e-01	8.997608954421130e-02	3.000000000000000e-06	3.000000000000000e-05
1.108554e+05	1.723700401382175e-01	9.043081260989042e-02	3.000000000000000e-06	3.000000000000000e-05
1.131380e+05	1.732146933841624e-01	9.088765824083428e-02	3.000000000000000e-06	3.000000000000000e-05
1.154613e+05	1.740634848985677e-01	9.134663803642215e-02	3.000000000000000e-06	3.000000000000000e-05
1.178262e+05	1.749164349407186e-01	9.180776363171961e-02	3.000000000000000e-06	3.000000000000000e-05
1.202333e+05	1.757735638690455e-01	9.227104669874960e-02	3.000000000000000e-06	3.000000000000000e-05
1.226834e+05	1.766348921415905e-01	9.273649894706011e-02	3.000000000000000e-06	3.000000000000000e-05
1.251773e+05	1.775004403164973e-01	9.320413212429836e-02	3.000000000000000e-06	3.000000000000000e-05
1.277158e+05	1.783702290525045e-01	9.367395801677922e-02	3.000000000000000e-06	3.000000000000000e-05
1.302996e+05	1.792442791094398e-01	9.414598845004823e-02	3.000000000000000e-06	3.000000000000000e-05
1.329296e+05	1.801226113487174e-01	9.462023528943933e-02	3.000000000000000e-06	3.000000000000000e-05
1.356067e+05	1.810052467338372e-01	9.509671044062755e-02	3.000000000000000e-06	3.000000000000000e-05
1.383315e+05	1.818922063308864e-01	9.557542585017673e-02	3.000000000000000e-06	3.000000000000000e-05
1.411051e+05	1.827835113090434e-01	9.605639350608255e-02	3.000000000000000e-06	3.000000000000000e-05
1.439283e+05	1.836791829410839e-01	9.653962543831092e-02	3.000000000000000e-06	3.000000000000000e-05
1.468019e+05	1.845792426038901e-01	9.702513371933186e-02	3.000000000000000e-06	3.000000000000000e-05
1.497269e+05	1.854837117789611e-01	9.751293046464912e-02	3.000000000000000e-06	3.000000000000000e-05
1.527042e+05	1.863926120529265e-01	9.800302783332572e-02	3.000000000000000e-06	3.000000000000000e-05
1.557348e+05	1.873059651180627e-01	9.849543802850519e-02	3.000000000000000e-06	3.000000000000000e-05
1.588195e+05	1.882237927728108e-01	9.899017329792917e-02	3.000000000000000e-06	3.000000000000000e-05
1.619594e+05	1.891461169222973e-01	9.948724593445117e-02	3.000000000000000e-06	3.000000000000000e-05
1.651554e+05	1.900729595788580e-01	9.998666827654652e-02	3.000000000000000e-06	3.000000000000000e-05
1.684086e+05	1.910043428625630e-01	1.004884527088190e-01	3.000000000000000e-06	3.000000000000000e-05
1.717200e+05	1.919402890017458e-01	1.009926116625041e-01	3.000000000000000e-06	3.000000000000000e-05
1.750907e+05	1.928808203335336e-01	1.014991576159686e-01	3.000000000000000e-06	3.000000000000000e-05
1.785216e+05	1.938259593043809e-01	1.020081030952073e-01	3.000000000000000e-06	3.000000000000000e-05
1.820139e+05	1.947757284706056e-01	1.025194606743369e-01	3.000000000000000e-06	3.000000000000000e-05
1.855687e+05	1.957301504989276e-01	1.030332429760862e-01	3.000000000000000e-06	3.000000000000000e-05
1.891871e+05	1.966892481670096e-01	1.035494626722840e-01	3.000000000000000e-06	3.000000000000000e-05
1.928702e+05	1.976530443640014e-01	1.040681324843443e-01	3.000000000000000e-06	3.000000000000000e-05
1.966192e+05	1.986215620910862e-01	1.045892651837484e-01	3.000000000000000e-06	3.000000000000000e-05
2.004353e+05	1.995948244620295e-01	1.051128735925246e-01	3.000000000000000e-06	3.000000000000000e-05
2.043198e+05	2.005728547037310e-01	1.056389705837257e-01	3.000000000000000e-06	3.000000000000000e-05
2.082737e+05	2.015556761567792e-01	1.061675690819038e-01	3.000000000000000e-06	3.000000000000000e-05
2.122984e+05	2.025433122760084e-01	1.066986820635828e-01	3.000000000000000e-06	3.000000000000000e-05
2.163952e+05	2.035357866310581e-01	1.072323225577289e-01	3.000000000000000e-06	3.000000000000000e-05
2.205653e+05	2.045331229069366e-01	1.077685036462189e-01	3.000000000000000e-06	3.000000000000000e-05
2.248100e+05	2.055353449045854e-01	1.083072384643064e-01	3.000000000000000e-06	3.000000000000000e-05
2.291308e+05	2.065424765414476e-01	1.088485402010859e-01	3.000000000000000e-06	3.000000000000000e-05
2.335289e+05	2.075545418520385e-01	1.093924220999557e-01	3.000000000000000e-06	3.000000000000000e-05
2.380058e+05	2.085715649885198e-01	1.099388974590778e-01	3.000000000000000e-06	3.000000000000000e-05
2.425629e+05	2.095935702212754e-01	1.104879796318373e-01	3.000000000000000e-06	3.000000000000000e-05
2.472015e+05	2.106205819394907e-01	1.110396820272995e-01	3.000000000000000e-06	3.000000000000000e-05
2.519233e+05	2.116526246517348e-01	1.115940181106655e-01	3.000000000000000e-06	3.000000000000000e-05
2.567296e+05	2.126897229865455e-01	1.121510014037264e-01	3.000000000000000e-06	3.000000000000000e-05
2.616221e+05	2.137319016930168e-01	1.127106454853160e-01	3.000000000000000e-06	3.000000000000000e-05
2.666021e+05	2.147791856413892e-01	1.132729639917624e-01	3.000000000000000e-06	3.000000000000000e-05
2.716714e+05	2.158315998236440e-01	1.138379706173376e-01	3.000000000000000e-06	3.000000000000000e-05
2.768316e+05	2.168891693540989e-01	1.144056791147066e-01	3.000000000000000e-06	3.000000000000000e-05
2.820842e+05	2.179519194700075e-01	1.149761032953754e-01	3.000000000000000e-06	3.000000000000000e-05
2.874309e+05	2.190198755321618e-01	1.155492570301371e-01	3.000000000000000e-06	3.000000000000000e-05
2.928735e+05	2.200930630254969e-01	1.161251542495176e-01	3.000000000000000e-06	3.000000000000000e-05
2.984136e+05	2.211715075596994e-01	1.167038089442203e-01	3.000000000000000e-06	3.000000000000000e-05
3.040530e+05	2.222552348698183e-01	1.172852351655699e-01	3.000000000000000e-06	3.000000000000000e-05
3.097935e+05	2.233442708168791e-01	1.178694470259545e-01	3.000000000000000e-06	3.000000000000000e-05
3.156370e+05	2.244386413885009e-01	1.184564586992688e-01	3.000000000000000e-06	3.000000000000000e-05
3.215852e+05	2.255383726995165e-01	1.190462844213543e-01	3.000000000000000e-06	3.000000000000000e-05
3.276400e+05	2.266434909925951e-01	1.196389384904404e-01	3.000000000000000e-06	3.000000000000000e-05
3.338035e+05	2.277540226388688e-01	1.202344352675845e-01	3.000000000000000e-06	3.000000000000000e-05
3.400774e+05	2.288699941385620e-01	1.208327891771111e-01	3.000000000000000e-06	3.000000000000000e-05
3.464639e+05	2.299914321216230e-01	1.214340147070509e-01	3.000000000000000e-06	3.000000000000000e-05
3.529650e+05	2.311183633483597e-01	1.220381264095792e-01	3.000000000000000e-06	3.000000000000000e-05
3.595827e+05	2.322508147100782e-01	1.226451389014537e-01	3.000000000000000e-06	3.000000000000000e-05
3.663191e+05	2.333888132297241e-01	1.232550668644525e-01	3.000000000000000e-06	3.000000000000000e-05
3.731763e+05	2.345323860625273e-01	1.238679250458114e-01	3.000000000000000e-06	3.000000000000000e-05
3.801566e+05	2.356815604966499e-01	1.244837282586606e-01	3.000000000000000e-06	3.000000000000000e-05
3.872622e+05	2.368363639538370e-01	1.251024913824620e-01	3.000000000000000e-06	3.000000000000000e-05
3.944952e+05	2.379968239900712e-01	1.257242293634458e-01	3.000000000000000e-06	3.000000000000000e-05
4.018581e+05	2.391629682962295e-01	1.263489572150469e-01	3.000000000000000e-06	3.000000000000000e-05
4.093532e+05	2.403348246987447e-01	1.269766900183414e-01	3.000000000000000e-06	3.000000000000000e-05
4.169828e+05	2.415124211602682e-01	1.276074429224835e-01	3.000000000000000e-06	3.000000000000000e-05
4.247493e+05	2.426957857803380e-01	1.282412311451415e-01	3.000000000000000e-06	3.000000000000000e-05
4.326554e+05	2.438849467960485e-01	1.288780699729344e-01	3.000000000000000e-06	3.000000000000000e-05
4.407033e+05	2.450799325827240e-01	1.295179747618690e-01	3.000000000000000e-06	3.000000000000000e-05
4.488958e+05	2.462807716545959e-01	1.301609609377760e-01	3.000000000000000e-06	3.000000000000000e-05
4.572354e+05	2.474874926654831e-01	1.308070439967476e-01	3.000000000000000e-06	3.000000000000000e-05
4.657248e+05	2.487001244094749e-01	1.314562395055743e-01	3.000000000000000e-06	3.000000000000000e-05
4.743667e+05	2.499186958216181e-01	1.321085631021828e-01	3.000000000000000e-06	3.000000000000000e-05
4.831638e+05	2.511432359786075e-01	1.327640304960732e-01	3.000000000000000e-06	3.000000000000000e-05
4.921190e+05	2.523737740994792e-01	1.334226574687574e-01	3.000000000000000e-06	3.000000000000000e-05
5.012351e+05	2.536103395463076e-01	1.340844598741981e-01	3.000000000000000e-06	3.000000000000000e-05
5.105150e+05	2.548529618249059e-01	1.347494536392466e-01	3.000000000000000e-06	3.000000000000000e-05
5.199616e+05	2.561016705855299e-01	1.354176547640836e-01	3.000000000000000e-06	3.000000000000000e-05
5.295780e+05	2.573564956235848e-01	1.360890793226577e-01	3.000000000000000e-06	3.000000000000000e-05
5.393673e+05	2.586174668803368e-01	1.367637434631269e-01	3.000000000000000e-06	3.000000000000000e-05
5.493325e+05	2.598846144436263e-01	1.374416634082991e-01	3.000000000000000e-06	3.000000000000000e-05
5.594769e+05	2.611579685485864e-01	1.381228554560738e-01	3.000000000000000e-06	3.000000000000000e-05
5.698036e+05	2.624375595783632e-01	1.388073359798843e-01	3.000000000000000e-06	3.000000000000000e-05
5.803161e+05	2.637234180648416e-01	1.394951214291406e-01	3.000000000000000e-06	3.000000000000000e-05
5.910175e+05	2.650155746893721e-01	1.401862283296732e-01	3.000000000000000e-06	3.000000000000000e-05
6.019115e+05	2.663140602835043e-01	1.408806732841773e-01	3.000000000000000e-06	3.000000000000000e-05
6.130013e+05	2.676189058297207e-01	1.415784729726581e-01	3.000000000000000e-06	3.000000000000000e-05
6.242907e+05	2.689301424621766e-01	1.422796441528764e-01	3.000000000000000e-06	3.000000000000000e-05
6.357831e+05	2.702478014674424e-01	1.429842036607959e-01	3.000000000000000e-06	3.000000000000000e-05
6.474823e+05	2.715719142852498e-01	1.436921684110304e-01	3.000000000000000e-06	3.000000000000000e-05
6.593919e+05	2.729025125092418e-01	1.444035553972927e-01	3.000000000000000e-06	3.000000000000000e-05
6.715159e+05	2.742396278877260e-01	1.451183816928441e-01	3.000000000000000e-06	3.000000000000000e-05
6.838581e+05	2.755832923244318e-01	1.458366644509443e-01	3.000000000000000e-06	3.000000000000000e-05
6.964223e+05	2.769335378792718e-01	1.465584209053039e-01	3.000000000000000e-06	3.000000000000000e-05
7.092128e+05	2.782903967691057e-01	1.472836683705358e-01	3.000000000000000e-06	3.000000000000000e-05
7.222335e+05	2.796539013685091e-01	1.480124242426095e-01	3.000000000000000e-06	3.000000000000000e-05
7.354886e+05	2.810240842105455e-01	1.487447059993053e-01	3.000000000000000e-06	3.000000000000000e-05
7.489823e+05	2.824009779875423e-01	1.494805312006704e-01	3.000000000000000e-06	3.000000000000000e-05
7.627190e+05	2.837846155518706e-01	1.502199174894754e-01	3.000000000000000e-06	3.000000000000000e-05
7.767031e+05	2.851750299167280e-01	1.509628825916725e-01	3.000000000000000e-06	3.000000000000000e-05
7.909390e+05	2.865722542569270e-01	1.517094443168548e-01	3.000000000000000e-06	3.000000000000000e-05
8.054314e+05	2.879763219096853e-01	1.524596205587169e-01	3.000000000000000e-06	3.000000000000000e-05
8.201848e+05	2.893872663754213e-01	1.532134292955160e-01	3.000000000000000e-06	3.000000000000000e-05
8.352040e+05	2.908051213185529e-01	1.539708885905358e-01	3.000000000000000e-06	3.000000000000000e-05
8.504938e+05	2.922299205683004e-01	1.547320165925500e-01	3.000000000000000e-06	3.000000000000000e-05
8.660591e+05	2.936616981194933e-01	1.554968315362882e-01	3.000000000000000e-06	3.000000000000000e-05
8.819048e+05	2.951004881333807e-01	1.562653517429032e-01	3.000000000000000e-06	3.000000000000000e-05
8.980362e+05	2.965463249384464e-01	1.570375956204390e-01	3.000000000000000e-06	3.000000000000000e-05
9.144583e+05	2.979992430312275e-01	1.578135816643003e-01	3.000000000000000e-06	3.000000000000000e-05
9.311765e+05	2.994592770771367e-01	1.585933284577247e-01	3.000000000000000e-06	3.000000000000000e-05
9.481960e+05	3.009264619112894e-01	1.593768546722540e-01	3.000000000000000e-06	3.000000000000000e-05
9.655224e+05	3.024008325393344e-01	1.601641790682097e-01	3.000000000000000e-06	3.000000000000000e-05
9.831612e+05	3.038824241382882e-01	1.609553204951674e-01	3.000000000000000e-06	3.000000000000000e-05
1.000000e+06	3.052787834781420e-01	1.617009140904049e-01	3.000000000000000e-06	3.000000000000000e-05
1.018281e+06	3.067761241628897e-01	1.625003900587330e-01	3.000000000000000e-06	3.000000000000000e-05
1.036871e+06	3.082791148041197e-01	1.633028444069829e-01	3.000000000000000e-06	3.000000000000000e-05
1.055796e+06	3.097894966161342e-01	1.641092069053466e-01	3.000000000000000e-06	3.000000000000000e-05
1.075063e+06	3.113072751486187e-01	1.649194805741437e-01	3.000000000000000e-06	3.000000000000000e-05
1.094678e+06	3.128324871588338e-01	1.657336850939175e-01	3.000000000000000e-06	3.000000000000000e-05
1.114646e+06	3.143651690265203e-01	1.665518399416115e-01	3.000000000000000e-06	3.000000000000000e-05
1.134975e+06	3.159053573194820e-01	1.673739646925543e-01	3.000000000000000e-06	3.000000000000000e-05
1.155671e+06	3.174530887843597e-01	1.682000790155586e-01	3.000000000000000e-06	3.000000000000000e-05
1.176740e+06	3.190084003476886e-01	1.690302026735091e-01	3.000000000000000e-06	3.000000000000000e-05
1.198190e+06	3.205713291167748e-01	1.698643555238545e-01	3.000000000000000e-06	3.000000000000000e-05
1.220026e+06	3.221419123805808e-01	1.707025575191025e-01	3.000000000000000e-06	3.000000000000000e-05
1.242258e+06	3.237201876106142e-01	1.715448287073165e-01	3.000000000000000e-06	3.000000000000000e-05
1.264890e+06	3.253061924618212e-01	1.723911892326154e-01	3.000000000000000e-06	3.000000000000000e-05
1.287931e+06	3.268999647734850e-01	1.732416593356736e-01	3.000000000000000e-06	3.000000000000000e-05
1.311389e+06	3.285015425701272e-01	1.740962593542238e-01	3.000000000000000e-06	3.000000000000000e-05
1.335270e+06	3.301109640624152e-01	1.749550097235620e-01	3.000000000000000e-06	3.000000000000000e-05
1.359582e+06	3.317282676480731e-01	1.758179309770536e-01	3.000000000000000e-06	3.000000000000000e-05
1.384334e+06	3.333534919127972e-01	1.766850437466420e-01	3.000000000000000e-06	3.000000000000000e-05
1.409532e+06	3.349866756311764e-01	1.775563687633591e-01	3.000000000000000e-06	3.000000000000000e-05
1.435187e+06	3.366278577676162e-01	1.784319268578373e-01	3.000000000000000e-06	3.000000000000000e-05
1.461304e+06	3.382770774772686e-01	1.793117389608247e-01	3.000000000000000e-06	3.000000000000000e-05
1.487894e+06	3.399343741069649e-01	1.801958261037003e-01	3.000000000000000e-06	3.000000000000000e-05
1.514965e+06	3.415997871961546e-01	1.810842094189937e-01	3.000000000000000e-06	3.000000000000000e-05
1.542524e+06	3.432733564778479e-01	1.819769101409046e-01	3.000000000000000e-06	3.000000000000000e-05
1.570582e+06	3.449551218795631e-01	1.828739496058260e-01	3.000000000000000e-06	3.000000000000000e-05
1.599148e+06	3.466451235242790e-01	1.837753492528684e-01	3.000000000000000e-06	3.000000000000000e-05
1.628230e+06	3.483434017313910e-01	1.846811306243872e-01	3.000000000000000e-06	3.000000000000000e-05
1.657837e+06	3.500499970176731e-01	1.855913153665106e-01	3.000000000000000e-06	3.000000000000000e-05
1.687981e+06	3.517649500982438e-01	1.865059252296719e-01	3.000000000000000e-06	3.000000000000000e-05
1.718669e+06	3.534883018875367e-01	1.874249820691417e-01	3.000000000000000e-06	3.000000000000000e-05
1.749913e+06	3.552200935002765e-01	1.883485078455637e-01	3.000000000000000e-06	3.000000000000000e-05
1.781722e+06	3.569603662524590e-01	1.892765246254925e-01	3.000000000000000e-06	3.000000000000000e-05
1.814106e+06	3.587091616623365e-01	1.902090545819332e-01	3.000000000000000e-06	3.000000000000000e-05
1.847076e+06	3.604665214514076e-01	1.911461199948837e-01	3.000000000000000e-06	3.000000000000000e-05
1.880643e+06	3.622324875454120e-01	1.920877432518788e-01	3.000000000000000e-06	3.000000000000000e-05
1.914818e+06	3.640071020753304e-01	1.930339468485372e-01	3.000000000000000e-06	3.000000000000000e-05
1.949611e+06	3.657904073783889e-01	1.939847533891101e-01	3.000000000000000e-06	3.000000000000000e-05
1.985034e+06	3.675824459990684e-01	1.949401855870329e-01	3.000000000000000e-06	3.000000000000000e-05
2.021099e+06	3.693832606901192e-01	1.959002662654784e-01	3.000000000000000e-06	3.000000000000000e-05
2.057816e+06	3.711928944135804e-01	1.968650183579131e-01	3.000000000000000e-06	3.000000000000000e-05
2.095199e+06	3.730113903418041e-01	1.978344649086554e-01	3.000000000000000e-06	3.000000000000000e-05
2.133258e+06	3.748387918584851e-01	1.988086290734365e-01	3.000000000000000e-06	3.000000000000000e-05
2.172006e+06	3.766751425596948e-01	1.997875341199634e-01	3.000000000000000e-06	3.000000000000000e-05
2.211457e+06	3.785204862549214e-01	2.007712034284848e-01	3.000000000000000e-06	3.000000000000000e-05
2.251622e+06	3.803748669681136e-01	2.017596604923588e-01	3.000000000000000e-06	3.000000000000000e-05
2.292515e+06	3.822383289387313e-01	2.027529289186237e-01	3.000000000000000e-06	3.000000000000000e-05
2.334149e+06	3.841109166227995e-01	2.037510324285711e-01	3.000000000000000e-06	3.000000000000000e-05
2.376537e+06	3.859926746939688e-01	2.047539948583210e-01	3.000000000000000e-06	3.000000000000000e-05
2.419694e+06	3.878836480445805e-01	2.057618401594006e-01	3.000000000000000e-06	3.000000000000000e-05
2.463633e+06	3.897838817867368e-01	2.067745923993242e-01	3.000000000000000e-06	3.000000000000000e-05
2.508368e+06	3.916934212533767e-01	2.077922757621767e-01	3.000000000000000e-06	3.000000000000000e-05
2.553914e+06	3.936123119993565e-01	2.088149145491996e-01	3.000000000000000e-06	3.000000000000000e-05
2.600286e+06	3.955405998025363e-01	2.098425331793787e-01	3.000000000000000e-06	3.000000000000000e-05
2.647499e+06	3.974783306648713e-01	2.108751561900358e-01	3.000000000000000e-06	3.000000000000000e-05
2.695568e+06	3.994255508135088e-01	2.119128082374218e-01	3.000000000000000e-06	3.000000000000000e-05
2.744509e+06	4.013823067018903e-01	2.129555140973133e-01	3.000000000000000e-06	3.000000000000000e-05
2.794337e+06	4.033486450108590e-01	2.140032986656112e-01	3.000000000000000e-06	3.000000000000000e-05
2.845070e+06	4.053246126497727e-01	2.150561869589427e-01	3.000000000000000e-06	3.000000000000000e-05
2.896723e+06	4.073102567576228e-01	2.161142041152655e-01	3.000000000000000e-06	3.000000000000000e-05
2.949313e+06	4.093056247041575e-01	2.171773753944745e-01	3.000000000000000e-06	3.000000000000000e-05
3.002857e+06	4.113107640910117e-01	2.182457261790123e-01	3.000000000000000e-06	3.000000000000000e-05
3.057373e+06	4.133257227528420e-01	2.193192819744812e-01	3.000000000000000e-06	3.000000000000000e-05
3.112878e+06	4.153505487584666e-01	2.203980684102588e-01	3.000000000000000e-06	3.000000000000000e-05
3.169391e+06	4.173852904120123e-01	2.214821112401161e-01	3.000000000000000e-06	3.000000000000000e-05
3.226930e+06	4.194299962540652e-01	2.225714363428386e-01	3.000000000000000e-06	3.000000000000000e-05
3.285513e+06	4.214847150628291e-01	2.236660697228497e-01	3.000000000000000e-06	3.000000000000000e-05
3.345160e+06	4.235494958552873e-01	2.247660375108378e-01	3.000000000000000e-06	3.000000000000000e-05
3.405890e+06	4.256243878883724e-01	2.258713659643856e-01	3.000000000000000e-06	3.000000000000000e-05
3.467723e+06	4.277094406601399e-01	2.269820814686024e-01	3.000000000000000e-06	3.000000000000000e-05
3.530679e+06	4.298047039109488e-01	2.280982105367599e-01	3.000000000000000e-06	3.000000000000000e-05
3.594779e+06	4.319102276246474e-01	2.292197798109297e-01	3.000000000000000e-06	3.000000000000000e-05
3.660043e+06	4.340260620297648e-01	2.303468160626251e-01	3.000000000000000e-06	3.000000000000000e-05
3.726493e+06	4.361522576007089e-01	2.314793461934451e-01	3.000000000000000e-06	3.000000000000000e-05
3.794150e+06	4.382888650589695e-01	2.326173972357211e-01	3.000000000000000e-06	3.000000000000000e-05
3.863036e+06	4.404359353743275e-01	2.337609963531677e-01	3.000000000000000e-06	3.000000000000000e-05
3.933175e+06	4.425935197660706e-01	2.349101708415353e-01	3.000000000000000e-06	3.000000000000000e-05
4.004588e+06	4.447616697042141e-01	2.360649481292664e-01	3.000000000000000e-06	3.000000000000000e-05
4.077299e+06	4.469404369107280e-01	2.372253557781550e-01	3.000000000000000e-06	3.000000000000000e-05
4.151332e+06	4.491298733607704e-01	2.383914214840086e-01	3.000000000000000e-06	3.000000000000000e-05
4.226711e+06	4.513300312839265e-01	2.395631730773137e-01	3.000000000000000e-06	3.000000000000000e-05
4.303461e+06	4.535409631654541e-01	2.407406385239044e-01	3.000000000000000e-06	3.000000000000000e-05
4.381606e+06	4.557627217475346e-01	2.419238459256337e-01	3.000000000000000e-06	3.000000000000000e-05
4.461173e+06	4.579953600305306e-01	2.431128235210485e-01	3.000000000000000e-06	3.000000000000000e-05
4.542186e+06	4.602389312742498e-01	2.443075996860672e-01	3.000000000000000e-06	3.000000000000000e-05
4.624674e+06	4.624934889992142e-01	2.455082029346611e-01	3.000000000000000e-06	3.000000000000000e-05
4.708661e+06	4.647590869879370e-01	2.467146619195385e-01	3.000000000000000e-06	3.000000000000000e-05
4.794177e+06	4.670357792862040e-01	2.479270054328323e-01	3.000000000000000e-06	3.000000000000000e-05
4.881249e+06	4.693236202043625e-01	2.491452624067904e-01	3.000000000000000e-06	3.000000000000000e-05
4.969905e+06	4.716226643186162e-01	2.503694619144699e-01	3.000000000000000e-06	3.000000000000000e-05
5.060175e+06	4.739329664723265e-01	2.515996331704346e-01	3.000000000000000e-06	3.000000000000000e-05
5.152088e+06	4.762545817773196e-01	2.528358055314549e-01	3.000000000000000e-06	3.000000000000000e-05
5.245674e+06	4.785875656152009e-01	2.540780084972121e-01	3.000000000000000e-06	3.000000000000000e-05
5.340963e+06	4.809319736386752e-01	2.553262717110054e-01	3.000000000000000e-06	3.000000000000000e-05
5.437988e+06	4.832878617728736e-01	2.565806249604624e-01	3.000000000000000e-06	3.000000000000000e-05
5.536779e+06	4.856552862166865e-01	2.578410981782529e-01	3.000000000000000e-06	3.000000000000000e-05
5.637369e+06	4.880343034441041e-01	2.591077214428064e-01	3.000000000000000e-06	3.000000000000000e-05
5.739791e+06	4.904249702055624e-01	2.603805249790322e-01	3.000000000000000e-06	3.000000000000000e-05
5.844078e+06	4.928273435292959e-01	2.616595391590441e-01	3.000000000000000e-06	3.000000000000000e-05
5.950265e+06	4.952414807226981e-01	2.629447945028875e-01	3.000000000000000e-06	3.000000000000000e-05
6.058387e+06	4.976674393736870e-01	2.642363216792705e-01	3.000000000000000e-06	3.000000000000000e-05
6.168478e+06	5.001052773520784e-01	2.655341515062981e-01	3.000000000000000e-06	3.000000000000000e-05
6.280576e+06	5.025550528109655e-01	2.668383149522103e-01	3.000000000000000e-06	3.000000000000000e-05
6.394716e+06	5.050168241881053e-01	2.681488431361237e-01	3.000000000000000e-06	3.000000000000000e-05
6.510936e+06	5.074906502073121e-01	2.694657673287760e-01	3.000000000000000e-06	3.000000000000000e-05
6.629274e+06	5.099765898798573e-01	2.707891189532751e-01	3.000000000000000e-06	3.000000000000000e-05
6.749770e+06	5.124747025058759e-01	2.721189295858507e-01	3.000000000000000e-06	3.000000000000000e-05
6.872462e+06	5.149850476757813e-01	2.734552309566100e-01	3.000000000000000e-06	3.000000000000000e-05
6.997391e+06	5.175076852716851e-01	2.747980549502973e-01	3.000000000000000e-06	3.000000000000000e-05
7.124598e+06	5.200426754688251e-01	2.761474336070567e-01	3.000000000000000e-06	3.000000000000000e-05
7.254124e+06	5.225900787369998e-01	2.775033991231988e-01	3.000000000000000e-06	3.000000000000000e-05
7.386013e+06	5.251499558420102e-01	2.788659838519706e-01	3.000000000000000e-06	3.000000000000000e-05
7.520307e+06	5.277223678471085e-01	2.802352203043298e-01	3.000000000000000e-06	3.000000000000000e-05
7.657051e+06	5.303073761144539e-01	2.816111411497222e-01	3.000000000000000e-06	3.000000000000000e-05
7.796290e+06	5.329050423065754e-01	2.829937792168629e-01	3.000000000000000e-06	3.000000000000000e-05
7.938068e+06	5.355154283878419e-01	2.843831674945219e-01	3.000000000000000e-06	3.000000000000000e-05
8.082434e+06	5.381385966259398e-01	2.857793391323123e-01	3.000000000000000e-06	3.000000000000000e-05
8.229434e+06	5.407746095933569e-01	2.871823274414835e-01	3.000000000000000e-06	3.000000000000000e-05
8.379117e+06	5.434235301688750e-01	2.885921658957173e-01	3.000000000000000e-06	3.000000000000000e-05
8.531531e+06	5.460854215390681e-01	2.900088881319283e-01	3.000000000000000e-06	3.000000000000000e-05
8.686728e+06	5.487603471998095e-01	2.914325279510680e-01	3.000000000000000e-06	3.000000000000000e-05
8.844757e+06	5.514483709577852e-01	2.928631193189327e-01	3.000000000000000e-06	3.000000000000000e-05
9.005672e+06	5.541495569320153e-01	2.943006963669755e-01	3.000000000000000e-06	3.000000000000000e-05
9.169525e+06	5.568639695553823e-01	2.957452933931219e-01	3.000000000000000e-06	3.000000000000000e-05
9.336370e+06	5.595916735761679e-01	2.971969448625899e-01	3.000000000000000e-06	3.000000000000000e-05
9.506262e+06	5.623327340595958e-01	2.986556854087128e-01	3.000000000000000e-06	3.000000000000000e-05
9.679256e+06	5.650872163893834e-01	3.001215498337679e-01	3.000000000000000e-06	3.000000000000000e-05
9.855411e+06	5.678551862693008e-01	3.015945731098070e-01	3.000000000000000e-06	3.000000000000000e-05
1.000000e+07	5.700983920387112e-01	3.027883200117595e-01	3.000000000000000e-06	3.000000000000000e-05
1.018265e+07	5.729006580566183e-01	3.042795605145620e-01	3.000000000000000e-06	3.000000000000000e-05
1.036799e+07	5.757067103161841e-01	3.057727972456585e-01	3.000000000000000e-06	3.000000000000000e-05
1.055672e+07	5.785266824629697e-01	3.072734229210560e-01	3.000000000000000e-06	3.000000000000000e-05
1.074891e+07	5.813604594935357e-01	3.087813763464432e-01	3.000000000000000e-06	3.000000000000000e-05
1.094460e+07	5.842081123030344e-01	3.102966952533323e-01	3.000000000000000e-06	3.000000000000000e-05
1.114388e+07	5.870697087571557e-01	3.118194157605989e-01	3.000000000000000e-06	3.000000000000000e-05
1.134679e+07	5.899453171149394e-01	3.133495741959158e-01	3.000000000000000e-06	3.000000000000000e-05
1.155342e+07	5.928350059684436e-01	3.148872070636499e-01	3.000000000000000e-06	3.000000000000000e-05
1.176382e+07	5.957388442455025e-01	3.164323510463304e-01	3.000000000000000e-06	3.000000000000000e-05
1.197807e+07	5.986569012113484e-01	3.179850430055132e-01	3.000000000000000e-06	3.000000000000000e-05
1.219624e+07	6.015892464702637e-01	3.195453199826612e-01	3.000000000000000e-06	3.000000000000000e-05
1.241840e+07	6.045359499672401e-01	3.211132192000283e-01	3.000000000000000e-06	3.000000000000000e-05
1.264462e+07	6.074970819896460e-01	3.226887780615482e-01	3.000000000000000e-06	3.000000000000000e-05
1.287498e+07	6.104727131689016e-01	3.242720341537265e-01	3.000000000000000e-06	3.000000000000000e-05
1.310955e+07	6.134629144821636e-01	3.258630252465392e-01	3.000000000000000e-06	3.000000000000000e-05
1.334841e+07	6.164677572540165e-01	3.274617892943333e-01	3.000000000000000e-06	3.000000000000000e-05
1.359165e+07	6.194873131581731e-01	3.290683644367332e-01	3.000000000000000e-06	3.000000000000000e-05
1.383933e+07	6.225216542191834e-01	3.306827889995513e-01	3.000000000000000e-06	3.000000000000000e-05
1.409155e+07	6.255708528141517e-01	3.323051014957029e-01	3.000000000000000e-06	3.000000000000000e-05
1.434838e+07	6.286349816744617e-01	3.339353406261249e-01	3.000000000000000e-06	3.000000000000000e-05
1.460992e+07	6.317141138875108e-01	3.355735452807007e-01	3.000000000000000e-06	3.000000000000000e-05
1.487624e+07	6.348083228984518e-01	3.372197545391875e-01	3.000000000000000e-06	3.000000000000000e-05
1.514744e+07	6.379176825119449e-01	3.388740076721498e-01	3.000000000000000e-06	3.000000000000000e-05
1.542360e+07	6.410422668939163e-01	3.405363441418961e-01	3.000000000000000e-06	3.000000000000000e-05
1.570482e+07	6.441821505733267e-01	3.422068036034215e-01	3.000000000000000e-06	3.000000000000000e-05
1.599119e+07	6.473374084439482e-01	3.438854259053535e-01	3.000000000000000e-06	3.000000000000000e-05
1.628280e+07	6.505081157661490e-01	3.455722510909036e-01	3.000000000000000e-06	3.000000000000000e-05
1.657976e+07	6.536943481686888e-01	3.472673193988225e-01	3.000000000000000e-06	3.000000000000000e-05
1.688215e+07	6.568961816505205e-01	3.489706712643609e-01	3.000000000000000e-06	3.000000000000000e-05
1.719009e+07	6.601136925826032e-01	3.506823473202340e-01	3.000000000000000e-06	3.000000000000000e-05
1.750366e+07	6.633469577097219e-01	3.524023883975913e-01	3.000000000000000e-06	3.000000000000000e-05
1.782298e+07	6.665960541523176e-01	3.541308355269915e-01	3.000000000000000e-06	3.000000000000000e-05
1.814815e+07	6.698610594083257e-01	3.558677299393808e-01	3.000000000000000e-06	3.000000000000000e-05
1.847928e+07	6.731420513550238e-01	3.576131130670773e-01	3.000000000000000e-06	3.000000000000000e-05
1.881648e+07	6.764391082508875e-01	3.593670265447597e-01	3.000000000000000e-06	3.000000000000000e-05
1.915986e+07	6.797523087374571e-01	3.611295122104601e-01	3.000000000000000e-06	3.000000000000000e-05
1.950953e+07	6.830817318412113e-01	3.629006121065633e-01	3.000000000000000e-06	3.000000000000000e-05
1.986562e+07	6.864274569754525e-01	3.646803684808090e-01	3.000000000000000e-06	3.000000000000000e-05
2.022823e+07	6.897895639421985e-01	3.664688237873004e-01	3.000000000000000e-06	3.000000000000000e-05
2.059749e+07	6.931681329340861e-01	3.682660206875170e-01	3.000000000000000e-06	3.000000000000000e-05
2.097352e+07	6.965632445362823e-01	3.700720020513323e-01	3.000000000000000e-06	3.000000000000000e-05
2.135645e+07	6.999749797284054e-01	3.718868109580366e-01	3.000000000000000e-06	3.000000000000000e-05
2.174640e+07	7.034034198864560e-01	3.737104906973651e-01	3.000000000000000e-06	3.000000000000000e-05
2.214350e+07	7.068486467847567e-01	3.755430847705303e-01	3.000000000000000e-06	3.000000000000000e-05
2.254789e+07	7.103107425979008e-01	3.773846368912599e-01	3.000000000000000e-06	3.000000000000000e-05
2.295970e+07	7.137897899027129e-01	3.792351909868398e-01	3.000000000000000e-06	3.000000000000000e-05
2.337906e+07	7.172858716802160e-01	3.810947911991620e-01	3.000000000000000e-06	3.000000000000000e-05
2.380612e+07	7.207990713176105e-01	3.829634818857773e-01	3.000000000000000e-06	3.000000000000000e-05
2.424101e+07	7.243294726102618e-01	3.848413076209539e-01	3.000000000000000e-06	3.000000000000000e-05
2.468388e+07	7.278771597636986e-01	3.867283131967405e-01	3.000000000000000e-06	3.000000000000000e-05
2.513489e+07	7.314422173956191e-01	3.886245436240348e-01	3.000000000000000e-06	3.000000000000000e-05
2.559417e+07	7.350247305379093e-01	3.905300441336571e-01	3.000000000000000e-06	3.000000000000000e-05
2.606188e+07	7.386247846386694e-01	3.924448601774295e-01	3.000000000000000e-06	3.000000000000000e-05
2.653818e+07	7.422424655642514e-01	3.943690374292597e-01	3.000000000000000e-06	3.000000000000000e-05
2.702322e+07	7.458778596013058e-01	3.963026217862307e-01	3.000000000000000e-06	3.000000000000000e-05
2.751717e+07	7.495310534588386e-01	3.982456593696955e-01	3.000000000000000e-06	3.000000000000000e-05
2.802019e+07	7.532021342702784e-01	4.001981965263773e-01	3.000000000000000e-06	3.000000000000000e-05
2.853245e+07	7.568911895955538e-01	4.021602798294747e-01	3.000000000000000e-06	3.000000000000000e-05
2.905411e+07	7.605983074231804e-01	4.041319560797728e-01	3.000000000000000e-06	3.000000000000000e-05
2.958536e+07	7.643235761723586e-01	4.061132723067592e-01	3.000000000000000e-06	3.000000000000000e-05
3.012637e+07	7.680670846950814e-01	4.081042757697461e-01	3.000000000000000e-06	3.000000000000000e-05
3.067731e+07	7.718289222782528e-01	4.101050139589970e-01	3.000000000000000e-06	3.000000000000000e-05
3.123838e+07	7.756091786458159e-01	4.121155345968597e-01	3.000000000000000e-06	3.000000000000000e-05
3.180976e+07	7.794079439608921e-01	4.141358856389042e-01	3.000000000000000e-06	3.000000000000000e-05
3.239164e+07	7.832253088279304e-01	4.161661152750669e-01	3.000000000000000e-06	3.000000000000000e-05
3.298421e+07	7.870613642948675e-01	4.182062719307992e-01	3.000000000000000e-06	3.000000000000000e-05
3.358767e+07	7.909162018552982e-01	4.202564042682231e-01	3.000000000000000e-06	3.000000000000000e-05
3.420223e+07	7.947899134506563e-01	4.223165611872912e-01	3.000000000000000e-06	3.000000000000000e-05
3.482808e+07	7.986825914724069e-01	4.243867918269534e-01	3.000000000000000e-06	3.000000000000000e-05
3.546544e+07	8.025943287642485e-01	4.264671455663284e-01	3.000000000000000e-06	3.000000000000000e-05
3.611451e+07	8.065252186243264e-01	4.285576720258814e-01	3.000000000000000e-06	3.000000000000000e-05
3.677552e+07	8.104753548074569e-01	4.306584210686076e-01	3.000000000000000e-06	3.000000000000000e-05
3.744869e+07	8.144448315273625e-01	4.327694428012210e-01	3.000000000000000e-06	3.000000000000000e-05
3.813424e+07	8.184337434589173e-01	4.348907875753500e-01	3.000000000000000e-06	3.000000000000000e-05
3.883239e+07	8.224421857404046e-01	4.370225059887371e-01	3.000000000000000e-06	3.000000000000000e-05
3.954339e+07	8.264702539757844e-01	4.391646488864465e-01	3.000000000000000e-06	3.000000000000000e-05
4.026746e+07	8.305180442369730e-01	4.413172673620759e-01	3.000000000000000e-06	3.000000000000000e-05
4.100486e+07	8.345856530661324e-01	4.434804127589757e-01	3.000000000000000e-06	3.000000000000000e-05
4.175582e+07	8.386731774779730e-01	4.456541366714721e-01	3.000000000000000e-06	3.000000000000000e-05
4.252060e+07	8.427807149620650e-01	4.478384909460990e-01	3.000000000000000e-06	3.000000000000000e-05
4.329945e+07	8.469083634851634e-01	4.500335276828330e-01	3.000000000000000e-06	3.000000000000000e-05
4.409264e+07	8.510562214935431e-01	4.522392992363365e-01	3.000000000000000e-06	3.000000000000000e-05
4.490042e+07	8.552243879153455e-01	4.544558582172060e-01	3.000000000000000e-06	3.000000000000000e-05
4.572308e+07	8.594129621629373e-01	4.566832574932264e-01	3.000000000000000e-06	3.000000000000000e-05
4.656087e+07	8.636220441352798e-01	4.589215501906320e-01	3.000000000000000e-06	3.000000000000000e-05
4.741409e+07	8.678517342203109e-01	4.611707896953731e-01	3.000000000000000e-06	3.000000000000000e-05
4.828302e+07	8.721021332973381e-01	4.634310296543889e-01	3.000000000000000e-06	3.000000000000000e-05
4.916794e+07	8.763733427394429e-01	4.657023239768869e-01	3.000000000000000e-06	3.000000000000000e-05
5.006917e+07	8.806654644158981e-01	4.679847268356284e-01	3.000000000000000e-06	3.000000000000000e-05
5.098698e+07	8.849786006945956e-01	4.702782926682200e-01	3.000000000000000e-06	3.000000000000000e-05
5.192170e+07	8.893128544444869e-01	4.725830761784117e-01	3.000000000000000e-06	3.000000000000000e-05
5.287364e+07	8.936683290380359e-01	4.748991323374013e-01	3.000000000000000e-06	3.000000000000000e-05
5.384311e+07	8.980451283536822e-01	4.772265163851452e-01	3.000000000000000e-06	3.000000000000000e-05
5.483044e+07	9.024433567783183e-01	4.795652838316756e-01	3.000000000000000e-06	3.000000000000000e-05
5.583596e+07	9.068631192097774e-01	4.819154904584237e-01	3.000000000000000e-06	3.000000000000000e-05
5.686001e+07	9.113045210593341e-01	4.842771923195503e-01	3.000000000000000e-06	3.000000000000000e-05
5.790293e+07	9.157676682542180e-01	4.866504457432817e-01	3.000000000000000e-06	3.000000000000000e-05
5.896506e+07	9.202526672401377e-01	4.890353073332533e-01	3.000000000000000e-06	3.000000000000000e-05
6.004677e+07	9.247596249838189e-01	4.914318339698590e-01	3.000000000000000e-06	3.000000000000000e-05
6.114841e+07	9.292886489755549e-01	4.938400828116073e-01	3.000000000000000e-06	3.000000000000000e-05
6.227036e+07	9.338398472317677e-01	4.962601112964842e-01	3.000000000000000e-06	3.000000000000000e-05
6.341299e+07	9.384133282975839e-01	4.986919771433230e-01	3.000000000000000e-06	3.000000000000000e-05
6.457669e+07	9.430092012494223e-01	5.011357383531799e-01	3.000000000000000e-06	3.000000000000000e-05
6.576184e+07	9.476275756975934e-01	5.035914532107175e-01	3.000000000000000e-06	3.000000000000000e-05
6.696884e+07	9.522685617889128e-01	5.060591802855938e-01	3.000000000000000e-06	3.000000000000000e-05
6.819810e+07	9.569322702093271e-01	5.085389784338595e-01	3.000000000000000e-06	3.000000000000000e-05
6.945003e+07	9.616188121865522e-01	5.110309067993604e-01	3.000000000000000e-06	3.000000000000000e-05
7.072505e+07	9.663282994927246e-01	5.135350248151478e-01	3.000000000000000e-06	3.000000000000000e-05
7.202358e+07	9.710608444470663e-01	5.160513922048959e-01	3.000000000000000e-06	3.000000000000000e-05
7.334606e+07	9.758165599185620e-01	5.185800689843256e-01	3.000000000000000e-06	3.000000000000000e-05
7.469295e+07	9.805955593286499e-01	5.211211154626350e-01	3.000000000000000e-06	3.000000000000000e-05
7.606467e+07	9.853979566539254e-01	5.236745922439372e-01	3.000000000000000e-06	3.000000000000000e-05
7.746171e+07	9.902238664288580e-01	5.262405602287061e-01	3.000000000000000e-06	3.000000000000000e-05
7.888453e+07	9.950734037485215e-01	5.288190806152275e-01	3.000000000000000e-06	3.000000000000000e-05
8.033359e+07	9.999466842713381e-01	5.314102149010587e-01	3.000000000000000e-06	3.000000000000000e-05
8.180941e+07	1.004843824221835e+00	5.340140248844939e-01	3.000000000000000e-06	3.000000000000000e-05
8.331245e+07	1.009764940393417e+00	5.366305726660388e-01	3.000000000000000e-06	3.000000000000000e-05
8.484324e+07	1.014710150151144e+00	5.392599206498899e-01	3.000000000000000e-06	3.000000000000000e-05
8.640229e+07	1.019679571434540e+00	5.419021315454233e-01	3.000000000000000e-06	3.000000000000000e-05
8.799012e+07	1.024673322760394e+00	5.445572683686891e-01	3.000000000000000e-06	3.000000000000000e-05
8.960726e+07	1.029691523225591e+00	5.472253944439138e-01	3.000000000000000e-06	3.000000000000000e-05
9.125426e+07	1.034734292509948e+00	5.499065734050107e-01	3.000000000000000e-06	3.000000000000000e-05
9.293167e+07	1.039801750879070e+00	5.526008691970959e-01	3.000000000000000e-06	3.000000000000000e-05
9.464005e+07	1.044894019187215e+00	5.553083460780138e-01	3.000000000000000e-06	3.000000000000000e-05
9.637998e+07	1.050011218880174e+00	5.580290686198686e-01	3.000000000000000e-06	3.000000000000000e-05
9.815205e+07	1.055153471998170e+00	5.607631017105635e-01	3.000000000000000e-06	3.000000000000000e-05
9.995685e+07	1.060320901178761e+00	5.635105105553483e-01	3.000000000000000e-06	3.000000000000000e-05
1.000000e+08	1.060443095017016e+00	5.635754781755153e-01	3.000000000000000e-06	3.000000000000000e-05
1.018721e+08	1.065729843260679e+00	5.663863160833746e-01	3.000000000000000e-06	3.000000000000000e-05
1.037450e+08	1.070947343534460e+00	5.691603266219516e-01	3.000000000000000e-06	3.000000000000000e-05
1.056531e+08	1.076192129420973e+00	5.719488345149355e-01	3.000000000000000e-06	3.000000000000000e-05
1.075965e+08	1.081462561395585e+00	5.747509680681575e-01	3.000000000000000e-06	3.000000000000000e-05
1.095758e+08	1.086758797456397e+00	5.775668112859135e-01	3.000000000000000e-06	3.000000000000000e-05
1.115916e+08	1.092080963320872e+00	5.803964310094941e-01	3.000000000000000e-06	3.000000000000000e-05
1.136447e+08	1.097429185926967e+00	5.832398947288531e-01	3.000000000000000e-06	3.000000000000000e-05
1.157358e+08	1.102803592822869e+00	5.860972702581446e-01	3.000000000000000e-06	3.000000000000000e-05
1.178655e+08	1.108204312181262e+00	5.889686257433110e-01	3.000000000000000e-06	3.000000000000000e-05
1.200346e+08	1.113631472802178e+00	5.918540296635975e-01	3.000000000000000e-06	3.000000000000000e-05
1.222437e+08	1.119085204116069e+00	5.947535508331869e-01	3.000000000000000e-06	3.000000000000000e-05
1.244937e+08	1.124565636186897e+00	5.976672584028402e-01	3.000000000000000e-06	3.000000000000000e-05
1.267853e+08	1.130072899715229e+00	6.005952218615451e-01	3.000000000000000e-06	3.000000000000000e-05
1.291193e+08	1.135607126041356e+00	6.035375110381723e-01	3.000000000000000e-06	3.000000000000000e-05
1.314965e+08	1.141168447148422e+00	6.064941961031405e-01	3.000000000000000e-06	3.000000000000000e-05
1.339176e+08	1.146756995665574e+00	6.094653475700891e-01	3.000000000000000e-06	3.000000000000000e-05
1.363834e+08	1.152372904871118e+00	6.124510362975594e-01	3.000000000000000e-06	3.000000000000000e-05
1.388949e+08	1.158016308695698e+00	6.154513334906836e-01	3.000000000000000e-06	3.000000000000000e-05
1.414529e+08	1.163687341725492e+00	6.184663107028823e-01	3.000000000000000e-06	3.000000000000000e-05
1.440581e+08	1.169386139205415e+00	6.214960398375704e-01	3.000000000000000e-06	3.000000000000000e-05
1.467116e+08	1.175112837042348e+00	6.245405931498712e-01	3.000000000000000e-06	3.000000000000000e-05
1.494141e+08	1.180867571808373e+00	6.276000432483390e-01	3.000000000000000e-06	3.000000000000000e-05
1.521667e+08	1.186650480744032e+00	6.306744630966896e-01	3.000000000000000e-06	3.000000000000000e-05
1.549702e+08	1.192461701761597e+00	6.337639260155403e-01	3.000000000000000e-06	3.000000000000000e-05
1.578255e+08	1.198301373448357e+00	6.368685056841575e-01	3.000000000000000e-06	3.000000000000000e-05
1.607337e+08	1.204169635069924e+00	6.399882761422130e-01	3.000000000000000e-06	3.000000000000000e-05
1.636958e+08	1.210066626573549e+00	6.431233117915492e-01	3.000000000000000e-06	3.000000000000000e-05
1.667126e+08	1.215992488591462e+00	6.462736873979531e-01	3.000000000000000e-06	3.000000000000000e-05
1.697853e+08	1.221947362444221e+00	6.494394780929377e-01	3.000000000000000e-06	3.000000000000000e-05
1.729149e+08	1.227931390144084e+00	6.526207593755340e-01	3.000000000000000e-06	3.000000000000000e-05
1.761024e+08	1.233944714398389e+00	6.558176071140904e-01	3.000000000000000e-06	3.000000000000000e-05
1.793490e+08	1.239987478612962e+00	6.590300975480814e-01	3.000000000000000e-06	3.000000000000000e-05
1.826556e+08	1.246059826895532e+00	6.622583072899250e-01	3.000000000000000e-06	3.000000000000000e-05
1.860235e+08	1.252161904059167e+00	6.655023133268088e-01	3.000000000000000e-06	3.000000000000000e-05
1.894538e+08	1.258293855625725e+00	6.687621930225257e-01	3.000000000000000e-06	3.000000000000000e-05
1.929476e+08	1.264455827829323e+00	6.720380241193181e-01	3.000000000000000e-06	3.000000000000000e-05
1.965061e+08	1.270647967619827e+00	6.753298847397310e-01	3.000000000000000e-06	3.000000000000000e-05
2.001305e+08	1.276870422666346e+00	6.786378533884739e-01	3.000000000000000e-06	3.000000000000000e-05
2.038220e+08	1.283123341360761e+00	6.819620089542934e-01	3.000000000000000e-06	3.000000000000000e-05
2.075820e+08	1.289406872821258e+00	6.853024307118525e-01	3.000000000000000e-06	3.000000000000000e-05
2.114116e+08	1.295721166895883e+00	6.886591983236212e-01	3.000000000000000e-06	3.000000000000000e-05
2.153121e+08	1.302066374166115e+00	6.920323918417755e-01	3.000000000000000e-06	3.000000000000000e-05
2.192849e+08	1.308442645950454e+00	6.954220917101048e-01	3.000000000000000e-06	3.000000000000000e-05
2.233314e+08	1.314850134308027e+00	6.988283787659311e-01	3.000000000000000e-06	3.000000000000000e-05
2.274528e+08	1.321288992042219e+00	7.022513342420346e-01	3.000000000000000e-06	3.000000000000000e-05
2.316507e+08	1.327759372704305e+00	7.056910397685908e-01	3.000000000000000e-06	3.000000000000000e-05
2.359263e+08	1.334261430597121e+00	7.091475773751166e-01	3.000000000000000e-06	3.000000000000000e-05
2.402812e+08	1.340795320778735e+00	7.126210294924251e-01	3.000000000000000e-06	3.000000000000000e-05
2.447168e+08	1.347361199066146e+00	7.161114789545912e-01	3.000000000000000e-06	3.000000000000000e-05
2.492346e+08	1.353959222038996e+00	7.196190090009257e-01	3.000000000000000e-06	3.000000000000000e-05
2.538362e+08	1.360589547043307e+00	7.231437032779602e-01	3.000000000000000e-06	3.000000000000000e-05
2.585232e+08	1.367252332195226e+00	7.266856458414404e-01	3.000000000000000e-06	3.000000000000000e-05
2.632970e+08	1.373947736384798e+00	7.302449211583302e-01	3.000000000000000e-06	3.000000000000000e-05
2.681594e+08	1.380675919279752e+00	7.338216141088251e-01	3.000000000000000e-06	3.000000000000000e-05
2.731119e+08	1.387437041329309e+00	7.374158099883757e-01	3.000000000000000e-06	3.000000000000000e-05
2.781563e+08	1.394231263768001e+00	7.410275945097210e-01	3.000000000000000e-06	3.000000000000000e-05
2.832943e+08	1.401058748619523e+00	7.446570538049311e-01	3.000000000000000e-06	3.000000000000000e-05
2.885275e+08	1.407919658700586e+00	7.483042744274611e-01	3.000000000000000e-06	3.000000000000000e-05
2.938579e+08	1.414814157624806e+00	7.519693433542138e-01	3.000000000000000e-06	3.000000000000000e-05
2.992871e+08	1.421742409806600e+00	7.556523479876135e-01	3.000000000000000e-06	3.000000000000000e-05
3.048170e+08	1.428704580465103e+00	7.593533761576892e-01	3.000000000000000e-06	3.000000000000000e-05
3.104496e+08	1.435700835628112e+00	7.630725161241680e-01	3.000000000000000e-06	3.000000000000000e-05
3.161867e+08	1.442731342136041e+00	7.668098565785798e-01	3.000000000000000e-06	3.000000000000000e-05
3.220302e+08	1.449796267645896e+00	7.705654866463708e-01	3.000000000000000e-06	3.000000000000000e-05
3.279822e+08	1.456895780635273e+00	7.743394958890282e-01	3.000000000000000e-06	3.000000000000000e-05
3.340446e+08	1.464030050406376e+00	7.781319743062152e-01	3.000000000000000e-06	3.000000000000000e-05
3.402196e+08	1.471199247090049e+00	7.819430123379164e-01	3.000000000000000e-06	3.000000000000000e-05
3.465092e+08	1.478403541649833e+00	7.857727008665938e-01	3.000000000000000e-06	3.000000000000000e-05
3.529155e+08	1.485643105886044e+00	7.896211312193527e-01	3.000000000000000e-06	3.000000000000000e-05
3.594408e+08	1.492918112439863e+00	7.934883951701194e-01	3.000000000000000e-06	3.000000000000000e-05
3.660872e+08	1.500228734797454e+00	7.973745849418283e-01	3.000000000000000e-06	3.000000000000000e-05
3.728570e+08	1.507575147294101e+00	8.012797932086206e-01	3.000000000000000e-06	3.000000000000000e-05
3.797526e+08	1.514957525118360e+00	8.052041130980533e-01	3.000000000000000e-06	3.000000000000000e-05
3.867762e+08	1.522376044316237e+00	8.091476381933189e-01	3.000000000000000e-06	3.000000000000000e-05
3.939302e+08	1.529830881795386e+00	8.131104625354766e-01	3.000000000000000e-06	3.000000000000000e-05
4.012170e+08	1.537322215329322e+00	8.170926806256936e-01	3.000000000000000e-06	3.000000000000000e-05
4.086392e+08	1.544850223561660e+00	8.210943874274983e-01	3.000000000000000e-06	3.000000000000000e-05
4.161993e+08	1.552415086010376e+00	8.251156783690430e-01	3.000000000000000e-06	3.000000000000000e-05
4.238998e+08	1.560016983072084e+00	8.291566493453799e-01	3.000000000000000e-06	3.000000000000000e-05
4.317434e+08	1.567656096026334e+00	8.332173967207458e-01	3.000000000000000e-06	3.000000000000000e-05
4.397327e+08	1.575332607039937e+00	8.372980173308600e-01	3.000000000000000e-06	3.000000000000000e-05
4.478704e+08	1.583046699171305e+00	8.413986084852320e-01	3.000000000000000e-06	3.000000000000000e-05
4.561593e+08	1.590798556374815e+00	8.455192679694816e-01	3.000000000000000e-06	3.000000000000000e-05
4.646023e+08	1.598588363505192e+00	8.496600940476695e-01	3.000000000000000e-06	3.000000000000000e-05
4.732021e+08	1.606416306321921e+00	8.538211854646397e-01	3.000000000000000e-06	3.000000000000000e-05
4.819618e+08	1.614282571493667e+00	8.580026414483733e-01	3.000000000000000e-06	3.000000000000000e-05
4.908842e+08	1.622187346602732e+00	8.622045617123538e-01	3.000000000000000e-06	3.000000000000000e-05
4.999725e+08	1.630130820149521e+00	8.664270464579441e-01	3.000000000000000e-06	3.000000000000000e-05
5.092298e+08	1.638113181557038e+00	8.706701963767748e-01	3.000000000000000e-06	3.000000000000000e-05
5.186591e+08	1.646134621175398e+00	8.749341126531442e-01	3.000000000000000e-06	3.000000000000000e-05
5.282637e+08	1.654195330286371e+00	8.792188969664311e-01	3.000000000000000e-06	3.000000000000000e-05
5.380469e+08	1.662295501107933e+00	8.835246514935174e-01	3.000000000000000e-06	3.000000000000000e-05
5.480120e+08	1.670435326798854e+00	8.878514789112246e-01	3.000000000000000e-06	3.000000000000000e-05
5.581624e+08	1.678615001463301e+00	8.921994823987607e-01	3.000000000000000e-06	3.000000000000000e-05
5.685015e+08	1.686834720155461e+00	8.965687656401798e-01	3.000000000000000e-06	3.000000000000000e-05
5.790329e+08	1.695094678884197e+00	9.009594328268541e-01	3.000000000000000e-06	3.000000000000000e-05
5.897601e+08	1.703395074617713e+00	9.053715886599566e-01	3.000000000000000e-06	3.000000000000000e-05
6.006869e+08	1.711736105288255e+00	9.098053383529575e-01	3.000000000000000e-06	3.000000000000000e-05
6.118169e+08	1.720117969796826e+00	9.142607876341322e-01	3.000000000000000e-06	3.000000000000000e-05
6.231539e+08	1.728540868017928e+00	9.187380427490811e-01	3.000000000000000e-06	3.000000000000000e-05
6.347019e+08	1.737005000804325e+00	9.232372104632625e-01	3.000000000000000e-06	3.000000000000000e-05
6.464646e+08	1.745510569991832e+00	9.277583980645370e-01	3.000000000000000e-06	3.000000000000000e-05
6.584462e+08	1.754057778404126e+00	9.323017133657258e-01	3.000000000000000e-06	3.000000000000000e-05
6.706507e+08	1.762646829857580e+00	9.368672647071798e-01	3.000000000000000e-06	3.000000000000000e-05
6.830824e+08	1.771277929166121e+00	9.414551609593625e-01	3.000000000000000e-06	3.000000000000000e-05
6.957453e+08	1.779951282146113e+00	9.460655115254452e-01	3.000000000000000e-06	3.000000000000000e-05
7.086439e+08	1.788667095621262e+00	9.506984263439138e-01	3.000000000000000e-06	3.000000000000000e-05
7.217826e+08	1.797425577427547e+00	9.553540158911910e-01	3.000000000000000e-06	3.000000000000000e-05
7.351658e+08	1.806226936418173e+00	9.600323911842684e-01	3.000000000000000e-06	3.000000000000000e-05
7.487981e+08	1.815071382468548e+00	9.647336637833533e-01	3.000000000000000e-06	3.000000000000000e-05
7.626841e+08	1.823959126481291e+00	9.694579457945278e-01	3.000000000000000e-06	3.000000000000000e-05
7.768286e+08	1.832890380391252e+00	9.742053498724210e-01	3.000000000000000e-06	3.000000000000000e-05
7.912365e+08	1.841865357170568e+00	9.789759892228943e-01	3.000000000000000e-06	3.000000000000000e-05
8.059126e+08	1.850884270833740e+00	9.837699776057400e-01	3.000000000000000e-06	3.000000000000000e-05
8.208619e+08	1.859947336442731e+00	9.885874293373926e-01	3.000000000000000e-06	3.000000000000000e-05
8.360896e+08	1.869054770112095e+00	9.934284592936540e-01	3.000000000000000e-06	3.000000000000000e-05
8.516009e+08	1.878206789014128e+00	9.982931829124316e-01	3.000000000000000e-06	3.000000000000000e-05
8.674010e+08	1.887403611384043e+00	1.003181716196490e+00	3.000000000000000e-06	3.000000000000000e-05
8.834954e+08	1.896645456525174e+00	1.008094175716216e+00	3.000000000000000e-06	3.000000000000000e-05
8.998895e+08	1.905932544814203e+00	1.013030678612397e+00	3.000000000000000e-06	3.000000000000000e-05
9.165889e+08	1.915265097706409e+00	1.017991342599013e+00	3.000000000000000e-06	3.000000000000000e-05
9.335995e+08	1.924643337740953e+00	1.022976285966046e+00	3.000000000000000e-06	3.000000000000000e-05
9.509268e+08	1.934067488546179e+00	1.027985627582292e+00	3.000000000000000e-06	3.000000000000000e-05
9.685770e+08	1.943537774844943e+00	1.033019486898201e+00	3.000000000000000e-06	3.000000000000000e-05
9.865560e+08	1.953054422459974e+00	1.038077983948724e+00	3.000000000000000e-06	3.000000000000000e-05
1.000000e+09	1.960079176995462e+00	1.041811931656607e+00	3.000000000000000e-06	3.000000000000000e-05
