#t[yr]	ecc	inc	eachmass	totalmass
0.000000e+00	1.000000000000000e-01	5.000000000000000e-02	3.000000000000000e-06	3.000000000000000e-06
1.000000e-03	1.000000094485035e-01	5.000000707144642e-02	3.000000000000000e-06	3.000000000000000e-06
1.000000e-02	1.000000944849439e-01	5.000007071438543e-02	3.000000000000000e-06	3.000000000000000e-06
1.000000e-01	1.000009448408299e-01	5.000070713627793e-02	3.000000000000000e-06	3.000000000000000e-06
1.000000e+00	1.000094475479570e-01	5.000707060556266e-02	3.000000000000000e-06	3.000000000000000e-06
1.000000e+01	1.000943895375600e-01	5.007063044792232e-02	3.000000000000000e-06	3.000000000000000e-06
6.295985e+01	1.005901225140149e-01	5.044125216481738e-02	3.000000000000000e-06	3.000000000000000e-06
1.000000e+02	1.009247177019647e-01	5.069173842522903e-02	3.000000000000000e-06	3.000000000000000e-06
1.555849e+02	1.014141939176145e-01	5.105826253655647e-02	3.000000000000000e-06	3.000000000000000e-06
2.127513e+02	1.018995773331216e-01	5.142207389853654e-02	3.000000000000000e-06	3.000000000000000e-06
2.723294e+02	1.023873075106218e-01	5.178799106475287e-02	3.000000000000000e-06	3.000000000000000e-06
3.344179e+02	1.028771286944597e-01	5.215582680707779e-02	3.000000000000000e-06	3.000000000000000e-06
3.991548e+02	1.033690581813111e-01	5.252559509487902e-02	3.000000000000000e-06	3.000000000000000e-06
4.666855e+02	1.038631025914016e-01	5.289729847723790e-02	3.000000000000000e-06	3.000000000000000e-06
5.371644e+02	1.043592696713409e-01	5.327093649305676e-02	3.000000000000000e-06	3.000000000000000e-06
6.107556e+02	1.048575679234132e-01	5.364650492766782e-02	3.000000000000000e-06	3.000000000000000e-06
6.876337e+02	1.053580067575633e-01	5.402399542128112e-02	3.000000000000000e-06	3.000000000000000e-06
7.679837e+02	1.058605966371154e-01	5.440339503237950e-02	3.000000000000000e-06	3.000000000000000e-06
8.520023e+02	1.063653492414160e-01	5.478468577394003e-02	3.000000000000000e-06	3.000000000000000e-06
9.398978e+02	1.068722776450209e-01	5.516784412390296e-02	3.000000000000000e-06	3.000000000000000e-06
1.000000e+03	1.072051747760876e-01	5.541967721969324e-02	3.000000000000000e-06	3.000000000000000e-06
1.096325e+03	1.077239534673064e-01	5.581204826444059e-02	3.000000000000000e-06	3.000000000000000e-06
1.195612e+03	1.082363852625644e-01	5.619972534216598e-02	3.000000000000000e-06	3.000000000000000e-06
1.299726e+03	1.087514566011806e-01	5.658943106580965e-02	3.000000000000000e-06	3.000000000000000e-06
1.408858e+03	1.092687705345468e-01	5.698079228711076e-02	3.000000000000000e-06	3.000000000000000e-06
1.523296e+03	1.097883720001006e-01	5.737375912171248e-02	3.000000000000000e-06	3.000000000000000e-06
1.643339e+03	1.103102881561822e-01	5.776825701642348e-02	3.000000000000000e-06	3.000000000000000e-06
1.769298e+03	1.108345503714892e-01	5.816420275703098e-02	3.000000000000000e-06	3.000000000000000e-06
1.901499e+03	1.113611934365649e-01	5.856150335912128e-02	3.000000000000000e-06	3.000000000000000e-06
2.040282e+03	1.118902558374320e-01	5.896005589367049e-02	3.000000000000000e-06	3.000000000000000e-06
2.185996e+03	1.124217799409937e-01	5.935974742064733e-02	3.000000000000000e-06	3.000000000000000e-06
2.339003e+03	1.129558121315190e-01	5.976045510735369e-02	3.000000000000000e-06	3.000000000000000e-06
2.499672e+03	1.134924028783248e-01	6.016204656661542e-02	3.000000000000000e-06	3.000000000000000e-06
2.668381e+03	1.140316067161738e-01	6.056438045195622e-02	3.000000000000000e-06	3.000000000000000e-06
2.845511e+03	1.145734821192898e-01	6.096730734433564e-02	3.000000000000000e-06	3.000000000000000e-06
3.031444e+03	1.151180912506785e-01	6.137067095957573e-02	3.000000000000000e-06	3.000000000000000e-06
3.226561e+03	1.156654995708776e-01	6.177430969656732e-02	3.000000000000000e-06	3.000000000000000e-06
3.431236e+03	1.162157752946905e-01	6.217805853337558e-02	3.000000000000000e-06	3.000000000000000e-06
3.645835e+03	1.167689886910834e-01	6.258175126141378e-02	3.000000000000000e-06	3.000000000000000e-06
3.870708e+03	1.173252112302558e-01	6.298522302734644e-02	3.000000000000000e-06	3.000000000000000e-06
4.106187e+03	1.178845145926010e-01	6.338831312931746e-02	3.000000000000000e-06	3.000000000000000e-06
4.352583e+03	1.184469695661891e-01	6.379086799010718e-02	3.000000000000000e-06	3.000000000000000e-06
4.610178e+03	1.190126448714680e-01	6.419274420711539e-02	3.000000000000000e-06	3.000000000000000e-06
4.879225e+03	1.195816059627132e-01	6.459381156027259e-02	3.000000000000000e-06	3.000000000000000e-06
5.159944e+03	1.201539138638221e-01	6.499395584681618e-02	3.000000000000000e-06	3.000000000000000e-06
5.452520e+03	1.207296240998911e-01	6.539308140873382e-02	3.000000000000000e-06	3.000000000000000e-06
5.757101e+03	1.213087857845148e-01	6.579111322618464e-02	3.000000000000000e-06	3.000000000000000e-06
6.073800e+03	1.218914409154506e-01	6.618799846878240e-02	3.000000000000000e-06	3.000000000000000e-06
6.402694e+03	1.224776239185349e-01	6.658370742524893e-02	3.000000000000000e-06	3.000000000000000e-06
6.743826e+03	1.230673614627310e-01	6.697823376817962e-02	3.000000000000000e-06	3.000000000000000e-06
7.097210e+03	1.236606725498394e-01	6.737159415092291e-02	3.000000000000000e-06	3.000000000000000e-06
7.462831e+03	1.242575688630112e-01	6.776382717367367e-02	3.000000000000000e-06	3.000000000000000e-06
7.840653e+03	1.248580553410709e-01	6.815499179168344e-02	3.000000000000000e-06	3.000000000000000e-06
8.230621e+03	1.254621309326378e-01	6.854516526656716e-02	3.000000000000000e-06	3.000000000000000e-06
8.632666e+03	1.260697894762882e-01	6.893444077980630e-02	3.000000000000000e-06	3.000000000000000e-06
9.046710e+03	1.266810206508310e-01	6.932292483490751e-02	3.000000000000000e-06	3.000000000000000e-06
9.472673e+03	1.272958109426600e-01	6.971073457186211e-02	3.000000000000000e-06	3.000000000000000e-06
9.910470e+03	1.279141445840177e-01	7.009799510625535e-02	3.000000000000000e-06	3.000000000000000e-06
1.000000e+04	1.280382307305713e-01	7.017520590803644e-02	3.000000000000000e-06	3.000000000000000e-06
1.046124e+04	1.286736682701864e-01	7.056999069018516e-02	3.000000000000000e-06	3.000000000000000e-06
1.092477e+04	1.292994761209753e-01	7.095630981831183e-02	3.000000000000000e-06	3.000000000000000e-06
1.140016e+04	1.299291061407170e-01	7.134271563810543e-02	3.000000000000000e-06	3.000000000000000e-06
1.188709e+04	1.305621982481035e-01	7.172912842271192e-02	3.000000000000000e-06	3.000000000000000e-06
1.238555e+04	1.311987452140278e-01	7.211568407321514e-02	3.000000000000000e-06	3.000000000000000e-06
1.289549e+04	1.318387325985825e-01	7.250250929088348e-02	3.000000000000000e-06	3.000000000000000e-06
1.341692e+04	1.324821478633664e-01	7.288972613885430e-02	3.000000000000000e-06	3.000000000000000e-06
1.394984e+04	1.331289802995861e-01	7.327745123530517e-02	3.000000000000000e-06	3.000000000000000e-06
1.449426e+04	1.337792211065599e-01	7.366579529710154e-02	3.000000000000000e-06	3.000000000000000e-06
1.505022e+04	1.344328634104730e-01	7.405486286706221e-02	3.000000000000000e-06	3.000000000000000e-06
1.561777e+04	1.350899022405722e-01	7.444475219796735e-02	3.000000000000000e-06	3.000000000000000e-06
1.619696e+04	1.357503344732967e-01	7.483555526460008e-02	3.000000000000000e-06	3.000000000000000e-06
1.678789e+04	1.364141587534399e-01	7.522735787750782e-02	3.000000000000000e-06	3.000000000000000e-06
1.739063e+04	1.370813753998971e-01	7.562023987501283e-02	3.000000000000000e-06	3.000000000000000e-06
1.800528e+04	1.377519863021132e-01	7.601427537306731e-02	3.000000000000000e-06	3.000000000000000e-06
1.863147e+04	1.384254630494935e-01	7.640922126244086e-02	3.000000000000000e-06	3.000000000000000e-06
1.926871e+04	1.391011990884656e-01	7.680478501020406e-02	3.000000000000000e-06	3.000000000000000e-06
1.991723e+04	1.397793370519254e-01	7.720110838625800e-02	3.000000000000000e-06	3.000000000000000e-06
2.057724e+04	1.404599931515228e-01	7.759831160202058e-02	3.000000000000000e-06	3.000000000000000e-06
2.124896e+04	1.411432723474440e-01	7.799650284413330e-02	3.000000000000000e-06	3.000000000000000e-06
2.193259e+04	1.418292694960931e-01	7.839577950865344e-02	3.000000000000000e-06	3.000000000000000e-06
2.262836e+04	1.425180705649539e-01	7.879622941748239e-02	3.000000000000000e-06	3.000000000000000e-06
2.333649e+04	1.432097536922545e-01	7.919793189242857e-02	3.000000000000000e-06	3.000000000000000e-06
2.405721e+04	1.439043901158859e-01	7.960095870639639e-02	3.000000000000000e-06	3.000000000000000e-06
2.479074e+04	1.446020449887078e-01	8.000537492638174e-02	3.000000000000000e-06	3.000000000000000e-06
2.553732e+04	1.453027780949925e-01	8.041123966109029e-02	3.000000000000000e-06	3.000000000000000e-06
2.629719e+04	1.460066444806858e-01	8.081860672436307e-02	3.000000000000000e-06	3.000000000000000e-06
2.707058e+04	1.467136950084081e-01	8.122752522419456e-02	3.000000000000000e-06	3.000000000000000e-06
2.785775e+04	1.474239768466329e-01	8.163804008592293e-02	3.000000000000000e-06	3.000000000000000e-06
2.865893e+04	1.481375339012161e-01	8.205019251713004e-02	3.000000000000000e-06	3.000000000000000e-06
2.947439e+04	1.488544071963645e-01	8.246402042088460e-02	3.000000000000000e-06	3.000000000000000e-06
3.030438e+04	1.495746352112078e-01	8.287955876317561e-02	3.000000000000000e-06	3.000000000000000e-06
3.114915e+04	1.502982541773456e-01	8.329683989969701e-02	3.000000000000000e-06	3.000000000000000e-06
3.200899e+04	1.510252983420508e-01	8.371589386654393e-02	3.000000000000000e-06	3.000000000000000e-06
3.288415e+04	1.517558002012258e-01	8.413674863885551e-02	3.000000000000000e-06	3.000000000000000e-06
3.377491e+04	1.524897907056925e-01	8.455943036097657e-02	3.000000000000000e-06	3.000000000000000e-06
3.468155e+04	1.532272994439571e-01	8.498396355130421e-02	3.000000000000000e-06	3.000000000000000e-06
3.560436e+04	1.539683548042037e-01	8.541037128462717e-02	3.000000000000000e-06	3.000000000000000e-06
3.654362e+04	1.547129841179369e-01	8.583867535444928e-02	3.000000000000000e-06	3.000000000000000e-06
3.749964e+04	1.554612137874020e-01	8.626889641750904e-02	3.000000000000000e-06	3.000000000000000e-06
3.847270e+04	1.562130693986564e-01	8.670105412246054e-02	3.000000000000000e-06	3.000000000000000e-06
3.946312e+04	1.569685758219420e-01	8.713516722446142e-02	3.000000000000000e-06	3.000000000000000e-06
4.047121e+04	1.577277573008151e-01	8.757125368722027e-02	3.000000000000000e-06	3.000000000000000e-06
4.149727e+04	1.584906375313173e-01	8.800933077388333e-02	3.000000000000000e-06	3.000000000000000e-06
4.254164e+04	1.592572397323226e-01	8.844941512798822e-02	3.000000000000000e-06	3.000000000000000e-06
4.360464e+04	1.600275867080633e-01	8.889152284557642e-02	3.000000000000000e-06	3.000000000000000e-06
4.468661e+04	1.608017009037193e-01	8.933566953943615e-02	3.000000000000000e-06	3.000000000000000e-06
4.578787e+04	1.615796044548569e-01	8.978187039634017e-02	3.000000000000000e-06	3.000000000000000e-06
4.690879e+04	1.623613192314106e-01	9.023014022804778e-02	3.000000000000000e-06	3.000000000000000e-06
4.804970e+04	1.631468668768213e-01	9.068049351675614e-02	3.000000000000000e-06	3.000000000000000e-06
4.921096e+04	1.639362688428770e-01	9.113294445561018e-02	3.000000000000000e-06	3.000000000000000e-06
5.039295e+04	1.647295464207377e-01	9.158750698481384e-02	3.000000000000000e-06	3.000000000000000e-06
5.159603e+04	1.655267207685719e-01	9.204419482382578e-02	3.000000000000000e-06	3.000000000000000e-06
5.282057e+04	1.663278129361855e-01	9.250302150006935e-02	3.000000000000000e-06	3.000000000000000e-06
5.406697e+04	1.671328438869771e-01	9.296400037453997e-02	3.000000000000000e-06	3.000000000000000e-06
5.533561e+04	1.679418345175210e-01	9.342714466465046e-02	3.000000000000000e-06	3.000000000000000e-06
5.662688e+04	1.687548056750416e-01	9.389246746461787e-02	3.000000000000000e-06	3.000000000000000e-06
5.794120e+04	1.695717781730133e-01	9.435998176366191e-02	3.000000000000000e-06	3.000000000000000e-06
5.927897e+04	1.703927728050974e-01	9.482970046225557e-02	3.000000000000000e-06	3.000000000000000e-06
6.064062e+04	1.712178103575989e-01	9.530163638664169e-02	3.000000000000000e-06	3.000000000000000e-06
6.202657e+04	1.720469116206094e-01	9.577580230180642e-02	3.000000000000000e-06	3.000000000000000e-06
6.343725e+04	1.728800973979820e-01	9.625221092307899e-02	3.000000000000000e-06	3.000000000000000e-06
6.487311e+04	1.737173885162674e-01	9.673087492650886e-02	3.000000000000000e-06	3.000000000000000e-06
6.633460e+04	1.745588058327291e-01	9.721180695815475e-02	3.000000000000000e-06	3.000000000000000e-06
6.782217e+04	1.754043702425364e-01	9.769501964240490e-02	3.000000000000000e-06	3.000000000000000e-06
6.933629e+04	1.762541026852303e-01	9.818052558943563e-02	3.000000000000000e-06	3.000000000000000e-06
7.087744e+04	1.771080241505410e-01	9.866833740190237e-02	3.000000000000000e-06	3.000000000000000e-06
7.244611e+04	1.779661556836293e-01	9.915846768094784e-02	3.000000000000000e-06	3.000000000000000e-06
7.404277e+04	1.788285183898169e-01	9.965092903160254e-02	3.000000000000000e-06	3.000000000000000e-06
7.566794e+04	1.796951334388616e-01	1.001457340676441e-01	3.000000000000000e-06	3.000000000000000e-06
7.732211e+04	1.805660220688280e-01	1.006428954159751e-01	3.000000000000000e-06	3.000000000000000e-06
7.900582e+04	1.814412055895989e-01	1.011424257205727e-01	3.000000000000000e-06	3.000000000000000e-06
8.071959e+04	1.823207053860682e-01	1.016443376460559e-01	3.000000000000000e-06	3.000000000000000e-06
8.246396e+04	1.832045429210484e-01	1.021486438809141e-01	3.000000000000000e-06	3.000000000000000e-06
8.423947e+04	1.840927397379275e-01	1.026553571404328e-01	3.000000000000000e-06	3.000000000000000e-06
8.604668e+04	1.849853174631008e-01	1.031644901693503e-01	3.000000000000000e-06	3.000000000000000e-06
8.788616e+04	1.858822978082036e-01	1.036760557442750e-01	3.000000000000000e-06	3.000000000000000e-06
8.975849e+04	1.867837025721677e-01	1.041900666758887e-01	3.000000000000000e-06	3.000000000000000e-06
9.166425e+04	1.876895536431195e-01	1.047065358109612e-01	3.000000000000000e-06	3.000000000000000e-06
9.360405e+04	1.885998730001393e-01	1.052254760341941e-01	3.000000000000000e-06	3.000000000000000e-06
9.557849e+04	1.895146827148964e-01	1.057469002699155e-01	3.000000000000000e-06	3.000000000000000e-06
9.758819e+04	1.904340049531739e-01	1.062708214836393e-01	3.000000000000000e-06	3.000000000000000e-06
9.963378e+04	1.913578619762951e-01	1.067972526835058e-01	3.000000000000000e-06	3.000000000000000e-06
1.000000e+05	1.915214855981872e-01	1.068904793983617e-01	3.000000000000000e-06	3.000000000000000e-06
1.021193e+05	1.924643183384032e-01	1.074276350894624e-01	3.000000000000000e-06	3.000000000000000e-06
1.042453e+05	1.933979493448004e-01	1.079594747132917e-01	3.000000000000000e-06	3.000000000000000e-06
1.064098e+05	1.943364308879838e-01	1.084940051593178e-01	3.000000000000000e-06	3.000000000000000e-06
1.086129e+05	1.952795372670637e-01	1.090310981319180e-01	3.000000000000000e-06	3.000000000000000e-06
1.108554e+05	1.962272956551839e-01	1.095707693859009e-01	3.000000000000000e-06	3.000000000000000e-06
1.131380e+05	1.971797288530654e-01	1.101130321761628e-01	3.000000000000000e-06	3.000000000000000e-06
1.154613e+05	1.981368598447186e-01	1.106578998530714e-01	3.000000000000000e-06	3.000000000000000e-06
1.178262e+05	1.990987117176840e-01	1.112053858173951e-01	3.000000000000000e-06	3.000000000000000e-06
1.202333e+05	2.000653076653287e-01	1.117555035219340e-01	3.000000000000000e-06	3.000000000000000e-06
1.226834e+05	2.010366709876699e-01	1.123082664722825e-01	3.000000000000000e-06	3.000000000000000e-06
1.251773e+05	2.020128250922061e-01	1.128636882275720e-01	3.000000000000000e-06	3.000000000000000e-06
1.277158e+05	2.029937934947295e-01	1.134217824011811e-01	3.000000000000000e-06	3.000000000000000e-06
1.302996e+05	2.039795998201252e-01	1.139825626614173e-01	3.000000000000000e-06	3.000000000000000e-06
1.329296e+05	2.049702678031549e-01	1.145460427321747e-01	3.000000000000000e-06	3.000000000000000e-06
1.356067e+05	2.059658212892294e-01	1.151122363935684e-01	3.000000000000000e-06	3.000000000000000e-06
1.383315e+05	2.069662842351697e-01	1.156811574825498e-01	3.000000000000000e-06	3.000000000000000e-06
1.411051e+05	2.079716807099578e-01	1.162528198935042e-01	3.000000000000000e-06	3.000000000000000e-06
1.439283e+05	2.089820348954798e-01	1.168272375788319e-01	3.000000000000000e-06	3.000000000000000e-06
1.468019e+05	2.099973710872598e-01	1.174044245495159e-01	3.000000000000000e-06	3.000000000000000e-06
1.497269e+05	2.110177136951887e-01	1.179843948756771e-01	3.000000000000000e-06	3.000000000000000e-06
1.527042e+05	2.120430872442454e-01	1.185671626871176e-01	3.000000000000000e-06	3.000000000000000e-06
1.557348e+05	2.130735163752142e-01	1.191527421738549e-01	3.000000000000000e-06	3.000000000000000e-06
1.588195e+05	2.141090258453966e-01	1.197411475866460e-01	3.000000000000000e-06	3.000000000000000e-06
1.619594e+05	2.151496405293200e-01	1.203323932375045e-01	3.000000000000000e-06	3.000000000000000e-06
1.651554e+05	2.161953854194430e-01	1.209264935002101e-01	3.000000000000000e-06	3.000000000000000e-06
1.684086e+05	2.172462856268578e-01	1.215234628108111e-01	3.000000000000000e-06	3.000000000000000e-06
1.717200e+05	2.183023663819902e-01	1.221233156681226e-01	3.000000000000000e-06	3.000000000000000e-06
1.750907e+05	2.193636530352986e-01	1.227260666342177e-01	3.000000000000000e-06	3.000000000000000e-06
1.785216e+05	2.204301710579702e-01	1.233317303349157e-01	3.000000000000000e-06	3.000000000000000e-06
1.820139e+05	2.215019460426178e-01	1.239403214602652e-01	3.000000000000000e-06	3.000000000000000e-06
1.855687e+05	2.225790037039742e-01	1.245518547650237e-01	3.000000000000000e-06	3.000000000000000e-06
1.891871e+05	2.236613698795878e-01	1.251663450691345e-01	3.000000000000000e-06	3.000000000000000e-06
1.928702e+05	2.247490705305161e-01	1.257838072581992e-01	3.000000000000000e-06	3.000000000000000e-06
1.966192e+05	2.258421317420213e-01	1.264042562839497e-01	3.000000000000000e-06	3.000000000000000e-06
2.004353e+05	2.269405797242647e-01	1.270277071647158e-01	3.000000000000000e-06	3.000000000000000e-06
2.043198e+05	2.280444408130022e-01	1.276541749858918e-01	3.000000000000000e-06	3.000000000000000e-06
2.082737e+05	2.291537414702802e-01	1.282836749004013e-01	3.000000000000000e-06	3.000000000000000e-06
2.122984e+05	2.302685082851325e-01	1.289162221291598e-01	3.000000000000000e-06	3.000000000000000e-06
2.163952e+05	2.313887679742785e-01	1.295518319615366e-01	3.000000000000000e-06	3.000000000000000e-06
2.205653e+05	2.325145473828216e-01	1.301905197558146e-01	3.000000000000000e-06	3.000000000000000e-06
2.248100e+05	2.336458734849496e-01	1.308323009396496e-01	3.000000000000000e-06	3.000000000000000e-06
2.291308e+05	2.347827733846364e-01	1.314771910105287e-01	3.000000000000000e-06	3.000000000000000e-06
2.335289e+05	2.359252743163449e-01	1.321252055362274e-01	3.000000000000000e-06	3.000000000000000e-06
2.380058e+05	2.370734036457314e-01	1.327763601552666e-01	3.000000000000000e-06	3.000000000000000e-06
2.425629e+05	2.382271888703523e-01	1.334306705773686e-01	3.000000000000000e-06	3.000000000000000e-06
2.472015e+05	2.393866576203717e-01	1.340881525839128e-01	3.000000000000000e-06	3.000000000000000e-06
2.519233e+05	2.405518376592712e-01	1.347488220283911e-01	3.000000000000000e-06	3.000000000000000e-06
2.567296e+05	2.417227568845621e-01	1.354126948368631e-01	3.000000000000000e-06	3.000000000000000e-06
2.616221e+05	2.428994433284984e-01	1.360797870084110e-01	3.000000000000000e-06	3.000000000000000e-06
2.666021e+05	2.440819251587932e-01	1.367501146155943e-01	3.000000000000000e-06	3.000000000000000e-06
2.716714e+05	2.452702306793360e-01	1.374236938049049e-01	3.000000000000000e-06	3.000000000000000e-06
2.768316e+05	2.464643883309131e-01	1.381005407972217e-01	3.000000000000000e-06	3.000000000000000e-06
2.820842e+05	2.476644266919295e-01	1.387806718882660e-01	3.000000000000000e-06	3.000000000000000e-06
2.874309e+05	2.488703744791335e-01	1.394641034490564e-01	3.000000000000000e-06	3.000000000000000e-06
2.928735e+05	2.500822605483437e-01	1.401508519263644e-01	3.000000000000000e-06	3.000000000000000e-06
2.984136e+05	2.513001138951776e-01	1.408409338431703e-01	3.000000000000000e-06	3.000000000000000e-06
3.040530e+05	2.525239636557838e-01	1.415343657991193e-01	3.000000000000000e-06	3.000000000000000e-06
3.097935e+05	2.537538391075756e-01	1.422311644709779e-01	3.000000000000000e-06	3.000000000000000e-06
3.156370e+05	2.549897696699679e-01	1.429313466130916e-01	3.000000000000000e-06	3.000000000000000e-06
3.215852e+05	2.562317849051159e-01	1.436349290578414e-01	3.000000000000000e-06	3.000000000000000e-06
3.276400e+05	2.574799145186570e-01	1.443419287161032e-01	3.000000000000000e-06	3.000000000000000e-06
3.338035e+05	2.587341883604550e-01	1.450523625777057e-01	3.000000000000000e-06	3.000000000000000e-06
3.400774e+05	2.599946364253471e-01	1.457662477118902e-01	3.000000000000000e-06	3.000000000000000e-06
3.464639e+05	2.612612888538936e-01	1.464836012677707e-01	3.000000000000000e-06	3.000000000000000e-06
3.529650e+05	2.625341759331302e-01	1.472044404747948e-01	3.000000000000000e-06	3.000000000000000e-06
3.595827e+05	2.638133280973230e-01	1.479287826432051e-01	3.000000000000000e-06	3.000000000000000e-06
3.663191e+05	2.650987759287269e-01	1.486566451645023e-01	3.000000000000000e-06	3.000000000000000e-06
3.731763e+05	2.663905501583461e-01	1.493880455119079e-01	3.000000000000000e-06	3.000000000000000e-06
3.801566e+05	2.676886816666978e-01	1.501230012408288e-01	3.000000000000000e-06	3.000000000000000e-06
3.872622e+05	2.689932014845788e-01	1.508615299893223e-01	3.000000000000000e-06	3.000000000000000e-06
3.944952e+05	2.703041407938352e-01	1.516036494785627e-01	3.000000000000000e-06	3.000000000000000e-06
4.018581e+05	2.716215309281348e-01	1.523493775133077e-01	3.000000000000000e-06	3.000000000000000e-06
4.093532e+05	2.729454033737426e-01	1.530987319823671e-01	3.000000000000000e-06	3.000000000000000e-06
4.169828e+05	2.742757897702992e-01	1.538517308590721e-01	3.000000000000000e-06	3.000000000000000e-06
4.247493e+05	2.756127219116030e-01	1.546083922017454e-01	3.000000000000000e-06	3.000000000000000e-06
4.326554e+05	2.769562317463942e-01	1.553687341541727e-01	3.000000000000000e-06	3.000000000000000e-06
4.407033e+05	2.783063513791433e-01	1.561327749460755e-01	3.000000000000000e-06	3.000000000000000e-06
4.488958e+05	2.796631130708417e-01	1.569005328935850e-01	3.000000000000000e-06	3.000000000000000e-06
4.572354e+05	2.810265492397963e-01	1.576720263997170e-01	3.000000000000000e-06	3.000000000000000e-06
4.657248e+05	2.823966924624262e-01	1.584472739548482e-01	3.000000000000000e-06	3.000000000000000e-06
4.743667e+05	2.837735754740646e-01	1.592262941371939e-01	3.000000000000000e-06	3.000000000000000e-06
4.831638e+05	2.851572311697617e-01	1.600091056132871e-01	3.000000000000000e-06	3.000000000000000e-06
4.921190e+05	2.865476926050925e-01	1.607957271384584e-01	3.000000000000000e-06	3.000000000000000e-06
5.012351e+05	2.879449929969675e-01	1.615861775573180e-01	3.000000000000000e-06	3.000000000000000e-06
5.105150e+05	2.893491657244465e-01	1.623804758042383e-01	3.000000000000000e-06	3.000000000000000e-06
5.199616e+05	2.907602443295559e-01	1.631786409038389e-01	3.000000000000000e-06	3.000000000000000e-06
5.295780e+05	2.921782625181102e-01	1.639806919714720e-01	3.000000000000000e-06	3.000000000000000e-06
5.393673e+05	2.936032541605353e-01	1.647866482137101e-01	3.000000000000000e-06	3.000000000000000e-06
5.493325e+05	2.950352532926971e-01	1.655965289288347e-01	3.000000000000000e-06	3.000000000000000e-06
5.594769e+05	2.964742941167328e-01	1.664103535073270e-01	3.000000000000000e-06	3.000000000000000e-06
5.698036e+05	2.979204110018849e-01	1.672281414323593e-01	3.000000000000000e-06	3.000000000000000e-06
5.803161e+05	2.993736384853407e-01	1.680499122802894e-01	3.000000000000000e-06	3.000000000000000e-06
5.910175e+05	3.008340112730736e-01	1.688756857211549e-01	3.000000000000000e-06	3.000000000000000e-06
6.019115e+05	3.023015642406892e-01	1.697054815191705e-01	3.000000000000000e-06	3.000000000000000e-06
6.130013e+05	3.037763324342740e-01	1.705393195332265e-01	3.000000000000000e-06	3.000000000000000e-06
6.242907e+05	3.052583510712492e-01	1.713772197173884e-01	3.000000000000000e-06	3.000000000000000e-06
6.357831e+05	3.067476555412270e-01	1.722192021213994e-01	3.000000000000000e-06	3.000000000000000e-06
6.474823e+05	3.082442814068708e-01	1.730652868911834e-01	3.000000000000000e-06	3.000000000000000e-06
6.593919e+05	3.097482644047598e-01	1.739154942693508e-01	3.000000000000000e-06	3.000000000000000e-06
6.715159e+05	3.112596404462571e-01	1.747698445957051e-01	3.000000000000000e-06	3.000000000000000e-06
6.838581e+05	3.127784456183810e-01	1.756283583077521e-01	3.000000000000000e-06	3.000000000000000e-06
6.964223e+05	3.143047161846814e-01	1.764910559412106e-01	3.000000000000000e-06	3.000000000000000e-06
7.092128e+05	3.158384885861187e-01	1.773579581305247e-01	3.000000000000000e-06	3.000000000000000e-06
7.222335e+05	3.173797994419480e-01	1.782290856093786e-01	3.000000000000000e-06	3.000000000000000e-06
7.354886e+05	3.189286855506057e-01	1.791044592112125e-01	3.000000000000000e-06	3.000000000000000e-06
7.489823e+05	3.204851838906015e-01	1.799840998697413e-01	3.000000000000000e-06	3.000000000000000e-06
7.627190e+05	3.220493316214139e-01	1.808680286194741e-01	3.000000000000000e-06	3.000000000000000e-06
7.767031e+05	3.236211660843886e-01	1.817562665962370e-01	3.000000000000000e-06	3.000000000000000e-06
7.909390e+05	3.252007248036433e-01	1.826488350376967e-01	3.000000000000000e-06	3.000000000000000e-06
8.054314e+05	3.267880454869741e-01	1.835457552838869e-01	3.000000000000000e-06	3.000000000000000e-06
8.201848e+05	3.283831660267678e-01	1.844470487777362e-01	3.000000000000000e-06	3.000000000000000e-06
8.352040e+05	3.299861245009172e-01	1.853527370655983e-01	3.000000000000000e-06	3.000000000000000e-06
8.504938e+05	3.315969591737414e-01	1.862628417977844e-01	3.000000000000000e-06	3.000000000000000e-06
8.660591e+05	3.332157084969094e-01	1.871773847290970e-01	3.000000000000000e-06	3.000000000000000e-06
8.819048e+05	3.348424111103689e-01	1.880963877193672e-01	3.000000000000000e-06	3.000000000000000e-06
8.980362e+05	3.364771058432784e-01	1.890198727339923e-01	3.000000000000000e-06	3.000000000000000e-06
9.144583e+05	3.381198317149443e-01	1.899478618444769e-01	3.000000000000000e-06	3.000000000000000e-06
9.311765e+05	3.397706279357617e-01	1.908803772289761e-01	3.000000000000000e-06	3.000000000000000e-06
9.481960e+05	3.414295339081603e-01	1.918174411728398e-01	3.000000000000000e-06	3.000000000000000e-06
9.655224e+05	3.430965892275534e-01	1.927590760691605e-01	3.000000000000000e-06	3.000000000000000e-06
9.831612e+05	3.447718336832928e-01	1.937053044193228e-01	3.000000000000000e-06	3.000000000000000e-06
1.000000e+06	3.463507275521956e-01	1.945970817742780e-01	3.000000000000000e-06	3.000000000000000e-06
1.018281e+06	3.480438268717121e-01	1.955533330563687e-01	3.000000000000000e-06	3.000000000000000e-06
1.036871e+06	3.497433389760639e-01	1.965131745723749e-01	3.000000000000000e-06	3.000000000000000e-06
1.055796e+06	3.514512327246685e-01	1.974777183665937e-01	3.000000000000000e-06	3.000000000000000e-06
1.075063e+06	3.531675144063588e-01	1.984469680144137e-01	3.000000000000000e-06	3.000000000000000e-06
1.094678e+06	3.548922255981810e-01	1.994209470201924e-01	3.000000000000000e-06	3.000000000000000e-06
1.114646e+06	3.566254074505991e-01	2.003996786461093e-01	3.000000000000000e-06	3.000000000000000e-06
1.134975e+06	3.583671013270276e-01	2.013831862733776e-01	3.000000000000000e-06	3.000000000000000e-06
1.155671e+06	3.601173487933951e-01	2.023714933963723e-01	3.000000000000000e-06	3.000000000000000e-06
1.176740e+06	3.618761916193372e-01	2.033646236233232e-01	3.000000000000000e-06	3.000000000000000e-06
1.198190e+06	3.636436717791882e-01	2.043626006768922e-01	3.000000000000000e-06	3.000000000000000e-06
1.220026e+06	3.654198314529836e-01	2.053654483947543e-01	3.000000000000000e-06	3.000000000000000e-06
1.242258e+06	3.672047130274674e-01	2.063731907301806e-01	3.000000000000000e-06	3.000000000000000e-06
1.264890e+06	3.689983590971067e-01	2.073858517526234e-01	3.000000000000000e-06	3.000000000000000e-06
1.287931e+06	3.708008124651105e-01	2.084034556483033e-01	3.000000000000000e-06	3.000000000000000e-06
1.311389e+06	3.726121161444552e-01	2.094260267207986e-01	3.000000000000000e-06	3.000000000000000e-06
1.335270e+06	3.744323133589148e-01	2.104535893916372e-01	3.000000000000000e-06	3.000000000000000e-06
1.359582e+06	3.762614475440966e-01	2.114861682008903e-01	3.000000000000000e-06	3.000000000000000e-06
1.384334e+06	3.780995623484822e-01	2.125237878077691e-01	3.000000000000000e-06	3.000000000000000e-06
1.409532e+06	3.799467016344737e-01	2.135664729912237e-01	3.000000000000000e-06	3.000000000000000e-06
1.435187e+06	3.818029094794450e-01	2.146142486505444e-01	3.000000000000000e-06	3.000000000000000e-06
1.461304e+06	3.836682301767980e-01	2.156671398059660e-01	3.000000000000000e-06	3.000000000000000e-06
1.487894e+06	3.855427082370247e-01	2.167251715992741e-01	3.000000000000000e-06	3.000000000000000e-06
1.514965e+06	3.874263883887738e-01	2.177883692944145e-01	3.000000000000000e-06	3.000000000000000e-06
1.542524e+06	3.893193155799224e-01	2.188567582781047e-01	3.000000000000000e-06	3.000000000000000e-06
1.570582e+06	3.912215349786534e-01	2.199303640604488e-01	3.000000000000000e-06	3.000000000000000e-06
1.599148e+06	3.931330919745374e-01	2.210092122755547e-01	3.000000000000000e-06	3.000000000000000e-06
1.628230e+06	3.950540321796206e-01	2.220933286821537e-01	3.000000000000000e-06	3.000000000000000e-06
1.657837e+06	3.969844014295171e-01	2.231827391642237e-01	3.000000000000000e-06	3.000000000000000e-06
1.687981e+06	3.989242457845071e-01	2.242774697316142e-01	3.000000000000000e-06	3.000000000000000e-06
1.718669e+06	4.008736115306395e-01	2.253775465206752e-01	3.000000000000000e-06	3.000000000000000e-06
1.749913e+06	4.028325451808410e-01	2.264829957948875e-01	3.000000000000000e-06	3.000000000000000e-06
1.781722e+06	4.048010934760295e-01	2.275938439454975e-01	3.000000000000000e-06	3.000000000000000e-06
1.814106e+06	4.067793033862333e-01	2.287101174921536e-01	3.000000000000000e-06	3.000000000000000e-06
1.847076e+06	4.087672221117152e-01	2.298318430835459e-01	3.000000000000000e-06	3.000000000000000e-06
1.880643e+06	4.107648970841028e-01	2.309590474980490e-01	3.000000000000000e-06	3.000000000000000e-06
1.914818e+06	4.127723759675233e-01	2.320917576443674e-01	3.000000000000000e-06	3.000000000000000e-06
1.949611e+06	4.147897066597445e-01	2.332300005621840e-01	3.000000000000000e-06	3.000000000000000e-06
1.985034e+06	4.168169372933207e-01	2.343738034228119e-01	3.000000000000000e-06	3.000000000000000e-06
2.021099e+06	4.188541162367446e-01	2.355231935298483e-01	3.000000000000000e-06	3.000000000000000e-06
2.057816e+06	4.209012920956044e-01	2.366781983198325e-01	3.000000000000000e-06	3.000000000000000e-06
2.095199e+06	4.229585137137462e-01	2.378388453629061e-01	3.000000000000000e-06	3.000000000000000e-06
2.133258e+06	4.250258301744428e-01	2.390051623634765e-01	3.000000000000000e-06	3.000000000000000e-06
2.172006e+06	4.271032908015676e-01	2.401771771608839e-01	3.000000000000000e-06	3.000000000000000e-06
2.211457e+06	4.291909451607736e-01	2.413549177300705e-01	3.000000000000000e-06	3.000000000000000e-06
2.251622e+06	4.312888430606796e-01	2.425384121822535e-01	3.000000000000000e-06	3.000000000000000e-06
2.292515e+06	4.333970345540605e-01	2.437276887656011e-01	3.000000000000000e-06	3.000000000000000e-06
2.334149e+06	4.355155699390442e-01	2.449227758659114e-01	3.000000000000000e-06	3.000000000000000e-06
2.376537e+06	4.376444997603143e-01	2.461237020072948e-01	3.000000000000000e-06	3.000000000000000e-06
2.419694e+06	4.397838748103179e-01	2.473304958528592e-01	3.000000000000000e-06	3.000000000000000e-06
2.463633e+06	4.419337461304804e-01	2.485431862053988e-01	3.000000000000000e-06	3.000000000000000e-06
2.508368e+06	4.440941650124250e-01	2.497618020080858e-01	3.000000000000000e-06	3.000000000000000e-06
2.553914e+06	4.462651829991985e-01	2.509863723451653e-01	3.000000000000000e-06	3.000000000000000e-06
2.600286e+06	4.484468518865035e-01	2.522169264426540e-01	3.000000000000000e-06	3.000000000000000e-06
2.647499e+06	4.506392237239361e-01	2.534534936690415e-01	3.000000000000000e-06	3.000000000000000e-06
2.695568e+06	4.528423508162290e-01	2.546961035359952e-01	3.000000000000000e-06	3.000000000000000e-06
2.744509e+06	4.550562857245022e-01	2.559447856990685e-01	3.000000000000000e-06	3.000000000000000e-06
2.794337e+06	4.572810812675182e-01	2.571995699584124e-01	3.000000000000000e-06	3.000000000000000e-06
2.845070e+06	4.595167905229439e-01	2.584604862594903e-01	3.000000000000000e-06	3.000000000000000e-06
2.896723e+06	4.617634668286189e-01	2.597275646937963e-01	3.000000000000000e-06	3.000000000000000e-06
2.949313e+06	4.640211637838293e-01	2.610008354995769e-01	3.000000000000000e-06	3.000000000000000e-06
3.002857e+06	4.662899352505882e-01	2.622803290625556e-01	3.000000000000000e-06	3.000000000000000e-06
3.057373e+06	4.685698353549220e-01	2.635660759166621e-01	3.000000000000000e-06	3.000000000000000e-06
3.112878e+06	4.708609184881635e-01	2.648581067447638e-01	3.000000000000000e-06	3.000000000000000e-06
3.169391e+06	4.731632393082507e-01	2.661564523794009e-01	3.000000000000000e-06	3.000000000000000e-06
3.226930e+06	4.754768527410320e-01	2.674611438035260e-01	3.000000000000000e-06	3.000000000000000e-06
3.285513e+06	4.778018139815779e-01	2.687722121512456e-01	3.000000000000000e-06	3.000000000000000e-06
3.345160e+06	4.801381784954996e-01	2.700896887085669e-01	3.000000000000000e-06	3.000000000000000e-06
3.405890e+06	4.824860020202722e-01	2.714136049141465e-01	3.000000000000000e-06	3.000000000000000e-06
3.467723e+06	4.848453405665668e-01	2.727439923600439e-01	3.000000000000000e-06	3.000000000000000e-06
3.530679e+06	4.872162504195869e-01	2.740808827924777e-01	3.000000000000000e-06	3.000000000000000e-06
3.594779e+06	4.895987881404130e-01	2.754243081125863e-01	3.000000000000000e-06	3.000000000000000e-06
3.660043e+06	4.919930105673522e-01	2.767743003771912e-01	3.000000000000000e-06	3.000000000000000e-06
3.726493e+06	4.943989748172954e-01	2.781308917995647e-01	3.000000000000000e-06	3.000000000000000e-06
3.794150e+06	4.968167382870812e-01	2.794941147502009e-01	3.000000000000000e-06	3.000000000000000e-06
3.863036e+06	4.992463586548652e-01	2.808640017575907e-01	3.000000000000000e-06	3.000000000000000e-06
3.933175e+06	5.016878938814975e-01	2.822405855090003e-01	3.000000000000000e-06	3.000000000000000e-06
4.004588e+06	5.041414022119060e-01	2.836238988512531e-01	3.000000000000000e-06	3.000000000000000e-06
4.077299e+06	5.066069421764864e-01	2.850139747915159e-01	3.000000000000000e-06	3.000000000000000e-06
4.151332e+06	5.090845725924995e-01	2.864108464980888e-01	3.000000000000000e-06	3.000000000000000e-06
4.226711e+06	5.115743525654749e-01	2.878145473011983e-01	3.000000000000000e-06	3.000000000000000e-06
4.303461e+06	5.140763414906214e-01	2.892251106937950e-01	3.000000000000000e-06	3.000000000000000e-06
4.381606e+06	5.165905990542448e-01	2.906425703323546e-01	3.000000000000000e-06	3.000000000000000e-06
4.461173e+06	5.191171852351723e-01	2.920669600376826e-01	3.000000000000000e-06	3.000000000000000e-06
4.542186e+06	5.216561603061834e-01	2.934983137957236e-01	3.000000000000000e-06	3.000000000000000e-06
4.624674e+06	5.242075848354488e-01	2.949366657583737e-01	3.000000000000000e-06	3.000000000000000e-06
4.708661e+06	5.267715196879754e-01	2.963820502442974e-01	3.000000000000000e-06	3.000000000000000e-06
4.794177e+06	5.293480260270587e-01	2.978345017397477e-01	3.000000000000000e-06	3.000000000000000e-06
4.881249e+06	5.319371653157421e-01	2.992940548993911e-01	3.000000000000000e-06	3.000000000000000e-06
4.969905e+06	5.345389993182836e-01	3.007607445471357e-01	3.000000000000000e-06	3.000000000000000e-06
5.060175e+06	5.371535901016300e-01	3.022346056769641e-01	3.000000000000000e-06	3.000000000000000e-06
5.152088e+06	5.397810000368964e-01	3.037156734537692e-01	3.000000000000000e-06	3.000000000000000e-06
5.245674e+06	5.424212918008562e-01	3.052039832141951e-01	3.000000000000000e-06	3.000000000000000e-06
5.340963e+06	5.450745283774348e-01	3.066995704674817e-01	3.000000000000000e-06	3.000000000000000e-06
5.437988e+06	5.477407730592131e-01	3.082024708963130e-01	3.000000000000000e-06	3.000000000000000e-06
5.536779e+06	5.504200894489374e-01	3.097127203576701e-01	3.000000000000000e-06	3.000000000000000e-06
5.637369e+06	5.531125414610367e-01	3.112303548836878e-01	3.000000000000000e-06	3.000000000000000e-06
5.739791e+06	5.558181933231475e-01	3.127554106825157e-01	3.000000000000000e-06	3.000000000000000e-06
5.844078e+06	5.585371095776459e-01	3.142879241391832e-01	3.000000000000000e-06	3.000000000000000e-06
5.950265e+06	5.612693550831874e-01	3.158279318164686e-01	3.000000000000000e-06	3.000000000000000e-06
6.058387e+06	5.640149950162539e-01	3.173754704557730e-01	3.000000000000000e-06	3.000000000000000e-06
6.168478e+06	5.667740948727089e-01	3.189305769779977e-01	3.000000000000000e-06	3.000000000000000e-06
6.280576e+06	5.695467204693594e-01	3.204932884844262e-01	3.000000000000000e-06	3.000000000000000e-06
6.394716e+06	5.723329379455259e-01	3.220636422576102e-01	3.000000000000000e-06	3.000000000000000e-06
6.510936e+06	5.751328137646203e-01	3.236416757622607e-01	3.000000000000000e-06	3.000000000000000e-06
6.629274e+06	5.779464147157314e-01	3.252274266461420e-01	3.000000000000000e-06	3.000000000000000e-06
6.749770e+06	5.807738079152170e-01	3.268209327409713e-01	3.000000000000000e-06	3.000000000000000e-06
6.872462e+06	5.836150608083061e-01	3.284222320633222e-01	3.000000000000000e-06	3.000000000000000e-06
6.997391e+06	5.864702411707066e-01	3.300313628155321e-01	3.000000000000000e-06	3.000000000000000e-06
7.124598e+06	5.893394171102222e-01	3.316483633866153e-01	3.000000000000000e-06	3.000000000000000e-06
7.254124e+06	5.922226570683770e-01	3.332732723531786e-01	3.000000000000000e-06	3.000000000000000e-06
7.386013e+06	5.951200298220475e-01	3.349061284803433e-01	3.000000000000000e-06	3.000000000000000e-06
7.520307e+06	5.980316044851034e-01	3.365469707226701e-01	3.000000000000000e-06	3.000000000000000e-06
7.657051e+06	6.009574505100553e-01	3.381958382250899e-01	3.000000000000000e-06	3.000000000000000e-06
7.796290e+06	6.038976376897119e-01	3.398527703238374e-01	3.000000000000000e-06	3.000000000000000e-06
7.938068e+06	6.068522361588443e-01	3.415178065473912e-01	3.000000000000000e-06	3.000000000000000e-06
8.082434e+06	6.098213163958579e-01	3.431909866174166e-01	3.000000000000000e-06	3.000000000000000e-06
8.229434e+06	6.128049492244745e-01	3.448723504497145e-01	3.000000000000000e-06	3.000000000000000e-06
8.379117e+06	6.158032058154201e-01	3.465619381551739e-01	3.000000000000000e-06	3.000000000000000e-06
8.531531e+06	6.188161576881234e-01	3.482597900407292e-01	3.000000000000000e-06	3.000000000000000e-06
8.686728e+06	6.218438767124201e-01	3.499659466103228e-01	3.000000000000000e-06	3.000000000000000e-06
8.844757e+06	6.248864351102682e-01	3.516804485658712e-01	3.000000000000000e-06	3.000000000000000e-06
9.005672e+06	6.279439054574691e-01	3.534033368082373e-01	3.000000000000000e-06	3.000000000000000e-06
9.169525e+06	6.310163606853991e-01	3.551346524382060e-01	3.000000000000000e-06	3.000000000000000e-06
9.336370e+06	6.341038740827483e-01	3.568744367574650e-01	3.000000000000000e-06	3.000000000000000e-06
9.506262e+06	6.372065192972682e-01	3.586227312695913e-01	3.000000000000000e-06	3.000000000000000e-06
9.679256e+06	6.403243703375288e-01	3.603795776810407e-01	3.000000000000000e-06	3.000000000000000e-06
9.855411e+06	6.434575015746816e-01	3.621450179021439e-01	3.000000000000000e-06	3.000000000000000e-06
1.000000e+07	6.459966492423826e-01	3.635757511324391e-01	3.000000000000000e-06	3.000000000000000e-06
1.018265e+07	6.491686252671073e-01	3.653630500969663e-01	3.000000000000000e-06	3.000000000000000e-06
1.036799e+07	6.523449002813189e-01	3.671527553028088e-01	3.000000000000000e-06	3.000000000000000e-06
1.055672e+07	6.555369448709729e-01	3.689513300722863e-01	3.000000000000000e-06	3.000000000000000e-06
1.074891e+07	6.587446288588905e-01	3.707587010594665e-01	3.000000000000000e-06	3.000000000000000e-06
1.094460e+07	6.619680324936619e-01	3.725749134850225e-01	3.000000000000000e-06	3.000000000000000e-06
1.114388e+07	6.652072325951707e-01	3.744000106370745e-01	3.000000000000000e-06	3.000000000000000e-06
1.134679e+07	6.684623064289792e-01	3.762340360542814e-01	3.000000000000000e-06	3.000000000000000e-06
1.155342e+07	6.717333316380092e-01	3.780770334873779e-01	3.000000000000000e-06	3.000000000000000e-06
1.176382e+07	6.750203862456421e-01	3.799290469009458e-01	3.000000000000000e-06	3.000000000000000e-06
1.197807e+07	6.783235486575387e-01	3.817901204744598e-01	3.000000000000000e-06	3.000000000000000e-06
1.219624e+07	6.816428976634957e-01	3.836602986033503e-01	3.000000000000000e-06	3.000000000000000e-06
1.241840e+07	6.849785124393134e-01	3.855396259000695e-01	3.000000000000000e-06	3.000000000000000e-06
1.264462e+07	6.883304725486753e-01	3.874281471951611e-01	3.000000000000000e-06	3.000000000000000e-06
1.287498e+07	6.916988579450384e-01	3.893259075383354e-01	3.000000000000000e-06	3.000000000000000e-06
1.310955e+07	6.950837489735346e-01	3.912329521995478e-01	3.000000000000000e-06	3.000000000000000e-06
1.334841e+07	6.984852263728828e-01	3.931493266700825e-01	3.000000000000000e-06	3.000000000000000e-06
1.359165e+07	7.019033712773100e-01	3.950750766636401e-01	3.000000000000000e-06	3.000000000000000e-06
1.383933e+07	7.053382652184843e-01	3.970102481174313e-01	3.000000000000000e-06	3.000000000000000e-06
1.409155e+07	7.087899901274571e-01	3.989548871932747e-01	3.000000000000000e-06	3.000000000000000e-06
1.434838e+07	7.122586283366146e-01	4.009090402786995e-01	3.000000000000000e-06	3.000000000000000e-06
1.460992e+07	7.157442625816401e-01	4.028727539880538e-01	3.000000000000000e-06	3.000000000000000e-06
1.487624e+07	7.192469760034864e-01	4.048460751636180e-01	3.000000000000000e-06	3.000000000000000e-06
1.514744e+07	7.227668521503567e-01	4.068290508767228e-01	3.000000000000000e-06	3.000000000000000e-06
1.542360e+07	7.263039749796971e-01	4.088217284288734e-01	3.000000000000000e-06	3.000000000000000e-06
1.570482e+07	7.298584288601976e-01	4.108241553528787e-01	3.000000000000000e-06	3.000000000000000e-06
1.599119e+07	7.334302985738035e-01	4.128363794139852e-01	3.000000000000000e-06	3.000000000000000e-06
1.628280e+07	7.370196693177367e-01	4.148584486110175e-01	3.000000000000000e-06	3.000000000000000e-06
1.657976e+07	7.406266267065270e-01	4.168904111775234e-01	3.000000000000000e-06	3.000000000000000e-06
1.688215e+07	7.442512567740538e-01	4.189323155829249e-01	3.000000000000000e-06	3.000000000000000e-06
1.719009e+07	7.478936459755962e-01	4.209842105336746e-01	3.000000000000000e-06	3.000000000000000e-06
1.750366e+07	7.515538811898954e-01	4.230461449744177e-01	3.000000000000000e-06	3.000000000000000e-06
1.782298e+07	7.552320497212255e-01	4.251181680891596e-01	3.000000000000000e-06	3.000000000000000e-06
1.814815e+07	7.589282393014751e-01	4.272003293024395e-01	3.000000000000000e-06	3.000000000000000e-06
1.847928e+07	7.626425380922393e-01	4.292926782805090e-01	3.000000000000000e-06	3.000000000000000e-06
1.881648e+07	7.663750346869213e-01	4.313952649325171e-01	3.000000000000000e-06	3.000000000000000e-06
1.915986e+07	7.701258181128448e-01	4.335081394117005e-01	3.000000000000000e-06	3.000000000000000e-06
1.950953e+07	7.738949778333766e-01	4.356313521165800e-01	3.000000000000000e-06	3.000000000000000e-06
1.986562e+07	7.776826037500599e-01	4.377649536921623e-01	3.000000000000000e-06	3.000000000000000e-06
2.022823e+07	7.814887862047569e-01	4.399089950311484e-01	3.000000000000000e-06	3.000000000000000e-06
2.059749e+07	7.853136159818036e-01	4.420635272751467e-01	3.000000000000000e-06	3.000000000000000e-06
2.097352e+07	7.891571843101733e-01	4.442286018158935e-01	3.000000000000000e-06	3.000000000000000e-06
2.135645e+07	7.930195828656527e-01	4.464042702964782e-01	3.000000000000000e-06	3.000000000000000e-06
2.174640e+07	7.969009037730266e-01	4.485905846125747e-01	3.000000000000000e-06	3.000000000000000e-06
2.214350e+07	8.008012396082747e-01	4.507875969136798e-01	3.000000000000000e-06	3.000000000000000e-06
2.254789e+07	8.047206834007788e-01	4.529953596043559e-01	3.000000000000000e-06	3.000000000000000e-06
2.295970e+07	8.086593286355407e-01	4.552139253454814e-01	3.000000000000000e-06	3.000000000000000e-06
2.337906e+07	8.126172692554103e-01	4.574433470555067e-01	3.000000000000000e-06	3.000000000000000e-06
2.380612e+07	8.165945996633265e-01	4.596836779117152e-01	3.000000000000000e-06	3.000000000000000e-06
2.424101e+07	8.205914147245665e-01	4.619349713514923e-01	3.000000000000000e-06	3.000000000000000e-06
2.468388e+07	8.246078097690085e-01	4.641972810735995e-01	3.000000000000000e-06	3.000000000000000e-06
2.513489e+07	8.286438805934037e-01	4.664706610394547e-01	3.000000000000000e-06	3.000000000000000e-06
2.559417e+07	8.326997234636607e-01	4.687551654744189e-01	3.000000000000000e-06	3.000000000000000e-06
2.606188e+07	8.367754351171398e-01	4.710508488690897e-01	3.000000000000000e-06	3.000000000000000e-06
2.653818e+07	8.408711127649603e-01	4.733577659806003e-01	3.000000000000000e-06	3.000000000000000e-06
2.702322e+07	8.449868540943167e-01	4.756759718339253e-01	3.000000000000000e-06	3.000000000000000e-06
2.751717e+07	8.491227572708087e-01	4.780055217231928e-01	3.000000000000000e-06	3.000000000000000e-06
2.802019e+07	8.532789209407812e-01	4.803464712130030e-01	3.000000000000000e-06	3.000000000000000e-06
2.853245e+07	8.574554442336753e-01	4.826988761397527e-01	3.000000000000000e-06	3.000000000000000e-06
2.905411e+07	8.616524267643926e-01	4.850627926129671e-01	3.000000000000000e-06	3.000000000000000e-06
2.958536e+07	8.658699686356695e-01	4.874382770166379e-01	3.000000000000000e-06	3.000000000000000e-06
3.012637e+07	8.701081704404634e-01	4.898253860105671e-01	3.000000000000000e-06	3.000000000000000e-06
3.067731e+07	8.743671332643512e-01	4.922241765317185e-01	3.000000000000000e-06	3.000000000000000e-06
3.123838e+07	8.786469586879393e-01	4.946347057955752e-01	3.000000000000000e-06	3.000000000000000e-06
3.180976e+07	8.829477487892846e-01	4.970570312975037e-01	3.000000000000000e-06	3.000000000000000e-06
3.239164e+07	8.872696061463287e-01	4.994912108141250e-01	3.000000000000000e-06	3.000000000000000e-06
3.298421e+07	8.916126338393425e-01	5.019373024046921e-01	3.000000000000000e-06	3.000000000000000e-06
3.358767e+07	8.959769354533847e-01	5.043953644124743e-01	3.000000000000000e-06	3.000000000000000e-06
3.420223e+07	9.003626150807704e-01	5.068654554661485e-01	3.000000000000000e-06	3.000000000000000e-06
3.482808e+07	9.047697773235526e-01	5.093476344811966e-01	3.000000000000000e-06	3.000000000000000e-06
3.546544e+07	9.091985272960161e-01	5.118419606613108e-01	3.000000000000000e-06	3.000000000000000e-06
3.611451e+07	9.136489706271836e-01	5.143484934998052e-01	3.000000000000000e-06	3.000000000000000e-06
3.677552e+07	9.181212134633334e-01	5.168672927810333e-01	3.000000000000000e-06	3.000000000000000e-06
3.744869e+07	9.226153624705300e-01	5.193984185818150e-01	3.000000000000000e-06	3.000000000000000e-06
3.813424e+07	9.271315248371668e-01	5.219419312728678e-01	3.000000000000000e-06	3.000000000000000e-06
3.883239e+07	9.316698082765218e-01	5.244978915202465e-01	3.000000000000000e-06	3.000000000000000e-06
3.954339e+07	9.362303210293249e-01	5.270663602867898e-01	3.000000000000000e-06	3.000000000000000e-06
4.026746e+07	9.408131718663386e-01	5.296473988335735e-01	3.000000000000000e-06	3.000000000000000e-06
4.100486e+07	9.454184700909510e-01	5.322410687213714e-01	3.000000000000000e-06	3.000000000000000e-06
4.175582e+07	9.500463255417813e-01	5.348474318121230e-01	3.000000000000000e-06	3.000000000000000e-06
4.252060e+07	9.546968485952981e-01	5.374665502704082e-01	3.000000000000000e-06	3.000000000000000e-06
4.329945e+07	9.593701501684513e-01	5.400984865649294e-01	3.000000000000000e-06	3.000000000000000e-06
4.409264e+07	9.640663417213158e-01	5.427433034700014e-01	3.000000000000000e-06	3.000000000000000e-06
4.490042e+07	9.687855352597483e-01	5.454010640670472e-01	3.000000000000000e-06	3.000000000000000e-06
4.572308e+07	9.735278433380582e-01	5.480718317461027e-01	3.000000000000000e-06	3.000000000000000e-06
4.656087e+07	9.782933790616900e-01	5.507556702073279e-01	3.000000000000000e-06	3.000000000000000e-06
4.741409e+07	9.830822560899201e-01	5.534526434625250e-01	3.000000000000000e-06	3.000000000000000e-06
4.828302e+07	9.878945886385659e-01	5.561628158366652e-01	3.000000000000000e-06	3.000000000000000e-06
4.916794e+07	9.927304914827094e-01	5.588862519694221e-01	3.000000000000000e-06	3.000000000000000e-06
5.006917e+07	9.975900799594319e-01	5.616230168167129e-01	3.000000000000000e-06	3.000000000000000e-06
5.098698e+07	1.002473469970565e+00	5.643731756522465e-01	3.000000000000000e-06	3.000000000000000e-06
5.192170e+07	1.007380777985452e+00	5.671367940690805e-01	3.000000000000000e-06	3.000000000000000e-06
5.287364e+07	1.012312121043727e+00	5.699139379811841e-01	3.000000000000000e-06	3.000000000000000e-06
5.384311e+07	1.017267616758100e+00	5.727046736250104e-01	3.000000000000000e-06	3.000000000000000e-06
5.483044e+07	1.022247383317168e+00	5.755090675610751e-01	3.000000000000000e-06	3.000000000000000e-06
5.583596e+07	1.027251539488224e+00	5.783271866755433e-01	3.000000000000000e-06	3.000000000000000e-06
5.686001e+07	1.032280204620096e+00	5.811590981818243e-01	3.000000000000000e-06	3.000000000000000e-06
5.790293e+07	1.037333498645987e+00	5.840048696221739e-01	3.000000000000000e-06	3.000000000000000e-06
5.896506e+07	1.042411542086335e+00	5.868645688693047e-01	3.000000000000000e-06	3.000000000000000e-06
6.004677e+07	1.047514456051689e+00	5.897382641280043e-01	3.000000000000000e-06	3.000000000000000e-06
6.114841e+07	1.052642362245591e+00	5.926260239367610e-01	3.000000000000000e-06	3.000000000000000e-06
6.227036e+07	1.057795382967483e+00	5.955279171693981e-01	3.000000000000000e-06	3.000000000000000e-06
6.341299e+07	1.062973641115616e+00	5.984440130367162e-01	3.000000000000000e-06	3.000000000000000e-06
6.457669e+07	1.068177260189987e+00	6.013743810881422e-01	3.000000000000000e-06	3.000000000000000e-06
6.576184e+07	1.073406364295276e+00	6.043190912133882e-01	3.000000000000000e-06	3.000000000000000e-06
6.696884e+07	1.078661078143808e+00	6.072782136441174e-01	3.000000000000000e-06	3.000000000000000e-06
6.819810e+07	1.083941527058529e+00	6.102518189556186e-01	3.000000000000000e-06	3.000000000000000e-06
6.945003e+07	1.089247836975985e+00	6.132399780684886e-01	3.000000000000000e-06	3.000000000000000e-06
7.072505e+07	1.094580134449334e+00	6.162427622503229e-01	3.000000000000000e-06	3.000000000000000e-06
7.202358e+07	1.099938546651354e+00	6.192602431174146e-01	3.000000000000000e-06	3.000000000000000e-06
7.334606e+07	1.105323201377481e+00	6.222924926364619e-01	3.000000000000000e-06	3.000000000000000e-06
7.469295e+07	1.110734227048852e+00	6.253395831262841e-01	3.000000000000000e-06	3.000000000000000e-06
7.606467e+07	1.116171752715368e+00	6.284015872595448e-01	3.000000000000000e-06	3.000000000000000e-06
7.746171e+07	1.121635908058769e+00	6.314785780644852e-01	3.000000000000000e-06	3.000000000000000e-06
7.888453e+07	1.127126823395728e+00	6.345706289266646e-01	3.000000000000000e-06	3.000000000000000e-06
8.033359e+07	1.132644629680952e+00	6.376778135907103e-01	3.000000000000000e-06	3.000000000000000e-06
8.180941e+07	1.138189458510310e+00	6.408002061620752e-01	3.000000000000000e-06	3.000000000000000e-06
8.331245e+07	1.143761442123967e+00	6.439378811088047e-01	3.000000000000000e-06	3.000000000000000e-06
8.484324e+07	1.149360713409536e+00	6.470909132633117e-01	3.000000000000000e-06	3.000000000000000e-06
8.640229e+07	1.154987405905246e+00	6.502593778241611e-01	3.000000000000000e-06	3.000000000000000e-06
8.799012e+07	1.160641653803127e+00	6.534433503578618e-01	3.000000000000000e-06	3.000000000000000e-06
8.960726e+07	1.166323591952206e+00	6.566429068006689e-01	3.000000000000000e-06	3.000000000000000e-06
9.125426e+07	1.172033355861725e+00	6.598581234603934e-01	3.000000000000000e-06	3.000000000000000e-06
9.293167e+07	1.177771081704368e+00	6.630890770182213e-01	3.000000000000000e-06	3.000000000000000e-06
9.464005e+07	1.183536906319509e+00	6.663358445305420e-01	3.000000000000000e-06	3.000000000000000e-06
9.637998e+07	1.189330967216473e+00	6.695985034307849e-01	3.000000000000000e-06	3.000000000000000e-06
9.815205e+07	1.195153402577816e+00	6.728771315312658e-01	3.000000000000000e-06	3.000000000000000e-06
9.995685e+07	1.201004351262615e+00	6.761718070250414e-01	3.000000000000000e-06	3.000000000000000e-06
1.000000e+08	1.201142708288552e+00	6.762497158464412e-01	3.000000000000000e-06	3.000000000000000e-06
1.018721e+08	1.207128766414330e+00	6.796204627505248e-01	3.000000000000000e-06	3.000000000000000e-06
1.037450e+08	1.213036423829693e+00	6.829470536690816e-01	3.000000000000000e-06	3.000000000000000e-06
1.056531e+08	1.218974983162812e+00	6.862910370003792e-01	3.000000000000000e-06	3.000000000000000e-06
1.075965e+08	1.224942588017647e+00	6.896513674098044e-01	3.000000000000000e-06	3.000000000000000e-06
1.095758e+08	1.230939417292116e+00	6.930281456351608e-01	3.000000000000000e-06	3.000000000000000e-06
1.115916e+08	1.236965613333629e+00	6.964214518325339e-01	3.000000000000000e-06	3.000000000000000e-06
1.136447e+08	1.243021319871712e+00	6.998313669360640e-01	3.000000000000000e-06	3.000000000000000e-06
1.157358e+08	1.249106681327007e+00	7.032579722688506e-01	3.000000000000000e-06	3.000000000000000e-06
1.178655e+08	1.255221842827432e+00	7.067013495520511e-01	3.000000000000000e-06	3.000000000000000e-06
1.200346e+08	1.261366950211407e+00	7.101615809066975e-01	3.000000000000000e-06	3.000000000000000e-06
1.222437e+08	1.267542150031334e+00	7.136387488556566e-01	3.000000000000000e-06	3.000000000000000e-06
1.244937e+08	1.273747589557090e+00	7.171329363255974e-01	3.000000000000000e-06	3.000000000000000e-06
1.267853e+08	1.279983416779541e+00	7.206442266489678e-01	3.000000000000000e-06	3.000000000000000e-06
1.291193e+08	1.286249780414065e+00	7.241727035659813e-01	3.000000000000000e-06	3.000000000000000e-06
1.314965e+08	1.292546829904101e+00	7.277184512266134e-01	3.000000000000000e-06	3.000000000000000e-06
1.339176e+08	1.298874715424710e+00	7.312815541926079e-01	3.000000000000000e-06	3.000000000000000e-06
1.363834e+08	1.305233587886151e+00	7.348620974394917e-01	3.000000000000000e-06	3.000000000000000e-06
1.388949e+08	1.311623598937487e+00	7.384601663586018e-01	3.000000000000000e-06	3.000000000000000e-06
1.414529e+08	1.318044900970191e+00	7.420758467591199e-01	3.000000000000000e-06	3.000000000000000e-06
1.440581e+08	1.324497647121784e+00	7.457092248701190e-01	3.000000000000000e-06	3.000000000000000e-06
1.467116e+08	1.330981991279485e+00	7.493603873426179e-01	3.000000000000000e-06	3.000000000000000e-06
1.494141e+08	1.337498088083877e+00	7.530294212516474e-01	3.000000000000000e-06	3.000000000000000e-06
1.521667e+08	1.344046092932594e+00	7.567164140983261e-01	3.000000000000000e-06	3.000000000000000e-06
1.549702e+08	1.350626161984027e+00	7.604214538119463e-01	3.000000000000000e-06	3.000000000000000e-06
1.578255e+08	1.357238452161044e+00	7.641446287520695e-01	3.000000000000000e-06	3.000000000000000e-06
1.607337e+08	1.363883121154734e+00	7.678860277106333e-01	3.000000000000000e-06	3.000000000000000e-06
1.636958e+08	1.370560327428162e+00	7.716457399140684e-01	3.000000000000000e-06	3.000000000000000e-06
1.667126e+08	1.377270230220150e+00	7.754238550254244e-01	3.000000000000000e-06	3.000000000000000e-06
1.697853e+08	1.384012989549068e+00	7.792204631465086e-01	3.000000000000000e-06	3.000000000000000e-06
1.729149e+08	1.390788766216655e+00	7.830356548200328e-01	3.000000000000000e-06	3.000000000000000e-06
1.761024e+08	1.397597721811847e+00	7.868695210317720e-01	3.000000000000000e-06	3.000000000000000e-06
1.793490e+08	1.404440018714630e+00	7.907221532127336e-01	3.000000000000000e-06	3.000000000000000e-06
1.826556e+08	1.411315820099913e+00	7.945936432413366e-01	3.000000000000000e-06	3.000000000000000e-06
1.860235e+08	1.418225289941414e+00	7.984840834456020e-01	3.000000000000000e-06	3.000000000000000e-06
1.894538e+08	1.425168593015572e+00	8.023935666053533e-01	3.000000000000000e-06	3.000000000000000e-06
1.929476e+08	1.432145894905473e+00	8.063221859544291e-01	3.000000000000000e-06	3.000000000000000e-06
1.965061e+08	1.439157362004796e+00	8.102700351829044e-01	3.000000000000000e-06	3.000000000000000e-06
2.001305e+08	1.446203161521784e+00	8.142372084393250e-01	3.000000000000000e-06	3.000000000000000e-06
2.038220e+08	1.453283461483224e+00	8.182238003329513e-01	3.000000000000000e-06	3.000000000000000e-06
2.075820e+08	1.460398430738455e+00	8.222299059360132e-01	3.000000000000000e-06	3.000000000000000e-06
2.114116e+08	1.467548238963395e+00	8.262556207859776e-01	3.000000000000000e-06	3.000000000000000e-06
2.153121e+08	1.474733056664582e+00	8.303010408878245e-01	3.000000000000000e-06	3.000000000000000e-06
2.192849e+08	1.481953055183239e+00	8.343662627163363e-01	3.000000000000000e-06	3.000000000000000e-06
2.233314e+08	1.489208406699362e+00	8.384513832183974e-01	3.000000000000000e-06	3.000000000000000e-06
2.274528e+08	1.496499284235818e+00	8.425564998153051e-01	3.000000000000000e-06	3.000000000000000e-06
2.316507e+08	1.503825861662476e+00	8.466817104050920e-01	3.000000000000000e-06	3.000000000000000e-06
2.359263e+08	1.511188313700347e+00	8.508271133648594e-01	3.000000000000000e-06	3.000000000000000e-06
2.402812e+08	1.518586815925749e+00	8.549928075531226e-01	3.000000000000000e-06	3.000000000000000e-06
2.447168e+08	1.526021544774496e+00	8.591788923121676e-01	3.000000000000000e-06	3.000000000000000e-06
2.492346e+08	1.533492677546099e+00	8.633854674704189e-01	3.000000000000000e-06	3.000000000000000e-06
2.538362e+08	1.541000392407997e+00	8.676126333448193e-01	3.000000000000000e-06	3.000000000000000e-06
2.585232e+08	1.548544868399799e+00	8.718604907432209e-01	3.000000000000000e-06	3.000000000000000e-06
2.632970e+08	1.556126285437556e+00	8.761291409667888e-01	3.000000000000000e-06	3.000000000000000e-06
2.681594e+08	1.563744824318048e+00	8.804186858124151e-01	3.000000000000000e-06	3.000000000000000e-06
2.731119e+08	1.571400666723092e+00	8.847292275751459e-01	3.000000000000000e-06	3.000000000000000e-06
2.781563e+08	1.579093995223877e+00	8.890608690506200e-01	3.000000000000000e-06	3.000000000000000e-06
2.832943e+08	1.586824993285311e+00	8.934137135375182e-01	3.000000000000000e-06	3.000000000000000e-06
2.885275e+08	1.594593845270398e+00	8.977878648400273e-01	3.000000000000000e-06	3.000000000000000e-06
2.938579e+08	1.602400736444630e+00	9.021834272703129e-01	3.000000000000000e-06	3.000000000000000e-06
2.992871e+08	1.610245852980406e+00	9.066005056510070e-01	3.000000000000000e-06	3.000000000000000e-06
3.048170e+08	1.618129381961468e+00	9.110392053177068e-01	3.000000000000000e-06	3.000000000000000e-06
3.104496e+08	1.626051511387360e+00	9.154996321214841e-01	3.000000000000000e-06	3.000000000000000e-06
3.161867e+08	1.634012430177911e+00	9.199818924314105e-01	3.000000000000000e-06	3.000000000000000e-06
3.220302e+08	1.642012328177735e+00	9.244860931370916e-01	3.000000000000000e-06	3.000000000000000e-06
3.279822e+08	1.650051396160762e+00	9.290123416512156e-01	3.000000000000000e-06	3.000000000000000e-06
3.340446e+08	1.658129825834780e+00	9.335607459121134e-01	3.000000000000000e-06	3.000000000000000e-06
3.402196e+08	1.666247809846008e+00	9.381314143863313e-01	3.000000000000000e-06	3.000000000000000e-06
3.465092e+08	1.674405541783685e+00	9.427244560712174e-01	3.000000000000000e-06	3.000000000000000e-06
3.529155e+08	1.682603216184689e+00	9.473399804975189e-01	3.000000000000000e-06	3.000000000000000e-06
3.594408e+08	1.690841028538170e+00	9.519780977319937e-01	3.000000000000000e-06	3.000000000000000e-06
3.660872e+08	1.699119175290212e+00	9.566389183800335e-01	3.000000000000000e-06	3.000000000000000e-06
3.728570e+08	1.707437853848515e+00	9.613225535883005e-01	3.000000000000000e-06	3.000000000000000e-06
3.797526e+08	1.715797262587099e+00	9.660291150473771e-01	3.000000000000000e-06	3.000000000000000e-06
3.867762e+08	1.724197600851038e+00	9.707587149944278e-01	3.000000000000000e-06	3.000000000000000e-06
3.939302e+08	1.732639068961205e+00	9.755114662158750e-01	3.000000000000000e-06	3.000000000000000e-06
4.012170e+08	1.741121868219051e+00	9.802874820500872e-01	3.000000000000000e-06	3.000000000000000e-06
4.086392e+08	1.749646200911402e+00	9.850868763900809e-01	3.000000000000000e-06	3.000000000000000e-06
4.161993e+08	1.758212270315282e+00	9.899097636862351e-01	3.000000000000000e-06	3.000000000000000e-06
4.238998e+08	1.766820280702756e+00	9.947562589490201e-01	3.000000000000000e-06	3.000000000000000e-06
4.317434e+08	1.775470437345803e+00	9.996264777517381e-01	3.000000000000000e-06	3.000000000000000e-06
4.397327e+08	1.784162946521205e+00	1.004520536233279e+00	3.000000000000000e-06	3.000000000000000e-06
4.478704e+08	1.792898015515468e+00	1.009438551100889e+00	3.000000000000000e-06	3.000000000000000e-06
4.561593e+08	1.801675852629758e+00	1.014380639632949e+00	3.000000000000000e-06	3.000000000000000e-06
4.646023e+08	1.810496667184871e+00	1.019346919681778e+00	3.000000000000000e-06	3.000000000000000e-06
4.732021e+08	1.819360669526220e+00	1.024337509676432e+00	3.000000000000000e-06	3.000000000000000e-06
4.819618e+08	1.828268071028849e+00	1.029352528625538e+00	3.000000000000000e-06	3.000000000000000e-06
4.908842e+08	1.837219084102472e+00	1.034392096120120e+00	3.000000000000000e-06	3.000000000000000e-06
4.999725e+08	1.846213922196537e+00	1.039456332336457e+00	3.000000000000000e-06	3.000000000000000e-06
5.092298e+08	1.855252799805311e+00	1.044545358038947e+00	3.000000000000000e-06	3.000000000000000e-06
5.186591e+08	1.864335932472998e+00	1.049659294582981e+00	3.000000000000000e-06	3.000000000000000e-06
5.282637e+08	1.873463536798869e+00	1.054798263917842e+00	3.000000000000000e-06	3.000000000000000e-06
5.380469e+08	1.882635830442433e+00	1.059962388589605e+00	3.000000000000000e-06	3.000000000000000e-06
5.480120e+08	1.891853032128620e+00	1.065151791744066e+00	3.000000000000000e-06	3.000000000000000e-06
5.581624e+08	1.901115361652998e+00	1.070366597129669e+00	3.000000000000000e-06	3.000000000000000e-06
5.685015e+08	1.910423039887008e+00	1.075606929100464e+00	3.000000000000000e-06	3.000000000000000e-06
5.790329e+08	1.919776288783235e+00	1.080872912619062e+00	3.000000000000000e-06	3.000000000000000e-06
5.897601e+08	1.929175331380690e+00	1.086164673259625e+00	3.000000000000000e-06	3.000000000000000e-06
6.006869e+08	1.938620391810136e+00	1.091482337210847e+00	3.000000000000000e-06	3.000000000000000e-06
6.118169e+08	1.948111695299424e+00	1.096826031278972e+00	3.000000000000000e-06	3.000000000000000e-06
6.231539e+08	1.957649468178861e+00	1.102195882890812e+00	3.000000000000000e-06	3.000000000000000e-06
6.347019e+08	1.967233937886612e+00	1.107592020096782e+00	3.000000000000000e-06	3.000000000000000e-06
6.464646e+08	1.976865332974113e+00	1.113014571573960e+00	3.000000000000000e-06	3.000000000000000e-06
6.584462e+08	1.986543883111523e+00	1.118463666629145e+00	3.000000000000000e-06	3.000000000000000e-06
6.706507e+08	1.996269819093200e+00	1.123939435201947e+00	3.000000000000000e-06	3.000000000000000e-06
6.830824e+08	2.006043372843198e+00	1.129442007867879e+00	3.000000000000000e-06	3.000000000000000e-06
6.957453e+08	2.015864777420799e+00	1.134971515841473e+00	3.000000000000000e-06	3.000000000000000e-06
7.086439e+08	2.025734267026065e+00	1.140528090979405e+00	3.000000000000000e-06	3.000000000000000e-06
7.217826e+08	2.035652077005423e+00	1.146111865783639e+00	3.000000000000000e-06	3.000000000000000e-06
7.351658e+08	2.045618443857275e+00	1.151722973404586e+00	3.000000000000000e-06	3.000000000000000e-06
7.487981e+08	2.055633605237633e+00	1.157361547644279e+00	3.000000000000000e-06	3.000000000000000e-06
7.626841e+08	2.065697799965786e+00	1.163027722959557e+00	3.000000000000000e-06	3.000000000000000e-06
7.768286e+08	2.075811268029990e+00	1.168721634465277e+00	3.000000000000000e-06	3.000000000000000e-06
7.912365e+08	2.085974250593190e+00	1.174443417937530e+00	3.000000000000000e-06	3.000000000000000e-06
8.059126e+08	2.096186989998771e+00	1.180193209816879e+00	3.000000000000000e-06	3.000000000000000e-06
8.208619e+08	2.106449729776330e+00	1.185971147211610e+00	3.000000000000000e-06	3.000000000000000e-06
8.360896e+08	2.116762714647483e+00	1.191777367901003e+00	3.000000000000000e-06	3.000000000000000e-06
8.516009e+08	2.127126190531697e+00	1.197612010338613e+00	3.000000000000000e-06	3.000000000000000e-06
8.674010e+08	2.137540404552154e+00	1.203475213655571e+00	3.000000000000000e-06	3.000000000000000e-06
8.834954e+08	2.148005605041641e+00	1.209367117663903e+00	3.000000000000000e-06	3.000000000000000e-06
8.998895e+08	2.158522041548466e+00	1.215287862859858e+00	3.000000000000000e-06	3.000000000000000e-06
9.165889e+08	2.169089964842410e+00	1.221237590427261e+00	3.000000000000000e-06	3.000000000000000e-06
9.335995e+08	2.179709626920705e+00	1.227216442240875e+00	3.000000000000000e-06	3.000000000000000e-06
9.509268e+08	2.190381281014035e+00	1.233224560869786e+00	3.000000000000000e-06	3.000000000000000e-06
9.685770e+08	2.201105181592579e+00	1.239262089580800e+00	3.000000000000000e-06	3.000000000000000e-06
9.865560e+08	2.211881584372072e+00	1.245329172341856e+00	3.000000000000000e-06	3.000000000000000e-06
1.000000e+09	2.219836234776718e+00	1.249807613456563e+00	3.000000000000000e-06	3.000000000000000e-06
