#t[yr]	ecc	inc	eachmass	totalmass
0.000000e+00	5.000000000000000e-02	2.500000000000000e-02	3.000000000000000e-06	3.000000000000000e-06
1.000000e-03	4.999998671527309e-02	2.499999537983822e-02	3.000000000000000e-06	3.000000000000000e-06
1.000000e-02	4.999986715268857e-02	2.499995379837678e-02	3.000000000000000e-06	3.000000000000000e-06
1.000000e-01	4.999867152160588e-02	2.499953798293443e-02	3.000000000000000e-06	3.000000000000000e-06
1.000000e+00	4.998671468686245e-02	2.499537974568652e-02	3.000000000000000e-06	3.000000000000000e-06
1.000000e+01	4.986709377718605e-02	2.495378906707851e-02	3.000000000000000e-06	3.000000000000000e-06
2.172309e+01	4.971221755838723e-02	2.489989829179573e-02	3.000000000000000e-06	3.000000000000000e-06
3.360737e+01	4.955651117604040e-02	2.484565566750766e-02	3.000000000000000e-06	3.000000000000000e-06
4.570283e+01	4.939936469205594e-02	2.479084699524607e-02	3.000000000000000e-06	3.000000000000000e-06
5.801352e+01	4.924078236623149e-02	2.473547139135485e-02	3.000000000000000e-06	3.000000000000000e-06
7.054449e+01	4.908075801784254e-02	2.467952426999676e-02	3.000000000000000e-06	3.000000000000000e-06
8.330088e+01	4.891928603359040e-02	2.462300117006578e-02	3.000000000000000e-06	3.000000000000000e-06
9.628802e+01	4.875636119875013e-02	2.456589769445680e-02	3.000000000000000e-06	3.000000000000000e-06
1.000000e+02	4.871027273958323e-02	2.454971750036857e-02	3.000000000000000e-06	3.000000000000000e-06
1.134652e+02	4.854331412390328e-02	2.449110438703552e-02	3.000000000000000e-06	3.000000000000000e-06
1.269995e+02	4.837707765085515e-02	2.443266690552355e-02	3.000000000000000e-06	3.000000000000000e-06
1.407865e+02	4.820933438790341e-02	2.437362110249072e-02	3.000000000000000e-06	3.000000000000000e-06
1.548288e+02	4.804012184331301e-02	2.431397722319782e-02	3.000000000000000e-06	3.000000000000000e-06
1.691327e+02	4.786943665854407e-02	2.425373108530855e-02	3.000000000000000e-06	3.000000000000000e-06
1.837045e+02	4.769727682950717e-02	2.419287889300113e-02	3.000000000000000e-06	3.000000000000000e-06
1.985510e+02	4.752364096684068e-02	2.413141697484612e-02	3.000000000000000e-06	3.000000000000000e-06
2.136788e+02	4.734852834793292e-02	2.406934179988171e-02	3.000000000000000e-06	3.000000000000000e-06
2.290949e+02	4.717193895612724e-02	2.400664998917237e-02	3.000000000000000e-06	3.000000000000000e-06
2.448066e+02	4.699387352205838e-02	2.394333832811655e-02	3.000000000000000e-06	3.000000000000000e-06
2.608213e+02	4.681433356691354e-02	2.387940377943677e-02	3.000000000000000e-06	3.000000000000000e-06
2.771466e+02	4.663332144769377e-02	2.381484349688631e-02	3.000000000000000e-06	3.000000000000000e-06
2.937904e+02	4.645084040454659e-02	2.374965483970521e-02	3.000000000000000e-06	3.000000000000000e-06
3.107609e+02	4.626689461024081e-02	2.368383538785981e-02	3.000000000000000e-06	3.000000000000000e-06
3.280664e+02	4.608148922185421e-02	2.361738295810060e-02	3.000000000000000e-06	3.000000000000000e-06
3.457156e+02	4.589463043474384e-02	2.355029562087414e-02	3.000000000000000e-06	3.000000000000000e-06
3.637174e+02	4.570632553886771e-02	2.348257171812547e-02	3.000000000000000e-06	3.000000000000000e-06
3.820811e+02	4.551658297752437e-02	2.341420988202813e-02	3.000000000000000e-06	3.000000000000000e-06
4.008160e+02	4.532541240857472e-02	2.334520905467943e-02	3.000000000000000e-06	3.000000000000000e-06
4.199320e+02	4.513282476820703e-02	2.327556850879891e-02	3.000000000000000e-06	3.000000000000000e-06
4.394393e+02	4.493883233730203e-02	2.320528786946824e-02	3.000000000000000e-06	3.000000000000000e-06
4.593482e+02	4.474344881045002e-02	2.313436713695083e-02	3.000000000000000e-06	3.000000000000000e-06
4.796694e+02	4.454668936766599e-02	2.306280671062910e-02	3.000000000000000e-06	3.000000000000000e-06
5.004142e+02	4.434857074884150e-02	2.299060741409701e-02	3.000000000000000e-06	3.000000000000000e-06
5.215939e+02	4.414911133096363e-02	2.291777052144464e-02	3.000000000000000e-06	3.000000000000000e-06
5.432204e+02	4.394833120812162e-02	2.284429778477051e-02	3.000000000000000e-06	3.000000000000000e-06
5.653058e+02	4.374625227431024e-02	2.277019146295577e-02	3.000000000000000e-06	3.000000000000000e-06
5.878628e+02	4.354289830902606e-02	2.269545435173275e-02	3.000000000000000e-06	3.000000000000000e-06
6.109044e+02	4.333829506563770e-02	2.262008981507748e-02	3.000000000000000e-06	3.000000000000000e-06
6.344439e+02	4.313247036249414e-02	2.254410181795331e-02	3.000000000000000e-06	3.000000000000000e-06
6.584953e+02	4.292545417671617e-02	2.246749496042895e-02	3.000000000000000e-06	3.000000000000000e-06
6.830728e+02	4.271727874059415e-02	2.239027451319009e-02	3.000000000000000e-06	3.000000000000000e-06
7.081912e+02	4.250797864049140e-02	2.231244645445885e-02	3.000000000000000e-06	3.000000000000000e-06
7.338657e+02	4.229759091812531e-02	2.223401750832943e-02	3.000000000000000e-06	3.000000000000000e-06
7.598672e+02	4.208813253074662e-02	2.215573367286393e-02	3.000000000000000e-06	3.000000000000000e-06
7.861858e+02	4.187975044387004e-02	2.207764834107459e-02	3.000000000000000e-06	3.000000000000000e-06
8.128304e+02	4.167243828721550e-02	2.199975784487318e-02	3.000000000000000e-06	3.000000000000000e-06
8.398099e+02	4.146619158715580e-02	2.192205913773259e-02	3.000000000000000e-06	3.000000000000000e-06
8.671337e+02	4.126100590817850e-02	2.184454909844374e-02	3.000000000000000e-06	3.000000000000000e-06
8.948117e+02	4.105687687755041e-02	2.176722453623726e-02	3.000000000000000e-06	3.000000000000000e-06
9.228542e+02	4.085380018725511e-02	2.169008218713113e-02	3.000000000000000e-06	3.000000000000000e-06
9.512717e+02	4.065177159640427e-02	2.161311871014668e-02	3.000000000000000e-06	3.000000000000000e-06
9.800756e+02	4.045078693385518e-02	2.153633068326568e-02	3.000000000000000e-06	3.000000000000000e-06
1.000000e+03	4.031447327457990e-02	2.148408561019111e-02	3.000000000000000e-06	3.000000000000000e-06
1.029612e+03	4.011434216406391e-02	2.140724261294754e-02	3.000000000000000e-06	3.000000000000000e-06
1.059512e+03	3.991615374496584e-02	2.133091342463668e-02	3.000000000000000e-06	3.000000000000000e-06
1.089847e+03	3.971898165506840e-02	2.125474135804137e-02	3.000000000000000e-06	3.000000000000000e-06
1.120628e+03	3.952283515626172e-02	2.117872756162545e-02	3.000000000000000e-06	3.000000000000000e-06
1.151870e+03	3.932771034820707e-02	2.110286798820894e-02	3.000000000000000e-06	3.000000000000000e-06
1.183590e+03	3.913360361607536e-02	2.102715854754181e-02	3.000000000000000e-06	3.000000000000000e-06
1.215802e+03	3.894051144190314e-02	2.095159502474231e-02	3.000000000000000e-06	3.000000000000000e-06
1.248525e+03	3.874843041310587e-02	2.087617307388622e-02	3.000000000000000e-06	3.000000000000000e-06
1.281776e+03	3.855735722867355e-02	2.080088820987674e-02	3.000000000000000e-06	3.000000000000000e-06
1.315576e+03	3.836728870604573e-02	2.072573579966470e-02	3.000000000000000e-06	3.000000000000000e-06
1.349943e+03	3.817822178869986e-02	2.065071105273310e-02	3.000000000000000e-06	3.000000000000000e-06
1.384900e+03	3.799015355454278e-02	2.057580901076823e-02	3.000000000000000e-06	3.000000000000000e-06
1.420470e+03	3.780308122520732e-02	2.050102453642954e-02	3.000000000000000e-06	3.000000000000000e-06
1.456675e+03	3.761700217637199e-02	2.042635230111871e-02	3.000000000000000e-06	3.000000000000000e-06
1.493543e+03	3.743191394923957e-02	2.035178677163505e-02	3.000000000000000e-06	3.000000000000000e-06
1.531100e+03	3.724781426333235e-02	2.027732219558866e-02	3.000000000000000e-06	3.000000000000000e-06
1.569376e+03	3.706470103078692e-02	2.020295258542487e-02	3.000000000000000e-06	3.000000000000000e-06
1.608401e+03	3.688257237236244e-02	2.012867170089215e-02	3.000000000000000e-06	3.000000000000000e-06
1.648208e+03	3.670142663541191e-02	2.005447302976109e-02	3.000000000000000e-06	3.000000000000000e-06
1.688833e+03	3.652126241411019e-02	1.998034976657284e-02	3.000000000000000e-06	3.000000000000000e-06
1.730313e+03	3.634207857228468e-02	1.990629478916105e-02	3.000000000000000e-06	3.000000000000000e-06
1.772690e+03	3.616387426925800e-02	1.983230063265070e-02	3.000000000000000e-06	3.000000000000000e-06
1.816007e+03	3.598664898918940e-02	1.975835946058879e-02	3.000000000000000e-06	3.000000000000000e-06
1.860310e+03	3.581040257449559e-02	1.968446303280396e-02	3.000000000000000e-06	3.000000000000000e-06
1.905652e+03	3.563513526404740e-02	1.961060266952282e-02	3.000000000000000e-06	3.000000000000000e-06
1.952086e+03	3.546084773698138e-02	1.953676921118706e-02	3.000000000000000e-06	3.000000000000000e-06
1.999673e+03	3.528754116314248e-02	1.946295297331389e-02	3.000000000000000e-06	3.000000000000000e-06
2.048476e+03	3.511521726139499e-02	1.938914369561907e-02	3.000000000000000e-06	3.000000000000000e-06
2.098567e+03	3.494387836731672e-02	1.931533048447031e-02	3.000000000000000e-06	3.000000000000000e-06
2.150022e+03	3.477352751214277e-02	1.924150174755250e-02	3.000000000000000e-06	3.000000000000000e-06
2.202925e+03	3.460416851527260e-02	1.916764511939526e-02	3.000000000000000e-06	3.000000000000000e-06
2.257370e+03	3.443580609322881e-02	1.909374737612455e-02	3.000000000000000e-06	3.000000000000000e-06
2.313457e+03	3.426844598869900e-02	1.901979433743818e-02	3.000000000000000e-06	3.000000000000000e-06
2.371300e+03	3.410209512426217e-02	1.894577075334578e-02	3.000000000000000e-06	3.000000000000000e-06
2.431024e+03	3.393676178667872e-02	1.887166017262839e-02	3.000000000000000e-06	3.000000000000000e-06
2.492767e+03	3.377245584932151e-02	1.879744478921937e-02	3.000000000000000e-06	3.000000000000000e-06
2.556686e+03	3.360918904260975e-02	1.872310526172897e-02	3.000000000000000e-06	3.000000000000000e-06
2.622956e+03	3.344697528541100e-02	1.864862050005166e-02	3.000000000000000e-06	3.000000000000000e-06
2.691774e+03	3.328583109464896e-02	1.857396741129327e-02	3.000000000000000e-06	3.000000000000000e-06
2.763366e+03	3.312577609631174e-02	1.849912059497402e-02	3.000000000000000e-06	3.000000000000000e-06
2.837989e+03	3.296683366948398e-02	1.842405197436756e-02	3.000000000000000e-06	3.000000000000000e-06
2.915937e+03	3.280903176713903e-02	1.834873034657796e-02	3.000000000000000e-06	3.000000000000000e-06
2.997102e+03	3.265327572968562e-02	1.827354151576529e-02	3.000000000000000e-06	3.000000000000000e-06
3.080340e+03	3.250226709453997e-02	1.819976147475199e-02	3.000000000000000e-06	3.000000000000000e-06
3.165733e+03	3.235609701120815e-02	1.812743542385495e-02	3.000000000000000e-06	3.000000000000000e-06
3.253331e+03	3.221491601834857e-02	1.805663926814175e-02	3.000000000000000e-06	3.000000000000000e-06
3.343184e+03	3.207886688792598e-02	1.798744761347155e-02	3.000000000000000e-06	3.000000000000000e-06
3.435345e+03	3.194808564315674e-02	1.791993432036636e-02	3.000000000000000e-06	3.000000000000000e-06
3.529864e+03	3.182270090885408e-02	1.785417223668029e-02	3.000000000000000e-06	3.000000000000000e-06
3.626794e+03	3.170283333259993e-02	1.779023294826858e-02	3.000000000000000e-06	3.000000000000000e-06
3.726188e+03	3.158859504037265e-02	1.772818652870329e-02	3.000000000000000e-06	3.000000000000000e-06
3.828097e+03	3.148008913386604e-02	1.766810129062579e-02	3.000000000000000e-06	3.000000000000000e-06
3.932574e+03	3.137740923532031e-02	1.761004354085288e-02	3.000000000000000e-06	3.000000000000000e-06
4.039673e+03	3.128063908525793e-02	1.755407734139659e-02	3.000000000000000e-06	3.000000000000000e-06
4.149446e+03	3.118985219794990e-02	1.750026427855371e-02	3.000000000000000e-06	3.000000000000000e-06
4.261947e+03	3.110511157876838e-02	1.744866324218286e-02	3.000000000000000e-06	3.000000000000000e-06
4.377229e+03	3.102646950682135e-02	1.739933021721348e-02	3.000000000000000e-06	3.000000000000000e-06
4.495346e+03	3.095396738542919e-02	1.735231808932332e-02	3.000000000000000e-06	3.000000000000000e-06
4.616351e+03	3.088763566211012e-02	1.730767646657989e-02	3.000000000000000e-06	3.000000000000000e-06
4.740298e+03	3.082749381881120e-02	1.726545151866935e-02	3.000000000000000e-06	3.000000000000000e-06
4.867240e+03	3.077355043217497e-02	1.722568583513686e-02	3.000000000000000e-06	3.000000000000000e-06
4.997232e+03	3.072580330269155e-02	1.718841830383915e-02	3.000000000000000e-06	3.000000000000000e-06
5.130328e+03	3.068423965067301e-02	1.715368401056732e-02	3.000000000000000e-06	3.000000000000000e-06
5.266582e+03	3.064883637612218e-02	1.712151416054141e-02	3.000000000000000e-06	3.000000000000000e-06
5.406048e+03	3.061956037877113e-02	1.709193602221285e-02	3.000000000000000e-06	3.000000000000000e-06
5.548781e+03	3.059636893385168e-02	1.706497289354203e-02	3.000000000000000e-06	3.000000000000000e-06
5.694836e+03	3.057921011854543e-02	1.704064409065215e-02	3.000000000000000e-06	3.000000000000000e-06
5.844268e+03	3.056802328355513e-02	1.701896495850146e-02	3.000000000000000e-06	3.000000000000000e-06
5.997131e+03	3.056273956384930e-02	1.699994690297019e-02	3.000000000000000e-06	3.000000000000000e-06
6.153483e+03	3.056328242236188e-02	1.698359744352913e-02	3.000000000000000e-06	3.000000000000000e-06
6.313377e+03	3.056956822027853e-02	1.696992028544911e-02	3.000000000000000e-06	3.000000000000000e-06
6.476872e+03	3.058150680750734e-02	1.695891541032658e-02	3.000000000000000e-06	3.000000000000000e-06
6.644024e+03	3.059900212700870e-02	1.695057918354343e-02	3.000000000000000e-06	3.000000000000000e-06
6.814889e+03	3.062195282683722e-02	1.694490447715027e-02	3.000000000000000e-06	3.000000000000000e-06
6.989527e+03	3.065025287401842e-02	1.694188080656253e-02	3.000000000000000e-06	3.000000000000000e-06
7.167994e+03	3.068379216473009e-02	1.694149447938852e-02	3.000000000000000e-06	3.000000000000000e-06
7.350352e+03	3.072245712567136e-02	1.694372875466646e-02	3.000000000000000e-06	3.000000000000000e-06
7.536658e+03	3.076613130196609e-02	1.694856401077352e-02	3.000000000000000e-06	3.000000000000000e-06
7.726973e+03	3.081469592744828e-02	1.695597792028126e-02	3.000000000000000e-06	3.000000000000000e-06
7.921360e+03	3.086803047370127e-02	1.696594563006662e-02	3.000000000000000e-06	3.000000000000000e-06
8.119879e+03	3.092601317475818e-02	1.697843994504402e-02	3.000000000000000e-06	3.000000000000000e-06
8.322595e+03	3.098852152490495e-02	1.699343151395810e-02	3.000000000000000e-06	3.000000000000000e-06
8.529571e+03	3.105543274755095e-02	1.701088901576617e-02	3.000000000000000e-06	3.000000000000000e-06
8.740871e+03	3.112662423363460e-02	1.703077934524175e-02	3.000000000000000e-06	3.000000000000000e-06
8.956563e+03	3.120197394850777e-02	1.705306779654166e-02	3.000000000000000e-06	3.000000000000000e-06
9.176713e+03	3.128136080668409e-02	1.707771824359750e-02	3.000000000000000e-06	3.000000000000000e-06
9.401390e+03	3.136466501424180e-02	1.710469331631434e-02	3.000000000000000e-06	3.000000000000000e-06
9.630663e+03	3.145176837903521e-02	1.713395457168340e-02	3.000000000000000e-06	3.000000000000000e-06
9.864604e+03	3.154255458919102e-02	1.716546265903854e-02	3.000000000000000e-06	3.000000000000000e-06
1.000000e+04	3.159611408206585e-02	1.718459626245763e-02	3.000000000000000e-06	3.000000000000000e-06
1.024349e+04	3.169326149479034e-02	1.721984126571422e-02	3.000000000000000e-06	3.000000000000000e-06
1.048975e+04	3.179298447375886e-02	1.725693939331195e-02	3.000000000000000e-06	3.000000000000000e-06
1.074099e+04	3.189601070132445e-02	1.729614482542966e-02	3.000000000000000e-06	3.000000000000000e-06
1.099723e+04	3.200221799149927e-02	1.733740972945108e-02	3.000000000000000e-06	3.000000000000000e-06
1.125856e+04	3.211150457895611e-02	1.738069252903292e-02	3.000000000000000e-06	3.000000000000000e-06
1.152505e+04	3.222377133599274e-02	1.742595151203887e-02	3.000000000000000e-06	3.000000000000000e-06
1.179680e+04	3.233892221329722e-02	1.747314507414584e-02	3.000000000000000e-06	3.000000000000000e-06
1.207388e+04	3.245686428825494e-02	1.752223181542186e-02	3.000000000000000e-06	3.000000000000000e-06
1.235638e+04	3.257750780224054e-02	1.757317063179633e-02	3.000000000000000e-06	3.000000000000000e-06
1.264438e+04	3.270076618081925e-02	1.762592079865647e-02	3.000000000000000e-06	3.000000000000000e-06
1.293798e+04	3.282655603859637e-02	1.768044204684745e-02	3.000000000000000e-06	3.000000000000000e-06
1.323726e+04	3.295479717024301e-02	1.773669463132805e-02	3.000000000000000e-06	3.000000000000000e-06
1.354232e+04	3.308541252916737e-02	1.779463939276528e-02	3.000000000000000e-06	3.000000000000000e-06
1.385326e+04	3.321832819523041e-02	1.785423781237424e-02	3.000000000000000e-06	3.000000000000000e-06
1.417015e+04	3.335347333282888e-02	1.791545206032729e-02	3.000000000000000e-06	3.000000000000000e-06
1.449312e+04	3.349078014058896e-02	1.797824503806895e-02	3.000000000000000e-06	3.000000000000000e-06
1.482225e+04	3.363018379383163e-02	1.804258041488052e-02	3.000000000000000e-06	3.000000000000000e-06
1.515764e+04	3.377162238088824e-02	1.810842265904192e-02	3.000000000000000e-06	3.000000000000000e-06
1.549941e+04	3.391503683426202e-02	1.817573706393838e-02	3.000000000000000e-06	3.000000000000000e-06
1.584766e+04	3.406037085755053e-02	1.824448976945593e-02	3.000000000000000e-06	3.000000000000000e-06
1.620249e+04	3.420757084896457e-02	1.831464777900426e-02	3.000000000000000e-06	3.000000000000000e-06
1.656402e+04	3.435658582220343e-02	1.838617897249715e-02	3.000000000000000e-06	3.000000000000000e-06
1.693236e+04	3.450736732537291e-02	1.845905211561055e-02	3.000000000000000e-06	3.000000000000000e-06
1.730762e+04	3.465986935856375e-02	1.853323686562748e-02	3.000000000000000e-06	3.000000000000000e-06
1.768992e+04	3.481404829064221e-02	1.860870377416584e-02	3.000000000000000e-06	3.000000000000000e-06
1.807938e+04	3.496986277574354e-02	1.868542428707216e-02	3.000000000000000e-06	3.000000000000000e-06
1.847612e+04	3.512727366990163e-02	1.876337074175021e-02	3.000000000000000e-06	3.000000000000000e-06
1.888027e+04	3.528624394819494e-02	1.884251636217889e-02	3.000000000000000e-06	3.000000000000000e-06
1.929196e+04	3.544673862273974e-02	1.892283525185961e-02	3.000000000000000e-06	3.000000000000000e-06
1.971130e+04	3.560872466181651e-02	1.900430238491836e-02	3.000000000000000e-06	3.000000000000000e-06
2.013844e+04	3.577217091037391e-02	1.908689359557371e-02	3.000000000000000e-06	3.000000000000000e-06
2.057350e+04	3.593704801211728e-02	1.917058556616747e-02	3.000000000000000e-06	3.000000000000000e-06
2.101663e+04	3.610332833335400e-02	1.925535581394104e-02	3.000000000000000e-06	3.000000000000000e-06
2.146797e+04	3.627098588873771e-02	1.934118267672715e-02	3.000000000000000e-06	3.000000000000000e-06
2.192764e+04	3.643999626902503e-02	1.942804529771365e-02	3.000000000000000e-06	3.000000000000000e-06
2.239581e+04	3.661033657093393e-02	1.951592360942376e-02	3.000000000000000e-06	3.000000000000000e-06
2.287261e+04	3.678198532917042e-02	1.960479831704525e-02	3.000000000000000e-06	3.000000000000000e-06
2.335820e+04	3.695492245067068e-02	1.969465088122994e-02	3.000000000000000e-06	3.000000000000000e-06
2.385273e+04	3.712912915108815e-02	1.978546350047409e-02	3.000000000000000e-06	3.000000000000000e-06
2.435635e+04	3.730458789354007e-02	1.987721909318055e-02	3.000000000000000e-06	3.000000000000000e-06
2.486923e+04	3.748128232961419e-02	1.996990127949376e-02	3.000000000000000e-06	3.000000000000000e-06
2.539153e+04	3.765919724262523e-02	2.006349436299011e-02	3.000000000000000e-06	3.000000000000000e-06
2.592340e+04	3.783831849310014e-02	2.015798331229791e-02	3.000000000000000e-06	3.000000000000000e-06
2.646502e+04	3.801863296646311e-02	2.025335374271343e-02	3.000000000000000e-06	3.000000000000000e-06
2.701656e+04	3.820012852288367e-02	2.034959189787250e-02	3.000000000000000e-06	3.000000000000000e-06
2.757820e+04	3.838279394924529e-02	2.044668463153041e-02	3.000000000000000e-06	3.000000000000000e-06
2.815010e+04	3.856661891318684e-02	2.054461938949695e-02	3.000000000000000e-06	3.000000000000000e-06
2.873246e+04	3.875159391916513e-02	2.064338419176745e-02	3.000000000000000e-06	3.000000000000000e-06
2.932545e+04	3.893771026648343e-02	2.074296761488601e-02	3.000000000000000e-06	3.000000000000000e-06
2.992926e+04	3.912496000922853e-02	2.084335877457197e-02	3.000000000000000e-06	3.000000000000000e-06
3.054408e+04	3.931333591805672e-02	2.094454730863644e-02	3.000000000000000e-06	3.000000000000000e-06
3.117012e+04	3.950283144376807e-02	2.104652336021182e-02	3.000000000000000e-06	3.000000000000000e-06
3.180755e+04	3.969344068260738e-02	2.114927756131362e-02	3.000000000000000e-06	3.000000000000000e-06
3.245659e+04	3.988515834322993e-02	2.125280101675048e-02	3.000000000000000e-06	3.000000000000000e-06
3.311744e+04	4.007797971526995e-02	2.135708528839556e-02	3.000000000000000e-06	3.000000000000000e-06
3.379031e+04	4.027190063945053e-02	2.146212237982944e-02	3.000000000000000e-06	3.000000000000000e-06
3.447542e+04	4.046691747917365e-02	2.156790472136275e-02	3.000000000000000e-06	3.000000000000000e-06
3.517297e+04	4.066302709353052e-02	2.167442515544397e-02	3.000000000000000e-06	3.000000000000000e-06
3.588319e+04	4.086022681167297e-02	2.178167692245641e-02	3.000000000000000e-06	3.000000000000000e-06
3.660630e+04	4.105851440848816e-02	2.188965364690635e-02	3.000000000000000e-06	3.000000000000000e-06
3.734253e+04	4.125788808152001e-02	2.199834932400294e-02	3.000000000000000e-06	3.000000000000000e-06
3.809212e+04	4.145834642908236e-02	2.210775830662881e-02	3.000000000000000e-06	3.000000000000000e-06
3.885530e+04	4.165988842951045e-02	2.221787529269956e-02	3.000000000000000e-06	3.000000000000000e-06
3.963231e+04	4.186251342149862e-02	2.232869531290881e-02	3.000000000000000e-06	3.000000000000000e-06
4.042340e+04	4.206622108547423e-02	2.244021371885477e-02	3.000000000000000e-06	3.000000000000000e-06
4.122882e+04	4.227101142595904e-02	2.255242617154360e-02	3.000000000000000e-06	3.000000000000000e-06
4.204882e+04	4.247688475487140e-02	2.266532863026368e-02	3.000000000000000e-06	3.000000000000000e-06
4.288365e+04	4.268384167572396e-02	2.277891734182499e-02	3.000000000000000e-06	3.000000000000000e-06
4.373360e+04	4.289188306867354e-02	2.289318883015656e-02	3.000000000000000e-06	3.000000000000000e-06
4.459891e+04	4.310101007638147e-02	2.300813988625509e-02	3.000000000000000e-06	3.000000000000000e-06
4.547987e+04	4.331122409064420e-02	2.312376755847730e-02	3.000000000000000e-06	3.000000000000000e-06
4.637676e+04	4.352252673975597e-02	2.324006914316808e-02	3.000000000000000e-06	3.000000000000000e-06
4.728985e+04	4.373491987656646e-02	2.335704217561671e-02	3.000000000000000e-06	3.000000000000000e-06
4.821944e+04	4.394840556719851e-02	2.347468442133283e-02	3.000000000000000e-06	3.000000000000000e-06
4.916582e+04	4.416298608039202e-02	2.359299386763402e-02	3.000000000000000e-06	3.000000000000000e-06
5.012929e+04	4.437866387744187e-02	2.371196871553660e-02	3.000000000000000e-06	3.000000000000000e-06
5.111014e+04	4.459544160269925e-02	2.383160737194137e-02	3.000000000000000e-06	3.000000000000000e-06
5.210870e+04	4.481332207460697e-02	2.395190844210569e-02	3.000000000000000e-06	3.000000000000000e-06
5.312528e+04	4.503230827724081e-02	2.407287072239386e-02	3.000000000000000e-06	3.000000000000000e-06
5.416019e+04	4.525240335233041e-02	2.419449319329728e-02	3.000000000000000e-06	3.000000000000000e-06
5.521377e+04	4.547361059173412e-02	2.431677501271619e-02	3.000000000000000e-06	3.000000000000000e-06
5.628635e+04	4.569593343034387e-02	2.443971550949490e-02	3.000000000000000e-06	3.000000000000000e-06
5.737826e+04	4.591937543939692e-02	2.456331417720244e-02	3.000000000000000e-06	3.000000000000000e-06
5.848985e+04	4.614394032017290e-02	2.468757066815074e-02	3.000000000000000e-06	3.000000000000000e-06
5.962147e+04	4.636963189805505e-02	2.481248478764262e-02	3.000000000000000e-06	3.000000000000000e-06
6.077347e+04	4.659645411693625e-02	2.493805648844182e-02	3.000000000000000e-06	3.000000000000000e-06
6.194623e+04	4.682441103395100e-02	2.506428586545777e-02	3.000000000000000e-06	3.000000000000000e-06
6.314011e+04	4.705350681451546e-02	2.519117315063770e-02	3.000000000000000e-06	3.000000000000000e-06
6.435549e+04	4.728374572765900e-02	2.531871870805900e-02	3.000000000000000e-06	3.000000000000000e-06
6.559275e+04	4.751513214163090e-02	2.544692302921481e-02	3.000000000000000e-06	3.000000000000000e-06
6.685227e+04	4.774767051976735e-02	2.557578672848609e-02	3.000000000000000e-06	3.000000000000000e-06
6.813447e+04	4.798136541660415e-02	2.570531053879358e-02	3.000000000000000e-06	3.000000000000000e-06
6.943974e+04	4.821622147422165e-02	2.583549530742322e-02	3.000000000000000e-06	3.000000000000000e-06
7.076849e+04	4.845224341880894e-02	2.596634199201869e-02	3.000000000000000e-06	3.000000000000000e-06
7.212114e+04	4.868943605743508e-02	2.609785165673511e-02	3.000000000000000e-06	3.000000000000000e-06
7.349813e+04	4.892780427501587e-02	2.623002546854800e-02	3.000000000000000e-06	3.000000000000000e-06
7.489988e+04	4.916735303146513e-02	2.636286469371174e-02	3.000000000000000e-06	3.000000000000000e-06
7.632683e+04	4.940808735902014e-02	2.649637069436196e-02	3.000000000000000e-06	3.000000000000000e-06
7.777944e+04	4.965001235973154e-02	2.663054492525664e-02	3.000000000000000e-06	3.000000000000000e-06
7.925816e+04	4.989313320310827e-02	2.676538893065061e-02	3.000000000000000e-06	3.000000000000000e-06
8.076346e+04	5.013745512390886e-02	2.690090434129844e-02	3.000000000000000e-06	3.000000000000000e-06
8.229582e+04	5.038298342007085e-02	2.703709287158091e-02	3.000000000000000e-06	3.000000000000000e-06
8.385571e+04	5.062972345077034e-02	2.717395631675040e-02	3.000000000000000e-06	3.000000000000000e-06
8.544364e+04	5.087768063460450e-02	2.731149655029046e-02	3.000000000000000e-06	3.000000000000000e-06
8.706009e+04	5.112686044788971e-02	2.744971552138555e-02	3.000000000000000e-06	3.000000000000000e-06
8.870558e+04	5.137726842306916e-02	2.758861525249630e-02	3.000000000000000e-06	3.000000000000000e-06
9.038062e+04	5.162891014722323e-02	2.772819783703659e-02	3.000000000000000e-06	3.000000000000000e-06
9.208576e+04	5.188179126067712e-02	2.786846543714822e-02	3.000000000000000e-06	3.000000000000000e-06
9.382151e+04	5.213591745569985e-02	2.800942028156959e-02	3.000000000000000e-06	3.000000000000000e-06
9.558844e+04	5.239129447528973e-02	2.815106466359459e-02	3.000000000000000e-06	3.000000000000000e-06
9.738709e+04	5.264792811204098e-02	2.829340093911828e-02	3.000000000000000e-06	3.000000000000000e-06
9.921803e+04	5.290582420708707e-02	2.843643152476586e-02	3.000000000000000e-06	3.000000000000000e-06
1.000000e+05	5.301471134760054e-02	2.849682085049306e-02	3.000000000000000e-06	3.000000000000000e-06
1.018973e+05	5.327709487407352e-02	2.864233022283949e-02	3.000000000000000e-06	3.000000000000000e-06
1.038088e+05	5.353803695153019e-02	2.878703258905419e-02	3.000000000000000e-06	3.000000000000000e-06
1.057550e+05	5.380031024386085e-02	2.893246481410313e-02	3.000000000000000e-06	3.000000000000000e-06
1.077361e+05	5.406387157717644e-02	2.907860226989077e-02	3.000000000000000e-06	3.000000000000000e-06
1.097528e+05	5.432872791620057e-02	2.922544815885497e-02	3.000000000000000e-06	3.000000000000000e-06
1.118057e+05	5.459488537778930e-02	2.937300523977058e-02	3.000000000000000e-06	3.000000000000000e-06
1.138954e+05	5.486235013734775e-02	2.952127632934300e-02	3.000000000000000e-06	3.000000000000000e-06
1.160226e+05	5.513112841213180e-02	2.967026429197489e-02	3.000000000000000e-06	3.000000000000000e-06
1.181879e+05	5.540122646101501e-02	2.981997203869481e-02	3.000000000000000e-06	3.000000000000000e-06
1.203921e+05	5.567265058400472e-02	2.997040252597875e-02	3.000000000000000e-06	3.000000000000000e-06
1.226359e+05	5.594540712180213e-02	3.012155875462693e-02	3.000000000000000e-06	3.000000000000000e-06
1.249199e+05	5.621950245539888e-02	3.027344376869099e-02	3.000000000000000e-06	3.000000000000000e-06
1.272449e+05	5.649494300570803e-02	3.042606065444949e-02	3.000000000000000e-06	3.000000000000000e-06
1.296116e+05	5.677173523322751e-02	3.057941253942996e-02	3.000000000000000e-06	3.000000000000000e-06
1.320207e+05	5.704988563773418e-02	3.073350259147538e-02	3.000000000000000e-06	3.000000000000000e-06
1.344731e+05	5.732940075800663e-02	3.088833401785350e-02	3.000000000000000e-06	3.000000000000000e-06
1.369694e+05	5.761028717157512e-02	3.104391006440725e-02	3.000000000000000e-06	3.000000000000000e-06
1.395105e+05	5.789255149449712e-02	3.120023401474442e-02	3.000000000000000e-06	3.000000000000000e-06
1.420972e+05	5.817620038115690e-02	3.135730918946534e-02	3.000000000000000e-06	3.000000000000000e-06
1.447302e+05	5.846124052408778e-02	3.151513894542663e-02	3.000000000000000e-06	3.000000000000000e-06
1.474105e+05	5.874767865381587e-02	3.167372667503997e-02	3.000000000000000e-06	3.000000000000000e-06
1.501388e+05	5.903552153872387e-02	3.183307580560418e-02	3.000000000000000e-06	3.000000000000000e-06
1.529161e+05	5.932477598493388e-02	3.199318979866934e-02	3.000000000000000e-06	3.000000000000000e-06
1.557431e+05	5.961544883620815e-02	3.215407214943181e-02	3.000000000000000e-06	3.000000000000000e-06
1.586209e+05	5.990754697386665e-02	3.231572638615866e-02	3.000000000000000e-06	3.000000000000000e-06
1.615502e+05	6.020107731672066e-02	3.247815606964045e-02	3.000000000000000e-06	3.000000000000000e-06
1.645321e+05	6.049604682102121e-02	3.264136479267132e-02	3.000000000000000e-06	3.000000000000000e-06
1.675674e+05	6.079246248042187e-02	3.280535617955495e-02	3.000000000000000e-06	3.000000000000000e-06
1.706571e+05	6.109033132595465e-02	3.297013388563581e-02	3.000000000000000e-06	3.000000000000000e-06
1.738023e+05	6.138966042601875e-02	3.313570159685423e-02	3.000000000000000e-06	3.000000000000000e-06
1.770038e+05	6.169045688638100e-02	3.330206302932465e-02	3.000000000000000e-06	3.000000000000000e-06
1.802627e+05	6.199272785018764e-02	3.346922192893594e-02	3.000000000000000e-06	3.000000000000000e-06
1.835801e+05	6.229648049798663e-02	3.363718207097292e-02	3.000000000000000e-06	3.000000000000000e-06
1.869569e+05	6.260172204775998e-02	3.380594725975835e-02	3.000000000000000e-06	3.000000000000000e-06
1.903942e+05	6.290845975496559e-02	3.397552132831435e-02	3.000000000000000e-06	3.000000000000000e-06
1.938932e+05	6.321670091258791e-02	3.414590813804266e-02	3.000000000000000e-06	3.000000000000000e-06
1.974549e+05	6.352645285119714e-02	3.431711157842290e-02	3.000000000000000e-06	3.000000000000000e-06
2.010805e+05	6.383772293901636e-02	3.448913556672804e-02	3.000000000000000e-06	3.000000000000000e-06
2.047711e+05	6.415051858199626e-02	3.466198404775655e-02	3.000000000000000e-06	3.000000000000000e-06
2.085278e+05	6.446484722389696e-02	3.483566099358036e-02	3.000000000000000e-06	3.000000000000000e-06
2.123518e+05	6.478071634637664e-02	3.501017040330822e-02	3.000000000000000e-06	3.000000000000000e-06
2.162445e+05	6.509813346908659e-02	3.518551630286356e-02	3.000000000000000e-06	3.000000000000000e-06
2.202069e+05	6.541710614977228e-02	3.536170274477658e-02	3.000000000000000e-06	3.000000000000000e-06
2.242403e+05	6.573764198438026e-02	3.553873380798973e-02	3.000000000000000e-06	3.000000000000000e-06
2.283461e+05	6.605974860717047e-02	3.571661359767627e-02	3.000000000000000e-06	3.000000000000000e-06
2.325254e+05	6.638343369083377e-02	3.589534624507112e-02	3.000000000000000e-06	3.000000000000000e-06
2.367797e+05	6.670870494661443e-02	3.607493590731386e-02	3.000000000000000e-06	3.000000000000000e-06
2.411103e+05	6.703557012443716e-02	3.625538676730299e-02	3.000000000000000e-06	3.000000000000000e-06
2.455185e+05	6.736403701303884e-02	3.643670303356141e-02	3.000000000000000e-06	3.000000000000000e-06
2.500057e+05	6.769411344010422e-02	3.661888894011235e-02	3.000000000000000e-06	3.000000000000000e-06
2.545734e+05	6.802580727240591e-02	3.680194874636548e-02	3.000000000000000e-06	3.000000000000000e-06
2.592230e+05	6.835912641594803e-02	3.698588673701281e-02	3.000000000000000e-06	3.000000000000000e-06
2.639560e+05	6.869407881611364e-02	3.717070722193399e-02	3.000000000000000e-06	3.000000000000000e-06
2.687738e+05	6.903067245781562e-02	3.735641453611046e-02	3.000000000000000e-06	3.000000000000000e-06
2.736780e+05	6.936891536565094e-02	3.754301303954849e-02	3.000000000000000e-06	3.000000000000000e-06
2.786702e+05	6.970881560405819e-02	3.773050711721029e-02	3.000000000000000e-06	3.000000000000000e-06
2.837518e+05	7.005038127747799e-02	3.791890117895327e-02	3.000000000000000e-06	3.000000000000000e-06
2.889246e+05	7.039362053051659e-02	3.810819965947692e-02	3.000000000000000e-06	3.000000000000000e-06
2.941901e+05	7.073854154811213e-02	3.829840701827699e-02	3.000000000000000e-06	3.000000000000000e-06
2.995501e+05	7.108515255570362e-02	3.848952773960689e-02	3.000000000000000e-06	3.000000000000000e-06
3.050062e+05	7.143346181940266e-02	3.868156633244584e-02	3.000000000000000e-06	3.000000000000000e-06
3.105602e+05	7.178347764616747e-02	3.887452733047348e-02	3.000000000000000e-06	3.000000000000000e-06
3.162137e+05	7.213520838397951e-02	3.906841529205100e-02	3.000000000000000e-06	3.000000000000000e-06
3.219687e+05	7.248866242202233e-02	3.926323480020809e-02	3.000000000000000e-06	3.000000000000000e-06
3.278269e+05	7.284384819086270e-02	3.945899046263587e-02	3.000000000000000e-06	3.000000000000000e-06
3.337901e+05	7.320077416263399e-02	3.965568691168538e-02	3.000000000000000e-06	3.000000000000000e-06
3.398603e+05	7.355944885122145e-02	3.985332880437144e-02	3.000000000000000e-06	3.000000000000000e-06
3.460394e+05	7.391988081244982e-02	4.005192082238177e-02	3.000000000000000e-06	3.000000000000000e-06
3.523294e+05	7.428207864427266e-02	4.025146767209100e-02	3.000000000000000e-06	3.000000000000000e-06
3.587322e+05	7.464605098696379e-02	4.045197408457963e-02	3.000000000000000e-06	3.000000000000000e-06
3.652498e+05	7.501180652331045e-02	4.065344481565748e-02	3.000000000000000e-06	3.000000000000000e-06
3.718844e+05	7.537935397880842e-02	4.085588464589173e-02	3.000000000000000e-06	3.000000000000000e-06
3.786380e+05	7.574870212185880e-02	4.105929838063916e-02	3.000000000000000e-06	3.000000000000000e-06
3.855128e+05	7.611985976396667e-02	4.126369085008259e-02	3.000000000000000e-06	3.000000000000000e-06
3.925110e+05	7.649283575994117e-02	4.146906690927130e-02	3.000000000000000e-06	3.000000000000000e-06
3.996347e+05	7.686763900809762e-02	4.167543143816530e-02	3.000000000000000e-06	3.000000000000000e-06
4.068862e+05	7.724427845046090e-02	4.188278934168330e-02	3.000000000000000e-06	3.000000000000000e-06
4.142679e+05	7.762276307297064e-02	4.209114554975429e-02	3.000000000000000e-06	3.000000000000000e-06
4.217821e+05	7.800310190568792e-02	4.230050501737252e-02	3.000000000000000e-06	3.000000000000000e-06
4.294311e+05	7.838530402300342e-02	4.251087272465593e-02	3.000000000000000e-06	3.000000000000000e-06
4.372174e+05	7.876937854384723e-02	4.272225367690764e-02	3.000000000000000e-06	3.000000000000000e-06
4.451435e+05	7.915533463189998e-02	4.293465290468067e-02	3.000000000000000e-06	3.000000000000000e-06
4.532118e+05	7.954318149580560e-02	4.314807546384568e-02	3.000000000000000e-06	3.000000000000000e-06
4.614250e+05	7.993292838938533e-02	4.336252643566146e-02	3.000000000000000e-06	3.000000000000000e-06
4.697856e+05	8.032458461185332e-02	4.357801092684845e-02	3.000000000000000e-06	3.000000000000000e-06
4.782964e+05	8.071815950803360e-02	4.379453406966476e-02	3.000000000000000e-06	3.000000000000000e-06
4.869599e+05	8.111366246857837e-02	4.401210102198497e-02	3.000000000000000e-06	3.000000000000000e-06
4.957790e+05	8.151110293018773e-02	4.423071696738141e-02	3.000000000000000e-06	3.000000000000000e-06
5.047564e+05	8.191049037583076e-02	4.445038711520792e-02	3.000000000000000e-06	3.000000000000000e-06
5.138950e+05	8.231183433496798e-02	4.467111670068594e-02	3.000000000000000e-06	3.000000000000000e-06
5.231978e+05	8.271514438377511e-02	4.489291098499303e-02	3.000000000000000e-06	3.000000000000000e-06
5.326676e+05	8.312043014536818e-02	4.511577525535347e-02	3.000000000000000e-06	3.000000000000000e-06
5.423075e+05	8.352770129002995e-02	4.533971482513124e-02	3.000000000000000e-06	3.000000000000000e-06
5.521206e+05	8.393696753543774e-02	4.556473503392487e-02	3.000000000000000e-06	3.000000000000000e-06
5.621099e+05	8.434823864689239e-02	4.579084124766453e-02	3.000000000000000e-06	3.000000000000000e-06
5.722787e+05	8.476152443754872e-02	4.601803885871102e-02	3.000000000000000e-06	3.000000000000000e-06
5.826301e+05	8.517683476864715e-02	4.624633328595670e-02	3.000000000000000e-06	3.000000000000000e-06
5.931676e+05	8.559417954974666e-02	4.647572997492832e-02	3.000000000000000e-06	3.000000000000000e-06
6.038943e+05	8.601356873895910e-02	4.670623439789166e-02	3.000000000000000e-06	3.000000000000000e-06
6.148138e+05	8.643501234318467e-02	4.693785205395797e-02	3.000000000000000e-06	3.000000000000000e-06
6.259295e+05	8.685852041834877e-02	4.717058846919209e-02	3.000000000000000e-06	3.000000000000000e-06
6.372450e+05	8.728410306964016e-02	4.740444919672231e-02	3.000000000000000e-06	3.000000000000000e-06
6.487638e+05	8.771177045175026e-02	4.763943981685190e-02	3.000000000000000e-06	3.000000000000000e-06
6.604896e+05	8.814153276911388e-02	4.787556593717214e-02	3.000000000000000e-06	3.000000000000000e-06
6.724263e+05	8.857340027615118e-02	4.811283319267699e-02	3.000000000000000e-06	3.000000000000000e-06
6.845774e+05	8.900738327751087e-02	4.835124724587930e-02	3.000000000000000e-06	3.000000000000000e-06
6.969471e+05	8.944349212831477e-02	4.859081378692851e-02	3.000000000000000e-06	3.000000000000000e-06
7.095391e+05	8.988173723440350e-02	4.883153853372969e-02	3.000000000000000e-06	3.000000000000000e-06
7.223575e+05	9.032212905258369e-02	4.907342723206422e-02	3.000000000000000e-06	3.000000000000000e-06
7.354064e+05	9.076467809087621e-02	4.931648565571171e-02	3.000000000000000e-06	3.000000000000000e-06
7.486899e+05	9.120939490876592e-02	4.956071960657329e-02	3.000000000000000e-06	3.000000000000000e-06
7.622123e+05	9.165629011745248e-02	4.980613491479637e-02	3.000000000000000e-06	3.000000000000000e-06
7.759779e+05	9.210537438010266e-02	5.005273743890052e-02	3.000000000000000e-06	3.000000000000000e-06
7.899911e+05	9.255665841210380e-02	5.030053306590485e-02	3.000000000000000e-06	3.000000000000000e-06
8.042563e+05	9.301015298131859e-02	5.054952771145647e-02	3.000000000000000e-06	3.000000000000000e-06
8.187782e+05	9.346586890834122e-02	5.079972731996035e-02	3.000000000000000e-06	3.000000000000000e-06
8.335613e+05	9.392381706675471e-02	5.105113786471023e-02	3.000000000000000e-06	3.000000000000000e-06
8.486104e+05	9.438400838338964e-02	5.130376534802091e-02	3.000000000000000e-06	3.000000000000000e-06
8.639302e+05	9.484645383858417e-02	5.155761580136162e-02	3.000000000000000e-06	3.000000000000000e-06
8.795258e+05	9.531116446644530e-02	5.181269528549052e-02	3.000000000000000e-06	3.000000000000000e-06
8.954019e+05	9.577815135511156e-02	5.206900989059046e-02	3.000000000000000e-06	3.000000000000000e-06
9.115638e+05	9.624742564701688e-02	5.232656573640579e-02	3.000000000000000e-06	3.000000000000000e-06
9.280166e+05	9.671899853915594e-02	5.258536897238025e-02	3.000000000000000e-06	3.000000000000000e-06
9.447655e+05	9.719288128335071e-02	5.284542577779610e-02	3.000000000000000e-06	3.000000000000000e-06
9.618159e+05	9.766908518651840e-02	5.310674236191415e-02	3.000000000000000e-06	3.000000000000000e-06
9.791733e+05	9.814762161094073e-02	5.336932496411501e-02	3.000000000000000e-06	3.000000000000000e-06
9.968432e+05	9.862850197453452e-02	5.363317985404133e-02	3.000000000000000e-06	3.000000000000000e-06
1.000000e+06	9.871347965107137e-02	5.367980478181286e-02	3.000000000000000e-06	3.000000000000000e-06
1.018312e+06	9.920427717255177e-02	5.394908456990462e-02	3.000000000000000e-06	3.000000000000000e-06
1.036682e+06	9.969020564083064e-02	5.421567908034741e-02	3.000000000000000e-06	3.000000000000000e-06
1.055387e+06	1.001786440279050e-01	5.448363695715604e-02	3.000000000000000e-06	3.000000000000000e-06
1.074429e+06	1.006694725086376e-01	5.475289246310337e-02	3.000000000000000e-06	3.000000000000000e-06
1.093814e+06	1.011627051409352e-01	5.502345331473806e-02	3.000000000000000e-06	3.000000000000000e-06
1.113548e+06	1.016583536513473e-01	5.529532594929779e-02	3.000000000000000e-06	3.000000000000000e-06
1.133638e+06	1.021564298666846e-01	5.556851685872698e-02	3.000000000000000e-06	3.000000000000000e-06
1.154090e+06	1.026569456708989e-01	5.584303256601800e-02	3.000000000000000e-06	3.000000000000000e-06
1.174910e+06	1.031599130061418e-01	5.611887962578773e-02	3.000000000000000e-06	3.000000000000000e-06
1.196106e+06	1.036653438730351e-01	5.639606462442248e-02	3.000000000000000e-06	3.000000000000000e-06
1.217683e+06	1.041732503309571e-01	5.667459418023152e-02	3.000000000000000e-06	3.000000000000000e-06
1.239649e+06	1.046836444983299e-01	5.695447494360151e-02	3.000000000000000e-06	3.000000000000000e-06
1.262011e+06	1.051965385529085e-01	5.723571359715184e-02	3.000000000000000e-06	3.000000000000000e-06
1.284777e+06	1.057119447320709e-01	5.751831685589097e-02	3.000000000000000e-06	3.000000000000000e-06
1.307952e+06	1.062298753331093e-01	5.780229146737358e-02	3.000000000000000e-06	3.000000000000000e-06
1.331546e+06	1.067503427135243e-01	5.808764421185884e-02	3.000000000000000e-06	3.000000000000000e-06
1.355565e+06	1.072733592913182e-01	5.837438190246944e-02	3.000000000000000e-06	3.000000000000000e-06
1.380016e+06	1.077989375452919e-01	5.866251138535169e-02	3.000000000000000e-06	3.000000000000000e-06
1.404909e+06	1.083270900153419e-01	5.895203953983644e-02	3.000000000000000e-06	3.000000000000000e-06
1.430251e+06	1.088578293027595e-01	5.924297327860099e-02	3.000000000000000e-06	3.000000000000000e-06
1.456050e+06	1.093911680705310e-01	5.953531954783190e-02	3.000000000000000e-06	3.000000000000000e-06
1.482314e+06	1.099271190436393e-01	5.982908532738871e-02	3.000000000000000e-06	3.000000000000000e-06
1.509052e+06	1.104656950093681e-01	6.012427763096861e-02	3.000000000000000e-06	3.000000000000000e-06
1.536273e+06	1.110069088176055e-01	6.042090350627199e-02	3.000000000000000e-06	3.000000000000000e-06
1.563984e+06	1.115507733811516e-01	6.071897003516891e-02	3.000000000000000e-06	3.000000000000000e-06
1.592196e+06	1.120973016760254e-01	6.101848433386652e-02	3.000000000000000e-06	3.000000000000000e-06
1.620916e+06	1.126465067417744e-01	6.131945355307738e-02	3.000000000000000e-06	3.000000000000000e-06
1.650155e+06	1.131984016817859e-01	6.162188487818863e-02	3.000000000000000e-06	3.000000000000000e-06
1.679922e+06	1.137529996635986e-01	6.192578552943217e-02	3.000000000000000e-06	3.000000000000000e-06
1.710226e+06	1.143103139192171e-01	6.223116276205570e-02	3.000000000000000e-06	3.000000000000000e-06
1.741077e+06	1.148703577454273e-01	6.253802386649468e-02	3.000000000000000e-06	3.000000000000000e-06
1.772485e+06	1.154331445041132e-01	6.284637616854517e-02	3.000000000000000e-06	3.000000000000000e-06
1.804461e+06	1.159986876225754e-01	6.315622702953770e-02	3.000000000000000e-06	3.000000000000000e-06
1.837013e+06	1.165670005938515e-01	6.346758384651187e-02	3.000000000000000e-06	3.000000000000000e-06
1.870154e+06	1.171380969770378e-01	6.378045405239205e-02	3.000000000000000e-06	3.000000000000000e-06
1.903893e+06	1.177119903976121e-01	6.409484511616385e-02	3.000000000000000e-06	3.000000000000000e-06
1.938241e+06	1.182886945477592e-01	6.441076454305164e-02	3.000000000000000e-06	3.000000000000000e-06
1.973210e+06	1.188682231866967e-01	6.472821987469686e-02	3.000000000000000e-06	3.000000000000000e-06
2.008810e+06	1.194505901410035e-01	6.504721868933731e-02	3.000000000000000e-06	3.000000000000000e-06
2.045054e+06	1.200358093049493e-01	6.536776860198741e-02	3.000000000000000e-06	3.000000000000000e-06
2.081953e+06	1.206238946408260e-01	6.568987726461932e-02	3.000000000000000e-06	3.000000000000000e-06
2.119518e+06	1.212148601792800e-01	6.601355236634496e-02	3.000000000000000e-06	3.000000000000000e-06
2.157763e+06	1.218087200196477e-01	6.633880163359904e-02	3.000000000000000e-06	3.000000000000000e-06
2.196698e+06	1.224054883302907e-01	6.666563283032297e-02	3.000000000000000e-06	3.000000000000000e-06
2.236338e+06	1.230051793489343e-01	6.699405375814968e-02	3.000000000000000e-06	3.000000000000000e-06
2.276694e+06	1.236078073830065e-01	6.732407225658948e-02	3.000000000000000e-06	3.000000000000000e-06
2.317779e+06	1.242133868099793e-01	6.765569620321672e-02	3.000000000000000e-06	3.000000000000000e-06
2.359608e+06	1.248219320777115e-01	6.798893351385743e-02	3.000000000000000e-06	3.000000000000000e-06
2.402193e+06	1.254334577047933e-01	6.832379214277802e-02	3.000000000000000e-06	3.000000000000000e-06
2.445547e+06	1.260479782808920e-01	6.866028008287471e-02	3.000000000000000e-06	3.000000000000000e-06
2.489686e+06	1.266655084671003e-01	6.899840536586416e-02	3.000000000000000e-06	3.000000000000000e-06
2.534624e+06	1.272860629962858e-01	6.933817606247476e-02	3.000000000000000e-06	3.000000000000000e-06
2.580374e+06	1.279096566734420e-01	6.967960028263923e-02	3.000000000000000e-06	3.000000000000000e-06
2.626952e+06	1.285363043760416e-01	7.002268617568776e-02	3.000000000000000e-06	3.000000000000000e-06
2.674373e+06	1.291660210543909e-01	7.036744193054253e-02	3.000000000000000e-06	3.000000000000000e-06
2.722651e+06	1.297988217319864e-01	7.071387577591288e-02	3.000000000000000e-06	3.000000000000000e-06
2.771804e+06	1.304347215058732e-01	7.106199598049161e-02	3.000000000000000e-06	3.000000000000000e-06
2.821846e+06	1.310737355470046e-01	7.141181085315217e-02	3.000000000000000e-06	3.000000000000000e-06
2.872793e+06	1.317158791006040e-01	7.176332874314689e-02	3.000000000000000e-06	3.000000000000000e-06
2.924663e+06	1.323611674865283e-01	7.211655804030616e-02	3.000000000000000e-06	3.000000000000000e-06
2.977472e+06	1.330096160996332e-01	7.247150717523858e-02	3.000000000000000e-06	3.000000000000000e-06
3.031237e+06	1.336612404101403e-01	7.282818461953211e-02	3.000000000000000e-06	3.000000000000000e-06
3.085976e+06	1.343160559640058e-01	7.318659888595620e-02	3.000000000000000e-06	3.000000000000000e-06
3.141705e+06	1.349740783832914e-01	7.354675852866494e-02	3.000000000000000e-06	3.000000000000000e-06
3.198444e+06	1.356353233665365e-01	7.390867214340116e-02	3.000000000000000e-06	3.000000000000000e-06
3.256211e+06	1.362998066891326e-01	7.427234836770162e-02	3.000000000000000e-06	3.000000000000000e-06
3.315024e+06	1.369675442036993e-01	7.463779588110306e-02	3.000000000000000e-06	3.000000000000000e-06
3.374903e+06	1.376385518404627e-01	7.500502340534944e-02	3.000000000000000e-06	3.000000000000000e-06
3.435866e+06	1.383128456076345e-01	7.537403970460003e-02	3.000000000000000e-06	3.000000000000000e-06
3.497934e+06	1.389904415917943e-01	7.574485358563868e-02	3.000000000000000e-06	3.000000000000000e-06
3.561126e+06	1.396713559582728e-01	7.611747389808390e-02	3.000000000000000e-06	3.000000000000000e-06
3.625464e+06	1.403556049515375e-01	7.649190953460019e-02	3.000000000000000e-06	3.000000000000000e-06
3.690968e+06	1.410432048955796e-01	7.686816943111034e-02	3.000000000000000e-06	3.000000000000000e-06
3.757659e+06	1.417341721943034e-01	7.724626256700860e-02	3.000000000000000e-06	3.000000000000000e-06
3.825559e+06	1.424285233319176e-01	7.762619796537515e-02	3.000000000000000e-06	3.000000000000000e-06
3.894690e+06	1.431262748733279e-01	7.800798469319142e-02	3.000000000000000e-06	3.000000000000000e-06
3.965074e+06	1.438274434645325e-01	7.839163186155658e-02	3.000000000000000e-06	3.000000000000000e-06
4.036735e+06	1.445320458330184e-01	7.877714862590500e-02	3.000000000000000e-06	3.000000000000000e-06
4.109695e+06	1.452400987881605e-01	7.916454418622486e-02	3.000000000000000e-06	3.000000000000000e-06
4.183978e+06	1.459516192216224e-01	7.955382778727769e-02	3.000000000000000e-06	3.000000000000000e-06
4.259609e+06	1.466666241077592e-01	7.994500871881915e-02	3.000000000000000e-06	3.000000000000000e-06
4.336612e+06	1.473851305040217e-01	8.033809631582077e-02	3.000000000000000e-06	3.000000000000000e-06
4.415012e+06	1.481071555513639e-01	8.073309995869278e-02	3.000000000000000e-06	3.000000000000000e-06
4.494834e+06	1.488327164746508e-01	8.113002907350807e-02	3.000000000000000e-06	3.000000000000000e-06
4.576104e+06	1.495618305830699e-01	8.152889313222719e-02	3.000000000000000e-06	3.000000000000000e-06
4.658849e+06	1.502945152705433e-01	8.192970165292450e-02	3.000000000000000e-06	3.000000000000000e-06
4.743096e+06	1.510307880161425e-01	8.233246420001539e-02	3.000000000000000e-06	3.000000000000000e-06
4.828873e+06	1.517706663845055e-01	8.273719038448456e-02	3.000000000000000e-06	3.000000000000000e-06
4.916206e+06	1.525141680262549e-01	8.314388986411551e-02	3.000000000000000e-06	3.000000000000000e-06
5.005124e+06	1.532613106784195e-01	8.355257234372111e-02	3.000000000000000e-06	3.000000000000000e-06
5.095657e+06	1.540121121648567e-01	8.396324757537516e-02	3.000000000000000e-06	3.000000000000000e-06
5.187834e+06	1.547665903966775e-01	8.437592535864531e-02	3.000000000000000e-06	3.000000000000000e-06
5.281685e+06	1.555247633726735e-01	8.479061554082698e-02	3.000000000000000e-06	3.000000000000000e-06
5.377240e+06	1.562866491797464e-01	8.520732801717835e-02	3.000000000000000e-06	3.000000000000000e-06
5.474530e+06	1.570522659933386e-01	8.562607273115666e-02	3.000000000000000e-06	3.000000000000000e-06
5.573588e+06	1.578216320778671e-01	8.604685967465552e-02	3.000000000000000e-06	3.000000000000000e-06
5.674446e+06	1.585947657871586e-01	8.646969888824343e-02	3.000000000000000e-06	3.000000000000000e-06
5.777136e+06	1.593716855648874e-01	8.689460046140350e-02	3.000000000000000e-06	3.000000000000000e-06
5.881691e+06	1.601524099450146e-01	8.732157453277424e-02	3.000000000000000e-06	3.000000000000000e-06
5.988147e+06	1.609369575522307e-01	8.775063129039155e-02	3.000000000000000e-06	3.000000000000000e-06
6.096537e+06	1.617253471023990e-01	8.818178097193202e-02	3.000000000000000e-06	3.000000000000000e-06
6.206897e+06	1.625175974030021e-01	8.861503386495712e-02	3.000000000000000e-06	3.000000000000000e-06
6.319263e+06	1.633137273535904e-01	8.905040030715894e-02	3.000000000000000e-06	3.000000000000000e-06
6.433672e+06	1.641137559462324e-01	8.948789068660680e-02	3.000000000000000e-06	3.000000000000000e-06
6.550161e+06	1.649177022659678e-01	8.992751544199527e-02	3.000000000000000e-06	3.000000000000000e-06
6.668768e+06	1.657255854912624e-01	9.036928506289334e-02	3.000000000000000e-06	3.000000000000000e-06
6.789532e+06	1.665374248944651e-01	9.081321008999468e-02	3.000000000000000e-06	3.000000000000000e-06
6.912492e+06	1.673532398422678e-01	9.125930111536935e-02	3.000000000000000e-06	3.000000000000000e-06
7.037688e+06	1.681730497961670e-01	9.170756878271651e-02	3.000000000000000e-06	3.000000000000000e-06
7.165161e+06	1.689968743129276e-01	9.215802378761852e-02	3.000000000000000e-06	3.000000000000000e-06
7.294954e+06	1.698247330450492e-01	9.261067687779612e-02	3.000000000000000e-06	3.000000000000000e-06
7.427107e+06	1.706566457412349e-01	9.306553885336503e-02	3.000000000000000e-06	3.000000000000000e-06
7.561665e+06	1.714926322468618e-01	9.352262056709368e-02	3.000000000000000e-06	3.000000000000000e-06
7.698672e+06	1.723327125044545e-01	9.398193292466217e-02	3.000000000000000e-06	3.000000000000000e-06
7.838171e+06	1.731769065541602e-01	9.444348688492257e-02	3.000000000000000e-06	3.000000000000000e-06
7.980210e+06	1.740252345342267e-01	9.490729346016050e-02	3.000000000000000e-06	3.000000000000000e-06
8.124834e+06	1.748777166814823e-01	9.537336371635781e-02	3.000000000000000e-06	3.000000000000000e-06
8.272091e+06	1.757343733318187e-01	9.584170877345678e-02	3.000000000000000e-06	3.000000000000000e-06
8.422028e+06	1.765952249206754e-01	9.631233980562544e-02	3.000000000000000e-06	3.000000000000000e-06
8.574695e+06	1.774602919835270e-01	9.678526804152422e-02	3.000000000000000e-06	3.000000000000000e-06
8.730143e+06	1.783295951563730e-01	9.726050476457389e-02	3.000000000000000e-06	3.000000000000000e-06
8.888420e+06	1.792031551762296e-01	9.773806131322484e-02	3.000000000000000e-06	3.000000000000000e-06
9.049581e+06	1.800809928816241e-01	9.821794908122766e-02	3.000000000000000e-06	3.000000000000000e-06
9.213677e+06	1.809631292130917e-01	9.870017951790494e-02	3.000000000000000e-06	3.000000000000000e-06
9.380762e+06	1.818495852136749e-01	9.918476412842454e-02	3.000000000000000e-06	3.000000000000000e-06
9.550891e+06	1.827403820294249e-01	9.967171447407416e-02	3.000000000000000e-06	3.000000000000000e-06
9.724119e+06	1.836355409099063e-01	1.001610421725371e-01	3.000000000000000e-06	3.000000000000000e-06
9.900504e+06	1.845350832087028e-01	1.006527588981694e-01	3.000000000000000e-06	3.000000000000000e-06
1.000000e+07	1.850364075675615e-01	1.009267945061079e-01	3.000000000000000e-06	3.000000000000000e-06
1.018287e+07	1.859501025498094e-01	1.014262364018174e-01	3.000000000000000e-06	3.000000000000000e-06
1.036759e+07	1.868608470556448e-01	1.019240584575933e-01	3.000000000000000e-06	3.000000000000000e-06
1.055570e+07	1.877761853744119e-01	1.024243845513066e-01	3.000000000000000e-06	3.000000000000000e-06
1.074723e+07	1.886960034733566e-01	1.029271523523459e-01	3.000000000000000e-06	3.000000000000000e-06
1.094226e+07	1.896203257484047e-01	1.034323751970159e-01	3.000000000000000e-06	3.000000000000000e-06
1.114085e+07	1.905491742042410e-01	1.039400651143701e-01	3.000000000000000e-06	3.000000000000000e-06
1.134306e+07	1.914825709986226e-01	1.044502342169483e-01	3.000000000000000e-06	3.000000000000000e-06
1.154895e+07	1.924205383969518e-01	1.049628946759471e-01	3.000000000000000e-06	3.000000000000000e-06
1.175860e+07	1.933630987736366e-01	1.054780587219634e-01	3.000000000000000e-06	3.000000000000000e-06
1.197207e+07	1.943102746126099e-01	1.059957386452787e-01	3.000000000000000e-06	3.000000000000000e-06
1.218944e+07	1.952620885078652e-01	1.065159467961521e-01	3.000000000000000e-06	3.000000000000000e-06
1.241077e+07	1.962185631639957e-01	1.070386955851149e-01	3.000000000000000e-06	3.000000000000000e-06
1.263614e+07	1.971797213967352e-01	1.075639974832668e-01	3.000000000000000e-06	3.000000000000000e-06
1.286562e+07	1.981455861335025e-01	1.080918650225735e-01	3.000000000000000e-06	3.000000000000000e-06
1.309929e+07	1.991161804139475e-01	1.086223107961654e-01	3.000000000000000e-06	3.000000000000000e-06
1.333723e+07	2.000915273905008e-01	1.091553474586385e-01	3.000000000000000e-06	3.000000000000000e-06
1.357950e+07	2.010716503289256e-01	1.096909877263556e-01	3.000000000000000e-06	3.000000000000000e-06
1.382620e+07	2.020565726088724e-01	1.102292443777503e-01	3.000000000000000e-06	3.000000000000000e-06
1.407741e+07	2.030463177244362e-01	1.107701302536315e-01	3.000000000000000e-06	3.000000000000000e-06
1.433319e+07	2.040409092847169e-01	1.113136582574899e-01	3.000000000000000e-06	3.000000000000000e-06
1.459365e+07	2.050403710143821e-01	1.118598413558055e-01	3.000000000000000e-06	3.000000000000000e-06
1.485887e+07	2.060447267542322e-01	1.124086925783574e-01	3.000000000000000e-06	3.000000000000000e-06
1.512893e+07	2.070540004617697e-01	1.129602250185340e-01	3.000000000000000e-06	3.000000000000000e-06
1.540392e+07	2.080682162117695e-01	1.135144518336460e-01	3.000000000000000e-06	3.000000000000000e-06
1.568393e+07	2.090873981968534e-01	1.140713862452397e-01	3.000000000000000e-06	3.000000000000000e-06
1.596906e+07	2.101115707280666e-01	1.146310415394127e-01	3.000000000000000e-06	3.000000000000000e-06
1.625940e+07	2.111407582354574e-01	1.151934310671307e-01	3.000000000000000e-06	3.000000000000000e-06
1.655504e+07	2.121749852686594e-01	1.157585682445460e-01	3.000000000000000e-06	3.000000000000000e-06
1.685608e+07	2.132142764974772e-01	1.163264665533173e-01	3.000000000000000e-06	3.000000000000000e-06
1.716263e+07	2.142586567124740e-01	1.168971395409318e-01	3.000000000000000e-06	3.000000000000000e-06
1.747478e+07	2.153081508255633e-01	1.174706008210277e-01	3.000000000000000e-06	3.000000000000000e-06
1.779263e+07	2.163627838706020e-01	1.180468640737194e-01	3.000000000000000e-06	3.000000000000000e-06
1.811629e+07	2.174225810039878e-01	1.186259430459236e-01	3.000000000000000e-06	3.000000000000000e-06
1.844587e+07	2.184875675052589e-01	1.192078515516871e-01	3.000000000000000e-06	3.000000000000000e-06
1.878148e+07	2.195577687776963e-01	1.197926034725164e-01	3.000000000000000e-06	3.000000000000000e-06
1.912322e+07	2.206332103489296e-01	1.203802127577087e-01	3.000000000000000e-06	3.000000000000000e-06
1.947121e+07	2.217139178715459e-01	1.209706934246850e-01	3.000000000000000e-06	3.000000000000000e-06
1.982556e+07	2.227999171237010e-01	1.215640595593238e-01	3.000000000000000e-06	3.000000000000000e-06
2.018640e+07	2.238912340097338e-01	1.221603253162973e-01	3.000000000000000e-06	3.000000000000000e-06
2.055383e+07	2.249878945607845e-01	1.227595049194093e-01	3.000000000000000e-06	3.000000000000000e-06
2.092799e+07	2.260899249354146e-01	1.233616126619340e-01	3.000000000000000e-06	3.000000000000000e-06
2.130899e+07	2.271973514202307e-01	1.239666629069572e-01	3.000000000000000e-06	3.000000000000000e-06
2.169696e+07	2.283102004305113e-01	1.245746700877187e-01	3.000000000000000e-06	3.000000000000000e-06
2.209203e+07	2.294284985108362e-01	1.251856487079564e-01	3.000000000000000e-06	3.000000000000000e-06
2.249433e+07	2.305522723357199e-01	1.257996133422526e-01	3.000000000000000e-06	3.000000000000000e-06
2.290400e+07	2.316815487102471e-01	1.264165786363814e-01	3.000000000000000e-06	3.000000000000000e-06
2.332116e+07	2.328163545707115e-01	1.270365593076576e-01	3.000000000000000e-06	3.000000000000000e-06
2.374595e+07	2.339567169852587e-01	1.276595701452883e-01	3.000000000000000e-06	3.000000000000000e-06
2.417852e+07	2.351026631545309e-01	1.282856260107253e-01	3.000000000000000e-06	3.000000000000000e-06
2.461902e+07	2.362542204123154e-01	1.289147418380196e-01	3.000000000000000e-06	3.000000000000000e-06
2.506757e+07	2.374114162261968e-01	1.295469326341773e-01	3.000000000000000e-06	3.000000000000000e-06
2.552434e+07	2.385742781982108e-01	1.301822134795179e-01	3.000000000000000e-06	3.000000000000000e-06
2.598948e+07	2.397428340655035e-01	1.308205995280337e-01	3.000000000000000e-06	3.000000000000000e-06
2.646313e+07	2.409171117009914e-01	1.314621060077511e-01	3.000000000000000e-06	3.000000000000000e-06
2.694546e+07	2.420971391140269e-01	1.321067482210940e-01	3.000000000000000e-06	3.000000000000000e-06
2.743663e+07	2.432829444510653e-01	1.327545415452485e-01	3.000000000000000e-06	3.000000000000000e-06
2.793679e+07	2.444745559963363e-01	1.334055014325297e-01	3.000000000000000e-06	3.000000000000000e-06
2.844612e+07	2.456720021725181e-01	1.340596434107503e-01	3.000000000000000e-06	3.000000000000000e-06
2.896477e+07	2.468753115414149e-01	1.347169830835906e-01	3.000000000000000e-06	3.000000000000000e-06
2.949294e+07	2.480845128046379e-01	1.353775361309710e-01	3.000000000000000e-06	3.000000000000000e-06
3.003078e+07	2.492996348042898e-01	1.360413183094254e-01	3.000000000000000e-06	3.000000000000000e-06
3.057847e+07	2.505207065236517e-01	1.367083454524775e-01	3.000000000000000e-06	3.000000000000000e-06
3.113621e+07	2.517477570878748e-01	1.373786334710178e-01	3.000000000000000e-06	3.000000000000000e-06
3.170417e+07	2.529808157646743e-01	1.380521983536837e-01	3.000000000000000e-06	3.000000000000000e-06
3.228255e+07	2.542199119650272e-01	1.387290561672400e-01	3.000000000000000e-06	3.000000000000000e-06
3.287152e+07	2.554650752438737e-01	1.394092230569627e-01	3.000000000000000e-06	3.000000000000000e-06
3.347130e+07	2.567163353008214e-01	1.400927152470234e-01	3.000000000000000e-06	3.000000000000000e-06
3.408207e+07	2.579737219808536e-01	1.407795490408769e-01	3.000000000000000e-06	3.000000000000000e-06
3.470405e+07	2.592372652750404e-01	1.414697408216490e-01	3.000000000000000e-06	3.000000000000000e-06
3.533743e+07	2.605069953212544e-01	1.421633070525282e-01	3.000000000000000e-06	3.000000000000000e-06
3.598243e+07	2.617829424048885e-01	1.428602642771575e-01	3.000000000000000e-06	3.000000000000000e-06
3.663927e+07	2.630651369595781e-01	1.435606291200292e-01	3.000000000000000e-06	3.000000000000000e-06
3.730815e+07	2.643536095679268e-01	1.442644182868814e-01	3.000000000000000e-06	3.000000000000000e-06
3.798930e+07	2.656483909622352e-01	1.449716485650959e-01	3.000000000000000e-06	3.000000000000000e-06
3.868295e+07	2.669495120252337e-01	1.456823368240992e-01	3.000000000000000e-06	3.000000000000000e-06
3.938934e+07	2.682570037908188e-01	1.463965000157642e-01	3.000000000000000e-06	3.000000000000000e-06
4.010868e+07	2.695708974447926e-01	1.471141551748144e-01	3.000000000000000e-06	3.000000000000000e-06
4.084123e+07	2.708912243256067e-01	1.478353194192304e-01	3.000000000000000e-06	3.000000000000000e-06
4.158722e+07	2.722180159251089e-01	1.485600099506580e-01	3.000000000000000e-06	3.000000000000000e-06
4.234691e+07	2.735513038892943e-01	1.492882440548182e-01	3.000000000000000e-06	3.000000000000000e-06
4.312054e+07	2.748911200190593e-01	1.500200391019194e-01	3.000000000000000e-06	3.000000000000000e-06
4.390838e+07	2.762374962709601e-01	1.507554125470715e-01	3.000000000000000e-06	3.000000000000000e-06
4.471069e+07	2.775904647579744e-01	1.514943819307025e-01	3.000000000000000e-06	3.000000000000000e-06
4.552772e+07	2.789500577502668e-01	1.522369648789762e-01	3.000000000000000e-06	3.000000000000000e-06
4.635977e+07	2.803163076759583e-01	1.529831791042128e-01	3.000000000000000e-06	3.000000000000000e-06
4.720709e+07	2.816892471218992e-01	1.537330424053112e-01	3.000000000000000e-06	3.000000000000000e-06
4.806998e+07	2.830689088344461e-01	1.544865726681733e-01	3.000000000000000e-06	3.000000000000000e-06
4.894871e+07	2.844553257202424e-01	1.552437878661304e-01	3.000000000000000e-06	3.000000000000000e-06
4.984360e+07	2.858485308470030e-01	1.560047060603718e-01	3.000000000000000e-06	3.000000000000000e-06
5.075492e+07	2.872485574443023e-01	1.567693454003758e-01	3.000000000000000e-06	3.000000000000000e-06
5.168299e+07	2.886554389043664e-01	1.575377241243417e-01	3.000000000000000e-06	3.000000000000000e-06
5.262811e+07	2.900692087828696e-01	1.583098605596254e-01	3.000000000000000e-06	3.000000000000000e-06
5.359060e+07	2.914899007997337e-01	1.590857731231758e-01	3.000000000000000e-06	3.000000000000000e-06
5.457078e+07	2.929175488399324e-01	1.598654803219743e-01	3.000000000000000e-06	3.000000000000000e-06
5.556898e+07	2.943521869542985e-01	1.606490007534758e-01	3.000000000000000e-06	3.000000000000000e-06
5.658552e+07	2.957938493603362e-01	1.614363531060523e-01	3.000000000000000e-06	3.000000000000000e-06
5.762076e+07	2.972425704430366e-01	1.622275561594385e-01	3.000000000000000e-06	3.000000000000000e-06
5.867502e+07	2.986983847556974e-01	1.630226287851793e-01	3.000000000000000e-06	3.000000000000000e-06
5.974867e+07	3.001613270207465e-01	1.638215899470800e-01	3.000000000000000e-06	3.000000000000000e-06
6.084207e+07	3.016314321305700e-01	1.646244587016583e-01	3.000000000000000e-06	3.000000000000000e-06
6.195557e+07	3.031087351483436e-01	1.654312541985988e-01	3.000000000000000e-06	3.000000000000000e-06
6.308955e+07	3.045932713088691e-01	1.662419956812094e-01	3.000000000000000e-06	3.000000000000000e-06
6.424439e+07	3.060850760194138e-01	1.670567024868801e-01	3.000000000000000e-06	3.000000000000000e-06
6.542047e+07	3.075841848605546e-01	1.678753940475444e-01	3.000000000000000e-06	3.000000000000000e-06
6.661819e+07	3.090906335870267e-01	1.686980898901419e-01	3.000000000000000e-06	3.000000000000000e-06
6.783794e+07	3.106044581285753e-01	1.695248096370846e-01	3.000000000000000e-06	3.000000000000000e-06
6.908013e+07	3.121256945908128e-01	1.703555730067243e-01	3.000000000000000e-06	3.000000000000000e-06
7.034519e+07	3.136543792560788e-01	1.711903998138228e-01	3.000000000000000e-06	3.000000000000000e-06
7.163352e+07	3.151905485843057e-01	1.720293099700243e-01	3.000000000000000e-06	3.000000000000000e-06
7.294556e+07	3.167342392138872e-01	1.728723234843304e-01	3.000000000000000e-06	3.000000000000000e-06
7.428175e+07	3.182854879625524e-01	1.737194604635767e-01	3.000000000000000e-06	3.000000000000000e-06
7.564254e+07	3.198443318282431e-01	1.745707411129125e-01	3.000000000000000e-06	3.000000000000000e-06
7.702837e+07	3.214108079899956e-01	1.754261857362823e-01	3.000000000000000e-06	3.000000000000000e-06
7.843972e+07	3.229849538088274e-01	1.762858147369101e-01	3.000000000000000e-06	3.000000000000000e-06
7.987706e+07	3.245668068286279e-01	1.771496486177858e-01	3.000000000000000e-06	3.000000000000000e-06
8.134086e+07	3.261564047770529e-01	1.780177079821536e-01	3.000000000000000e-06	3.000000000000000e-06
8.283161e+07	3.277537855664243e-01	1.788900135340040e-01	3.000000000000000e-06	3.000000000000000e-06
8.434982e+07	3.293589872946340e-01	1.797665860785667e-01	3.000000000000000e-06	3.000000000000000e-06
8.589600e+07	3.309720482460518e-01	1.806474465228069e-01	3.000000000000000e-06	3.000000000000000e-06
8.747065e+07	3.325930068924382e-01	1.815326158759238e-01	3.000000000000000e-06	3.000000000000000e-06
8.907430e+07	3.342219018938616e-01	1.824221152498512e-01	3.000000000000000e-06	3.000000000000000e-06
9.070750e+07	3.358587720996197e-01	1.833159658597613e-01	3.000000000000000e-06	3.000000000000000e-06
9.237079e+07	3.375036565491658e-01	1.842141890245700e-01	3.000000000000000e-06	3.000000000000000e-06
9.406473e+07	3.391565944730394e-01	1.851168061674455e-01	3.000000000000000e-06	3.000000000000000e-06
9.578988e+07	3.408176252938013e-01	1.860238388163188e-01	3.000000000000000e-06	3.000000000000000e-06
9.754682e+07	3.424867886269735e-01	1.869353086043971e-01	3.000000000000000e-06	3.000000000000000e-06
9.933614e+07	3.441641242819835e-01	1.878512372706796e-01	3.000000000000000e-06	3.000000000000000e-06
1.000000e+08	3.447791238497247e-01	1.881870638207183e-01	3.000000000000000e-06	3.000000000000000e-06
1.018559e+08	3.464873193353091e-01	1.891198387237934e-01	3.000000000000000e-06	3.000000000000000e-06
1.037242e+08	3.481838831383980e-01	1.900462583278057e-01	3.000000000000000e-06	3.000000000000000e-06
1.056274e+08	3.498891185963989e-01	1.909774094764488e-01	3.000000000000000e-06	3.000000000000000e-06
1.075656e+08	3.516026962811080e-01	1.919131122831881e-01	3.000000000000000e-06	3.000000000000000e-06
1.095396e+08	3.533246638217527e-01	1.928533927565868e-01	3.000000000000000e-06	3.000000000000000e-06
1.115500e+08	3.550550621632661e-01	1.937982732551196e-01	3.000000000000000e-06	3.000000000000000e-06
1.135974e+08	3.567939325773680e-01	1.947477763156135e-01	3.000000000000000e-06	3.000000000000000e-06
1.156826e+08	3.585413165354804e-01	1.957019245838531e-01	3.000000000000000e-06	3.000000000000000e-06
1.178063e+08	3.602972557120562e-01	1.966607408163979e-01	3.000000000000000e-06	3.000000000000000e-06
1.199691e+08	3.620617919855296e-01	1.976242478811019e-01	3.000000000000000e-06	3.000000000000000e-06
1.221719e+08	3.638349674393154e-01	1.985924687576584e-01	3.000000000000000e-06	3.000000000000000e-06
1.244152e+08	3.656168243628118e-01	1.995654265381488e-01	3.000000000000000e-06	3.000000000000000e-06
1.267000e+08	3.674074052524091e-01	2.005431444275924e-01	3.000000000000000e-06	3.000000000000000e-06
1.290269e+08	3.692067528125023e-01	2.015256457445002e-01	3.000000000000000e-06	3.000000000000000e-06
1.313968e+08	3.710149099565092e-01	2.025129539214300e-01	3.000000000000000e-06	3.000000000000000e-06
1.338104e+08	3.728319198078934e-01	2.035050925055461e-01	3.000000000000000e-06	3.000000000000000e-06
1.362685e+08	3.746578257011924e-01	2.045020851591796e-01	3.000000000000000e-06	3.000000000000000e-06
1.387720e+08	3.764926711830505e-01	2.055039556603932e-01	3.000000000000000e-06	3.000000000000000e-06
1.413217e+08	3.783365000132567e-01	2.065107279035480e-01	3.000000000000000e-06	3.000000000000000e-06
1.439185e+08	3.801893561657882e-01	2.075224258998728e-01	3.000000000000000e-06	3.000000000000000e-06
1.465632e+08	3.820512838298586e-01	2.085390737780368e-01	3.000000000000000e-06	3.000000000000000e-06
1.492567e+08	3.839223274109710e-01	2.095606957847248e-01	3.000000000000000e-06	3.000000000000000e-06
1.520000e+08	3.858025315319767e-01	2.105873162852151e-01	3.000000000000000e-06	3.000000000000000e-06
1.547939e+08	3.876919410341393e-01	2.116189597639604e-01	3.000000000000000e-06	3.000000000000000e-06
1.576395e+08	3.895906009782029e-01	2.126556508251718e-01	3.000000000000000e-06	3.000000000000000e-06
1.605375e+08	3.914985566454669e-01	2.136974141934048e-01	3.000000000000000e-06	3.000000000000000e-06
1.634891e+08	3.934158535388649e-01	2.147442747141491e-01	3.000000000000000e-06	3.000000000000000e-06
1.664953e+08	3.953425373840501e-01	2.157962573544210e-01	3.000000000000000e-06	3.000000000000000e-06
1.695569e+08	3.972786541304844e-01	2.168533872033581e-01	3.000000000000000e-06	3.000000000000000e-06
1.726751e+08	3.992242499525345e-01	2.179156894728179e-01	3.000000000000000e-06	3.000000000000000e-06
1.758509e+08	4.011793712505724e-01	2.189831894979788e-01	3.000000000000000e-06	3.000000000000000e-06
1.790854e+08	4.031440646520812e-01	2.200559127379436e-01	3.000000000000000e-06	3.000000000000000e-06
1.823797e+08	4.051183770127670e-01	2.211338847763471e-01	3.000000000000000e-06	3.000000000000000e-06
1.857348e+08	4.071023554176756e-01	2.222171313219654e-01	3.000000000000000e-06	3.000000000000000e-06
1.891520e+08	4.090960471823150e-01	2.233056782093292e-01	3.000000000000000e-06	3.000000000000000e-06
1.926323e+08	4.110994998537831e-01	2.243995513993393e-01	3.000000000000000e-06	3.000000000000000e-06
1.961769e+08	4.131127612119017e-01	2.254987769798859e-01	3.000000000000000e-06	3.000000000000000e-06
1.997871e+08	4.151358792703546e-01	2.266033811664702e-01	3.000000000000000e-06	3.000000000000000e-06
2.034640e+08	4.171689022778330e-01	2.277133903028294e-01	3.000000000000000e-06	3.000000000000000e-06
2.072089e+08	4.192118787191852e-01	2.288288308615648e-01	3.000000000000000e-06	3.000000000000000e-06
2.110230e+08	4.212648573165722e-01	2.299497294447728e-01	3.000000000000000e-06	3.000000000000000e-06
2.149076e+08	4.233278870306296e-01	2.310761127846792e-01	3.000000000000000e-06	3.000000000000000e-06
2.188641e+08	4.254010170616345e-01	2.322080077442762e-01	3.000000000000000e-06	3.000000000000000e-06
2.228937e+08	4.274842968506780e-01	2.333454413179631e-01	3.000000000000000e-06	3.000000000000000e-06
2.269979e+08	4.295777760808446e-01	2.344884406321894e-01	3.000000000000000e-06	3.000000000000000e-06
2.311780e+08	4.316815046783954e-01	2.356370329461021e-01	3.000000000000000e-06	3.000000000000000e-06
2.354354e+08	4.337955328139593e-01	2.367912456521947e-01	3.000000000000000e-06	3.000000000000000e-06
2.397716e+08	4.359199109037283e-01	2.379511062769611e-01	3.000000000000000e-06	3.000000000000000e-06
2.441879e+08	4.380546896106596e-01	2.391166424815509e-01	3.000000000000000e-06	3.000000000000000e-06
2.486860e+08	4.401999198456829e-01	2.402878820624295e-01	3.000000000000000e-06	3.000000000000000e-06
2.532674e+08	4.423556527689145e-01	2.414648529520404e-01	3.000000000000000e-06	3.000000000000000e-06
2.579334e+08	4.445219397908768e-01	2.426475832194712e-01	3.000000000000000e-06	3.000000000000000e-06
2.626859e+08	4.466988325737232e-01	2.438361010711224e-01	3.000000000000000e-06	3.000000000000000e-06
2.675263e+08	4.488863830324704e-01	2.450304348513804e-01	3.000000000000000e-06	3.000000000000000e-06
2.724563e+08	4.510846433362353e-01	2.462306130432926e-01	3.000000000000000e-06	3.000000000000000e-06
2.774775e+08	4.532936659094789e-01	2.474366642692467e-01	3.000000000000000e-06	3.000000000000000e-06
2.825917e+08	4.555135034332560e-01	2.486486172916530e-01	3.000000000000000e-06	3.000000000000000e-06
2.878006e+08	4.577442088464708e-01	2.498665010136298e-01	3.000000000000000e-06	3.000000000000000e-06
2.931059e+08	4.599858353471391e-01	2.510903444796929e-01	3.000000000000000e-06	3.000000000000000e-06
2.985094e+08	4.622384363936560e-01	2.523201768764474e-01	3.000000000000000e-06	3.000000000000000e-06
3.040130e+08	4.645020657060706e-01	2.535560275332838e-01	3.000000000000000e-06	3.000000000000000e-06
3.096185e+08	4.667767772673663e-01	2.547979259230771e-01	3.000000000000000e-06	3.000000000000000e-06
3.153278e+08	4.690626253247480e-01	2.560459016628894e-01	3.000000000000000e-06	3.000000000000000e-06
3.211428e+08	4.713596643909346e-01	2.572999845146757e-01	3.000000000000000e-06	3.000000000000000e-06
3.270656e+08	4.736679492454591e-01	2.585602043859938e-01	3.000000000000000e-06	3.000000000000000e-06
3.330981e+08	4.759875349359737e-01	2.598265913307168e-01	3.000000000000000e-06	3.000000000000000e-06
3.392423e+08	4.783184767795627e-01	2.610991755497497e-01	3.000000000000000e-06	3.000000000000000e-06
3.455003e+08	4.806608303640608e-01	2.623779873917496e-01	3.000000000000000e-06	3.000000000000000e-06
3.518743e+08	4.830146515493779e-01	2.636630573538485e-01	3.000000000000000e-06	3.000000000000000e-06
3.583664e+08	4.853799964688313e-01	2.649544160823811e-01	3.000000000000000e-06	3.000000000000000e-06
3.649787e+08	4.877569215304829e-01	2.662520943736146e-01	3.000000000000000e-06	3.000000000000000e-06
3.717137e+08	4.901454834184849e-01	2.675561231744833e-01	3.000000000000000e-06	3.000000000000000e-06
3.785734e+08	4.925457390944297e-01	2.688665335833261e-01	3.000000000000000e-06	3.000000000000000e-06
3.855602e+08	4.949577457987092e-01	2.701833568506280e-01	3.000000000000000e-06	3.000000000000000e-06
3.926766e+08	4.973815610518777e-01	2.715066243797648e-01	3.000000000000000e-06	3.000000000000000e-06
3.999249e+08	4.998172426560243e-01	2.728363677277519e-01	3.000000000000000e-06	3.000000000000000e-06
4.073075e+08	5.022648486961503e-01	2.741726186059963e-01	3.000000000000000e-06	3.000000000000000e-06
4.148271e+08	5.047244375415533e-01	2.755154088810530e-01	3.000000000000000e-06	3.000000000000000e-06
4.224860e+08	5.071960678472193e-01	2.768647705753840e-01	3.000000000000000e-06	3.000000000000000e-06
4.302869e+08	5.096797985552204e-01	2.782207358681222e-01	3.000000000000000e-06	3.000000000000000e-06
4.382325e+08	5.121756888961203e-01	2.795833370958380e-01	3.000000000000000e-06	3.000000000000000e-06
4.463254e+08	5.146837983903855e-01	2.809526067533106e-01	3.000000000000000e-06	3.000000000000000e-06
4.545684e+08	5.172041868498046e-01	2.823285774943023e-01	3.000000000000000e-06	3.000000000000000e-06
4.629643e+08	5.197369143789139e-01	2.837112821323369e-01	3.000000000000000e-06	3.000000000000000e-06
4.715160e+08	5.222820413764302e-01	2.851007536414821e-01	3.000000000000000e-06	3.000000000000000e-06
4.802262e+08	5.248396285366903e-01	2.864970251571350e-01	3.000000000000000e-06	3.000000000000000e-06
4.890980e+08	5.274097368510980e-01	2.879001299768129e-01	3.000000000000000e-06	3.000000000000000e-06
4.981345e+08	5.299924276095781e-01	2.893101015609460e-01	3.000000000000000e-06	3.000000000000000e-06
5.073385e+08	5.325877624020369e-01	2.907269735336757e-01	3.000000000000000e-06	3.000000000000000e-06
5.167134e+08	5.351958031198305e-01	2.921507796836559e-01	3.000000000000000e-06	3.000000000000000e-06
5.262622e+08	5.378166119572405e-01	2.935815539648584e-01	3.000000000000000e-06	3.000000000000000e-06
5.359882e+08	5.404502514129560e-01	2.950193304973823e-01	3.000000000000000e-06	3.000000000000000e-06
5.458947e+08	5.430967842915637e-01	2.964641435682673e-01	3.000000000000000e-06	3.000000000000000e-06
5.559851e+08	5.457562737050448e-01	2.979160276323113e-01	3.000000000000000e-06	3.000000000000000e-06
5.662627e+08	5.484287830742796e-01	2.993750173128912e-01	3.000000000000000e-06	3.000000000000000e-06
5.767311e+08	5.511143761305588e-01	3.008411474027886e-01	3.000000000000000e-06	3.000000000000000e-06
5.873939e+08	5.538131169171034e-01	3.023144528650191e-01	3.000000000000000e-06	3.000000000000000e-06
5.982545e+08	5.565250697905906e-01	3.037949688336657e-01	3.000000000000000e-06	3.000000000000000e-06
6.093169e+08	5.592502994226883e-01	3.052827306147163e-01	3.000000000000000e-06	3.000000000000000e-06
6.205846e+08	5.619888708015964e-01	3.067777736869051e-01	3.000000000000000e-06	3.000000000000000e-06
6.320615e+08	5.647408492335961e-01	3.082801337025589e-01	3.000000000000000e-06	3.000000000000000e-06
6.437516e+08	5.675063003446065e-01	3.097898464884462e-01	3.000000000000000e-06	3.000000000000000e-06
6.556588e+08	5.702852900817490e-01	3.113069480466317e-01	3.000000000000000e-06	3.000000000000000e-06
6.677871e+08	5.730778847149191e-01	3.128314745553344e-01	3.000000000000000e-06	3.000000000000000e-06
6.801406e+08	5.758841508383662e-01	3.143634623697901e-01	3.000000000000000e-06	3.000000000000000e-06
6.927236e+08	5.787041553722810e-01	3.159029480231174e-01	3.000000000000000e-06	3.000000000000000e-06
7.055404e+08	5.815379655643909e-01	3.174499682271893e-01	3.000000000000000e-06	3.000000000000000e-06
7.185952e+08	5.843856489915622e-01	3.190045598735082e-01	3.000000000000000e-06	3.000000000000000e-06
7.318926e+08	5.872472735614116e-01	3.205667600340847e-01	3.000000000000000e-06	3.000000000000000e-06
7.454371e+08	5.901229075139250e-01	3.221366059623217e-01	3.000000000000000e-06	3.000000000000000e-06
7.592332e+08	5.930126194230835e-01	3.237141350939027e-01	3.000000000000000e-06	3.000000000000000e-06
7.732856e+08	5.959164781984984e-01	3.252993850476836e-01	3.000000000000000e-06	3.000000000000000e-06
7.875992e+08	5.988345530870536e-01	3.268923936265897e-01	3.000000000000000e-06	3.000000000000000e-06
8.021789e+08	6.017669136745565e-01	3.284931988185167e-01	3.000000000000000e-06	3.000000000000000e-06
8.170294e+08	6.047136298873963e-01	3.301018387972364e-01	3.000000000000000e-06	3.000000000000000e-06
8.321560e+08	6.076747719942112e-01	3.317183519233064e-01	3.000000000000000e-06	3.000000000000000e-06
8.475638e+08	6.106504106075630e-01	3.333427767449849e-01	3.000000000000000e-06	3.000000000000000e-06
8.632580e+08	6.136406166856203e-01	3.349751519991489e-01	3.000000000000000e-06	3.000000000000000e-06
8.792439e+08	6.166454615338506e-01	3.366155166122183e-01	3.000000000000000e-06	3.000000000000000e-06
8.955271e+08	6.196650168067186e-01	3.382639097010832e-01	3.000000000000000e-06	3.000000000000000e-06
9.121130e+08	6.226993545093957e-01	3.399203705740367e-01	3.000000000000000e-06	3.000000000000000e-06
9.290072e+08	6.257485469994755e-01	3.415849387317118e-01	3.000000000000000e-06	3.000000000000000e-06
9.462157e+08	6.288126669886984e-01	3.432576538680227e-01	3.000000000000000e-06	3.000000000000000e-06
9.637441e+08	6.318917875446857e-01	3.449385558711114e-01	3.000000000000000e-06	3.000000000000000e-06
9.815986e+08	6.349859820926800e-01	3.466276848242983e-01	3.000000000000000e-06	3.000000000000000e-06
9.997851e+08	6.380953244172965e-01	3.483250810070376e-01	3.000000000000000e-06	3.000000000000000e-06
1.000000e+09	6.381316639451349e-01	3.483449188065575e-01	3.000000000000000e-06	3.000000000000000e-06
