#t[yr]	ecc	inc	eachmass	totalmass
0.000000e+00	5.000000000000000e-02	2.500000000000000e-02	3.000000000000000e-07	3.000000000000000e-06
1.000000e-03	5.000002135790319e-02	2.500000881746486e-02	3.000000000000000e-07	3.000000000000000e-06
1.000000e-02	5.000021357849309e-02	2.500008817447200e-02	3.000000000000000e-07	3.000000000000000e-06
1.000000e-01	5.000213573220590e-02	2.500088172739439e-02	3.000000000000000e-07	3.000000000000000e-06
1.000000e+00	5.002135205298198e-02	2.500881554233160e-02	3.000000000000000e-07	3.000000000000000e-06
1.000000e+01	5.021299587150323e-02	2.508798287285297e-02	3.000000000000000e-07	3.000000000000000e-06
2.172309e+01	5.046004765286128e-02	2.519030566826082e-02	3.000000000000000e-07	3.000000000000000e-06
3.360737e+01	5.070733713892901e-02	2.529305935337164e-02	3.000000000000000e-07	3.000000000000000e-06
4.570283e+01	5.095583208997333e-02	2.539664925527806e-02	3.000000000000000e-07	3.000000000000000e-06
5.801352e+01	5.120552098112214e-02	2.550107626122082e-02	3.000000000000000e-07	3.000000000000000e-06
7.054449e+01	5.145640944827642e-02	2.560634847240537e-02	3.000000000000000e-07	3.000000000000000e-06
8.330088e+01	5.170850284470792e-02	2.571247397610490e-02	3.000000000000000e-07	3.000000000000000e-06
9.628802e+01	5.196180654823711e-02	2.581946097494348e-02	3.000000000000000e-07	3.000000000000000e-06
1.000000e+02	5.203337940254227e-02	2.584978332714464e-02	3.000000000000000e-07	3.000000000000000e-06
1.134652e+02	5.229157623647589e-02	2.595930105076719e-02	3.000000000000000e-07	3.000000000000000e-06
1.269995e+02	5.254761703834773e-02	2.606827048865966e-02	3.000000000000000e-07	3.000000000000000e-06
1.407865e+02	5.280494750648134e-02	2.617815536496482e-02	3.000000000000000e-07	3.000000000000000e-06
1.548288e+02	5.306351047418739e-02	2.628893780688940e-02	3.000000000000000e-07	3.000000000000000e-06
1.691327e+02	5.332331257140548e-02	2.640062713063476e-02	3.000000000000000e-07	3.000000000000000e-06
1.837045e+02	5.358435928116537e-02	2.651323227801047e-02	3.000000000000000e-07	3.000000000000000e-06
1.985510e+02	5.384665612919119e-02	2.662676232428514e-02	3.000000000000000e-07	3.000000000000000e-06
2.136788e+02	5.411020866238309e-02	2.674122647017559e-02	3.000000000000000e-07	3.000000000000000e-06
2.290949e+02	5.437502244963614e-02	2.685663404330181e-02	3.000000000000000e-07	3.000000000000000e-06
2.448066e+02	5.464110308228069e-02	2.697299449939117e-02	3.000000000000000e-07	3.000000000000000e-06
2.608213e+02	5.490845617456716e-02	2.709031742340342e-02	3.000000000000000e-07	3.000000000000000e-06
2.771466e+02	5.517708736418972e-02	2.720861253056340e-02	3.000000000000000e-07	3.000000000000000e-06
2.937904e+02	5.544700231285175e-02	2.732788966729120e-02	3.000000000000000e-07	3.000000000000000e-06
3.107609e+02	5.571820670687538e-02	2.744815881201863e-02	3.000000000000000e-07	3.000000000000000e-06
3.280664e+02	5.599070625785817e-02	2.756943007588014e-02	3.000000000000000e-07	3.000000000000000e-06
3.457156e+02	5.626450670337950e-02	2.769171370326532e-02	3.000000000000000e-07	3.000000000000000e-06
3.637174e+02	5.653961380775971e-02	2.781502007221955e-02	3.000000000000000e-07	3.000000000000000e-06
3.820811e+02	5.681603336287520e-02	2.793935969467805e-02	3.000000000000000e-07	3.000000000000000e-06
4.008160e+02	5.709377118903244e-02	2.806474321651800e-02	3.000000000000000e-07	3.000000000000000e-06
4.199320e+02	5.737283313590432e-02	2.819118141741205e-02	3.000000000000000e-07	3.000000000000000e-06
4.394393e+02	5.765322508353216e-02	2.831868521046577e-02	3.000000000000000e-07	3.000000000000000e-06
4.593482e+02	5.793495294339688e-02	2.844726564162029e-02	3.000000000000000e-07	3.000000000000000e-06
4.796694e+02	5.821802265956282e-02	2.857693388880040e-02	3.000000000000000e-07	3.000000000000000e-06
5.004142e+02	5.850244020989784e-02	2.870770126078713e-02	3.000000000000000e-07	3.000000000000000e-06
5.215939e+02	5.878821160737348e-02	2.883957919579264e-02	3.000000000000000e-07	3.000000000000000e-06
5.432204e+02	5.907534290144856e-02	2.897257925971403e-02	3.000000000000000e-07	3.000000000000000e-06
5.653058e+02	5.936384017954036e-02	2.910671314404149e-02	3.000000000000000e-07	3.000000000000000e-06
5.878628e+02	5.965370956858675e-02	2.924199266339480e-02	3.000000000000000e-07	3.000000000000000e-06
6.109044e+02	5.994495723670299e-02	2.937842975266110e-02	3.000000000000000e-07	3.000000000000000e-06
6.344439e+02	6.023758939493699e-02	2.951603646370543e-02	3.000000000000000e-07	3.000000000000000e-06
6.584953e+02	6.053161229912619e-02	2.965482496162423e-02	3.000000000000000e-07	3.000000000000000e-06
6.830728e+02	6.082703225185970e-02	2.979480752051110e-02	3.000000000000000e-07	3.000000000000000e-06
7.081912e+02	6.112385560454865e-02	2.993599651870232e-02	3.000000000000000e-07	3.000000000000000e-06
7.338657e+02	6.142208875960774e-02	3.007840443346918e-02	3.000000000000000e-07	3.000000000000000e-06
7.598672e+02	6.171894951639167e-02	3.022070700210980e-02	3.000000000000000e-07	3.000000000000000e-06
7.861858e+02	6.201429627365206e-02	3.036283003482374e-02	3.000000000000000e-07	3.000000000000000e-06
8.128304e+02	6.230820369400498e-02	3.050480268182578e-02	3.000000000000000e-07	3.000000000000000e-06
8.398099e+02	6.260074377845981e-02	3.064665326774113e-02	3.000000000000000e-07	3.000000000000000e-06
8.671337e+02	6.289198859707858e-02	3.078841059115340e-02	3.000000000000000e-07	3.000000000000000e-06
8.948117e+02	6.318201036628499e-02	3.093010395798948e-02	3.000000000000000e-07	3.000000000000000e-06
9.228542e+02	6.347088156164839e-02	3.107176323313872e-02	3.000000000000000e-07	3.000000000000000e-06
9.512717e+02	6.375867503402451e-02	3.121341889492286e-02	3.000000000000000e-07	3.000000000000000e-06
9.800756e+02	6.404546413007824e-02	3.135510209293538e-02	3.000000000000000e-07	3.000000000000000e-06
1.000000e+03	6.424064163513281e-02	3.145188144958402e-02	3.000000000000000e-07	3.000000000000000e-06
1.029612e+03	6.452718084885575e-02	3.159431488134350e-02	3.000000000000000e-07	3.000000000000000e-06
1.059512e+03	6.481162273076939e-02	3.173622272421089e-02	3.000000000000000e-07	3.000000000000000e-06
1.089847e+03	6.509535535980034e-02	3.187828890925001e-02	3.000000000000000e-07	3.000000000000000e-06
1.120628e+03	6.537843756561419e-02	3.202053936904575e-02	3.000000000000000e-07	3.000000000000000e-06
1.151870e+03	6.566094836489850e-02	3.216301050965888e-02	3.000000000000000e-07	3.000000000000000e-06
1.183590e+03	6.594296797285609e-02	3.230573977678811e-02	3.000000000000000e-07	3.000000000000000e-06
1.215802e+03	6.622457826219870e-02	3.244876589309524e-02	3.000000000000000e-07	3.000000000000000e-06
1.248525e+03	6.650586295421949e-02	3.259212896357356e-02	3.000000000000000e-07	3.000000000000000e-06
1.281776e+03	6.678690782864569e-02	3.273587059217084e-02	3.000000000000000e-07	3.000000000000000e-06
1.315576e+03	6.706780094989385e-02	3.288003400862891e-02	3.000000000000000e-07	3.000000000000000e-06
1.349943e+03	6.734863291184641e-02	3.302466420677796e-02	3.000000000000000e-07	3.000000000000000e-06
1.384900e+03	6.762949710347904e-02	3.316980809565676e-02	3.000000000000000e-07	3.000000000000000e-06
1.420470e+03	6.791048999798945e-02	3.331551466502255e-02	3.000000000000000e-07	3.000000000000000e-06
1.456675e+03	6.819171146845186e-02	3.346183516703864e-02	3.000000000000000e-07	3.000000000000000e-06
1.493543e+03	6.847326513345960e-02	3.360882331618961e-02	3.000000000000000e-07	3.000000000000000e-06
1.531100e+03	6.875525873673140e-02	3.375653550978140e-02	3.000000000000000e-07	3.000000000000000e-06
1.569376e+03	6.903780456526383e-02	3.390503107174593e-02	3.000000000000000e-07	3.000000000000000e-06
1.608401e+03	6.932101991132733e-02	3.405437252289720e-02	3.000000000000000e-07	3.000000000000000e-06
1.648208e+03	6.960502758445354e-02	3.420462588129316e-02	3.000000000000000e-07	3.000000000000000e-06
1.688833e+03	6.988995648057303e-02	3.435586099696120e-02	3.000000000000000e-07	3.000000000000000e-06
1.730313e+03	7.017594221667224e-02	3.450815192596665e-02	3.000000000000000e-07	3.000000000000000e-06
1.772690e+03	7.046312784079108e-02	3.466157734966941e-02	3.000000000000000e-07	3.000000000000000e-06
1.816007e+03	7.075166462893315e-02	3.481622104605787e-02	3.000000000000000e-07	3.000000000000000e-06
1.860310e+03	7.104171298258334e-02	3.497217242131343e-02	3.000000000000000e-07	3.000000000000000e-06
1.905652e+03	7.133344344310971e-02	3.512952711129768e-02	3.000000000000000e-07	3.000000000000000e-06
1.952086e+03	7.162703784248749e-02	3.528838766453677e-02	3.000000000000000e-07	3.000000000000000e-06
1.999673e+03	7.192269061367164e-02	3.544886432059335e-02	3.000000000000000e-07	3.000000000000000e-06
2.048476e+03	7.222061028875637e-02	3.561107590058091e-02	3.000000000000000e-07	3.000000000000000e-06
2.098567e+03	7.252102121905002e-02	3.577515083014148e-02	3.000000000000000e-07	3.000000000000000e-06
2.150022e+03	7.282416555869897e-02	3.594122831967454e-02	3.000000000000000e-07	3.000000000000000e-06
2.202925e+03	7.313030556296322e-02	3.610945973223937e-02	3.000000000000000e-07	3.000000000000000e-06
2.257370e+03	7.343972626427636e-02	3.628001017671136e-02	3.000000000000000e-07	3.000000000000000e-06
2.313457e+03	7.375273860463004e-02	3.645306037293797e-02	3.000000000000000e-07	3.000000000000000e-06
2.371300e+03	7.406968312271373e-02	3.662880884747156e-02	3.000000000000000e-07	3.000000000000000e-06
2.431024e+03	7.439093432015069e-02	3.680747453386501e-02	3.000000000000000e-07	3.000000000000000e-06
2.492767e+03	7.471690586523913e-02	3.698929987177387e-02	3.000000000000000e-07	3.000000000000000e-06
2.556686e+03	7.504805683786027e-02	3.717455452601288e-02	3.000000000000000e-07	3.000000000000000e-06
2.622956e+03	7.538489927998442e-02	3.736353988283869e-02	3.000000000000000e-07	3.000000000000000e-06
2.691774e+03	7.572800739878006e-02	3.755659452980821e-02	3.000000000000000e-07	3.000000000000000e-06
2.763366e+03	7.607802888297889e-02	3.775410099309827e-02	3.000000000000000e-07	3.000000000000000e-06
2.837989e+03	7.643569895175384e-02	3.795649410040884e-02	3.000000000000000e-07	3.000000000000000e-06
2.915937e+03	7.680185798009777e-02	3.816427147107754e-02	3.000000000000000e-07	3.000000000000000e-06
2.997102e+03	7.717539329762033e-02	3.837682334205670e-02	3.000000000000000e-07	3.000000000000000e-06
3.080340e+03	7.755062045810911e-02	3.859092329750449e-02	3.000000000000000e-07	3.000000000000000e-06
3.165733e+03	7.792769771208466e-02	3.880664951747714e-02	3.000000000000000e-07	3.000000000000000e-06
3.253331e+03	7.830663318976756e-02	3.902399414596453e-02	3.000000000000000e-07	3.000000000000000e-06
3.343184e+03	7.868743892127471e-02	3.924295070272344e-02	3.000000000000000e-07	3.000000000000000e-06
3.435345e+03	7.907012687377732e-02	3.946351185446381e-02	3.000000000000000e-07	3.000000000000000e-06
3.529864e+03	7.945470904113185e-02	3.968566949673700e-02	3.000000000000000e-07	3.000000000000000e-06
3.626794e+03	7.984119742971094e-02	3.990941478121559e-02	3.000000000000000e-07	3.000000000000000e-06
3.726188e+03	8.022960404693726e-02	4.013473814898032e-02	3.000000000000000e-07	3.000000000000000e-06
3.828097e+03	8.061994088991965e-02	4.036162936811340e-02	3.000000000000000e-07	3.000000000000000e-06
3.932574e+03	8.101221993437750e-02	4.059007757543744e-02	3.000000000000000e-07	3.000000000000000e-06
4.039673e+03	8.140645312396670e-02	4.082007132214610e-02	3.000000000000000e-07	3.000000000000000e-06
4.149446e+03	8.180265236011906e-02	4.105159862302280e-02	3.000000000000000e-07	3.000000000000000e-06
4.261947e+03	8.220082949250146e-02	4.128464700889751e-02	3.000000000000000e-07	3.000000000000000e-06
4.377229e+03	8.260099631019295e-02	4.151920358194847e-02	3.000000000000000e-07	3.000000000000000e-06
4.495346e+03	8.300316453366924e-02	4.175525507341946e-02	3.000000000000000e-07	3.000000000000000e-06
4.616351e+03	8.340734580767223e-02	4.199278790329185e-02	3.000000000000000e-07	3.000000000000000e-06
4.740298e+03	8.381355169503002e-02	4.223178824142738e-02	3.000000000000000e-07	3.000000000000000e-06
4.867240e+03	8.422179367147919e-02	4.247224206968108e-02	3.000000000000000e-07	3.000000000000000e-06
4.997232e+03	8.463208312152648e-02	4.271413524447568e-02	3.000000000000000e-07	3.000000000000000e-06
5.130328e+03	8.504443133537209e-02	4.295745355932779e-02	3.000000000000000e-07	3.000000000000000e-06
5.266582e+03	8.545884950690225e-02	4.320218280682439e-02	3.000000000000000e-07	3.000000000000000e-06
5.406048e+03	8.587534873274291e-02	4.344830883956236e-02	3.000000000000000e-07	3.000000000000000e-06
5.548781e+03	8.629394001235349e-02	4.369581762958667e-02	3.000000000000000e-07	3.000000000000000e-06
5.694836e+03	8.671463424912525e-02	4.394469532589138e-02	3.000000000000000e-07	3.000000000000000e-06
5.844268e+03	8.713744225243701e-02	4.419492830958187e-02	3.000000000000000e-07	3.000000000000000e-06
5.997131e+03	8.756237474061053e-02	4.444650324633670e-02	3.000000000000000e-07	3.000000000000000e-06
6.153483e+03	8.798944234469783e-02	4.469940713585030e-02	3.000000000000000e-07	3.000000000000000e-06
6.313377e+03	8.841865561302573e-02	4.495362735798427e-02	3.000000000000000e-07	3.000000000000000e-06
6.476872e+03	8.885002501641701e-02	4.520915171540303e-02	3.000000000000000e-07	3.000000000000000e-06
6.644024e+03	8.928356095400283e-02	4.546596847251858e-02	3.000000000000000e-07	3.000000000000000e-06
6.814889e+03	8.971927375953966e-02	4.572406639061783e-02	3.000000000000000e-07	3.000000000000000e-06
6.989527e+03	9.015717370814229e-02	4.598343475909394e-02	3.000000000000000e-07	3.000000000000000e-06
7.167994e+03	9.059727102334596e-02	4.624406342274871e-02	3.000000000000000e-07	3.000000000000000e-06
7.350352e+03	9.103957588441230e-02	4.650594280517682e-02	3.000000000000000e-07	3.000000000000000e-06
7.536658e+03	9.148409843379766e-02	4.676906392828226e-02	3.000000000000000e-07	3.000000000000000e-06
7.726973e+03	9.193084878470625e-02	4.703341842801460e-02	3.000000000000000e-07	3.000000000000000e-06
7.921360e+03	9.237983702865656e-02	4.729899856644462e-02	3.000000000000000e-07	3.000000000000000e-06
8.119879e+03	9.283107324299471e-02	4.756579724032743e-02	3.000000000000000e-07	3.000000000000000e-06
8.322595e+03	9.328456749829518e-02	4.783380798632528e-02	3.000000000000000e-07	3.000000000000000e-06
8.529571e+03	9.374032986559638e-02	4.810302498308174e-02	3.000000000000000e-07	3.000000000000000e-06
8.740871e+03	9.419837042342447e-02	4.837344305035454e-02	3.000000000000000e-07	3.000000000000000e-06
8.956563e+03	9.465869926456676e-02	4.864505764542550e-02	3.000000000000000e-07	3.000000000000000e-06
9.176713e+03	9.512132650256189e-02	4.891786485701381e-02	3.000000000000000e-07	3.000000000000000e-06
9.401390e+03	9.558626227788086e-02	4.919186139692246e-02	3.000000000000000e-07	3.000000000000000e-06
9.630663e+03	9.605351676377880e-02	4.946704458964879e-02	3.000000000000000e-07	3.000000000000000e-06
9.864604e+03	9.652310017180339e-02	4.974341236018757e-02	3.000000000000000e-07	3.000000000000000e-06
1.000000e+04	9.679109121517120e-02	4.990104876266191e-02	3.000000000000000e-07	3.000000000000000e-06
1.024349e+04	9.726843182409362e-02	5.018167079780318e-02	3.000000000000000e-07	3.000000000000000e-06
1.048975e+04	9.774398293951209e-02	5.046103723414208e-02	3.000000000000000e-07	3.000000000000000e-06
1.074099e+04	9.822198240591277e-02	5.074163408301501e-02	3.000000000000000e-07	3.000000000000000e-06
1.099723e+04	9.870235652805423e-02	5.102341237148632e-02	3.000000000000000e-07	3.000000000000000e-06
1.125856e+04	9.918511748297566e-02	5.130637406232837e-02	3.000000000000000e-07	3.000000000000000e-06
1.152505e+04	9.967027581308675e-02	5.159052061036644e-02	3.000000000000000e-07	3.000000000000000e-06
1.179680e+04	1.001578421629800e-01	5.187585396141223e-02	3.000000000000000e-07	3.000000000000000e-06
1.207388e+04	1.006478272478194e-01	5.216237651273145e-02	3.000000000000000e-07	3.000000000000000e-06
1.235638e+04	1.011402418563235e-01	5.245009109390241e-02	3.000000000000000e-07	3.000000000000000e-06
1.264438e+04	1.016350968527927e-01	5.273900094731198e-02	3.000000000000000e-07	3.000000000000000e-06
1.293798e+04	1.021324031788958e-01	5.302910970880238e-02	3.000000000000000e-07	3.000000000000000e-06
1.323726e+04	1.026321718552204e-01	5.332042138855286e-02	3.000000000000000e-07	3.000000000000000e-06
1.354232e+04	1.031344139826028e-01	5.361294035227667e-02	3.000000000000000e-07	3.000000000000000e-06
1.385326e+04	1.036391407432571e-01	5.390667130280305e-02	3.000000000000000e-07	3.000000000000000e-06
1.417015e+04	1.041463634017183e-01	5.420161926210355e-02	3.000000000000000e-07	3.000000000000000e-06
1.449312e+04	1.046560933056165e-01	5.449778955381254e-02	3.000000000000000e-07	3.000000000000000e-06
1.482225e+04	1.051683418862976e-01	5.479518778628313e-02	3.000000000000000e-07	3.000000000000000e-06
1.515764e+04	1.056831206593062e-01	5.509381983621141e-02	3.000000000000000e-07	3.000000000000000e-06
1.549941e+04	1.062004412247440e-01	5.539369183285475e-02	3.000000000000000e-07	3.000000000000000e-06
1.584766e+04	1.067203152675184e-01	5.569481014286307e-02	3.000000000000000e-07	3.000000000000000e-06
1.620249e+04	1.072427545574922e-01	5.599718135573627e-02	3.000000000000000e-07	3.000000000000000e-06
1.656402e+04	1.077677709495486e-01	5.630081226991507e-02	3.000000000000000e-07	3.000000000000000e-06
1.693236e+04	1.082953763835806e-01	5.660570987950848e-02	3.000000000000000e-07	3.000000000000000e-06
1.730762e+04	1.088255828844162e-01	5.691188136165640e-02	3.000000000000000e-07	3.000000000000000e-06
1.768992e+04	1.093584025616876e-01	5.721933406452230e-02	3.000000000000000e-07	3.000000000000000e-06
1.807938e+04	1.098938476096550e-01	5.752807549590798e-02	3.000000000000000e-07	3.000000000000000e-06
1.847612e+04	1.104319303069907e-01	5.783811331247946e-02	3.000000000000000e-07	3.000000000000000e-06
1.888027e+04	1.109726630165322e-01	5.814945530959088e-02	3.000000000000000e-07	3.000000000000000e-06
1.929196e+04	1.115160581850105e-01	5.846210941169147e-02	3.000000000000000e-07	3.000000000000000e-06
1.971130e+04	1.120621283427587e-01	5.877608366329883e-02	3.000000000000000e-07	3.000000000000000e-06
2.013844e+04	1.126108861034077e-01	5.909138622052090e-02	3.000000000000000e-07	3.000000000000000e-06
2.057350e+04	1.131623441635719e-01	5.940802534310762e-02	3.000000000000000e-07	3.000000000000000e-06
2.101663e+04	1.137165153025306e-01	5.972600938701304e-02	3.000000000000000e-07	3.000000000000000e-06
2.146797e+04	1.142734123819085e-01	6.004534679744759e-02	3.000000000000000e-07	3.000000000000000e-06
2.192764e+04	1.148330483453573e-01	6.036604610240042e-02	3.000000000000000e-07	3.000000000000000e-06
2.239581e+04	1.153954362182435e-01	6.068811590661141e-02	3.000000000000000e-07	3.000000000000000e-06
2.287261e+04	1.159605891073427e-01	6.101156488597224e-02	3.000000000000000e-07	3.000000000000000e-06
2.335820e+04	1.165285202005443e-01	6.133640178233646e-02	3.000000000000000e-07	3.000000000000000e-06
2.385273e+04	1.170992427665672e-01	6.166263539871852e-02	3.000000000000000e-07	3.000000000000000e-06
2.435635e+04	1.176727701546886e-01	6.199027459486202e-02	3.000000000000000e-07	3.000000000000000e-06
2.486923e+04	1.182491157944873e-01	6.231932828315790e-02	3.000000000000000e-07	3.000000000000000e-06
2.539153e+04	1.188282931956023e-01	6.264980542489409e-02	3.000000000000000e-07	3.000000000000000e-06
2.592340e+04	1.194103159475079e-01	6.298171502681799e-02	3.000000000000000e-07	3.000000000000000e-06
2.646502e+04	1.199951977193051e-01	6.331506613799438e-02	3.000000000000000e-07	3.000000000000000e-06
2.701656e+04	1.205829522595317e-01	6.364986784694178e-02	3.000000000000000e-07	3.000000000000000e-06
2.757820e+04	1.211735933959891e-01	6.398612927903041e-02	3.000000000000000e-07	3.000000000000000e-06
2.815010e+04	1.217671350355876e-01	6.432385959412661e-02	3.000000000000000e-07	3.000000000000000e-06
2.873246e+04	1.223635911642108e-01	6.466306798446782e-02	3.000000000000000e-07	3.000000000000000e-06
2.932545e+04	1.229629758465966e-01	6.500376367275444e-02	3.000000000000000e-07	3.000000000000000e-06
2.992926e+04	1.235653032262386e-01	6.534595591044397e-02	3.000000000000000e-07	3.000000000000000e-06
3.054408e+04	1.241705875253035e-01	6.568965397623470e-02	3.000000000000000e-07	3.000000000000000e-06
3.117012e+04	1.247788430445683e-01	6.603486717472633e-02	3.000000000000000e-07	3.000000000000000e-06
3.180755e+04	1.253900841633742e-01	6.638160483524540e-02	3.000000000000000e-07	3.000000000000000e-06
3.245659e+04	1.260043253395980e-01	6.672987631082433e-02	3.000000000000000e-07	3.000000000000000e-06
3.311744e+04	1.266215811096414e-01	6.707969097732334e-02	3.000000000000000e-07	3.000000000000000e-06
3.379031e+04	1.272418660884361e-01	6.743105823268503e-02	3.000000000000000e-07	3.000000000000000e-06
3.447542e+04	1.278651949694660e-01	6.778398749631197e-02	3.000000000000000e-07	3.000000000000000e-06
3.517297e+04	1.284915825248052e-01	6.813848820855845e-02	3.000000000000000e-07	3.000000000000000e-06
3.588319e+04	1.291210436051717e-01	6.849456983032748e-02	3.000000000000000e-07	3.000000000000000e-06
3.660630e+04	1.297535931399961e-01	6.885224184276541e-02	3.000000000000000e-07	3.000000000000000e-06
3.734253e+04	1.303892461375054e-01	6.921151374704615e-02	3.000000000000000e-07	3.000000000000000e-06
3.809212e+04	1.310280176848209e-01	6.957239506423829e-02	3.000000000000000e-07	3.000000000000000e-06
3.885530e+04	1.316699229480698e-01	6.993489533524808e-02	3.000000000000000e-07	3.000000000000000e-06
3.963231e+04	1.323149771725108e-01	7.029902412083225e-02	3.000000000000000e-07	3.000000000000000e-06
4.042340e+04	1.329631956826723e-01	7.066479100167476e-02	3.000000000000000e-07	3.000000000000000e-06
4.122882e+04	1.336145938825036e-01	7.103220557852176e-02	3.000000000000000e-07	3.000000000000000e-06
4.204882e+04	1.342691872555375e-01	7.140127747236999e-02	3.000000000000000e-07	3.000000000000000e-06
4.288365e+04	1.349269913650662e-01	7.177201632470352e-02	3.000000000000000e-07	3.000000000000000e-06
4.373360e+04	1.355880218543264e-01	7.214443179777454e-02	3.000000000000000e-07	3.000000000000000e-06
4.459891e+04	1.362522944466977e-01	7.251853357492385e-02	3.000000000000000e-07	3.000000000000000e-06
4.547987e+04	1.369198249459099e-01	7.289433136093745e-02	3.000000000000000e-07	3.000000000000000e-06
4.637676e+04	1.375906292362614e-01	7.327183488243527e-02	3.000000000000000e-07	3.000000000000000e-06
4.728985e+04	1.382647232828470e-01	7.365105388828895e-02	3.000000000000000e-07	3.000000000000000e-06
4.821944e+04	1.389421231317958e-01	7.403199815006549e-02	3.000000000000000e-07	3.000000000000000e-06
4.916582e+04	1.396228449105175e-01	7.441467746249383e-02	3.000000000000000e-07	3.000000000000000e-06
5.012929e+04	1.403069048279583e-01	7.479910164395172e-02	3.000000000000000e-07	3.000000000000000e-06
5.111014e+04	1.409943191748648e-01	7.518528053697046e-02	3.000000000000000e-07	3.000000000000000e-06
5.210870e+04	1.416851043240568e-01	7.557322400875517e-02	3.000000000000000e-07	3.000000000000000e-06
5.312528e+04	1.423792767307069e-01	7.596294195171846e-02	3.000000000000000e-07	3.000000000000000e-06
5.416019e+04	1.430768529326292e-01	7.635444428402571e-02	3.000000000000000e-07	3.000000000000000e-06
5.521377e+04	1.437778495505743e-01	7.674774095015005e-02	3.000000000000000e-07	3.000000000000000e-06
5.628635e+04	1.444822832885320e-01	7.714284192143533e-02	3.000000000000000e-07	3.000000000000000e-06
5.737826e+04	1.451901709340406e-01	7.753975719666591e-02	3.000000000000000e-07	3.000000000000000e-06
5.848985e+04	1.459015293585031e-01	7.793849680264150e-02	3.000000000000000e-07	3.000000000000000e-06
5.962147e+04	1.466163755175099e-01	7.833907079475608e-02	3.000000000000000e-07	3.000000000000000e-06
6.077347e+04	1.473347264511674e-01	7.874148925757965e-02	3.000000000000000e-07	3.000000000000000e-06
6.194623e+04	1.480565992844329e-01	7.914576230544178e-02	3.000000000000000e-07	3.000000000000000e-06
6.314011e+04	1.487820112274551e-01	7.955190008301607e-02	3.000000000000000e-07	3.000000000000000e-06
6.435549e+04	1.495109795759207e-01	7.995991276590465e-02	3.000000000000000e-07	3.000000000000000e-06
6.559275e+04	1.502435217114059e-01	8.036981056122183e-02	3.000000000000000e-07	3.000000000000000e-06
6.685227e+04	1.509796551017336e-01	8.078160370817654e-02	3.000000000000000e-07	3.000000000000000e-06
6.813447e+04	1.517193973013354e-01	8.119530247865250e-02	3.000000000000000e-07	3.000000000000000e-06
6.943974e+04	1.524627659516193e-01	8.161091717778605e-02	3.000000000000000e-07	3.000000000000000e-06
7.076849e+04	1.532097787813412e-01	8.202845814454070e-02	3.000000000000000e-07	3.000000000000000e-06
7.212114e+04	1.539604536069820e-01	8.244793575227827e-02	3.000000000000000e-07	3.000000000000000e-06
7.349813e+04	1.547148083331288e-01	8.286936040932623e-02	3.000000000000000e-07	3.000000000000000e-06
7.489988e+04	1.554728609528608e-01	8.329274255954079e-02	3.000000000000000e-07	3.000000000000000e-06
7.632683e+04	1.562346295481395e-01	8.371809268286542e-02	3.000000000000000e-07	3.000000000000000e-06
7.777944e+04	1.570001322902032e-01	8.414542129588484e-02	3.000000000000000e-07	3.000000000000000e-06
7.925816e+04	1.577693874399649e-01	8.457473895237394e-02	3.000000000000000e-07	3.000000000000000e-06
8.076346e+04	1.585424133484160e-01	8.500605624384171e-02	3.000000000000000e-07	3.000000000000000e-06
8.229582e+04	1.593192284570319e-01	8.543938380006988e-02	3.000000000000000e-07	3.000000000000000e-06
8.385571e+04	1.600998512981827e-01	8.587473228964636e-02	3.000000000000000e-07	3.000000000000000e-06
8.544364e+04	1.608843004955474e-01	8.631211242049311e-02	3.000000000000000e-07	3.000000000000000e-06
8.706009e+04	1.616725947645317e-01	8.675153494038877e-02	3.000000000000000e-07	3.000000000000000e-06
8.870558e+04	1.624647529126897e-01	8.719301063748561e-02	3.000000000000000e-07	3.000000000000000e-06
9.038062e+04	1.632607938401484e-01	8.763655034082110e-02	3.000000000000000e-07	3.000000000000000e-06
9.208576e+04	1.640607365400372e-01	8.808216492082403e-02	3.000000000000000e-07	3.000000000000000e-06
9.382151e+04	1.648646000989188e-01	8.852986528981509e-02	3.000000000000000e-07	3.000000000000000e-06
9.558844e+04	1.656724036972254e-01	8.897966240250205e-02	3.000000000000000e-07	3.000000000000000e-06
9.738709e+04	1.664841666096971e-01	8.943156725646967e-02	3.000000000000000e-07	3.000000000000000e-06
9.921803e+04	1.672999082058238e-01	8.988559089266421e-02	3.000000000000000e-07	3.000000000000000e-06
1.000000e+05	1.676443194511810e-01	9.007725212645740e-02	3.000000000000000e-07	3.000000000000000e-06
1.018973e+05	1.684742357225560e-01	9.053902784209403e-02	3.000000000000000e-07	3.000000000000000e-06
1.038088e+05	1.692995800622968e-01	9.099816472764302e-02	3.000000000000000e-07	3.000000000000000e-06
1.057550e+05	1.701291232242995e-01	9.145954370914199e-02	3.000000000000000e-07	3.000000000000000e-06
1.077361e+05	1.709627293241972e-01	9.192308941215420e-02	3.000000000000000e-07	3.000000000000000e-06
1.097528e+05	1.718004210233726e-01	9.238881466192723e-02	3.000000000000000e-07	3.000000000000000e-06
1.118057e+05	1.726422182621490e-01	9.285673076216845e-02	3.000000000000000e-07	3.000000000000000e-06
1.138954e+05	1.734881411291231e-01	9.332684909127249e-02	3.000000000000000e-07	3.000000000000000e-06
1.160226e+05	1.743382098106006e-01	9.379918107438480e-02	3.000000000000000e-07	3.000000000000000e-06
1.181879e+05	1.751924445919752e-01	9.427373818434585e-02	3.000000000000000e-07	3.000000000000000e-06
1.203921e+05	1.760508658581864e-01	9.475053194211747e-02	3.000000000000000e-07	3.000000000000000e-06
1.226359e+05	1.769134940941967e-01	9.522957391721432e-02	3.000000000000000e-07	3.000000000000000e-06
1.249199e+05	1.777803498854715e-01	9.571087572813133e-02	3.000000000000000e-07	3.000000000000000e-06
1.272449e+05	1.786514539184612e-01	9.619444904276737e-02	3.000000000000000e-07	3.000000000000000e-06
1.296116e+05	1.795268269810876e-01	9.668030557884523e-02	3.000000000000000e-07	3.000000000000000e-06
1.320207e+05	1.804064899632314e-01	9.716845710432816e-02	3.000000000000000e-07	3.000000000000000e-06
1.344731e+05	1.812904638572240e-01	9.765891543783310e-02	3.000000000000000e-07	3.000000000000000e-06
1.369694e+05	1.821787697583414e-01	9.815169244904054e-02	3.000000000000000e-07	3.000000000000000e-06
1.395105e+05	1.830714288653008e-01	9.864680005910145e-02	3.000000000000000e-07	3.000000000000000e-06
1.420972e+05	1.839684624807606e-01	9.914425024104115e-02	3.000000000000000e-07	3.000000000000000e-06
1.447302e+05	1.848698920118227e-01	9.964405502016029e-02	3.000000000000000e-07	3.000000000000000e-06
1.474105e+05	1.857757389705377e-01	1.001462264744334e-01	3.000000000000000e-07	3.000000000000000e-06
1.501388e+05	1.866860249744129e-01	1.006507767349043e-01	3.000000000000000e-07	3.000000000000000e-06
1.529161e+05	1.876007717469233e-01	1.011577179860801e-01	3.000000000000000e-07	3.000000000000000e-06
1.557431e+05	1.885200011180253e-01	1.016670624663214e-01	3.000000000000000e-07	3.000000000000000e-06
1.586209e+05	1.894437350246727e-01	1.021788224682318e-01	3.000000000000000e-07	3.000000000000000e-06
1.615502e+05	1.903719955113362e-01	1.026930103390441e-01	3.000000000000000e-07	3.000000000000000e-06
1.645321e+05	1.913048047305251e-01	1.032096384810054e-01	3.000000000000000e-07	3.000000000000000e-06
1.675674e+05	1.922421849433123e-01	1.037287193517600e-01	3.000000000000000e-07	3.000000000000000e-06
1.706571e+05	1.931841585198618e-01	1.042502654647302e-01	3.000000000000000e-07	3.000000000000000e-06
1.738023e+05	1.941307479399585e-01	1.047742893894966e-01	3.000000000000000e-07	3.000000000000000e-06
1.770038e+05	1.950819757935420e-01	1.053008037521751e-01	3.000000000000000e-07	3.000000000000000e-06
1.802627e+05	1.960378647812420e-01	1.058298212357946e-01	3.000000000000000e-07	3.000000000000000e-06
1.835801e+05	1.969984377149170e-01	1.063613545806714e-01	3.000000000000000e-07	3.000000000000000e-06
1.869569e+05	1.979637175181959e-01	1.068954165847839e-01	3.000000000000000e-07	3.000000000000000e-06
1.903942e+05	1.989337272270221e-01	1.074320201041454e-01	3.000000000000000e-07	3.000000000000000e-06
1.938932e+05	1.999084899902008e-01	1.079711780531760e-01	3.000000000000000e-07	3.000000000000000e-06
1.974549e+05	2.008880290699485e-01	1.085129034050736e-01	3.000000000000000e-07	3.000000000000000e-06
2.010805e+05	2.018723678424461e-01	1.090572091921845e-01	3.000000000000000e-07	3.000000000000000e-06
2.047711e+05	2.028615297983940e-01	1.096041085063723e-01	3.000000000000000e-07	3.000000000000000e-06
2.085278e+05	2.038555385435710e-01	1.101536144993875e-01	3.000000000000000e-07	3.000000000000000e-06
2.123518e+05	2.048544177993949e-01	1.107057403832348e-01	3.000000000000000e-07	3.000000000000000e-06
2.162445e+05	2.058581914034870e-01	1.112604994305417e-01	3.000000000000000e-07	3.000000000000000e-06
2.202069e+05	2.068668833102386e-01	1.118179049749255e-01	3.000000000000000e-07	3.000000000000000e-06
2.242403e+05	2.078805175913811e-01	1.123779704113602e-01	3.000000000000000e-07	3.000000000000000e-06
2.283461e+05	2.088991184365585e-01	1.129407091965435e-01	3.000000000000000e-07	3.000000000000000e-06
2.325254e+05	2.099227101539030e-01	1.135061348492634e-01	3.000000000000000e-07	3.000000000000000e-06
2.367797e+05	2.109513171706133e-01	1.140742609507644e-01	3.000000000000000e-07	3.000000000000000e-06
2.411103e+05	2.119849640335358e-01	1.146451011451141e-01	3.000000000000000e-07	3.000000000000000e-06
2.455185e+05	2.130236754097493e-01	1.152186691395696e-01	3.000000000000000e-07	3.000000000000000e-06
2.500057e+05	2.140674760871518e-01	1.157949787049440e-01	3.000000000000000e-07	3.000000000000000e-06
2.545734e+05	2.151163909750504e-01	1.163740436759732e-01	3.000000000000000e-07	3.000000000000000e-06
2.592230e+05	2.161704451047549e-01	1.169558779516824e-01	3.000000000000000e-07	3.000000000000000e-06
2.639560e+05	2.172296636301735e-01	1.175404954957538e-01	3.000000000000000e-07	3.000000000000000e-06
2.687738e+05	2.182940718284116e-01	1.181279103368934e-01	3.000000000000000e-07	3.000000000000000e-06
2.736780e+05	2.193636951003740e-01	1.187181365691994e-01	3.000000000000000e-07	3.000000000000000e-06
2.786702e+05	2.204385589713698e-01	1.193111883525301e-01	3.000000000000000e-07	3.000000000000000e-06
2.837518e+05	2.215186890917203e-01	1.199070799128731e-01	3.000000000000000e-07	3.000000000000000e-06
2.889246e+05	2.226041112373701e-01	1.205058255427139e-01	3.000000000000000e-07	3.000000000000000e-06
2.941901e+05	2.236948513105008e-01	1.211074396014064e-01	3.000000000000000e-07	3.000000000000000e-06
2.995501e+05	2.247909353401483e-01	1.217119365155431e-01	3.000000000000000e-07	3.000000000000000e-06
3.050062e+05	2.258923894828228e-01	1.223193307793263e-01	3.000000000000000e-07	3.000000000000000e-06
3.105602e+05	2.269992400231322e-01	1.229296369549401e-01	3.000000000000000e-07	3.000000000000000e-06
3.162137e+05	2.281115133744079e-01	1.235428696729230e-01	3.000000000000000e-07	3.000000000000000e-06
3.219687e+05	2.292292360793344e-01	1.241590436325415e-01	3.000000000000000e-07	3.000000000000000e-06
3.278269e+05	2.303524348105819e-01	1.247781736021641e-01	3.000000000000000e-07	3.000000000000000e-06
3.337901e+05	2.314811363714416e-01	1.254002744196368e-01	3.000000000000000e-07	3.000000000000000e-06
3.398603e+05	2.326153676964646e-01	1.260253609926594e-01	3.000000000000000e-07	3.000000000000000e-06
3.460394e+05	2.337551558521035e-01	1.266534482991620e-01	3.000000000000000e-07	3.000000000000000e-06
3.523294e+05	2.349005280373580e-01	1.272845513876837e-01	3.000000000000000e-07	3.000000000000000e-06
3.587322e+05	2.360515115844224e-01	1.279186853777515e-01	3.000000000000000e-07	3.000000000000000e-06
3.652498e+05	2.372081339593375e-01	1.285558654602605e-01	3.000000000000000e-07	3.000000000000000e-06
3.718844e+05	2.383704227626451e-01	1.291961068978551e-01	3.000000000000000e-07	3.000000000000000e-06
3.786380e+05	2.395384057300455e-01	1.298394250253117e-01	3.000000000000000e-07	3.000000000000000e-06
3.855128e+05	2.407121107330593e-01	1.304858352499222e-01	3.000000000000000e-07	3.000000000000000e-06
3.925110e+05	2.418915657796910e-01	1.311353530518787e-01	3.000000000000000e-07	3.000000000000000e-06
3.996347e+05	2.430767990150969e-01	1.317879939846596e-01	3.000000000000000e-07	3.000000000000000e-06
4.068862e+05	2.442678387222560e-01	1.324437736754170e-01	3.000000000000000e-07	3.000000000000000e-06
4.142679e+05	2.454647133226442e-01	1.331027078253649e-01	3.000000000000000e-07	3.000000000000000e-06
4.217821e+05	2.466674513769117e-01	1.337648122101698e-01	3.000000000000000e-07	3.000000000000000e-06
4.294311e+05	2.478760815855638e-01	1.344301026803411e-01	3.000000000000000e-07	3.000000000000000e-06
4.372174e+05	2.490906327896452e-01	1.350985951616242e-01	3.000000000000000e-07	3.000000000000000e-06
4.451435e+05	2.503111339714273e-01	1.357703056553942e-01	3.000000000000000e-07	3.000000000000000e-06
4.532118e+05	2.515376142550994e-01	1.364452502390515e-01	3.000000000000000e-07	3.000000000000000e-06
4.614250e+05	2.527701029074627e-01	1.371234450664185e-01	3.000000000000000e-07	3.000000000000000e-06
4.697856e+05	2.540086293386281e-01	1.378049063681379e-01	3.000000000000000e-07	3.000000000000000e-06
4.782964e+05	2.552532231027177e-01	1.384896504520722e-01	3.000000000000000e-07	3.000000000000000e-06
4.869599e+05	2.565039138985686e-01	1.391776937037056e-01	3.000000000000000e-07	3.000000000000000e-06
4.957790e+05	2.577607315704417e-01	1.398690525865462e-01	3.000000000000000e-07	3.000000000000000e-06
5.047564e+05	2.590237061087325e-01	1.405637436425306e-01	3.000000000000000e-07	3.000000000000000e-06
5.138950e+05	2.602928676506870e-01	1.412617834924297e-01	3.000000000000000e-07	3.000000000000000e-06
5.231978e+05	2.615682464811192e-01	1.419631888362564e-01	3.000000000000000e-07	3.000000000000000e-06
5.326676e+05	2.628498730331337e-01	1.426679764536744e-01	3.000000000000000e-07	3.000000000000000e-06
5.423075e+05	2.641377778888513e-01	1.433761632044094e-01	3.000000000000000e-07	3.000000000000000e-06
5.521206e+05	2.654319917801377e-01	1.440877660286611e-01	3.000000000000000e-07	3.000000000000000e-06
5.621099e+05	2.667325455893367e-01	1.448028019475173e-01	3.000000000000000e-07	3.000000000000000e-06
5.722787e+05	2.680394703500062e-01	1.455212880633699e-01	3.000000000000000e-07	3.000000000000000e-06
5.826301e+05	2.693527972476581e-01	1.462432415603321e-01	3.000000000000000e-07	3.000000000000000e-06
5.931676e+05	2.706725576205020e-01	1.469686797046578e-01	3.000000000000000e-07	3.000000000000000e-06
6.038943e+05	2.719987829601921e-01	1.476976198451624e-01	3.000000000000000e-07	3.000000000000000e-06
6.148138e+05	2.733315049125783e-01	1.484300794136454e-01	3.000000000000000e-07	3.000000000000000e-06
6.259295e+05	2.746707552784607e-01	1.491660759253152e-01	3.000000000000000e-07	3.000000000000000e-06
6.372450e+05	2.760165660143475e-01	1.499056269792148e-01	3.000000000000000e-07	3.000000000000000e-06
6.487638e+05	2.773689692332175e-01	1.506487502586505e-01	3.000000000000000e-07	3.000000000000000e-06
6.604896e+05	2.787279972052849e-01	1.513954635316212e-01	3.000000000000000e-07	3.000000000000000e-06
6.724263e+05	2.800936823587696e-01	1.521457846512506e-01	3.000000000000000e-07	3.000000000000000e-06
6.845774e+05	2.814660572806701e-01	1.528997315562205e-01	3.000000000000000e-07	3.000000000000000e-06
6.969471e+05	2.828451547175400e-01	1.536573222712065e-01	3.000000000000000e-07	3.000000000000000e-06
7.095391e+05	2.842310075762695e-01	1.544185749073150e-01	3.000000000000000e-07	3.000000000000000e-06
7.223575e+05	2.856236489248694e-01	1.551835076625229e-01	3.000000000000000e-07	3.000000000000000e-06
7.354064e+05	2.870231119932600e-01	1.559521388221184e-01	3.000000000000000e-07	3.000000000000000e-06
7.486899e+05	2.884294301740631e-01	1.567244867591443e-01	3.000000000000000e-07	3.000000000000000e-06
7.622123e+05	2.898426370233984e-01	1.575005699348432e-01	3.000000000000000e-07	3.000000000000000e-06
7.759779e+05	2.912627662616834e-01	1.582804068991042e-01	3.000000000000000e-07	3.000000000000000e-06
7.899911e+05	2.926898517744376e-01	1.590640162909123e-01	3.000000000000000e-07	3.000000000000000e-06
8.042563e+05	2.941239276130903e-01	1.598514168387989e-01	3.000000000000000e-07	3.000000000000000e-06
8.187782e+05	2.955650279957925e-01	1.606426273612955e-01	3.000000000000000e-07	3.000000000000000e-06
8.335613e+05	2.970131873082328e-01	1.614376667673881e-01	3.000000000000000e-07	3.000000000000000e-06
8.486104e+05	2.984684401044576e-01	1.622365540569747e-01	3.000000000000000e-07	3.000000000000000e-06
8.639302e+05	2.999308211076943e-01	1.630393083213242e-01	3.000000000000000e-07	3.000000000000000e-06
8.795258e+05	3.014003652111797e-01	1.638459487435377e-01	3.000000000000000e-07	3.000000000000000e-06
8.954019e+05	3.028771074789923e-01	1.646564945990119e-01	3.000000000000000e-07	3.000000000000000e-06
9.115638e+05	3.043610831468874e-01	1.654709652559043e-01	3.000000000000000e-07	3.000000000000000e-06
9.280166e+05	3.058523276231381e-01	1.662893801756007e-01	3.000000000000000e-07	3.000000000000000e-06
9.447655e+05	3.073508764893793e-01	1.671117589131847e-01	3.000000000000000e-07	3.000000000000000e-06
9.618159e+05	3.088567655014559e-01	1.679381211179099e-01	3.000000000000000e-07	3.000000000000000e-06
9.791733e+05	3.103700305902755e-01	1.687684865336733e-01	3.000000000000000e-07	3.000000000000000e-06
9.968432e+05	3.118907078626653e-01	1.696028749994916e-01	3.000000000000000e-07	3.000000000000000e-06
1.000000e+06	3.121594308776048e-01	1.697503169851960e-01	3.000000000000000e-07	3.000000000000000e-06
1.018312e+06	3.137114689542294e-01	1.706018602602219e-01	3.000000000000000e-07	3.000000000000000e-06
1.036682e+06	3.152481097295683e-01	1.714449116007916e-01	3.000000000000000e-07	3.000000000000000e-06
1.055387e+06	3.167926875627095e-01	1.722922740456944e-01	3.000000000000000e-07	3.000000000000000e-06
1.074429e+06	3.183448235334416e-01	1.731437397245251e-01	3.000000000000000e-07	3.000000000000000e-06
1.093814e+06	3.199045620969126e-01	1.739993330492291e-01	3.000000000000000e-07	3.000000000000000e-06
1.113548e+06	3.214719403358628e-01	1.748590743857503e-01	3.000000000000000e-07	3.000000000000000e-06
1.133638e+06	3.230469956500760e-01	1.757229842726113e-01	3.000000000000000e-07	3.000000000000000e-06
1.154090e+06	3.246297656200254e-01	1.765910833461158e-01	3.000000000000000e-07	3.000000000000000e-06
1.174910e+06	3.262202880102195e-01	1.774633923421893e-01	3.000000000000000e-07	3.000000000000000e-06
1.196106e+06	3.278186007700588e-01	1.783399320968538e-01	3.000000000000000e-07	3.000000000000000e-06
1.217683e+06	3.294247420347417e-01	1.792207235467297e-01	3.000000000000000e-07	3.000000000000000e-06
1.239649e+06	3.310387501261733e-01	1.801057877295391e-01	3.000000000000000e-07	3.000000000000000e-06
1.262011e+06	3.326606635538796e-01	1.809951457846118e-01	3.000000000000000e-07	3.000000000000000e-06
1.284777e+06	3.342905210159253e-01	1.818888189533937e-01	3.000000000000000e-07	3.000000000000000e-06
1.307952e+06	3.359283613998368e-01	1.827868285799569e-01	3.000000000000000e-07	3.000000000000000e-06
1.331546e+06	3.375742237835291e-01	1.836891961115133e-01	3.000000000000000e-07	3.000000000000000e-06
1.355565e+06	3.392281474362382e-01	1.845959430989297e-01	3.000000000000000e-07	3.000000000000000e-06
1.380016e+06	3.408901718194566e-01	1.855070911972454e-01	3.000000000000000e-07	3.000000000000000e-06
1.404909e+06	3.425603365878747e-01	1.864226621661929e-01	3.000000000000000e-07	3.000000000000000e-06
1.430251e+06	3.442386815903261e-01	1.873426778707200e-01	3.000000000000000e-07	3.000000000000000e-06
1.456050e+06	3.459252468707379e-01	1.882671602815155e-01	3.000000000000000e-07	3.000000000000000e-06
1.482314e+06	3.476200726690857e-01	1.891961314755362e-01	3.000000000000000e-07	3.000000000000000e-06
1.509052e+06	3.493231994223521e-01	1.901296136365373e-01	3.000000000000000e-07	3.000000000000000e-06
1.536273e+06	3.510346677654921e-01	1.910676290556048e-01	3.000000000000000e-07	3.000000000000000e-06
1.563984e+06	3.527545185324013e-01	1.920102001316906e-01	3.000000000000000e-07	3.000000000000000e-06
1.592196e+06	3.544827927568893e-01	1.929573493721501e-01	3.000000000000000e-07	3.000000000000000e-06
1.620916e+06	3.562195316736587e-01	1.939090993932822e-01	3.000000000000000e-07	3.000000000000000e-06
1.650155e+06	3.579647767192879e-01	1.948654729208720e-01	3.000000000000000e-07	3.000000000000000e-06
1.679922e+06	3.597185695332192e-01	1.958264927907358e-01	3.000000000000000e-07	3.000000000000000e-06
1.710226e+06	3.614809519587514e-01	1.967921819492693e-01	3.000000000000000e-07	3.000000000000000e-06
1.741077e+06	3.632519660440380e-01	1.977625634539975e-01	3.000000000000000e-07	3.000000000000000e-06
1.772485e+06	3.650316540430891e-01	1.987376604741281e-01	3.000000000000000e-07	3.000000000000000e-06
1.804461e+06	3.668200584167794e-01	1.997174962911064e-01	3.000000000000000e-07	3.000000000000000e-06
1.837013e+06	3.686172218338604e-01	2.007020942991745e-01	3.000000000000000e-07	3.000000000000000e-06
1.870154e+06	3.704231871719776e-01	2.016914780059312e-01	3.000000000000000e-07	3.000000000000000e-06
1.903893e+06	3.722379975186931e-01	2.026856710328961e-01	3.000000000000000e-07	3.000000000000000e-06
1.938241e+06	3.740616961725131e-01	2.036846971160756e-01	3.000000000000000e-07	3.000000000000000e-06
1.973210e+06	3.758943266439195e-01	2.046885801065315e-01	3.000000000000000e-07	3.000000000000000e-06
2.008810e+06	3.777359326564083e-01	2.056973439709532e-01	3.000000000000000e-07	3.000000000000000e-06
2.045054e+06	3.795865581475315e-01	2.067110127922314e-01	3.000000000000000e-07	3.000000000000000e-06
2.081953e+06	3.814462472699447e-01	2.077296107700352e-01	3.000000000000000e-07	3.000000000000000e-06
2.119518e+06	3.833150443924604e-01	2.087531622213922e-01	3.000000000000000e-07	3.000000000000000e-06
2.157763e+06	3.851929941011051e-01	2.097816915812706e-01	3.000000000000000e-07	3.000000000000000e-06
2.196698e+06	3.870801412001827e-01	2.108152234031649e-01	3.000000000000000e-07	3.000000000000000e-06
2.236338e+06	3.889765307133433e-01	2.118537823596835e-01	3.000000000000000e-07	3.000000000000000e-06
2.276694e+06	3.908822078846554e-01	2.128973932431398e-01	3.000000000000000e-07	3.000000000000000e-06
2.317779e+06	3.927972181796863e-01	2.139460809661462e-01	3.000000000000000e-07	3.000000000000000e-06
2.359608e+06	3.947216072865848e-01	2.149998705622100e-01	3.000000000000000e-07	3.000000000000000e-06
2.402193e+06	3.966554211171711e-01	2.160587871863333e-01	3.000000000000000e-07	3.000000000000000e-06
2.445547e+06	3.985987058080315e-01	2.171228561156148e-01	3.000000000000000e-07	3.000000000000000e-06
2.489686e+06	4.005515077216181e-01	2.181921027498553e-01	3.000000000000000e-07	3.000000000000000e-06
2.534624e+06	4.025138734473547e-01	2.192665526121655e-01	3.000000000000000e-07	3.000000000000000e-06
2.580374e+06	4.044858498027472e-01	2.203462313495769e-01	3.000000000000000e-07	3.000000000000000e-06
2.626952e+06	4.064674838345000e-01	2.214311647336555e-01	3.000000000000000e-07	3.000000000000000e-06
2.674373e+06	4.084588228196377e-01	2.225213786611189e-01	3.000000000000000e-07	3.000000000000000e-06
2.722651e+06	4.104599142666325e-01	2.236168991544556e-01	3.000000000000000e-07	3.000000000000000e-06
2.771804e+06	4.124708059165366e-01	2.247177523625479e-01	3.000000000000000e-07	3.000000000000000e-06
2.821846e+06	4.144915457441207e-01	2.258239645612977e-01	3.000000000000000e-07	3.000000000000000e-06
2.872793e+06	4.165221819590179e-01	2.269355621542546e-01	3.000000000000000e-07	3.000000000000000e-06
2.924663e+06	4.185627630068728e-01	2.280525716732484e-01	3.000000000000000e-07	3.000000000000000e-06
2.977472e+06	4.206133375704970e-01	2.291750197790229e-01	3.000000000000000e-07	3.000000000000000e-06
3.031237e+06	4.226739545710295e-01	2.303029332618742e-01	3.000000000000000e-07	3.000000000000000e-06
3.085976e+06	4.247446631691034e-01	2.314363390422914e-01	3.000000000000000e-07	3.000000000000000e-06
3.141705e+06	4.268255127660175e-01	2.325752641716004e-01	3.000000000000000e-07	3.000000000000000e-06
3.198444e+06	4.289165530049149e-01	2.337197358326109e-01	3.000000000000000e-07	3.000000000000000e-06
3.256211e+06	4.310178337719659e-01	2.348697813402662e-01	3.000000000000000e-07	3.000000000000000e-06
3.315024e+06	4.331294051975578e-01	2.360254281422969e-01	3.000000000000000e-07	3.000000000000000e-06
3.374903e+06	4.352513176574901e-01	2.371867038198767e-01	3.000000000000000e-07	3.000000000000000e-06
3.435866e+06	4.373836217741754e-01	2.383536360882823e-01	3.000000000000000e-07	3.000000000000000e-06
3.497934e+06	4.395263684178467e-01	2.395262527975558e-01	3.000000000000000e-07	3.000000000000000e-06
3.561126e+06	4.416796087077697e-01	2.407045819331705e-01	3.000000000000000e-07	3.000000000000000e-06
3.625464e+06	4.438433940134621e-01	2.418886516167003e-01	3.000000000000000e-07	3.000000000000000e-06
3.690968e+06	4.460177759559183e-01	2.430784901064914e-01	3.000000000000000e-07	3.000000000000000e-06
3.757659e+06	4.482028064088401e-01	2.442741257983381e-01	3.000000000000000e-07	3.000000000000000e-06
3.825559e+06	4.503985374998731e-01	2.454755872261618e-01	3.000000000000000e-07	3.000000000000000e-06
3.894690e+06	4.526050216118503e-01	2.466829030626924e-01	3.000000000000000e-07	3.000000000000000e-06
3.965074e+06	4.548223113840404e-01	2.478961021201541e-01	3.000000000000000e-07	3.000000000000000e-06
4.036735e+06	4.570504597134030e-01	2.491152133509538e-01	3.000000000000000e-07	3.000000000000000e-06
4.109695e+06	4.592895197558500e-01	2.503402658483730e-01	3.000000000000000e-07	3.000000000000000e-06
4.183978e+06	4.615395449275126e-01	2.515712888472632e-01	3.000000000000000e-07	3.000000000000000e-06
4.259609e+06	4.638005889060152e-01	2.528083117247443e-01	3.000000000000000e-07	3.000000000000000e-06
4.336612e+06	4.660727056317548e-01	2.540513640009066e-01	3.000000000000000e-07	3.000000000000000e-06
4.415012e+06	4.683559493091873e-01	2.553004753395164e-01	3.000000000000000e-07	3.000000000000000e-06
4.494834e+06	4.706503744081200e-01	2.565556755487244e-01	3.000000000000000e-07	3.000000000000000e-06
4.576104e+06	4.729560356650097e-01	2.578169945817783e-01	3.000000000000000e-07	3.000000000000000e-06
4.658849e+06	4.752729880842685e-01	2.590844625377378e-01	3.000000000000000e-07	3.000000000000000e-06
4.743096e+06	4.776012869395745e-01	2.603581096621944e-01	3.000000000000000e-07	3.000000000000000e-06
4.828873e+06	4.799409877751901e-01	2.616379663479934e-01	3.000000000000000e-07	3.000000000000000e-06
4.916206e+06	4.822921464072859e-01	2.629240631359603e-01	3.000000000000000e-07	3.000000000000000e-06
5.005124e+06	4.846548189252720e-01	2.642164307156302e-01	3.000000000000000e-07	3.000000000000000e-06
5.095657e+06	4.870290616931346e-01	2.655150999259805e-01	3.000000000000000e-07	3.000000000000000e-06
5.187834e+06	4.894149313507805e-01	2.668201017561683e-01	3.000000000000000e-07	3.000000000000000e-06
5.281685e+06	4.918124848153868e-01	2.681314673462697e-01	3.000000000000000e-07	3.000000000000000e-06
5.377240e+06	4.942217792827586e-01	2.694492279880245e-01	3.000000000000000e-07	3.000000000000000e-06
5.474530e+06	4.966428722286921e-01	2.707734151255825e-01	3.000000000000000e-07	3.000000000000000e-06
5.573588e+06	4.990758214103453e-01	2.721040603562552e-01	3.000000000000000e-07	3.000000000000000e-06
5.674446e+06	5.015206848676148e-01	2.734411954312704e-01	3.000000000000000e-07	3.000000000000000e-06
5.777136e+06	5.039775209245195e-01	2.747848522565299e-01	3.000000000000000e-07	3.000000000000000e-06
5.881691e+06	5.064463881905916e-01	2.761350628933719e-01	3.000000000000000e-07	3.000000000000000e-06
5.988147e+06	5.089273455622733e-01	2.774918595593365e-01	3.000000000000000e-07	3.000000000000000e-06
6.096537e+06	5.114204522243213e-01	2.788552746289348e-01	3.000000000000000e-07	3.000000000000000e-06
6.206897e+06	5.139257676512183e-01	2.802253406344221e-01	3.000000000000000e-07	3.000000000000000e-06
6.319263e+06	5.164433516085901e-01	2.816020902665749e-01	3.000000000000000e-07	3.000000000000000e-06
6.433672e+06	5.189732641546311e-01	2.829855563754710e-01	3.000000000000000e-07	3.000000000000000e-06
6.550161e+06	5.215155656415359e-01	2.843757719712739e-01	3.000000000000000e-07	3.000000000000000e-06
6.668768e+06	5.240703167169385e-01	2.857727702250216e-01	3.000000000000000e-07	3.000000000000000e-06
6.789532e+06	5.266375783253578e-01	2.871765844694173e-01	3.000000000000000e-07	3.000000000000000e-06
6.912492e+06	5.292174117096511e-01	2.885872481996263e-01	3.000000000000000e-07	3.000000000000000e-06
7.037688e+06	5.318098784124737e-01	2.900047950740751e-01	3.000000000000000e-07	3.000000000000000e-06
7.165161e+06	5.344150402777466e-01	2.914292589152550e-01	3.000000000000000e-07	3.000000000000000e-06
7.294954e+06	5.370329594521305e-01	2.928606737105295e-01	3.000000000000000e-07	3.000000000000000e-06
7.427107e+06	5.396636983865081e-01	2.942990736129458e-01	3.000000000000000e-07	3.000000000000000e-06
7.561665e+06	5.423073198374723e-01	2.957444929420497e-01	3.000000000000000e-07	3.000000000000000e-06
7.698672e+06	5.449638868688228e-01	2.971969661847051e-01	3.000000000000000e-07	3.000000000000000e-06
7.838171e+06	5.476334628530697e-01	2.986565279959172e-01	3.000000000000000e-07	3.000000000000000e-06
7.980210e+06	5.503161114729441e-01	3.001232131996596e-01	3.000000000000000e-07	3.000000000000000e-06
8.124834e+06	5.530118967229166e-01	3.015970567897052e-01	3.000000000000000e-07	3.000000000000000e-06
8.272091e+06	5.557208829107227e-01	3.030780939304620e-01	3.000000000000000e-07	3.000000000000000e-06
8.422028e+06	5.584431346588964e-01	3.045663599578121e-01	3.000000000000000e-07	3.000000000000000e-06
8.574695e+06	5.611787169063106e-01	3.060618903799548e-01	3.000000000000000e-07	3.000000000000000e-06
8.730143e+06	5.639276949097254e-01	3.075647208782548e-01	3.000000000000000e-07	3.000000000000000e-06
8.888420e+06	5.666901342453438e-01	3.090748873080928e-01	3.000000000000000e-07	3.000000000000000e-06
9.049581e+06	5.694661008103751e-01	3.105924256997218e-01	3.000000000000000e-07	3.000000000000000e-06
9.213677e+06	5.722556608246064e-01	3.121173722591271e-01	3.000000000000000e-07	3.000000000000000e-06
9.380762e+06	5.750588808319805e-01	3.136497633688898e-01	3.000000000000000e-07	3.000000000000000e-06
9.550891e+06	5.778758277021835e-01	3.151896355890553e-01	3.000000000000000e-07	3.000000000000000e-06
9.724119e+06	5.807065686322377e-01	3.167370256580060e-01	3.000000000000000e-07	3.000000000000000e-06
9.900504e+06	5.835511711481048e-01	3.182919704933377e-01	3.000000000000000e-07	3.000000000000000e-06
1.000000e+07	5.851364979686252e-01	3.191585471843540e-01	3.000000000000000e-07	3.000000000000000e-06
1.018287e+07	5.880258551992015e-01	3.207379211513141e-01	3.000000000000000e-07	3.000000000000000e-06
1.036759e+07	5.909058822041313e-01	3.223121727337175e-01	3.000000000000000e-07	3.000000000000000e-06
1.055570e+07	5.938004361210694e-01	3.238943427786157e-01	3.000000000000000e-07	3.000000000000000e-06
1.074723e+07	5.967091563467855e-01	3.254842341793379e-01	3.000000000000000e-07	3.000000000000000e-06
1.094226e+07	5.996321200279703e-01	3.270818891090144e-01	3.000000000000000e-07	3.000000000000000e-06
1.114085e+07	6.025693967495475e-01	3.286873456068816e-01	3.000000000000000e-07	3.000000000000000e-06
1.134306e+07	6.055210565804972e-01	3.303006419761823e-01	3.000000000000000e-07	3.000000000000000e-06
1.154895e+07	6.084871699302031e-01	3.319218167056465e-01	3.000000000000000e-07	3.000000000000000e-06
1.175860e+07	6.114678075527566e-01	3.335509084718440e-01	3.000000000000000e-07	3.000000000000000e-06
1.197207e+07	6.144630405485961e-01	3.351879561400822e-01	3.000000000000000e-07	3.000000000000000e-06
1.218944e+07	6.174729403662027e-01	3.368329987653330e-01	3.000000000000000e-07	3.000000000000000e-06
1.241077e+07	6.204975788038041e-01	3.384860755931652e-01	3.000000000000000e-07	3.000000000000000e-06
1.263614e+07	6.235370280110858e-01	3.401472260606805e-01	3.000000000000000e-07	3.000000000000000e-06
1.286562e+07	6.265913604909118e-01	3.418164897974549e-01	3.000000000000000e-07	3.000000000000000e-06
1.309929e+07	6.296606491010523e-01	3.434939066264832e-01	3.000000000000000e-07	3.000000000000000e-06
1.333723e+07	6.327449670559216e-01	3.451795165651301e-01	3.000000000000000e-07	3.000000000000000e-06
1.357950e+07	6.358443879283230e-01	3.468733598260844e-01	3.000000000000000e-07	3.000000000000000e-06
1.382620e+07	6.389589856512026e-01	3.485754768183183e-01	3.000000000000000e-07	3.000000000000000e-06
1.407741e+07	6.420888345194125e-01	3.502859081480514e-01	3.000000000000000e-07	3.000000000000000e-06
1.433319e+07	6.452340091914818e-01	3.520046946197199e-01	3.000000000000000e-07	3.000000000000000e-06
1.459365e+07	6.483945846913964e-01	3.537318772369491e-01	3.000000000000000e-07	3.000000000000000e-06
1.485887e+07	6.515706364103878e-01	3.554674972035325e-01	3.000000000000000e-07	3.000000000000000e-06
1.512893e+07	6.547622401087301e-01	3.572115959244140e-01	3.000000000000000e-07	3.000000000000000e-06
1.540392e+07	6.579694719175467e-01	3.589642150066762e-01	3.000000000000000e-07	3.000000000000000e-06
1.568393e+07	6.611924083406248e-01	3.607253962605324e-01	3.000000000000000e-07	3.000000000000000e-06
1.596906e+07	6.644311262562393e-01	3.624951817003241e-01	3.000000000000000e-07	3.000000000000000e-06
1.625940e+07	6.676857029189864e-01	3.642736135455236e-01	3.000000000000000e-07	3.000000000000000e-06
1.655504e+07	6.709562159616242e-01	3.660607342217403e-01	3.000000000000000e-07	3.000000000000000e-06
1.685608e+07	6.742427433969244e-01	3.678565863617335e-01	3.000000000000000e-07	3.000000000000000e-06
1.716263e+07	6.775453636195317e-01	3.696612128064288e-01	3.000000000000000e-07	3.000000000000000e-06
1.747478e+07	6.808641554078327e-01	3.714746566059402e-01	3.000000000000000e-07	3.000000000000000e-06
1.779263e+07	6.841991979258347e-01	3.732969610205968e-01	3.000000000000000e-07	3.000000000000000e-06
1.811629e+07	6.875505707250519e-01	3.751281695219749e-01	3.000000000000000e-07	3.000000000000000e-06
1.844587e+07	6.909183537464029e-01	3.769683257939346e-01	3.000000000000000e-07	3.000000000000000e-06
1.878148e+07	6.943026273221157e-01	3.788174737336619e-01	3.000000000000000e-07	3.000000000000000e-06
1.912322e+07	6.977034721776438e-01	3.806756574527157e-01	3.000000000000000e-07	3.000000000000000e-06
1.947121e+07	7.011209694335898e-01	3.825429212780799e-01	3.000000000000000e-07	3.000000000000000e-06
1.982556e+07	7.045552006076397e-01	3.844193097532208e-01	3.000000000000000e-07	3.000000000000000e-06
2.018640e+07	7.080062476165063e-01	3.863048676391489e-01	3.000000000000000e-07	3.000000000000000e-06
2.055383e+07	7.114741927778824e-01	3.881996399154874e-01	3.000000000000000e-07	3.000000000000000e-06
2.092799e+07	7.149591188124025e-01	3.901036717815444e-01	3.000000000000000e-07	3.000000000000000e-06
2.130899e+07	7.184611088456155e-01	3.920170086573908e-01	3.000000000000000e-07	3.000000000000000e-06
2.169696e+07	7.219802464099665e-01	3.939396961849439e-01	3.000000000000000e-07	3.000000000000000e-06
2.209203e+07	7.255166154467877e-01	3.958717802290559e-01	3.000000000000000e-07	3.000000000000000e-06
2.249433e+07	7.290703003082997e-01	3.978133068786078e-01	3.000000000000000e-07	3.000000000000000e-06
2.290400e+07	7.326413857596230e-01	3.997643224476080e-01	3.000000000000000e-07	3.000000000000000e-06
2.332116e+07	7.362299569807982e-01	4.017248734762978e-01	3.000000000000000e-07	3.000000000000000e-06
2.374595e+07	7.398360995688167e-01	4.036950067322608e-01	3.000000000000000e-07	3.000000000000000e-06
2.417852e+07	7.434598995396617e-01	4.056747692115381e-01	3.000000000000000e-07	3.000000000000000e-06
2.461902e+07	7.471014433303589e-01	4.076642081397494e-01	3.000000000000000e-07	3.000000000000000e-06
2.506757e+07	7.507608178010362e-01	4.096633709732192e-01	3.000000000000000e-07	3.000000000000000e-06
2.552434e+07	7.544381102369959e-01	4.116723054001085e-01	3.000000000000000e-07	3.000000000000000e-06
2.598948e+07	7.581334083507942e-01	4.136910593415520e-01	3.000000000000000e-07	3.000000000000000e-06
2.646313e+07	7.618468002843333e-01	4.157196809528010e-01	3.000000000000000e-07	3.000000000000000e-06
2.694546e+07	7.655783746109617e-01	4.177582186243720e-01	3.000000000000000e-07	3.000000000000000e-06
2.743663e+07	7.693282203375867e-01	4.198067209832000e-01	3.000000000000000e-07	3.000000000000000e-06
2.793679e+07	7.730964269067961e-01	4.218652368937992e-01	3.000000000000000e-07	3.000000000000000e-06
2.844612e+07	7.768830841989900e-01	4.239338154594272e-01	3.000000000000000e-07	3.000000000000000e-06
2.896477e+07	7.806882825345237e-01	4.260125060232567e-01	3.000000000000000e-07	3.000000000000000e-06
2.949294e+07	7.845121126758615e-01	4.281013581695519e-01	3.000000000000000e-07	3.000000000000000e-06
3.003078e+07	7.883546658297397e-01	4.302004217248507e-01	3.000000000000000e-07	3.000000000000000e-06
3.057847e+07	7.922160336493412e-01	4.323097467591536e-01	3.000000000000000e-07	3.000000000000000e-06
3.113621e+07	7.960963082364810e-01	4.344293835871169e-01	3.000000000000000e-07	3.000000000000000e-06
3.170417e+07	7.999955821438010e-01	4.365593827692529e-01	3.000000000000000e-07	3.000000000000000e-06
3.228255e+07	8.039139483769768e-01	4.386997951131357e-01	3.000000000000000e-07	3.000000000000000e-06
3.287152e+07	8.078515003969352e-01	4.408506716746125e-01	3.000000000000000e-07	3.000000000000000e-06
3.347130e+07	8.118083321220820e-01	4.430120637590210e-01	3.000000000000000e-07	3.000000000000000e-06
3.408207e+07	8.157845379305408e-01	4.451840229224131e-01	3.000000000000000e-07	3.000000000000000e-06
3.470405e+07	8.197802126624036e-01	4.473666009727843e-01	3.000000000000000e-07	3.000000000000000e-06
3.533743e+07	8.237954516219907e-01	4.495598499713087e-01	3.000000000000000e-07	3.000000000000000e-06
3.598243e+07	8.278303505801239e-01	4.517638222335807e-01	3.000000000000000e-07	3.000000000000000e-06
3.663927e+07	8.318850057764084e-01	4.539785703308627e-01	3.000000000000000e-07	3.000000000000000e-06
3.730815e+07	8.359595139215285e-01	4.562041470913380e-01	3.000000000000000e-07	3.000000000000000e-06
3.798930e+07	8.400539721995517e-01	4.584406056013712e-01	3.000000000000000e-07	3.000000000000000e-06
3.868295e+07	8.441684782702464e-01	4.606879992067736e-01	3.000000000000000e-07	3.000000000000000e-06
3.938934e+07	8.483031302714102e-01	4.629463815140753e-01	3.000000000000000e-07	3.000000000000000e-06
4.010868e+07	8.524580268212086e-01	4.652158063918035e-01	3.000000000000000e-07	3.000000000000000e-06
4.084123e+07	8.566332670205269e-01	4.674963279717671e-01	3.000000000000000e-07	3.000000000000000e-06
4.158722e+07	8.608289504553318e-01	4.697880006503470e-01	3.000000000000000e-07	3.000000000000000e-06
4.234691e+07	8.650451771990466e-01	4.720908790897935e-01	3.000000000000000e-07	3.000000000000000e-06
4.312054e+07	8.692820478149358e-01	4.744050182195298e-01	3.000000000000000e-07	3.000000000000000e-06
4.390838e+07	8.735396633585030e-01	4.767304732374613e-01	3.000000000000000e-07	3.000000000000000e-06
4.471069e+07	8.778181253799001e-01	4.790672996112919e-01	3.000000000000000e-07	3.000000000000000e-06
4.552772e+07	8.821175359263479e-01	4.814155530798470e-01	3.000000000000000e-07	3.000000000000000e-06
4.635977e+07	8.864379975445688e-01	4.837752896544018e-01	3.000000000000000e-07	3.000000000000000e-06
4.720709e+07	8.907796132832316e-01	4.861465656200172e-01	3.000000000000000e-07	3.000000000000000e-06
4.806998e+07	8.951424866954083e-01	4.885294375368822e-01	3.000000000000000e-07	3.000000000000000e-06
4.894871e+07	8.995267218410423e-01	4.909239622416614e-01	3.000000000000000e-07	3.000000000000000e-06
4.984360e+07	9.039324232894294e-01	4.933301968488515e-01	3.000000000000000e-07	3.000000000000000e-06
5.075492e+07	9.083596961217103e-01	4.957481987521422e-01	3.000000000000000e-07	3.000000000000000e-06
5.168299e+07	9.128086459333763e-01	4.981780256257849e-01	3.000000000000000e-07	3.000000000000000e-06
5.262811e+07	9.172793788367859e-01	5.006197354259678e-01	3.000000000000000e-07	3.000000000000000e-06
5.359060e+07	9.217720014636950e-01	5.030733863921979e-01	3.000000000000000e-07	3.000000000000000e-06
5.457078e+07	9.262866209677982e-01	5.055390370486895e-01	3.000000000000000e-07	3.000000000000000e-06
5.556898e+07	9.308233450272843e-01	5.080167462057594e-01	3.000000000000000e-07	3.000000000000000e-06
5.658552e+07	9.353822818474020e-01	5.105065729612296e-01	3.000000000000000e-07	3.000000000000000e-06
5.762076e+07	9.399635401630405e-01	5.130085767018355e-01	3.000000000000000e-07	3.000000000000000e-06
5.867502e+07	9.445672292413212e-01	5.155228171046430e-01	3.000000000000000e-07	3.000000000000000e-06
5.974867e+07	9.491934588842020e-01	5.180493541384700e-01	3.000000000000000e-07	3.000000000000000e-06
6.084207e+07	9.538423394310961e-01	5.205882480653173e-01	3.000000000000000e-07	3.000000000000000e-06
6.195557e+07	9.585139817615010e-01	5.231395594418052e-01	3.000000000000000e-07	3.000000000000000e-06
6.308955e+07	9.632084972976429e-01	5.257033491206164e-01	3.000000000000000e-07	3.000000000000000e-06
6.424439e+07	9.679259980071322e-01	5.282796782519483e-01	3.000000000000000e-07	3.000000000000000e-06
6.542047e+07	9.726665964056328e-01	5.308686082849696e-01	3.000000000000000e-07	3.000000000000000e-06
6.661819e+07	9.774304055595445e-01	5.334702009692862e-01	3.000000000000000e-07	3.000000000000000e-06
6.783794e+07	9.822175390886986e-01	5.360845183564134e-01	3.000000000000000e-07	3.000000000000000e-06
6.908013e+07	9.870281111690656e-01	5.387116228012546e-01	3.000000000000000e-07	3.000000000000000e-06
7.034519e+07	9.918622365354784e-01	5.413515769635890e-01	3.000000000000000e-07	3.000000000000000e-06
7.163352e+07	9.967200304843661e-01	5.440044438095647e-01	3.000000000000000e-07	3.000000000000000e-06
7.294556e+07	1.001601608876503e+00	5.466702866132002e-01	3.000000000000000e-07	3.000000000000000e-06
7.428175e+07	1.006507088139771e+00	5.493491689578930e-01	3.000000000000000e-07	3.000000000000000e-06
7.564254e+07	1.011436585271935e+00	5.520411547379356e-01	3.000000000000000e-07	3.000000000000000e-06
7.702837e+07	1.016390217843431e+00	5.547463081600384e-01	3.000000000000000e-07	3.000000000000000e-06
7.843972e+07	1.021368104000171e+00	5.574646937448612e-01	3.000000000000000e-07	3.000000000000000e-06
7.987706e+07	1.026370362466356e+00	5.601963763285506e-01	3.000000000000000e-07	3.000000000000000e-06
8.134086e+07	1.031397112547310e+00	5.629414210642865e-01	3.000000000000000e-07	3.000000000000000e-06
8.283161e+07	1.036448474132321e+00	5.656998934238351e-01	3.000000000000000e-07	3.000000000000000e-06
8.434982e+07	1.041524567697502e+00	5.684718591991097e-01	3.000000000000000e-07	3.000000000000000e-06
8.589600e+07	1.046625514308660e+00	5.712573845037398e-01	3.000000000000000e-07	3.000000000000000e-06
8.747065e+07	1.051751435624185e+00	5.740565357746465e-01	3.000000000000000e-07	3.000000000000000e-06
8.907430e+07	1.056902453897946e+00	5.768693797736271e-01	3.000000000000000e-07	3.000000000000000e-06
9.070750e+07	1.062078691982210e+00	5.796959835889463e-01	3.000000000000000e-07	3.000000000000000e-06
9.237079e+07	1.067280273330568e+00	5.825364146369361e-01	3.000000000000000e-07	3.000000000000000e-06
9.406473e+07	1.072507322000879e+00	5.853907406636026e-01	3.000000000000000e-07	3.000000000000000e-06
9.578988e+07	1.077759962658225e+00	5.882590297462414e-01	3.000000000000000e-07	3.000000000000000e-06
9.754682e+07	1.083038320577888e+00	5.911413502950607e-01	3.000000000000000e-07	3.000000000000000e-06
9.933614e+07	1.088342521648330e+00	5.940377710548115e-01	3.000000000000000e-07	3.000000000000000e-06
1.000000e+08	1.090287321042411e+00	5.950997478517103e-01	3.000000000000000e-07	3.000000000000000e-06
1.018559e+08	1.095689109465676e+00	5.980494410897255e-01	3.000000000000000e-07	3.000000000000000e-06
1.037242e+08	1.101054115279234e+00	6.009790371074876e-01	3.000000000000000e-07	3.000000000000000e-06
1.056274e+08	1.106446543273397e+00	6.039235955831315e-01	3.000000000000000e-07	3.000000000000000e-06
1.075656e+08	1.111865351704715e+00	6.068825476654875e-01	3.000000000000000e-07	3.000000000000000e-06
1.095396e+08	1.117310691190031e+00	6.098559756008544e-01	3.000000000000000e-07	3.000000000000000e-06
1.115500e+08	1.122782691208592e+00	6.128439500929367e-01	3.000000000000000e-07	3.000000000000000e-06
1.135974e+08	1.128281482273034e+00	6.158465424094396e-01	3.000000000000000e-07	3.000000000000000e-06
1.156826e+08	1.133807195527509e+00	6.188638241626216e-01	3.000000000000000e-07	3.000000000000000e-06
1.178063e+08	1.139359962758209e+00	6.218958673150430e-01	3.000000000000000e-07	3.000000000000000e-06
1.199691e+08	1.144939916396371e+00	6.249427441812068e-01	3.000000000000000e-07	3.000000000000000e-06
1.221719e+08	1.150547189521437e+00	6.280045274292847e-01	3.000000000000000e-07	3.000000000000000e-06
1.244152e+08	1.156181915864226e+00	6.310812900828495e-01	3.000000000000000e-07	3.000000000000000e-06
1.267000e+08	1.161844229810124e+00	6.341731055226159e-01	3.000000000000000e-07	3.000000000000000e-06
1.290269e+08	1.167534266402285e+00	6.372800474881893e-01	3.000000000000000e-07	3.000000000000000e-06
1.313968e+08	1.173252161344852e+00	6.404021900798251e-01	3.000000000000000e-07	3.000000000000000e-06
1.338104e+08	1.178998051006190e+00	6.435396077601939e-01	3.000000000000000e-07	3.000000000000000e-06
1.362685e+08	1.184772072422139e+00	6.466923753561574e-01	3.000000000000000e-07	3.000000000000000e-06
1.387720e+08	1.190574363299280e+00	6.498605680605523e-01	3.000000000000000e-07	3.000000000000000e-06
1.413217e+08	1.196405062018215e+00	6.530442614339823e-01	3.000000000000000e-07	3.000000000000000e-06
1.439185e+08	1.202264307636871e+00	6.562435314066203e-01	3.000000000000000e-07	3.000000000000000e-06
1.465632e+08	1.208152239893811e+00	6.594584542800179e-01	3.000000000000000e-07	3.000000000000000e-06
1.492567e+08	1.214068999211564e+00	6.626891067289247e-01	3.000000000000000e-07	3.000000000000000e-06
1.520000e+08	1.220014726699977e+00	6.659355658031161e-01	3.000000000000000e-07	3.000000000000000e-06
1.547939e+08	1.225989564159575e+00	6.691979089292301e-01	3.000000000000000e-07	3.000000000000000e-06
1.576395e+08	1.231993654084944e+00	6.724762139126134e-01	3.000000000000000e-07	3.000000000000000e-06
1.605375e+08	1.238027139668125e+00	6.757705589391759e-01	3.000000000000000e-07	3.000000000000000e-06
1.634891e+08	1.244090164802028e+00	6.790810225772547e-01	3.000000000000000e-07	3.000000000000000e-06
1.664953e+08	1.250182874083864e+00	6.824076837794872e-01	3.000000000000000e-07	3.000000000000000e-06
1.695569e+08	1.256305412818591e+00	6.857506218846935e-01	3.000000000000000e-07	3.000000000000000e-06
1.726751e+08	1.262457927022377e+00	6.891099166197672e-01	3.000000000000000e-07	3.000000000000000e-06
1.758509e+08	1.268640563426082e+00	6.924856481015764e-01	3.000000000000000e-07	3.000000000000000e-06
1.790854e+08	1.274853469478753e+00	6.958778968388740e-01	3.000000000000000e-07	3.000000000000000e-06
1.823797e+08	1.281096793351145e+00	6.992867437342163e-01	3.000000000000000e-07	3.000000000000000e-06
1.857348e+08	1.287370683939243e+00	7.027122700858919e-01	3.000000000000000e-07	3.000000000000000e-06
1.891520e+08	1.293675290867824e+00	7.061545575898598e-01	3.000000000000000e-07	3.000000000000000e-06
1.926323e+08	1.300010764494012e+00	7.096136883416970e-01	3.000000000000000e-07	3.000000000000000e-06
1.961769e+08	1.306377255910871e+00	7.130897448385558e-01	3.000000000000000e-07	3.000000000000000e-06
1.997871e+08	1.312774916951000e+00	7.165828099811299e-01	3.000000000000000e-07	3.000000000000000e-06
2.034640e+08	1.319203900190157e+00	7.200929670756311e-01	3.000000000000000e-07	3.000000000000000e-06
2.072089e+08	1.325664358950895e+00	7.236202998357750e-01	3.000000000000000e-07	3.000000000000000e-06
2.110230e+08	1.332156447306216e+00	7.271648923847771e-01	3.000000000000000e-07	3.000000000000000e-06
2.149076e+08	1.338680320083244e+00	7.307268292573573e-01	3.000000000000000e-07	3.000000000000000e-06
2.188641e+08	1.345236132866914e+00	7.343061954017562e-01	3.000000000000000e-07	3.000000000000000e-06
2.228937e+08	1.351824042003687e+00	7.379030761817593e-01	3.000000000000000e-07	3.000000000000000e-06
2.269979e+08	1.358444204605269e+00	7.415175573787325e-01	3.000000000000000e-07	3.000000000000000e-06
2.311780e+08	1.365096778552362e+00	7.451497251936665e-01	3.000000000000000e-07	3.000000000000000e-06
2.354354e+08	1.371781922498423e+00	7.487996662492327e-01	3.000000000000000e-07	3.000000000000000e-06
2.397716e+08	1.378499795873451e+00	7.524674675918466e-01	3.000000000000000e-07	3.000000000000000e-06
2.441879e+08	1.385250558887782e+00	7.561532166937446e-01	3.000000000000000e-07	3.000000000000000e-06
2.486860e+08	1.392034372535914e+00	7.598570014550680e-01	3.000000000000000e-07	3.000000000000000e-06
2.532674e+08	1.398851398600339e+00	7.635789102059587e-01	3.000000000000000e-07	3.000000000000000e-06
2.579334e+08	1.405701799655403e+00	7.673190317086653e-01	3.000000000000000e-07	3.000000000000000e-06
2.626859e+08	1.412585739071180e+00	7.710774551596585e-01	3.000000000000000e-07	3.000000000000000e-06
2.675263e+08	1.419503381017367e+00	7.748542701917577e-01	3.000000000000000e-07	3.000000000000000e-06
2.724563e+08	1.426454890467198e+00	7.786495668762676e-01	3.000000000000000e-07	3.000000000000000e-06
2.774775e+08	1.433440433201374e+00	7.824634357251254e-01	3.000000000000000e-07	3.000000000000000e-06
2.825917e+08	1.440460175812018e+00	7.862959676930585e-01	3.000000000000000e-07	3.000000000000000e-06
2.878006e+08	1.447514285706644e+00	7.901472541797528e-01	3.000000000000000e-07	3.000000000000000e-06
2.931059e+08	1.454602931112148e+00	7.940173870320311e-01	3.000000000000000e-07	3.000000000000000e-06
2.985094e+08	1.461726281078821e+00	7.979064585460428e-01	3.000000000000000e-07	3.000000000000000e-06
3.040130e+08	1.468884505484372e+00	8.018145614694646e-01	3.000000000000000e-07	3.000000000000000e-06
3.096185e+08	1.476077775037984e+00	8.057417890037104e-01	3.000000000000000e-07	3.000000000000000e-06
3.153278e+08	1.483306261284381e+00	8.096882348061540e-01	3.000000000000000e-07	3.000000000000000e-06
3.211428e+08	1.490570136607917e+00	8.136539929923614e-01	3.000000000000000e-07	3.000000000000000e-06
3.270656e+08	1.497869574236685e+00	8.176391581383338e-01	3.000000000000000e-07	3.000000000000000e-06
3.330981e+08	1.505204748246646e+00	8.216438252827630e-01	3.000000000000000e-07	3.000000000000000e-06
3.392423e+08	1.512575833565779e+00	8.256680899292965e-01	3.000000000000000e-07	3.000000000000000e-06
3.455003e+08	1.519983005978253e+00	8.297120480488142e-01	3.000000000000000e-07	3.000000000000000e-06
3.518743e+08	1.527426442128612e+00	8.337757960817156e-01	3.000000000000000e-07	3.000000000000000e-06
3.583664e+08	1.534906319525992e+00	8.378594309402199e-01	3.000000000000000e-07	3.000000000000000e-06
3.649787e+08	1.542422816548348e+00	8.419630500106753e-01	3.000000000000000e-07	3.000000000000000e-06
3.717137e+08	1.549976112446706e+00	8.460867511558806e-01	3.000000000000000e-07	3.000000000000000e-06
3.785734e+08	1.557566387349438e+00	8.502306327174186e-01	3.000000000000000e-07	3.000000000000000e-06
3.855602e+08	1.565193822266557e+00	8.543947935179993e-01	3.000000000000000e-07	3.000000000000000e-06
3.926766e+08	1.572858599094028e+00	8.585793328638167e-01	3.000000000000000e-07	3.000000000000000e-06
3.999249e+08	1.580560900618104e+00	8.627843505469156e-01	3.000000000000000e-07	3.000000000000000e-06
4.073075e+08	1.588300910519687e+00	8.670099468475700e-01	3.000000000000000e-07	3.000000000000000e-06
4.148271e+08	1.596078813378704e+00	8.712562225366748e-01	3.000000000000000e-07	3.000000000000000e-06
4.224860e+08	1.603894794678507e+00	8.755232788781463e-01	3.000000000000000e-07	3.000000000000000e-06
4.302869e+08	1.611749040810294e+00	8.798112176313374e-01	3.000000000000000e-07	3.000000000000000e-06
4.382325e+08	1.619641739077551e+00	8.841201410534626e-01	3.000000000000000e-07	3.000000000000000e-06
4.463254e+08	1.627573077700522e+00	8.884501519020361e-01	3.000000000000000e-07	3.000000000000000e-06
4.545684e+08	1.635543245820690e+00	8.928013534373208e-01	3.000000000000000e-07	3.000000000000000e-06
4.629643e+08	1.643552433505286e+00	8.971738494247902e-01	3.000000000000000e-07	3.000000000000000e-06
4.715160e+08	1.651600831751823e+00	9.015677441376014e-01	3.000000000000000e-07	3.000000000000000e-06
4.802262e+08	1.659688632492647e+00	9.059831423590815e-01	3.000000000000000e-07	3.000000000000000e-06
4.890980e+08	1.667816028599512e+00	9.104201493852244e-01	3.000000000000000e-07	3.000000000000000e-06
4.981345e+08	1.675983213888176e+00	9.148788710272018e-01	3.000000000000000e-07	3.000000000000000e-06
5.073385e+08	1.684190383123026e+00	9.193594136138846e-01	3.000000000000000e-07	3.000000000000000e-06
5.167134e+08	1.692437732021715e+00	9.238618839943784e-01	3.000000000000000e-07	3.000000000000000e-06
5.262622e+08	1.700725457259828e+00	9.283863895405694e-01	3.000000000000000e-07	3.000000000000000e-06
5.359882e+08	1.709053756475575e+00	9.329330381496850e-01	3.000000000000000e-07	3.000000000000000e-06
5.458947e+08	1.717422828274498e+00	9.375019382468649e-01	3.000000000000000e-07	3.000000000000000e-06
5.559851e+08	1.725832872234203e+00	9.420931987877464e-01	3.000000000000000e-07	3.000000000000000e-06
5.662627e+08	1.734284088909125e+00	9.467069292610611e-01	3.000000000000000e-07	3.000000000000000e-06
5.767311e+08	1.742776679835300e+00	9.513432396912451e-01	3.000000000000000e-07	3.000000000000000e-06
5.873939e+08	1.751310847535175e+00	9.560022406410614e-01	3.000000000000000e-07	3.000000000000000e-06
5.982545e+08	1.759886795522433e+00	9.606840432142357e-01	3.000000000000000e-07	3.000000000000000e-06
6.093169e+08	1.768504728306845e+00	9.653887590581048e-01	3.000000000000000e-07	3.000000000000000e-06
6.205846e+08	1.777164851399142e+00	9.701165003662778e-01	3.000000000000000e-07	3.000000000000000e-06
6.320615e+08	1.785867371315920e+00	9.748673798813104e-01	3.000000000000000e-07	3.000000000000000e-06
6.437516e+08	1.794612495584556e+00	9.796415108973929e-01	3.000000000000000e-07	3.000000000000000e-06
6.556588e+08	1.803400432748159e+00	9.844390072630502e-01	3.000000000000000e-07	3.000000000000000e-06
6.677871e+08	1.812231392370539e+00	9.892599833838560e-01	3.000000000000000e-07	3.000000000000000e-06
6.801406e+08	1.821105585041203e+00	9.941045542251596e-01	3.000000000000000e-07	3.000000000000000e-06
6.927236e+08	1.830023222380375e+00	9.989728353148267e-01	3.000000000000000e-07	3.000000000000000e-06
7.055404e+08	1.838984517044042e+00	1.003864942745993e+00	3.000000000000000e-07	3.000000000000000e-06
7.185952e+08	1.847989682729017e+00	1.008780993179832e+00	3.000000000000000e-07	3.000000000000000e-06
7.318926e+08	1.857038934178041e+00	1.013721103848335e+00	3.000000000000000e-07	3.000000000000000e-06
7.454371e+08	1.866132487184896e+00	1.018685392557106e+00	3.000000000000000e-07	3.000000000000000e-06
7.592332e+08	1.875270558599550e+00	1.023673977688169e+00	3.000000000000000e-07	3.000000000000000e-06
7.732856e+08	1.884453366333328e+00	1.028686978202794e+00	3.000000000000000e-07	3.000000000000000e-06
7.875992e+08	1.893681129364105e+00	1.033724513644326e+00	3.000000000000000e-07	3.000000000000000e-06
8.021789e+08	1.902954067741524e+00	1.038786704141038e+00	3.000000000000000e-07	3.000000000000000e-06
8.170294e+08	1.912272402592243e+00	1.043873670408997e+00	3.000000000000000e-07	3.000000000000000e-06
8.321560e+08	1.921636356125208e+00	1.048985533754938e+00	3.000000000000000e-07	3.000000000000000e-06
8.475638e+08	1.931046151636944e+00	1.054122416079155e+00	3.000000000000000e-07	3.000000000000000e-06
8.632580e+08	1.940502013516885e+00	1.059284439878410e+00	3.000000000000000e-07	3.000000000000000e-06
8.792439e+08	1.950004167252715e+00	1.064471728248850e+00	3.000000000000000e-07	3.000000000000000e-06
8.955271e+08	1.959552839435750e+00	1.069684404888944e+00	3.000000000000000e-07	3.000000000000000e-06
9.121130e+08	1.969148257766332e+00	1.074922594102428e+00	3.000000000000000e-07	3.000000000000000e-06
9.290072e+08	1.978790651059265e+00	1.080186420801272e+00	3.000000000000000e-07	3.000000000000000e-06
9.462157e+08	1.988480249249260e+00	1.085476010508654e+00	3.000000000000000e-07	3.000000000000000e-06
9.637441e+08	1.998217283396423e+00	1.090791489361954e+00	3.000000000000000e-07	3.000000000000000e-06
9.815986e+08	2.008001985691760e+00	1.096132984115760e+00	3.000000000000000e-07	3.000000000000000e-06
9.997851e+08	2.017834589462712e+00	1.101500622144892e+00	3.000000000000000e-07	3.000000000000000e-06
1.000000e+09	2.017949505139776e+00	1.101563354775141e+00	3.000000000000000e-07	3.000000000000000e-06
