#t[yr]	ecc	inc	eachmass	totalmass
0.000000e+00	3.000000000000000e-02	1.500000000000000e-02	3.000000000000000e-06	3.000000000000000e-06
1.000000e-03	2.999996218498872e-02	1.499998610529974e-02	3.000000000000000e-06	3.000000000000000e-06
1.000000e-02	2.999962184900614e-02	1.499986105277185e-02	3.000000000000000e-06	3.000000000000000e-06
1.000000e-01	2.999621839056943e-02	1.499861050198128e-02	3.000000000000000e-06	3.000000000000000e-06
1.000000e+00	2.996217393124108e-02	1.498610244022731e-02	3.000000000000000e-06	3.000000000000000e-06
3.099757e+00	2.988286131950711e-02	1.495695406645505e-02	3.000000000000000e-06	3.000000000000000e-06
5.213039e+00	2.980344766198439e-02	1.492773476391204e-02	3.000000000000000e-06	3.000000000000000e-06
7.358006e+00	2.972325808649814e-02	1.489819585792178e-02	3.000000000000000e-06	3.000000000000000e-06
9.534976e+00	2.964229611238018e-02	1.486833761138856e-02	3.000000000000000e-06	3.000000000000000e-06
1.000000e+01	2.962511178953255e-02	1.486199084973654e-02	3.000000000000000e-06	3.000000000000000e-06
1.224279e+01	2.954223424233922e-02	1.483138262074343e-02	3.000000000000000e-06	3.000000000000000e-06
1.449267e+01	2.945954657781631e-02	1.480080754363409e-02	3.000000000000000e-06	3.000000000000000e-06
1.677693e+01	2.937605109167576e-02	1.476989660705312e-02	3.000000000000000e-06	3.000000000000000e-06
1.909580e+01	2.929175628655843e-02	1.473865183182064e-02	3.000000000000000e-06	3.000000000000000e-06
2.144995e+01	2.920665554224700e-02	1.470706963058739e-02	3.000000000000000e-06	3.000000000000000e-06
2.384004e+01	2.912074247120029e-02	1.467514647691898e-02	3.000000000000000e-06	3.000000000000000e-06
2.626676e+01	2.903401068975637e-02	1.464287882031070e-02	3.000000000000000e-06	3.000000000000000e-06
2.873082e+01	2.894645382463020e-02	1.461026308818128e-02	3.000000000000000e-06	3.000000000000000e-06
3.123294e+01	2.885806551599514e-02	1.457729568660233e-02	3.000000000000000e-06	3.000000000000000e-06
3.377385e+01	2.876883942076948e-02	1.454397300110428e-02	3.000000000000000e-06	3.000000000000000e-06
3.635431e+01	2.867876921605902e-02	1.451029139754115e-02	3.000000000000000e-06	3.000000000000000e-06
3.897509e+01	2.858784860276258e-02	1.447624722301722e-02	3.000000000000000e-06	3.000000000000000e-06
4.163698e+01	2.849607130934678e-02	1.444183680687856e-02	3.000000000000000e-06	3.000000000000000e-06
4.434079e+01	2.840343109579671e-02	1.440705646177243e-02	3.000000000000000e-06	3.000000000000000e-06
4.708736e+01	2.830992175774900e-02	1.437190248477764e-02	3.000000000000000e-06	3.000000000000000e-06
4.987753e+01	2.821553713081447e-02	1.433637115860922e-02	3.000000000000000e-06	3.000000000000000e-06
5.271217e+01	2.812027109509733e-02	1.430045875290071e-02	3.000000000000000e-06	3.000000000000000e-06
5.559217e+01	2.802411757991835e-02	1.426416152556753e-02	3.000000000000000e-06	3.000000000000000e-06
5.851846e+01	2.792707056874957e-02	1.422747572425521e-02	3.000000000000000e-06	3.000000000000000e-06
6.149196e+01	2.782912410436838e-02	1.419039758787606e-02	3.000000000000000e-06	3.000000000000000e-06
6.451363e+01	2.773027229423878e-02	1.415292334823821e-02	3.000000000000000e-06	3.000000000000000e-06
6.758446e+01	2.763050931612831e-02	1.411504923177111e-02	3.000000000000000e-06	3.000000000000000e-06
7.070546e+01	2.752982942396884e-02	1.407677146135155e-02	3.000000000000000e-06	3.000000000000000e-06
7.387765e+01	2.742822695396993e-02	1.403808625823447e-02	3.000000000000000e-06	3.000000000000000e-06
7.710211e+01	2.732569633099367e-02	1.399898984409302e-02	3.000000000000000e-06	3.000000000000000e-06
8.037991e+01	2.722223207519986e-02	1.395947844317239e-02	3.000000000000000e-06	3.000000000000000e-06
8.371216e+01	2.711782880897097e-02	1.391954828456210e-02	3.000000000000000e-06	3.000000000000000e-06
8.710001e+01	2.701248126412619e-02	1.387919560459155e-02	3.000000000000000e-06	3.000000000000000e-06
9.054463e+01	2.690618428943423e-02	1.383841664935376e-02	3.000000000000000e-06	3.000000000000000e-06
9.404722e+01	2.679893285843452e-02	1.379720767736249e-02	3.000000000000000e-06	3.000000000000000e-06
9.760900e+01	2.669072207757703e-02	1.375556496234778e-02	3.000000000000000e-06	3.000000000000000e-06
1.000000e+02	2.661870732793195e-02	1.372780283835174e-02	3.000000000000000e-06	3.000000000000000e-06
1.036840e+02	2.650825940341294e-02	1.368518735933412e-02	3.000000000000000e-06	3.000000000000000e-06
1.074096e+02	2.639747810486700e-02	1.364237407272786e-02	3.000000000000000e-06	3.000000000000000e-06
1.111995e+02	2.628570989876295e-02	1.359910935948534e-02	3.000000000000000e-06	3.000000000000000e-06
1.150547e+02	2.617296170627268e-02	1.355539387766303e-02	3.000000000000000e-06	3.000000000000000e-06
1.189768e+02	2.605922936733783e-02	1.351122397394324e-02	3.000000000000000e-06	3.000000000000000e-06
1.229671e+02	2.594450911106557e-02	1.346659610739855e-02	3.000000000000000e-06	3.000000000000000e-06
1.270272e+02	2.582879737023518e-02	1.342150677765829e-02	3.000000000000000e-06	3.000000000000000e-06
1.311585e+02	2.571209079601282e-02	1.337595253044859e-02	3.000000000000000e-06	3.000000000000000e-06
1.353628e+02	2.559438626964612e-02	1.332992996199622e-02	3.000000000000000e-06	3.000000000000000e-06
1.396415e+02	2.547568091464802e-02	1.328343572365617e-02	3.000000000000000e-06	3.000000000000000e-06
1.439963e+02	2.535597210941985e-02	1.323646652674611e-02	3.000000000000000e-06	3.000000000000000e-06
1.484290e+02	2.523525750032451e-02	1.318901914759405e-02	3.000000000000000e-06	3.000000000000000e-06
1.529413e+02	2.511353501521972e-02	1.314109043280574e-02	3.000000000000000e-06	3.000000000000000e-06
1.575350e+02	2.499080287746086e-02	1.309267730475782e-02	3.000000000000000e-06	3.000000000000000e-06
1.622119e+02	2.486705962038245e-02	1.304377676732310e-02	3.000000000000000e-06	3.000000000000000e-06
1.669463e+02	2.474303019305201e-02	1.299467319510686e-02	3.000000000000000e-06	3.000000000000000e-06
1.717042e+02	2.461962511254536e-02	1.294572660315204e-02	3.000000000000000e-06	3.000000000000000e-06
1.764860e+02	2.449683675834815e-02	1.289693504856523e-02	3.000000000000000e-06	3.000000000000000e-06
1.812919e+02	2.437466208248756e-02	1.284829838046841e-02	3.000000000000000e-06	3.000000000000000e-06
1.861219e+02	2.425309802974699e-02	1.279981643133156e-02	3.000000000000000e-06	3.000000000000000e-06
1.909764e+02	2.413214156036658e-02	1.275148902605366e-02	3.000000000000000e-06	3.000000000000000e-06
1.958555e+02	2.401178964985569e-02	1.270331598198685e-02	3.000000000000000e-06	3.000000000000000e-06
2.007592e+02	2.389203928891999e-02	1.265529710900555e-02	3.000000000000000e-06	3.000000000000000e-06
2.056880e+02	2.377288748338817e-02	1.260743220957498e-02	3.000000000000000e-06	3.000000000000000e-06
2.106418e+02	2.365433125413916e-02	1.255972107881925e-02	3.000000000000000e-06	3.000000000000000e-06
2.156209e+02	2.353636763702971e-02	1.251216350458906e-02	3.000000000000000e-06	3.000000000000000e-06
2.206255e+02	2.341899368282228e-02	1.246475926752900e-02	3.000000000000000e-06	3.000000000000000e-06
2.256558e+02	2.330220645711342e-02	1.241750814114428e-02	3.000000000000000e-06	3.000000000000000e-06
2.307119e+02	2.318600304026242e-02	1.237040989186708e-02	3.000000000000000e-06	3.000000000000000e-06
2.357941e+02	2.307038052732040e-02	1.232346427912228e-02	3.000000000000000e-06	3.000000000000000e-06
2.409025e+02	2.295533602795979e-02	1.227667105539270e-02	3.000000000000000e-06	3.000000000000000e-06
2.460374e+02	2.284086666640412e-02	1.223002996628375e-02	3.000000000000000e-06	3.000000000000000e-06
2.511990e+02	2.272696958135829e-02	1.218354075058745e-02	3.000000000000000e-06	3.000000000000000e-06
2.563874e+02	2.261364192593913e-02	1.213720314034586e-02	3.000000000000000e-06	3.000000000000000e-06
2.616029e+02	2.250088086760639e-02	1.209101686091384e-02	3.000000000000000e-06	3.000000000000000e-06
2.668456e+02	2.238868358809407e-02	1.204498163102115e-02	3.000000000000000e-06	3.000000000000000e-06
2.721159e+02	2.227704728334223e-02	1.199909716283379e-02	3.000000000000000e-06	3.000000000000000e-06
2.774138e+02	2.216596916342902e-02	1.195336316201469e-02	3.000000000000000e-06	3.000000000000000e-06
2.827397e+02	2.205544645250326e-02	1.190777932778360e-02	3.000000000000000e-06	3.000000000000000e-06
2.880937e+02	2.194547638871729e-02	1.186234535297619e-02	3.000000000000000e-06	3.000000000000000e-06
2.934761e+02	2.183605622416023e-02	1.181706092410239e-02	3.000000000000000e-06	3.000000000000000e-06
2.988871e+02	2.172718322479167e-02	1.177192572140385e-02	3.000000000000000e-06	3.000000000000000e-06
3.043270e+02	2.161885467037568e-02	1.172693941891060e-02	3.000000000000000e-06	3.000000000000000e-06
3.097959e+02	2.151106785441525e-02	1.168210168449680e-02	3.000000000000000e-06	3.000000000000000e-06
3.152941e+02	2.140382008408709e-02	1.163741217993557e-02	3.000000000000000e-06	3.000000000000000e-06
3.208218e+02	2.129710868017686e-02	1.159287056095295e-02	3.000000000000000e-06	3.000000000000000e-06
3.263794e+02	2.119093097701473e-02	1.154847647728085e-02	3.000000000000000e-06	3.000000000000000e-06
3.319670e+02	2.108528432241136e-02	1.150422957270905e-02	3.000000000000000e-06	3.000000000000000e-06
3.375849e+02	2.098016607759428e-02	1.146012948513621e-02	3.000000000000000e-06	3.000000000000000e-06
3.432333e+02	2.087557361714467e-02	1.141617584661981e-02	3.000000000000000e-06	3.000000000000000e-06
3.489126e+02	2.077150432893449e-02	1.137236828342508e-02	3.000000000000000e-06	3.000000000000000e-06
3.546229e+02	2.066795561406403e-02	1.132870641607285e-02	3.000000000000000e-06	3.000000000000000e-06
3.603645e+02	2.056492488679991e-02	1.128518985938624e-02	3.000000000000000e-06	3.000000000000000e-06
3.661378e+02	2.046240957451336e-02	1.124181822253630e-02	3.000000000000000e-06	3.000000000000000e-06
3.719430e+02	2.036040711761900e-02	1.119859110908645e-02	3.000000000000000e-06	3.000000000000000e-06
3.777803e+02	2.025891496951402e-02	1.115550811703573e-02	3.000000000000000e-06	3.000000000000000e-06
3.836501e+02	2.015793059651767e-02	1.111256883886087e-02	3.000000000000000e-06	3.000000000000000e-06
3.895526e+02	2.005745147781129e-02	1.106977286155707e-02	3.000000000000000e-06	3.000000000000000e-06
3.954882e+02	1.995747510537865e-02	1.102711976667763e-02	3.000000000000000e-06	3.000000000000000e-06
4.014571e+02	1.985799898394669e-02	1.098460913037214e-02	3.000000000000000e-06	3.000000000000000e-06
4.074596e+02	1.975902063092681e-02	1.094224052342343e-02	3.000000000000000e-06	3.000000000000000e-06
4.134961e+02	1.966053757635640e-02	1.090001351128321e-02	3.000000000000000e-06	3.000000000000000e-06
4.195668e+02	1.956254736284090e-02	1.085792765410623e-02	3.000000000000000e-06	3.000000000000000e-06
4.256721e+02	1.946504754549626e-02	1.081598250678311e-02	3.000000000000000e-06	3.000000000000000e-06
4.318123e+02	1.936803569189179e-02	1.077417761897168e-02	3.000000000000000e-06	3.000000000000000e-06
4.379877e+02	1.927150938199352e-02	1.073251253512691e-02	3.000000000000000e-06	3.000000000000000e-06
4.441987e+02	1.917546620810787e-02	1.069098679452923e-02	3.000000000000000e-06	3.000000000000000e-06
4.504456e+02	1.907990377482588e-02	1.064959993131146e-02	3.000000000000000e-06	3.000000000000000e-06
4.567287e+02	1.898481969896778e-02	1.060835147448402e-02	3.000000000000000e-06	3.000000000000000e-06
4.630484e+02	1.889021160952810e-02	1.056724094795863e-02	3.000000000000000e-06	3.000000000000000e-06
4.694050e+02	1.879607714762112e-02	1.052626787057033e-02	3.000000000000000e-06	3.000000000000000e-06
4.757990e+02	1.870241396642686e-02	1.048543175609786e-02	3.000000000000000e-06	3.000000000000000e-06
4.822306e+02	1.860921973113748e-02	1.044473211328225e-02	3.000000000000000e-06	3.000000000000000e-06
4.887003e+02	1.851649211890419e-02	1.040416844584372e-02	3.000000000000000e-06	3.000000000000000e-06
4.952085e+02	1.842422881878456e-02	1.036374025249677e-02	3.000000000000000e-06	3.000000000000000e-06
5.017554e+02	1.833242753169035e-02	1.032344702696341e-02	3.000000000000000e-06	3.000000000000000e-06
5.083416e+02	1.824108597033580e-02	1.028328825798453e-02	3.000000000000000e-06	3.000000000000000e-06
5.149674e+02	1.815020185918646e-02	1.024326342932933e-02	3.000000000000000e-06	3.000000000000000e-06
5.216332e+02	1.805977293440839e-02	1.020337201980284e-02	3.000000000000000e-06	3.000000000000000e-06
5.283395e+02	1.796979694381802e-02	1.016361350325128e-02	3.000000000000000e-06	3.000000000000000e-06
5.350867e+02	1.788027164683237e-02	1.012398734856552e-02	3.000000000000000e-06	3.000000000000000e-06
5.418751e+02	1.779119481441986e-02	1.008449301968233e-02	3.000000000000000e-06	3.000000000000000e-06
5.487053e+02	1.770256422905166e-02	1.004512997558344e-02	3.000000000000000e-06	3.000000000000000e-06
5.555777e+02	1.761437768465349e-02	1.000589767029243e-02	3.000000000000000e-06	3.000000000000000e-06
5.624928e+02	1.752663298655806e-02	9.966795552869341e-03	3.000000000000000e-06	3.000000000000000e-06
5.694509e+02	1.743932795145798e-02	9.927823067402863e-03	3.000000000000000e-06	3.000000000000000e-06
5.764527e+02	1.735246040735922e-02	9.888979653000210e-03	3.000000000000000e-06	3.000000000000000e-06
5.834985e+02	1.726602819353527e-02	9.850264743774477e-03	3.000000000000000e-06	3.000000000000000e-06
5.905889e+02	1.718002916048171e-02	9.811677768829472e-03	3.000000000000000e-06	3.000000000000000e-06
5.977244e+02	1.709446116987146e-02	9.773218152241945e-03	3.000000000000000e-06	3.000000000000000e-06
6.049054e+02	1.700932209451064e-02	9.734885313041140e-03	3.000000000000000e-06	3.000000000000000e-06
6.121326e+02	1.692460981829501e-02	9.696678665185594e-03	3.000000000000000e-06	3.000000000000000e-06
6.194063e+02	1.684032223616710e-02	9.658597617537103e-03	3.000000000000000e-06	3.000000000000000e-06
6.267273e+02	1.675645725407389e-02	9.620641573831770e-03	3.000000000000000e-06	3.000000000000000e-06
6.340960e+02	1.667301278892522e-02	9.582809932648061e-03	3.000000000000000e-06	3.000000000000000e-06
6.415130e+02	1.658998676855290e-02	9.545102087371773e-03	3.000000000000000e-06	3.000000000000000e-06
6.489789e+02	1.650737713167040e-02	9.507517426157800e-03	3.000000000000000e-06	3.000000000000000e-06
6.564942e+02	1.642518182783338e-02	9.470055331888645e-03	3.000000000000000e-06	3.000000000000000e-06
6.640596e+02	1.634339881740085e-02	9.432715182129523e-03	3.000000000000000e-06	3.000000000000000e-06
6.716757e+02	1.626202607149715e-02	9.395496349079989e-03	3.000000000000000e-06	3.000000000000000e-06
6.793431e+02	1.618106157197462e-02	9.358398199521957e-03	3.000000000000000e-06	3.000000000000000e-06
6.870625e+02	1.610050331137716e-02	9.321420094763992e-03	3.000000000000000e-06	3.000000000000000e-06
6.948344e+02	1.602034929290447e-02	9.284561390581774e-03	3.000000000000000e-06	3.000000000000000e-06
7.026596e+02	1.594059753037730e-02	9.247821437154562e-03	3.000000000000000e-06	3.000000000000000e-06
7.105388e+02	1.586124604820337e-02	9.211199578997582e-03	3.000000000000000e-06	3.000000000000000e-06
7.184726e+02	1.578229288134434e-02	9.174695154890136e-03	3.000000000000000e-06	3.000000000000000e-06
7.264618e+02	1.570373607528360e-02	9.138307497799314e-03	3.000000000000000e-06	3.000000000000000e-06
7.345070e+02	1.562557368599506e-02	9.102035934799177e-03	3.000000000000000e-06	3.000000000000000e-06
7.426092e+02	1.554780377991288e-02	9.065879786985181e-03	3.000000000000000e-06	3.000000000000000e-06
7.507689e+02	1.547042443390227e-02	9.029838369383730e-03	3.000000000000000e-06	3.000000000000000e-06
7.589869e+02	1.539343373523124e-02	8.993910990856653e-03	3.000000000000000e-06	3.000000000000000e-06
7.672642e+02	1.531682978154357e-02	8.958096954000402e-03	3.000000000000000e-06	3.000000000000000e-06
7.756015e+02	1.524061068083279e-02	8.922395555039800e-03	3.000000000000000e-06	3.000000000000000e-06
7.839995e+02	1.516477455141738e-02	8.886806083716101e-03	3.000000000000000e-06	3.000000000000000e-06
7.924593e+02	1.508931952191720e-02	8.851327823169148e-03	3.000000000000000e-06	3.000000000000000e-06
8.009816e+02	1.501424373123112e-02	8.815960049813406e-03	3.000000000000000e-06	3.000000000000000e-06
8.095674e+02	1.493954532851604e-02	8.780702033207603e-03	3.000000000000000e-06	3.000000000000000e-06
8.182175e+02	1.486522247316721e-02	8.745553035917739e-03	3.000000000000000e-06	3.000000000000000e-06
8.269329e+02	1.479127333479997e-02	8.710512313373173e-03	3.000000000000000e-06	3.000000000000000e-06
8.357146e+02	1.471769609323305e-02	8.675579113715508e-03	3.000000000000000e-06	3.000000000000000e-06
8.445636e+02	1.464448893847331e-02	8.640752677639968e-03	3.000000000000000e-06	3.000000000000000e-06
8.534809e+02	1.457165007070213e-02	8.606032238228934e-03	3.000000000000000e-06	3.000000000000000e-06
8.624674e+02	1.449917770026355e-02	8.571417020777315e-03	3.000000000000000e-06	3.000000000000000e-06
8.715243e+02	1.442707004765403e-02	8.536906242609388e-03	3.000000000000000e-06	3.000000000000000e-06
8.806527e+02	1.435532534351419e-02	8.502499112886705e-03	3.000000000000000e-06	3.000000000000000e-06
8.898537e+02	1.428394182862238e-02	8.468194832406715e-03	3.000000000000000e-06	3.000000000000000e-06
8.991284e+02	1.421291775389033e-02	8.433992593391611e-03	3.000000000000000e-06	3.000000000000000e-06
9.084780e+02	1.414225138036086e-02	8.399891579267004e-03	3.000000000000000e-06	3.000000000000000e-06
9.179037e+02	1.407194097920786e-02	8.365890964429912e-03	3.000000000000000e-06	3.000000000000000e-06
9.274068e+02	1.400198483173857e-02	8.331989914005586e-03	3.000000000000000e-06	3.000000000000000e-06
9.369885e+02	1.393238122939832e-02	8.298187583592600e-03	3.000000000000000e-06	3.000000000000000e-06
9.466502e+02	1.386312847377788e-02	8.264483118995665e-03	3.000000000000000e-06	3.000000000000000e-06
9.563932e+02	1.379422487662341e-02	8.230875655945555e-03	3.000000000000000e-06	3.000000000000000e-06
9.662188e+02	1.372566875984944e-02	8.197364319805492e-03	3.000000000000000e-06	3.000000000000000e-06
9.761286e+02	1.365745845555469e-02	8.163948225263302e-03	3.000000000000000e-06	3.000000000000000e-06
9.861239e+02	1.358959230604116e-02	8.130626476008656e-03	3.000000000000000e-06	3.000000000000000e-06
9.962063e+02	1.352206866383657e-02	8.097398164394563e-03	3.000000000000000e-06	3.000000000000000e-06
1.000000e+03	1.349704904580096e-02	8.085054616600907e-03	3.000000000000000e-06	3.000000000000000e-06
1.010261e+03	1.342961872838277e-02	8.051768597845035e-03	3.000000000000000e-06	3.000000000000000e-06
1.020557e+03	1.336290612451146e-02	8.018760434905865e-03	3.000000000000000e-06	3.000000000000000e-06
1.030945e+03	1.329652718301769e-02	7.985840898719272e-03	3.000000000000000e-06	3.000000000000000e-06
1.041427e+03	1.323048368836854e-02	7.953010698817322e-03	3.000000000000000e-06	3.000000000000000e-06
1.052006e+03	1.316477401834800e-02	7.920268845071236e-03	3.000000000000000e-06	3.000000000000000e-06
1.062682e+03	1.309939659175017e-02	7.887614348537259e-03	3.000000000000000e-06	3.000000000000000e-06
1.073458e+03	1.303434983760879e-02	7.855046205726759e-03	3.000000000000000e-06	3.000000000000000e-06
1.084336e+03	1.296963219553492e-02	7.822563398235763e-03	3.000000000000000e-06	3.000000000000000e-06
1.095317e+03	1.290524211577959e-02	7.790164892209276e-03	3.000000000000000e-06	3.000000000000000e-06
1.106404e+03	1.284117805930530e-02	7.757849637779370e-03	3.000000000000000e-06	3.000000000000000e-06
1.117598e+03	1.277743849786391e-02	7.725616568474068e-03	3.000000000000000e-06	3.000000000000000e-06
1.128903e+03	1.271402191408169e-02	7.693464600595306e-03	3.000000000000000e-06	3.000000000000000e-06
1.140320e+03	1.265092680155171e-02	7.661392632564077e-03	3.000000000000000e-06	3.000000000000000e-06
1.151851e+03	1.258815166493427e-02	7.629399544230734e-03	3.000000000000000e-06	3.000000000000000e-06
1.163499e+03	1.252569502006585e-02	7.597484196148260e-03	3.000000000000000e-06	3.000000000000000e-06
1.175267e+03	1.246355539407723e-02	7.565645428806176e-03	3.000000000000000e-06	3.000000000000000e-06
1.187157e+03	1.240173132552126e-02	7.533882061822531e-03	3.000000000000000e-06	3.000000000000000e-06
1.199171e+03	1.234022136451130e-02	7.502192893091282e-03	3.000000000000000e-06	3.000000000000000e-06
1.211313e+03	1.227902407287071e-02	7.470576697882088e-03	3.000000000000000e-06	3.000000000000000e-06
1.223586e+03	1.221813802429454e-02	7.439032227889361e-03	3.000000000000000e-06	3.000000000000000e-06
1.235992e+03	1.215756180452418e-02	7.407558210227134e-03	3.000000000000000e-06	3.000000000000000e-06
1.248534e+03	1.209729401153593e-02	7.376153346366023e-03	3.000000000000000e-06	3.000000000000000e-06
1.261216e+03	1.203733325574466e-02	7.344816311008254e-03	3.000000000000000e-06	3.000000000000000e-06
1.274041e+03	1.197767816022369e-02	7.313545750896400e-03	3.000000000000000e-06	3.000000000000000e-06
1.287012e+03	1.191832736094216e-02	7.282340283551065e-03	3.000000000000000e-06	3.000000000000000e-06
1.300134e+03	1.185927950702135e-02	7.251198495932388e-03	3.000000000000000e-06	3.000000000000000e-06
1.313409e+03	1.180053326101146e-02	7.220118943019730e-03	3.000000000000000e-06	3.000000000000000e-06
1.326841e+03	1.174208729919051e-02	7.189100146303490e-03	3.000000000000000e-06	3.000000000000000e-06
1.340436e+03	1.168394031188735e-02	7.158140592182327e-03	3.000000000000000e-06	3.000000000000000e-06
1.354196e+03	1.162609100383070e-02	7.127238730258592e-03	3.000000000000000e-06	3.000000000000000e-06
1.368126e+03	1.156853809452654e-02	7.096392971523978e-03	3.000000000000000e-06	3.000000000000000e-06
1.382231e+03	1.151128031866636e-02	7.065601686426725e-03	3.000000000000000e-06	3.000000000000000e-06
1.396515e+03	1.145431642656896e-02	7.034863202810849e-03	3.000000000000000e-06	3.000000000000000e-06
1.410984e+03	1.139764518465899e-02	7.004175803716956e-03	3.000000000000000e-06	3.000000000000000e-06
1.425642e+03	1.134126537598541e-02	6.973537725033147e-03	3.000000000000000e-06	3.000000000000000e-06
1.440495e+03	1.128517580078380e-02	6.942947152983406e-03	3.000000000000000e-06	3.000000000000000e-06
1.455549e+03	1.122937527708662e-02	6.912402221439528e-03	3.000000000000000e-06	3.000000000000000e-06
1.470809e+03	1.117386264138604e-02	6.881901009041263e-03	3.000000000000000e-06	3.000000000000000e-06
1.486282e+03	1.111863674935453e-02	6.851441536107670e-03	3.000000000000000e-06	3.000000000000000e-06
1.501974e+03	1.106369647662911e-02	6.821021761320920e-03	3.000000000000000e-06	3.000000000000000e-06
1.517892e+03	1.100904071966548e-02	6.790639578161686e-03	3.000000000000000e-06	3.000000000000000e-06
1.534042e+03	1.095466839666960e-02	6.760292811073008e-03	3.000000000000000e-06	3.000000000000000e-06
1.550433e+03	1.090057844861457e-02	6.729979211326860e-03	3.000000000000000e-06	3.000000000000000e-06
1.567072e+03	1.084676984035232e-02	6.699696452564735e-03	3.000000000000000e-06	3.000000000000000e-06
1.583968e+03	1.079324156183006e-02	6.669442125980176e-03	3.000000000000000e-06	3.000000000000000e-06
1.601128e+03	1.073999262942361e-02	6.639213735107397e-03	3.000000000000000e-06	3.000000000000000e-06
1.618563e+03	1.068702208740052e-02	6.609008690175765e-03	3.000000000000000e-06	3.000000000000000e-06
1.636281e+03	1.063432900952823e-02	6.578824301984966e-03	3.000000000000000e-06	3.000000000000000e-06
1.654294e+03	1.058191250084428e-02	6.548657775249948e-03	3.000000000000000e-06	3.000000000000000e-06
1.672611e+03	1.052977169960811e-02	6.518506201358229e-03	3.000000000000000e-06	3.000000000000000e-06
1.691244e+03	1.047790577945683e-02	6.488366550474596e-03	3.000000000000000e-06	3.000000000000000e-06
1.710205e+03	1.042631395179045e-02	6.458235662919521e-03	3.000000000000000e-06	3.000000000000000e-06
1.729506e+03	1.037499546841608e-02	6.428110239737547e-03	3.000000000000000e-06	3.000000000000000e-06
1.749162e+03	1.032394962448490e-02	6.397986832360167e-03	3.000000000000000e-06	3.000000000000000e-06
1.769186e+03	1.027317576176127e-02	6.367861831254091e-03	3.000000000000000e-06	3.000000000000000e-06
1.789594e+03	1.022267327226925e-02	6.337731453429817e-03	3.000000000000000e-06	3.000000000000000e-06
1.810403e+03	1.017244160236968e-02	6.307591728666704e-03	3.000000000000000e-06	3.000000000000000e-06
1.831628e+03	1.012248025732931e-02	6.277438484288723e-03	3.000000000000000e-06	3.000000000000000e-06
1.853290e+03	1.007278880645460e-02	6.247267328299014e-03	3.000000000000000e-06	3.000000000000000e-06
1.875407e+03	1.002336688887506e-02	6.217073630650466e-03	3.000000000000000e-06	3.000000000000000e-06
1.898001e+03	9.974214220076697e-03	6.186852502392814e-03	3.000000000000000e-06	3.000000000000000e-06
1.921095e+03	9.925330599304404e-03	6.156598772392685e-03	3.000000000000000e-06	3.000000000000000e-06
1.944714e+03	9.876715917975065e-03	6.126306961270264e-03	3.000000000000000e-06	3.000000000000000e-06
1.968883e+03	9.828370169270498e-03	6.095971252132413e-03	3.000000000000000e-06	3.000000000000000e-06
1.993631e+03	9.780293459113576e-03	6.065585457604799e-03	3.000000000000000e-06	3.000000000000000e-06
2.018990e+03	9.732486018772798e-03	6.035142982571274e-03	3.000000000000000e-06	3.000000000000000e-06
2.044993e+03	9.684948219392904e-03	6.004636781913235e-03	3.000000000000000e-06	3.000000000000000e-06
2.071677e+03	9.637680588814474e-03	5.974059312399263e-03	3.000000000000000e-06	3.000000000000000e-06
2.099080e+03	9.590683831127812e-03	5.943402477698687e-03	3.000000000000000e-06	3.000000000000000e-06
2.127247e+03	9.543958849510759e-03	5.912657565272250e-03	3.000000000000000e-06	3.000000000000000e-06
2.156225e+03	9.497506773033373e-03	5.881815173616006e-03	3.000000000000000e-06	3.000000000000000e-06
2.186066e+03	9.451328988283851e-03	5.850865127983771e-03	3.000000000000000e-06	3.000000000000000e-06
2.216828e+03	9.405427176892599e-03	5.819796382266094e-03	3.000000000000000e-06	3.000000000000000e-06
2.248576e+03	9.359803360322497e-03	5.788596904128105e-03	3.000000000000000e-06	3.000000000000000e-06
2.281380e+03	9.314459953678061e-03	5.757253539761902e-03	3.000000000000000e-06	3.000000000000000e-06
2.315319e+03	9.269399830799493e-03	5.725751853630743e-03	3.000000000000000e-06	3.000000000000000e-06
2.350482e+03	9.224626403599992e-03	5.694075937287754e-03	3.000000000000000e-06	3.000000000000000e-06
2.386969e+03	9.180143719549420e-03	5.662208179619752e-03	3.000000000000000e-06	3.000000000000000e-06
2.424892e+03	9.135956582513117e-03	5.630128988521644e-03	3.000000000000000e-06	3.000000000000000e-06
2.464382e+03	9.092070703983459e-03	5.597816450790873e-03	3.000000000000000e-06	3.000000000000000e-06
2.505585e+03	9.048492894342142e-03	5.565245912558702e-03	3.000000000000000e-06	3.000000000000000e-06
2.548671e+03	9.005231307548328e-03	5.532389456259005e-03	3.000000000000000e-06	3.000000000000000e-06
2.593838e+03	8.962295758174270e-03	5.499215241064903e-03	3.000000000000000e-06	3.000000000000000e-06
2.641317e+03	8.919698137999098e-03	5.465686660454778e-03	3.000000000000000e-06	3.000000000000000e-06
2.691383e+03	8.877452972076913e-03	5.431761250756167e-03	3.000000000000000e-06	3.000000000000000e-06
2.744363e+03	8.835578174145943e-03	5.397389254247419e-03	3.000000000000000e-06	3.000000000000000e-06
2.800655e+03	8.794096093432267e-03	5.362511692953434e-03	3.000000000000000e-06	3.000000000000000e-06
2.860746e+03	8.753034998440590e-03	5.327057732721135e-03	3.000000000000000e-06	3.000000000000000e-06
2.924086e+03	8.713162591050200e-03	5.291592214806916e-03	3.000000000000000e-06	3.000000000000000e-06
2.988694e+03	8.675928512910980e-03	5.257365562507310e-03	3.000000000000000e-06	3.000000000000000e-06
3.054634e+03	8.641267212456985e-03	5.224354050698586e-03	3.000000000000000e-06	3.000000000000000e-06
3.121930e+03	8.609140174374200e-03	5.192558120781157e-03	3.000000000000000e-06	3.000000000000000e-06
3.190606e+03	8.579506427751359e-03	5.161976724872156e-03	3.000000000000000e-06	3.000000000000000e-06
3.260686e+03	8.552323267754808e-03	5.132607844937543e-03	3.000000000000000e-06	3.000000000000000e-06
3.332197e+03	8.527546404062775e-03	5.104448499327621e-03	3.000000000000000e-06	3.000000000000000e-06
3.405164e+03	8.505130121918713e-03	5.077494761468645e-03	3.000000000000000e-06	3.000000000000000e-06
3.479612e+03	8.485027443642030e-03	5.051741780386338e-03	3.000000000000000e-06	3.000000000000000e-06
3.555568e+03	8.467190289791687e-03	5.027183803207634e-03	3.000000000000000e-06	3.000000000000000e-06
3.633060e+03	8.451569639002812e-03	5.003814199571497e-03	3.000000000000000e-06	3.000000000000000e-06
3.712114e+03	8.438115685569026e-03	4.981625487872639e-03	3.000000000000000e-06	3.000000000000000e-06
3.792759e+03	8.426777993901034e-03	4.960609363250902e-03	3.000000000000000e-06	3.000000000000000e-06
3.875022e+03	8.417505649057957e-03	4.940756727228333e-03	3.000000000000000e-06	3.000000000000000e-06
3.958934e+03	8.410247402620261e-03	4.922057718885636e-03	3.000000000000000e-06	3.000000000000000e-06
4.044523e+03	8.404951813250489e-03	4.904501747459950e-03	3.000000000000000e-06	3.000000000000000e-06
4.131819e+03	8.401567381368671e-03	4.888077526236869e-03	3.000000000000000e-06	3.000000000000000e-06
4.220852e+03	8.400042677451966e-03	4.872773107601499e-03	3.000000000000000e-06	3.000000000000000e-06
4.311654e+03	8.400326463551135e-03	4.858575919106282e-03	3.000000000000000e-06	3.000000000000000e-06
4.404256e+03	8.402367807698756e-03	4.845472800407366e-03	3.000000000000000e-06	3.000000000000000e-06
4.498690e+03	8.406116190964244e-03	4.833450040916643e-03	3.000000000000000e-06	3.000000000000000e-06
4.594989e+03	8.411521606987890e-03	4.822493418013205e-03	3.000000000000000e-06	3.000000000000000e-06
4.693186e+03	8.418534653899284e-03	4.812588235656023e-03	3.000000000000000e-06	3.000000000000000e-06
4.793315e+03	8.427106618593886e-03	4.803719363239070e-03	3.000000000000000e-06	3.000000000000000e-06
4.895410e+03	8.437189553404660e-03	4.795871274530975e-03	3.000000000000000e-06	3.000000000000000e-06
4.999506e+03	8.448736345263061e-03	4.789028086543473e-03	3.000000000000000e-06	3.000000000000000e-06
5.105640e+03	8.461700777495184e-03	4.783173598176526e-03	3.000000000000000e-06	3.000000000000000e-06
5.213846e+03	8.476037584444115e-03	4.778291328492757e-03	3.000000000000000e-06	3.000000000000000e-06
5.324162e+03	8.491702499148844e-03	4.774364554479834e-03	3.000000000000000e-06	3.000000000000000e-06
5.436626e+03	8.508652294343144e-03	4.771376348166540e-03	3.000000000000000e-06	3.000000000000000e-06
5.551276e+03	8.526844817065300e-03	4.769309612966202e-03	3.000000000000000e-06	3.000000000000000e-06
5.668151e+03	8.546239017191275e-03	4.768147119130025e-03	3.000000000000000e-06	3.000000000000000e-06
5.787290e+03	8.566794970220434e-03	4.767871538202352e-03	3.000000000000000e-06	3.000000000000000e-06
5.908734e+03	8.588473894654676e-03	4.768465476379935e-03	3.000000000000000e-06	3.000000000000000e-06
6.032524e+03	8.611238164318941e-03	4.769911506687723e-03	3.000000000000000e-06	3.000000000000000e-06
6.158702e+03	8.635051315974338e-03	4.772192199894388e-03	3.000000000000000e-06	3.000000000000000e-06
6.287310e+03	8.659878052574605e-03	4.775290154101624e-03	3.000000000000000e-06	3.000000000000000e-06
6.418392e+03	8.685684242513031e-03	4.779188022952069e-03	3.000000000000000e-06	3.000000000000000e-06
6.551992e+03	8.712436915200669e-03	4.783868542411388e-03	3.000000000000000e-06	3.000000000000000e-06
6.688154e+03	8.740104253307852e-03	4.789314556090500e-03	3.000000000000000e-06	3.000000000000000e-06
6.826924e+03	8.768655581990487e-03	4.795509039084041e-03	3.000000000000000e-06	3.000000000000000e-06
6.968349e+03	8.798061355410234e-03	4.802435120310843e-03	3.000000000000000e-06	3.000000000000000e-06
7.112476e+03	8.828293140844269e-03	4.810076103351392e-03	3.000000000000000e-06	3.000000000000000e-06
7.259354e+03	8.859323600665761e-03	4.818415485785858e-03	3.000000000000000e-06	3.000000000000000e-06
7.409031e+03	8.891126472461132e-03	4.827436977044309e-03	3.000000000000000e-06	3.000000000000000e-06
7.561557e+03	8.923676547534561e-03	4.837124514788084e-03	3.000000000000000e-06	3.000000000000000e-06
7.716983e+03	8.956949648034365e-03	4.847462279848018e-03	3.000000000000000e-06	3.000000000000000e-06
7.875361e+03	8.990922602920164e-03	4.858434709751234e-03	3.000000000000000e-06	3.000000000000000e-06
8.036744e+03	9.025573222973971e-03	4.870026510873534e-03	3.000000000000000e-06	3.000000000000000e-06
8.201185e+03	9.060880275043004e-03	4.882222669259099e-03	3.000000000000000e-06	3.000000000000000e-06
8.368738e+03	9.096823455686980e-03	4.895008460153200e-03	3.000000000000000e-06	3.000000000000000e-06
8.539460e+03	9.133383364388115e-03	4.908369456296948e-03	3.000000000000000e-06	3.000000000000000e-06
8.713406e+03	9.170541476468119e-03	4.922291535035842e-03	3.000000000000000e-06	3.000000000000000e-06
8.890635e+03	9.208280115843032e-03	4.936760884296050e-03	3.000000000000000e-06	3.000000000000000e-06
9.071205e+03	9.246582427734129e-03	4.951764007483885e-03	3.000000000000000e-06	3.000000000000000e-06
9.255175e+03	9.285432351441013e-03	4.967287727365073e-03	3.000000000000000e-06	3.000000000000000e-06
9.442606e+03	9.324814593271712e-03	4.983319188980966e-03	3.000000000000000e-06	3.000000000000000e-06
9.633561e+03	9.364714599713983e-03	4.999845861659041e-03	3.000000000000000e-06	3.000000000000000e-06
9.828101e+03	9.405118530922033e-03	5.016855540174815e-03	3.000000000000000e-06	3.000000000000000e-06
1.000000e+04	9.440598475208842e-03	5.032020895313399e-03	3.000000000000000e-06	3.000000000000000e-06
1.020191e+04	9.482009360550565e-03	5.049944261368084e-03	3.000000000000000e-06	3.000000000000000e-06
1.040709e+04	9.523786293083154e-03	5.068273910982289e-03	3.000000000000000e-06	3.000000000000000e-06
1.061612e+04	9.566021780642885e-03	5.087043244043813e-03	3.000000000000000e-06	3.000000000000000e-06
1.082906e+04	9.608703153074665e-03	5.106240791714928e-03	3.000000000000000e-06	3.000000000000000e-06
1.104598e+04	9.651820282919667e-03	5.125856259417888e-03	3.000000000000000e-06	3.000000000000000e-06
1.126695e+04	9.695363550268588e-03	5.145879651277542e-03	3.000000000000000e-06	3.000000000000000e-06
1.149204e+04	9.739323857915275e-03	5.166301282972178e-03	3.000000000000000e-06	3.000000000000000e-06
1.172132e+04	9.783692608924109e-03	5.187111777386189e-03	3.000000000000000e-06	3.000000000000000e-06
1.195488e+04	9.828461685561589e-03	5.208302060226312e-03	3.000000000000000e-06	3.000000000000000e-06
1.219278e+04	9.873623428872725e-03	5.229863355318329e-03	3.000000000000000e-06	3.000000000000000e-06
1.243511e+04	9.919170618918468e-03	5.251787179628036e-03	3.000000000000000e-06	3.000000000000000e-06
1.268194e+04	9.965096455673610e-03	5.274065338041936e-03	3.000000000000000e-06	3.000000000000000e-06
1.293335e+04	1.001139454058234e-02	5.296689917941063e-03	3.000000000000000e-06	3.000000000000000e-06
1.318942e+04	1.005805885876627e-02	5.319653283599258e-03	3.000000000000000e-06	3.000000000000000e-06
1.345025e+04	1.010508376187765e-02	5.342948070435167e-03	3.000000000000000e-06	3.000000000000000e-06
1.371591e+04	1.015246395158903e-02	5.366567179145168e-03	3.000000000000000e-06	3.000000000000000e-06
1.398649e+04	1.020019446370873e-02	5.390503769742552e-03	3.000000000000000e-06	3.000000000000000e-06
1.426207e+04	1.024827065291056e-02	5.414751255526332e-03	3.000000000000000e-06	3.000000000000000e-06
1.454275e+04	1.029668817806490e-02	5.439303297001288e-03	3.000000000000000e-06	3.000000000000000e-06
1.482862e+04	1.034544298815752e-02	5.464153795769094e-03	3.000000000000000e-06	3.000000000000000e-06
1.511977e+04	1.039453130878166e-02	5.489296888408705e-03	3.000000000000000e-06	3.000000000000000e-06
1.541629e+04	1.044394962918837e-02	5.514726940362627e-03	3.000000000000000e-06	3.000000000000000e-06
1.571829e+04	1.049369468987971e-02	5.540438539844176e-03	3.000000000000000e-06	3.000000000000000e-06
1.602585e+04	1.054376347072889e-02	5.566426491779391e-03	3.000000000000000e-06	3.000000000000000e-06
1.633908e+04	1.059415317961148e-02	5.592685811795973e-03	3.000000000000000e-06	3.000000000000000e-06
1.665808e+04	1.064486124153138e-02	5.619211720270330e-03	3.000000000000000e-06	3.000000000000000e-06
1.698294e+04	1.069588528822546e-02	5.645999636442605e-03	3.000000000000000e-06	3.000000000000000e-06
1.731379e+04	1.074722314823063e-02	5.673045172608510e-03	3.000000000000000e-06	3.000000000000000e-06
1.765072e+04	1.079887283739729e-02	5.700344128395709e-03	3.000000000000000e-06	3.000000000000000e-06
1.799384e+04	1.085083254983310e-02	5.727892485131541e-03	3.000000000000000e-06	3.000000000000000e-06
1.834326e+04	1.090310064926149e-02	5.755686400307994e-03	3.000000000000000e-06	3.000000000000000e-06
1.869909e+04	1.095567566077925e-02	5.783722202148976e-03	3.000000000000000e-06	3.000000000000000e-06
1.906146e+04	1.100855626299795e-02	5.811996384284218e-03	3.000000000000000e-06	3.000000000000000e-06
1.943047e+04	1.106174128055435e-02	5.840505600533358e-03	3.000000000000000e-06	3.000000000000000e-06
1.980624e+04	1.111522967697505e-02	5.869246659803194e-03	3.000000000000000e-06	3.000000000000000e-06
2.018890e+04	1.116902054788119e-02	5.898216521100407e-03	3.000000000000000e-06	3.000000000000000e-06
2.057856e+04	1.122311311451923e-02	5.927412288661587e-03	3.000000000000000e-06	3.000000000000000e-06
2.097536e+04	1.127750671760430e-02	5.956831207201823e-03	3.000000000000000e-06	3.000000000000000e-06
2.137941e+04	1.133220081146294e-02	5.986470657282739e-03	3.000000000000000e-06	3.000000000000000e-06
2.179086e+04	1.138719495846254e-02	6.016328150800378e-03	3.000000000000000e-06	3.000000000000000e-06
2.220983e+04	1.144248882371498e-02	6.046401326592991e-03	3.000000000000000e-06	3.000000000000000e-06
2.263645e+04	1.149808217004267e-02	6.076687946168481e-03	3.000000000000000e-06	3.000000000000000e-06
2.307086e+04	1.155397485319533e-02	6.107185889550883e-03	3.000000000000000e-06	3.000000000000000e-06
2.351321e+04	1.161016681730627e-02	6.137893151245056e-03	3.000000000000000e-06	3.000000000000000e-06
2.396362e+04	1.166665809057763e-02	6.168807836318489e-03	3.000000000000000e-06	3.000000000000000e-06
2.442225e+04	1.172344878118396e-02	6.199928156598909e-03	3.000000000000000e-06	3.000000000000000e-06
2.488925e+04	1.178053907338426e-02	6.231252426986207e-03	3.000000000000000e-06	3.000000000000000e-06
2.536476e+04	1.183792922383285e-02	6.262779061877029e-03	3.000000000000000e-06	3.000000000000000e-06
2.584893e+04	1.189561955807983e-02	6.294506571700213e-03	3.000000000000000e-06	3.000000000000000e-06
2.634192e+04	1.195361046725221e-02	6.326433559561182e-03	3.000000000000000e-06	3.000000000000000e-06
2.684388e+04	1.201190240490723e-02	6.358558717993232e-03	3.000000000000000e-06	3.000000000000000e-06
2.735498e+04	1.207049588404970e-02	6.390880825813625e-03	3.000000000000000e-06	3.000000000000000e-06
2.787538e+04	1.212939147430543e-02	6.423398745082289e-03	3.000000000000000e-06	3.000000000000000e-06
2.840524e+04	1.218858979924334e-02	6.456111418160875e-03	3.000000000000000e-06	3.000000000000000e-06
2.894474e+04	1.224809153383902e-02	6.489017864869890e-03	3.000000000000000e-06	3.000000000000000e-06
2.949404e+04	1.230789740207282e-02	6.522117179741557e-03	3.000000000000000e-06	3.000000000000000e-06
3.005332e+04	1.236800817465596e-02	6.555408529366071e-03	3.000000000000000e-06	3.000000000000000e-06
3.062276e+04	1.242842466687824e-02	6.588891149828878e-03	3.000000000000000e-06	3.000000000000000e-06
3.120254e+04	1.248914773657143e-02	6.622564344236578e-03	3.000000000000000e-06	3.000000000000000e-06
3.179284e+04	1.255017828218266e-02	6.656427480329117e-03	3.000000000000000e-06	3.000000000000000e-06
3.239386e+04	1.261151724095203e-02	6.690479988175874e-03	3.000000000000000e-06	3.000000000000000e-06
3.300577e+04	1.267316558718959e-02	6.724721357953289e-03	3.000000000000000e-06	3.000000000000000e-06
3.362879e+04	1.273512433064638e-02	6.759151137801725e-03	3.000000000000000e-06	3.000000000000000e-06
3.426309e+04	1.279739451497488e-02	6.793768931759214e-03	3.000000000000000e-06	3.000000000000000e-06
3.490890e+04	1.285997721627440e-02	6.828574397769837e-03	3.000000000000000e-06	3.000000000000000e-06
3.556640e+04	1.292287354171691e-02	6.863567245764472e-03	3.000000000000000e-06	3.000000000000000e-06
3.623582e+04	1.298608462824932e-02	6.898747235811693e-03	3.000000000000000e-06	3.000000000000000e-06
3.691736e+04	1.304961164136824e-02	6.934114176336645e-03	3.000000000000000e-06	3.000000000000000e-06
3.761123e+04	1.311345577396347e-02	6.969667922405749e-03	3.000000000000000e-06	3.000000000000000e-06
3.831767e+04	1.317761824522663e-02	7.005408374075153e-03	3.000000000000000e-06	3.000000000000000e-06
3.903689e+04	1.324210029962161e-02	7.041335474800850e-03	3.000000000000000e-06	3.000000000000000e-06
3.976912e+04	1.330690320591358e-02	7.077449209908476e-03	3.000000000000000e-06	3.000000000000000e-06
4.051459e+04	1.337202825625348e-02	7.113749605120807e-03	3.000000000000000e-06	3.000000000000000e-06
4.127354e+04	1.343747676531513e-02	7.150236725141046e-03	3.000000000000000e-06	3.000000000000000e-06
4.204621e+04	1.350325006948208e-02	7.186910672290022e-03	3.000000000000000e-06	3.000000000000000e-06
4.283284e+04	1.356934952608177e-02	7.223771585195474e-03	3.000000000000000e-06	3.000000000000000e-06
4.363369e+04	1.363577651266426e-02	7.260819637531655e-03	3.000000000000000e-06	3.000000000000000e-06
4.444901e+04	1.370253242632334e-02	7.298055036807511e-03	3.000000000000000e-06	3.000000000000000e-06
4.527905e+04	1.376961868305766e-02	7.335478023201761e-03	3.000000000000000e-06	3.000000000000000e-06
4.612407e+04	1.383703671716985e-02	7.373088868443245e-03	3.000000000000000e-06	3.000000000000000e-06
4.698436e+04	1.390478798070146e-02	7.410887874734940e-03	3.000000000000000e-06	3.000000000000000e-06
4.786017e+04	1.397287394290191e-02	7.448875373720112e-03	3.000000000000000e-06	3.000000000000000e-06
4.875178e+04	1.404129608972957e-02	7.487051725489110e-03	3.000000000000000e-06	3.000000000000000e-06
4.965948e+04	1.411005592338325e-02	7.525417317625336e-03	3.000000000000000e-06	3.000000000000000e-06
5.058356e+04	1.417915496186247e-02	7.563972564288994e-03	3.000000000000000e-06	3.000000000000000e-06
5.152430e+04	1.424859473855489e-02	7.602717905337260e-03	3.000000000000000e-06	3.000000000000000e-06
5.248200e+04	1.431837680184958e-02	7.641653805479542e-03	3.000000000000000e-06	3.000000000000000e-06
5.345697e+04	1.438850271477447e-02	7.680780753466548e-03	3.000000000000000e-06	3.000000000000000e-06
5.444951e+04	1.445897405465698e-02	7.720099261311945e-03	3.000000000000000e-06	3.000000000000000e-06
5.545994e+04	1.452979241280626e-02	7.759609863545395e-03	3.000000000000000e-06	3.000000000000000e-06
5.648858e+04	1.460095939421609e-02	7.799313116495813e-03	3.000000000000000e-06	3.000000000000000e-06
5.753575e+04	1.467247661728718e-02	7.839209597603730e-03	3.000000000000000e-06	3.000000000000000e-06
5.860178e+04	1.474434571356785e-02	7.879299904761689e-03	3.000000000000000e-06	3.000000000000000e-06
5.968700e+04	1.481656832751207e-02	7.919584655681601e-03	3.000000000000000e-06	3.000000000000000e-06
6.079177e+04	1.488914611625394e-02	7.960064487288105e-03	3.000000000000000e-06	3.000000000000000e-06
6.191643e+04	1.496208074939766e-02	8.000740055136884e-03	3.000000000000000e-06	3.000000000000000e-06
6.306134e+04	1.503537390882210e-02	8.041612032857068e-03	3.000000000000000e-06	3.000000000000000e-06
6.422685e+04	1.510902728849932e-02	8.082681111616771e-03	3.000000000000000e-06	3.000000000000000e-06
6.541334e+04	1.518304259432609e-02	8.123947999610906e-03	3.000000000000000e-06	3.000000000000000e-06
6.662117e+04	1.525742154396779e-02	8.165413421570424e-03	3.000000000000000e-06	3.000000000000000e-06
6.785074e+04	1.533216586671397e-02	8.207078118292167e-03	3.000000000000000e-06	3.000000000000000e-06
6.910242e+04	1.540727730334495e-02	8.248942846188545e-03	3.000000000000000e-06	3.000000000000000e-06
7.037662e+04	1.548275760600883e-02	8.291008376856290e-03	3.000000000000000e-06	3.000000000000000e-06
7.167373e+04	1.555860853810835e-02	8.333275496663545e-03	3.000000000000000e-06	3.000000000000000e-06
7.299417e+04	1.563483187419702e-02	8.375745006354587e-03	3.000000000000000e-06	3.000000000000000e-06
7.433834e+04	1.571142939988400e-02	8.418417720671513e-03	3.000000000000000e-06	3.000000000000000e-06
7.570668e+04	1.578840291174735e-02	8.461294467992224e-03	3.000000000000000e-06	3.000000000000000e-06
7.709962e+04	1.586575421725503e-02	8.504376089984099e-03	3.000000000000000e-06	3.000000000000000e-06
7.851759e+04	1.594348513469334e-02	8.547663441272720e-03	3.000000000000000e-06	3.000000000000000e-06
7.996105e+04	1.602159749310228e-02	8.591157389125099e-03	3.000000000000000e-06	3.000000000000000e-06
8.143044e+04	1.610009313221763e-02	8.634858813146825e-03	3.000000000000000e-06	3.000000000000000e-06
8.292624e+04	1.617897390241911e-02	8.678768604992598e-03	3.000000000000000e-06	3.000000000000000e-06
8.444890e+04	1.625824166468455e-02	8.722887668089617e-03	3.000000000000000e-06	3.000000000000000e-06
8.599892e+04	1.633789829054950e-02	8.767216917373354e-03	3.000000000000000e-06	3.000000000000000e-06
8.757678e+04	1.641794566207224e-02	8.811757279035184e-03	3.000000000000000e-06	3.000000000000000e-06
8.918298e+04	1.649838567180360e-02	8.856509690281449e-03	3.000000000000000e-06	3.000000000000000e-06
9.081803e+04	1.657922022276159e-02	8.901475099103492e-03	3.000000000000000e-06	3.000000000000000e-06
9.248243e+04	1.666045122841038e-02	8.946654464058226e-03	3.000000000000000e-06	3.000000000000000e-06
9.417673e+04	1.674208061264349e-02	8.992048754058847e-03	3.000000000000000e-06	3.000000000000000e-06
9.590144e+04	1.682411030977097e-02	9.037658948175270e-03	3.000000000000000e-06	3.000000000000000e-06
9.765711e+04	1.690654226451026e-02	9.083486035443906e-03	3.000000000000000e-06	3.000000000000000e-06
9.944430e+04	1.698937843198063e-02	9.129531014686462e-03	3.000000000000000e-06	3.000000000000000e-06
1.000000e+05	1.701484814789293e-02	9.143687225833858e-03	3.000000000000000e-06	3.000000000000000e-06
1.018519e+05	1.709924769302706e-02	9.190592053164080e-03	3.000000000000000e-06	3.000000000000000e-06
1.037140e+05	1.718301038408327e-02	9.237135978681038e-03	3.000000000000000e-06	3.000000000000000e-06
1.056099e+05	1.726720244960171e-02	9.283911514466996e-03	3.000000000000000e-06	3.000000000000000e-06
1.075398e+05	1.735180695998863e-02	9.330909180570170e-03	3.000000000000000e-06	3.000000000000000e-06
1.095043e+05	1.743682626242412e-02	9.378130212217018e-03	3.000000000000000e-06	3.000000000000000e-06
1.115041e+05	1.752226237183164e-02	9.425575663055845e-03	3.000000000000000e-06	3.000000000000000e-06
1.135397e+05	1.760811731968211e-02	9.473246598822560e-03	3.000000000000000e-06	3.000000000000000e-06
1.156119e+05	1.769439314780772e-02	9.521144093775471e-03	3.000000000000000e-06	3.000000000000000e-06
1.177213e+05	1.778109190853169e-02	9.569269230643770e-03	3.000000000000000e-06	3.000000000000000e-06
1.198685e+05	1.786821566468778e-02	9.617623100519598e-03	3.000000000000000e-06	3.000000000000000e-06
1.220542e+05	1.795576648964375e-02	9.666206802756929e-03	3.000000000000000e-06	3.000000000000000e-06
1.242791e+05	1.804374646732650e-02	9.715021444875890e-03	3.000000000000000e-06	3.000000000000000e-06
1.265439e+05	1.813215769224898e-02	9.764068142472363e-03	3.000000000000000e-06	3.000000000000000e-06
1.288494e+05	1.822100226953876e-02	9.813348019132641e-03	3.000000000000000e-06	3.000000000000000e-06
1.311962e+05	1.831028231496807e-02	9.862862206352931e-03	3.000000000000000e-06	3.000000000000000e-06
1.335851e+05	1.839999995498537e-02	9.912611843463537e-03	3.000000000000000e-06	3.000000000000000e-06
1.360168e+05	1.849015732674833e-02	9.962598077557498e-03	3.000000000000000e-06	3.000000000000000e-06
1.384921e+05	1.858075657815807e-02	1.001282206342357e-02	3.000000000000000e-06	3.000000000000000e-06
1.410119e+05	1.867179986789479e-02	1.006328496348330e-02	3.000000000000000e-06	3.000000000000000e-06
1.435768e+05	1.876328936545445e-02	1.011398794773210e-02	3.000000000000000e-06	3.000000000000000e-06
1.461877e+05	1.885522725118676e-02	1.016493219368417e-02	3.000000000000000e-06	3.000000000000000e-06
1.488454e+05	1.894761571633417e-02	1.021611888632097e-02	3.000000000000000e-06	3.000000000000000e-06
1.515508e+05	1.904045696307197e-02	1.026754921804338e-02	3.000000000000000e-06	3.000000000000000e-06
1.543046e+05	1.913375320454930e-02	1.031922438862712e-02	3.000000000000000e-06	3.000000000000000e-06
1.571079e+05	1.922750666493128e-02	1.037114560518146e-02	3.000000000000000e-06	3.000000000000000e-06
1.599614e+05	1.932171957944187e-02	1.042331408211108e-02	3.000000000000000e-06	3.000000000000000e-06
1.628661e+05	1.941639419440778e-02	1.047573104108091e-02	3.000000000000000e-06	3.000000000000000e-06
1.658228e+05	1.951153276730311e-02	1.052839771098386e-02	3.000000000000000e-06	3.000000000000000e-06
1.688326e+05	1.960713756679487e-02	1.058131532791130e-02	3.000000000000000e-06	3.000000000000000e-06
1.718963e+05	1.970321087278919e-02	1.063448513512628e-02	3.000000000000000e-06	3.000000000000000e-06
1.750150e+05	1.979975497647842e-02	1.068790838303923e-02	3.000000000000000e-06	3.000000000000000e-06
1.781895e+05	1.989677218038880e-02	1.074158632918619e-02	3.000000000000000e-06	3.000000000000000e-06
1.814210e+05	1.999426479842892e-02	1.079552023820933e-02	3.000000000000000e-06	3.000000000000000e-06
1.847104e+05	2.009223515593884e-02	1.084971138183984e-02	3.000000000000000e-06	3.000000000000000e-06
1.880587e+05	2.019068558973980e-02	1.090416103888296e-02	3.000000000000000e-06	3.000000000000000e-06
1.914671e+05	2.028961844818461e-02	1.095887049520509e-02	3.000000000000000e-06	3.000000000000000e-06
1.949366e+05	2.038903609120865e-02	1.101384104372301e-02	3.000000000000000e-06	3.000000000000000e-06
1.984683e+05	2.048894089038142e-02	1.106907398439495e-02	3.000000000000000e-06	3.000000000000000e-06
2.020633e+05	2.058933522895864e-02	1.112457062421359e-02	3.000000000000000e-06	3.000000000000000e-06
2.057227e+05	2.069022150193499e-02	1.118033227720088e-02	3.000000000000000e-06	3.000000000000000e-06
2.094478e+05	2.079160211609730e-02	1.123636026440453e-02	3.000000000000000e-06	3.000000000000000e-06
2.132396e+05	2.089347949007831e-02	1.129265591389623e-02	3.000000000000000e-06	3.000000000000000e-06
2.170994e+05	2.099585605441090e-02	1.134922056077145e-02	3.000000000000000e-06	3.000000000000000e-06
2.210284e+05	2.109873425158284e-02	1.140605554715081e-02	3.000000000000000e-06	3.000000000000000e-06
2.250279e+05	2.120211653609206e-02	1.146316222218288e-02	3.000000000000000e-06	3.000000000000000e-06
2.290990e+05	2.130600537450229e-02	1.152054194204847e-02	3.000000000000000e-06	3.000000000000000e-06
2.332431e+05	2.141040324549931e-02	1.157819606996634e-02	3.000000000000000e-06	3.000000000000000e-06
2.374616e+05	2.151531263994748e-02	1.163612597620009e-02	3.000000000000000e-06	3.000000000000000e-06
2.417556e+05	2.162073606094688e-02	1.169433303806653e-02	3.000000000000000e-06	3.000000000000000e-06
2.461267e+05	2.172667602389078e-02	1.175281863994510e-02	3.000000000000000e-06	3.000000000000000e-06
2.505761e+05	2.183313505652359e-02	1.181158417328864e-02	3.000000000000000e-06	3.000000000000000e-06
2.551052e+05	2.194011569899919e-02	1.187063103663517e-02	3.000000000000000e-06	3.000000000000000e-06
2.597156e+05	2.204762050393972e-02	1.192996063562091e-02	3.000000000000000e-06	3.000000000000000e-06
2.644087e+05	2.215565203649476e-02	1.198957438299422e-02	3.000000000000000e-06	3.000000000000000e-06
2.691859e+05	2.226421287440091e-02	1.204947369863075e-02	3.000000000000000e-06	3.000000000000000e-06
2.740488e+05	2.237330560804177e-02	1.210966000954939e-02	3.000000000000000e-06	3.000000000000000e-06
2.789988e+05	2.248293284050832e-02	1.217013474992934e-02	3.000000000000000e-06	3.000000000000000e-06
2.840377e+05	2.259309718765971e-02	1.223089936112802e-02	3.000000000000000e-06	3.000000000000000e-06
2.891668e+05	2.270380127818435e-02	1.229195529169992e-02	3.000000000000000e-06	3.000000000000000e-06
2.943880e+05	2.281504775366154e-02	1.235330399741625e-02	3.000000000000000e-06	3.000000000000000e-06
2.997028e+05	2.292683926862331e-02	1.241494694128553e-02	3.000000000000000e-06	3.000000000000000e-06
3.051129e+05	2.303917849061674e-02	1.247688559357488e-02	3.000000000000000e-06	3.000000000000000e-06
3.106201e+05	2.315206810026663e-02	1.253912143183219e-02	3.000000000000000e-06	3.000000000000000e-06
3.162260e+05	2.326551079133852e-02	1.260165594090894e-02	3.000000000000000e-06	3.000000000000000e-06
3.219325e+05	2.337950927080211e-02	1.266449061298388e-02	3.000000000000000e-06	3.000000000000000e-06
3.277413e+05	2.349406625889503e-02	1.272762694758730e-02	3.000000000000000e-06	3.000000000000000e-06
3.336543e+05	2.360918448918698e-02	1.279106645162607e-02	3.000000000000000e-06	3.000000000000000e-06
3.396734e+05	2.372486670864422e-02	1.285481063940928e-02	3.000000000000000e-06	3.000000000000000e-06
3.458004e+05	2.384111567769444e-02	1.291886103267460e-02	3.000000000000000e-06	3.000000000000000e-06
3.520374e+05	2.395793417029198e-02	1.298321916061521e-02	3.000000000000000e-06	3.000000000000000e-06
3.583862e+05	2.407532497398343e-02	1.304788655990732e-02	3.000000000000000e-06	3.000000000000000e-06
3.648490e+05	2.419329088997356e-02	1.311286477473837e-02	3.000000000000000e-06	3.000000000000000e-06
3.714277e+05	2.431183473319163e-02	1.317815535683572e-02	3.000000000000000e-06	3.000000000000000e-06
3.781245e+05	2.443095933235805e-02	1.324375986549588e-02	3.000000000000000e-06	3.000000000000000e-06
3.849414e+05	2.455066753005139e-02	1.330967986761441e-02	3.000000000000000e-06	3.000000000000000e-06
3.918806e+05	2.467096218277579e-02	1.337591693771616e-02	3.000000000000000e-06	3.000000000000000e-06
3.989444e+05	2.479184616102864e-02	1.344247265798620e-02	3.000000000000000e-06	3.000000000000000e-06
4.061349e+05	2.491332234936873e-02	1.350934861830111e-02	3.000000000000000e-06	3.000000000000000e-06
4.134545e+05	2.503539364648466e-02	1.357654641626086e-02	3.000000000000000e-06	3.000000000000000e-06
4.209054e+05	2.515806296526369e-02	1.364406765722106e-02	3.000000000000000e-06	3.000000000000000e-06
4.284901e+05	2.528133323286083e-02	1.371191395432579e-02	3.000000000000000e-06	3.000000000000000e-06
4.362109e+05	2.540520739076848e-02	1.378008692854075e-02	3.000000000000000e-06	3.000000000000000e-06
4.440703e+05	2.552968839488620e-02	1.384858820868699e-02	3.000000000000000e-06	3.000000000000000e-06
4.520707e+05	2.565477921559102e-02	1.391741943147491e-02	3.000000000000000e-06	3.000000000000000e-06
4.602148e+05	2.578048283780804e-02	1.398658224153882e-02	3.000000000000000e-06	3.000000000000000e-06
4.685052e+05	2.590680226108138e-02	1.405607829147186e-02	3.000000000000000e-06	3.000000000000000e-06
4.769443e+05	2.603374049964551e-02	1.412590924186125e-02	3.000000000000000e-06	3.000000000000000e-06
4.855350e+05	2.616130058249693e-02	1.419607676132407e-02	3.000000000000000e-06	3.000000000000000e-06
4.942799e+05	2.628948555346628e-02	1.426658252654329e-02	3.000000000000000e-06	3.000000000000000e-06
5.031819e+05	2.641829847129068e-02	1.433742822230430e-02	3.000000000000000e-06	3.000000000000000e-06
5.122438e+05	2.654774240968656e-02	1.440861554153167e-02	3.000000000000000e-06	3.000000000000000e-06
5.214684e+05	2.667782045742281e-02	1.448014618532640e-02	3.000000000000000e-06	3.000000000000000e-06
5.308586e+05	2.680853571839429e-02	1.455202186300348e-02	3.000000000000000e-06	3.000000000000000e-06
5.404176e+05	2.693989131169573e-02	1.462424429212975e-02	3.000000000000000e-06	3.000000000000000e-06
5.501482e+05	2.707189037169596e-02	1.469681519856219e-02	3.000000000000000e-06	3.000000000000000e-06
5.600536e+05	2.720453604811258e-02	1.476973631648649e-02	3.000000000000000e-06	3.000000000000000e-06
5.701370e+05	2.733783150608693e-02	1.484300938845596e-02	3.000000000000000e-06	3.000000000000000e-06
5.804015e+05	2.747177992625950e-02	1.491663616543079e-02	3.000000000000000e-06	3.000000000000000e-06
5.908505e+05	2.760638450484564e-02	1.499061840681760e-02	3.000000000000000e-06	3.000000000000000e-06
6.014872e+05	2.774164845371173e-02	1.506495788050934e-02	3.000000000000000e-06	3.000000000000000e-06
6.123151e+05	2.787757500045168e-02	1.513965636292551e-02	3.000000000000000e-06	3.000000000000000e-06
6.233375e+05	2.801416738846378e-02	1.521471563905262e-02	3.000000000000000e-06	3.000000000000000e-06
6.345581e+05	2.815142887702804e-02	1.529013750248505e-02	3.000000000000000e-06	3.000000000000000e-06
6.459803e+05	2.828936274138379e-02	1.536592375546613e-02	3.000000000000000e-06	3.000000000000000e-06
6.576078e+05	2.842797227280773e-02	1.544207620892961e-02	3.000000000000000e-06	3.000000000000000e-06
6.694443e+05	2.856726077869234e-02	1.551859668254132e-02	3.000000000000000e-06	3.000000000000000e-06
6.814936e+05	2.870723158262475e-02	1.559548700474118e-02	3.000000000000000e-06	3.000000000000000e-06
6.937595e+05	2.884788802446586e-02	1.567274901278554e-02	3.000000000000000e-06	3.000000000000000e-06
7.062460e+05	2.898923346042999e-02	1.575038455278971e-02	3.000000000000000e-06	3.000000000000000e-06
7.189570e+05	2.913127126316485e-02	1.582839547977083e-02	3.000000000000000e-06	3.000000000000000e-06
7.318965e+05	2.927400482183190e-02	1.590678365769106e-02	3.000000000000000e-06	3.000000000000000e-06
7.450688e+05	2.941743754218715e-02	1.598555095950095e-02	3.000000000000000e-06	3.000000000000000e-06
7.584779e+05	2.956157284666235e-02	1.606469926718317e-02	3.000000000000000e-06	3.000000000000000e-06
7.721283e+05	2.970641417444649e-02	1.614423047179652e-02	3.000000000000000e-06	3.000000000000000e-06
7.860241e+05	2.985196498156786e-02	1.622414647352011e-02	3.000000000000000e-06	3.000000000000000e-06
8.001700e+05	2.999822874097640e-02	1.630444918169795e-02	3.000000000000000e-06	3.000000000000000e-06
8.145703e+05	3.014520894262646e-02	1.638514051488373e-02	3.000000000000000e-06	3.000000000000000e-06
8.292297e+05	3.029290909356002e-02	1.646622240088587e-02	3.000000000000000e-06	3.000000000000000e-06
8.441528e+05	3.044133271799026e-02	1.654769677681286e-02	3.000000000000000e-06	3.000000000000000e-06
8.593445e+05	3.059048335738562e-02	1.662956558911886e-02	3.000000000000000e-06	3.000000000000000e-06
8.748096e+05	3.074036457055418e-02	1.671183079364957e-02	3.000000000000000e-06	3.000000000000000e-06
8.905530e+05	3.089097993372851e-02	1.679449435568837e-02	3.000000000000000e-06	3.000000000000000e-06
9.065798e+05	3.104233304065094e-02	1.687755825000270e-02	3.000000000000000e-06	3.000000000000000e-06
9.228950e+05	3.119442750265920e-02	1.696102446089068e-02	3.000000000000000e-06	3.000000000000000e-06
9.395040e+05	3.134726694877257e-02	1.704489498222813e-02	3.000000000000000e-06	3.000000000000000e-06
9.564119e+05	3.150085502577833e-02	1.712917181751563e-02	3.000000000000000e-06	3.000000000000000e-06
9.736243e+05	3.165519539831875e-02	1.721385697992606e-02	3.000000000000000e-06	3.000000000000000e-06
9.911465e+05	3.181029174897846e-02	1.729895249235225e-02	3.000000000000000e-06	3.000000000000000e-06
1.000000e+06	3.188774333687853e-02	1.734144551767822e-02	3.000000000000000e-06	3.000000000000000e-06
1.018159e+06	3.204538268884446e-02	1.742792958084256e-02	3.000000000000000e-06	3.000000000000000e-06
1.036480e+06	3.220236515601339e-02	1.751404885330726e-02	3.000000000000000e-06	3.000000000000000e-06
1.055134e+06	3.236014204088816e-02	1.760059957206208e-02	3.000000000000000e-06	3.000000000000000e-06
1.074124e+06	3.251869127077984e-02	1.768756962993547e-02	3.000000000000000e-06	3.000000000000000e-06
1.093456e+06	3.267801708988331e-02	1.777496135723138e-02	3.000000000000000e-06	3.000000000000000e-06
1.113136e+06	3.283812329145173e-02	1.786277683675317e-02	3.000000000000000e-06	3.000000000000000e-06
1.133171e+06	3.299901369573148e-02	1.795101816598795e-02	3.000000000000000e-06	3.000000000000000e-06
1.153567e+06	3.316069214152233e-02	1.803968745247689e-02	3.000000000000000e-06	3.000000000000000e-06
1.174330e+06	3.332316248642134e-02	1.812878681394894e-02	3.000000000000000e-06	3.000000000000000e-06
1.195468e+06	3.348642860691207e-02	1.821831837836978e-02	3.000000000000000e-06	3.000000000000000e-06
1.216986e+06	3.365049439845707e-02	1.830828428399253e-02	3.000000000000000e-06	3.000000000000000e-06
1.238893e+06	3.381536377559075e-02	1.839868667940870e-02	3.000000000000000e-06	3.000000000000000e-06
1.261194e+06	3.398104067201274e-02	1.848952772359940e-02	3.000000000000000e-06	3.000000000000000e-06
1.283897e+06	3.414752904068163e-02	1.858080958598687e-02	3.000000000000000e-06	3.000000000000000e-06
1.307010e+06	3.431483285390924e-02	1.867253444648614e-02	3.000000000000000e-06	3.000000000000000e-06
1.330539e+06	3.448295610345536e-02	1.876470449555707e-02	3.000000000000000e-06	3.000000000000000e-06
1.354493e+06	3.465190280062292e-02	1.885732193425661e-02	3.000000000000000e-06	3.000000000000000e-06
1.378879e+06	3.482167697635355e-02	1.895038897429133e-02	3.000000000000000e-06	3.000000000000000e-06
1.403704e+06	3.499228268132381e-02	1.904390783807021e-02	3.000000000000000e-06	3.000000000000000e-06
1.428977e+06	3.516372398604169e-02	1.913788075875767e-02	3.000000000000000e-06	3.000000000000000e-06
1.454706e+06	3.533600498094368e-02	1.923230998032692e-02	3.000000000000000e-06	3.000000000000000e-06
1.480900e+06	3.550912977649233e-02	1.932719775761352e-02	3.000000000000000e-06	3.000000000000000e-06
1.507565e+06	3.568310250327419e-02	1.942254635636929e-02	3.000000000000000e-06	3.000000000000000e-06
1.534712e+06	3.585792731209837e-02	1.951835805331632e-02	3.000000000000000e-06	3.000000000000000e-06
1.562349e+06	3.603360837409546e-02	1.961463513620148e-02	3.000000000000000e-06	3.000000000000000e-06
1.590485e+06	3.621014988081699e-02	1.971137990385098e-02	3.000000000000000e-06	3.000000000000000e-06
1.619128e+06	3.638755604433538e-02	1.980859466622538e-02	3.000000000000000e-06	3.000000000000000e-06
1.648288e+06	3.656583109734438e-02	1.990628174447472e-02	3.000000000000000e-06	3.000000000000000e-06
1.677975e+06	3.674497929325995e-02	2.000444347099401e-02	3.000000000000000e-06	3.000000000000000e-06
1.708198e+06	3.692500490632170e-02	2.010308218947901e-02	3.000000000000000e-06	3.000000000000000e-06
1.738966e+06	3.710591223169483e-02	2.020220025498218e-02	3.000000000000000e-06	3.000000000000000e-06
1.770290e+06	3.728770558557247e-02	2.030180003396905e-02	3.000000000000000e-06	3.000000000000000e-06
1.802180e+06	3.747038930527866e-02	2.040188390437470e-02	3.000000000000000e-06	3.000000000000000e-06
1.834645e+06	3.765396774937171e-02	2.050245425566068e-02	3.000000000000000e-06	3.000000000000000e-06
1.867697e+06	3.783844529774819e-02	2.060351348887209e-02	3.000000000000000e-06	3.000000000000000e-06
1.901346e+06	3.802382635174727e-02	2.070506401669500e-02	3.000000000000000e-06	3.000000000000000e-06
1.935603e+06	3.821011533425574e-02	2.080710826351410e-02	3.000000000000000e-06	3.000000000000000e-06
1.970478e+06	3.839731668981342e-02	2.090964866547072e-02	3.000000000000000e-06	3.000000000000000e-06
2.005984e+06	3.858543488471915e-02	2.101268767052100e-02	3.000000000000000e-06	3.000000000000000e-06
2.042132e+06	3.877447440713728e-02	2.111622773849449e-02	3.000000000000000e-06	3.000000000000000e-06
2.078932e+06	3.896443976720465e-02	2.122027134115291e-02	3.000000000000000e-06	3.000000000000000e-06
2.116398e+06	3.915533549713818e-02	2.132482096224928e-02	3.000000000000000e-06	3.000000000000000e-06
2.154541e+06	3.934716615134290e-02	2.142987909758728e-02	3.000000000000000e-06	3.000000000000000e-06
2.193373e+06	3.953993630652053e-02	2.153544825508096e-02	3.000000000000000e-06	3.000000000000000e-06
2.232907e+06	3.973365056177861e-02	2.164153095481467e-02	3.000000000000000e-06	3.000000000000000e-06
2.273157e+06	3.992831353874018e-02	2.174812972910331e-02	3.000000000000000e-06	3.000000000000000e-06
2.314133e+06	4.012392988165395e-02	2.185524712255293e-02	3.000000000000000e-06	3.000000000000000e-06
2.355851e+06	4.032050425750502e-02	2.196288569212151e-02	3.000000000000000e-06	3.000000000000000e-06
2.398324e+06	4.051804135612617e-02	2.207104800718012e-02	3.000000000000000e-06	3.000000000000000e-06
2.441564e+06	4.071654589030971e-02	2.217973664957436e-02	3.000000000000000e-06	3.000000000000000e-06
2.485587e+06	4.091602259591978e-02	2.228895421368607e-02	3.000000000000000e-06	3.000000000000000e-06
2.530406e+06	4.111647623200529e-02	2.239870330649536e-02	3.000000000000000e-06	3.000000000000000e-06
2.576036e+06	4.131791158091345e-02	2.250898654764297e-02	3.000000000000000e-06	3.000000000000000e-06
2.622492e+06	4.152033344840370e-02	2.261980656949285e-02	3.000000000000000e-06	3.000000000000000e-06
2.669788e+06	4.172374666376234e-02	2.273116601719513e-02	3.000000000000000e-06	3.000000000000000e-06
2.717940e+06	4.192815607991770e-02	2.284306754874932e-02	3.000000000000000e-06	3.000000000000000e-06
2.766963e+06	4.213356657355578e-02	2.295551383506790e-02	3.000000000000000e-06	3.000000000000000e-06
2.816874e+06	4.233998304523656e-02	2.306850756004013e-02	3.000000000000000e-06	3.000000000000000e-06
2.867689e+06	4.254741041951088e-02	2.318205142059622e-02	3.000000000000000e-06	3.000000000000000e-06
2.919423e+06	4.275585364503776e-02	2.329614812677181e-02	3.000000000000000e-06	3.000000000000000e-06
2.972094e+06	4.296531769470247e-02	2.341080040177275e-02	3.000000000000000e-06	3.000000000000000e-06
3.025719e+06	4.317580756573507e-02	2.352601098204014e-02	3.000000000000000e-06	3.000000000000000e-06
3.080315e+06	4.338732827982957e-02	2.364178261731583e-02	3.000000000000000e-06	3.000000000000000e-06
3.135900e+06	4.359988488326361e-02	2.375811807070808e-02	3.000000000000000e-06	3.000000000000000e-06
3.192491e+06	4.381348244701885e-02	2.387502011875760e-02	3.000000000000000e-06	3.000000000000000e-06
3.250107e+06	4.402812606690178e-02	2.399249155150396e-02	3.000000000000000e-06	3.000000000000000e-06
3.308768e+06	4.424382086366534e-02	2.411053517255220e-02	3.000000000000000e-06	3.000000000000000e-06
3.368491e+06	4.446057198313089e-02	2.422915379913989e-02	3.000000000000000e-06	3.000000000000000e-06
3.429296e+06	4.467838459631097e-02	2.434835026220445e-02	3.000000000000000e-06	3.000000000000000e-06
3.491203e+06	4.489726389953257e-02	2.446812740645079e-02	3.000000000000000e-06	3.000000000000000e-06
3.554232e+06	4.511721511456104e-02	2.458848809041926e-02	3.000000000000000e-06	3.000000000000000e-06
3.618404e+06	4.533824348872454e-02	2.470943518655402e-02	3.000000000000000e-06	3.000000000000000e-06
3.683739e+06	4.556035429503919e-02	2.483097158127166e-02	3.000000000000000e-06	3.000000000000000e-06
3.750258e+06	4.578355283233479e-02	2.495310017503011e-02	3.000000000000000e-06	3.000000000000000e-06
3.817983e+06	4.600784442538114e-02	2.507582388239804e-02	3.000000000000000e-06	3.000000000000000e-06
3.886936e+06	4.623323442501500e-02	2.519914563212442e-02	3.000000000000000e-06	3.000000000000000e-06
3.957139e+06	4.645972820826765e-02	2.532306836720853e-02	3.000000000000000e-06	3.000000000000000e-06
4.028616e+06	4.668733117849314e-02	2.544759504497028e-02	3.000000000000000e-06	3.000000000000000e-06
4.101389e+06	4.691604876549706e-02	2.557272863712084e-02	3.000000000000000e-06	3.000000000000000e-06
4.175482e+06	4.714588642566601e-02	2.569847212983364e-02	3.000000000000000e-06	3.000000000000000e-06
4.250919e+06	4.737684964209773e-02	2.582482852381573e-02	3.000000000000000e-06	3.000000000000000e-06
4.327725e+06	4.760894392473177e-02	2.595180083437945e-02	3.000000000000000e-06	3.000000000000000e-06
4.405924e+06	4.784217481048092e-02	2.607939209151443e-02	3.000000000000000e-06	3.000000000000000e-06
4.485542e+06	4.807654786336316e-02	2.620760533996003e-02	3.000000000000000e-06	3.000000000000000e-06
4.566605e+06	4.831206867463437e-02	2.633644363927801e-02	3.000000000000000e-06	3.000000000000000e-06
4.649140e+06	4.854874286292160e-02	2.646591006392565e-02	3.000000000000000e-06	3.000000000000000e-06
4.733172e+06	4.878657607435705e-02	2.659600770332916e-02	3.000000000000000e-06	3.000000000000000e-06
4.818730e+06	4.902557398271265e-02	2.672673966195748e-02	3.000000000000000e-06	3.000000000000000e-06
4.905841e+06	4.926574228953540e-02	2.685810905939643e-02	3.000000000000000e-06	3.000000000000000e-06
4.994534e+06	4.950708672428324e-02	2.699011903042322e-02	3.000000000000000e-06	3.000000000000000e-06
5.084838e+06	4.974961304446167e-02	2.712277272508127e-02	3.000000000000000e-06	3.000000000000000e-06
5.176781e+06	4.999332703576104e-02	2.725607330875552e-02	3.000000000000000e-06	3.000000000000000e-06
5.270394e+06	5.023823451219447e-02	2.739002396224795e-02	3.000000000000000e-06	3.000000000000000e-06
5.365707e+06	5.048434131623649e-02	2.752462788185358e-02	3.000000000000000e-06	3.000000000000000e-06
5.462752e+06	5.073165331896227e-02	2.765988827943676e-02	3.000000000000000e-06	3.000000000000000e-06
5.561560e+06	5.098017642018770e-02	2.779580838250793e-02	3.000000000000000e-06	3.000000000000000e-06
5.662163e+06	5.122991654860995e-02	2.793239143430062e-02	3.000000000000000e-06	3.000000000000000e-06
5.764594e+06	5.148087966194888e-02	2.806964069384892e-02	3.000000000000000e-06	3.000000000000000e-06
5.868887e+06	5.173307174708908e-02	2.820755943606531e-02	3.000000000000000e-06	3.000000000000000e-06
5.975075e+06	5.198649882022256e-02	2.834615095181883e-02	3.000000000000000e-06	3.000000000000000e-06
6.083193e+06	5.224116692699227e-02	2.848541854801365e-02	3.000000000000000e-06	3.000000000000000e-06
6.193276e+06	5.249708214263613e-02	2.862536554766806e-02	3.000000000000000e-06	3.000000000000000e-06
6.305361e+06	5.275425057213196e-02	2.876599528999378e-02	3.000000000000000e-06	3.000000000000000e-06
6.419483e+06	5.301267835034300e-02	2.890731113047566e-02	3.000000000000000e-06	3.000000000000000e-06
6.535681e+06	5.327237164216417e-02	2.904931644095183e-02	3.000000000000000e-06	3.000000000000000e-06
6.653991e+06	5.353333664266905e-02	2.919201460969416e-02	3.000000000000000e-06	3.000000000000000e-06
6.774453e+06	5.379557957725760e-02	2.933540904148919e-02	3.000000000000000e-06	3.000000000000000e-06
6.897107e+06	5.405910670180456e-02	2.947950315771935e-02	3.000000000000000e-06	3.000000000000000e-06
7.021991e+06	5.432392430280859e-02	2.962430039644467e-02	3.000000000000000e-06	3.000000000000000e-06
7.149147e+06	5.459003869754220e-02	2.976980421248487e-02	3.000000000000000e-06	3.000000000000000e-06
7.278617e+06	5.485745623420228e-02	2.991601807750176e-02	3.000000000000000e-06	3.000000000000000e-06
7.410442e+06	5.512618329206154e-02	3.006294548008218e-02	3.000000000000000e-06	3.000000000000000e-06
7.544666e+06	5.539622628162054e-02	3.021058992582120e-02	3.000000000000000e-06	3.000000000000000e-06
7.681333e+06	5.566759164476053e-02	3.035895493740589e-02	3.000000000000000e-06	3.000000000000000e-06
7.820487e+06	5.594028585489706e-02	3.050804405469927e-02	3.000000000000000e-06	3.000000000000000e-06
7.962174e+06	5.621431541713429e-02	3.065786083482493e-02	3.000000000000000e-06	3.000000000000000e-06
8.106441e+06	5.648968686842008e-02	3.080840885225183e-02	3.000000000000000e-06	3.000000000000000e-06
8.253334e+06	5.676640677770186e-02	3.095969169887966e-02	3.000000000000000e-06	3.000000000000000e-06
8.402901e+06	5.704448174608322e-02	3.111171298412456e-02	3.000000000000000e-06	3.000000000000000e-06
8.555192e+06	5.732391840698131e-02	3.126447633500524e-02	3.000000000000000e-06	3.000000000000000e-06
8.710257e+06	5.760472342628494e-02	3.141798539622956e-02	3.000000000000000e-06	3.000000000000000e-06
8.868146e+06	5.788690350251358e-02	3.157224383028151e-02	3.000000000000000e-06	3.000000000000000e-06
9.028910e+06	5.817046536697696e-02	3.172725531750860e-02	3.000000000000000e-06	3.000000000000000e-06
9.192603e+06	5.845541578393566e-02	3.188302355620969e-02	3.000000000000000e-06	3.000000000000000e-06
9.359279e+06	5.874176155076228e-02	3.203955226272327e-02	3.000000000000000e-06	3.000000000000000e-06
9.528991e+06	5.902950949810359e-02	3.219684517151609e-02	3.000000000000000e-06	3.000000000000000e-06
9.701795e+06	5.931866649004327e-02	3.235490603527234e-02	3.000000000000000e-06	3.000000000000000e-06
9.877749e+06	5.960923942426567e-02	3.251373862498314e-02	3.000000000000000e-06	3.000000000000000e-06
1.000000e+07	5.980863884327956e-02	3.262273270966026e-02	3.000000000000000e-06	3.000000000000000e-06
1.018243e+07	6.010328714661230e-02	3.278378915379702e-02	3.000000000000000e-06	3.000000000000000e-06
1.036712e+07	6.039767191910987e-02	3.294469930796575e-02	3.000000000000000e-06	3.000000000000000e-06
1.055520e+07	6.069352904939713e-02	3.310641202695058e-02	3.000000000000000e-06	3.000000000000000e-06
1.074670e+07	6.099083436419613e-02	3.326891409800291e-02	3.000000000000000e-06	3.000000000000000e-06
1.094170e+07	6.128959551973384e-02	3.343220970639800e-02	3.000000000000000e-06	3.000000000000000e-06
1.114026e+07	6.158981963252340e-02	3.359630274234790e-02	3.000000000000000e-06	3.000000000000000e-06
1.134243e+07	6.189151386434288e-02	3.376119712074780e-02	3.000000000000000e-06	3.000000000000000e-06
1.154830e+07	6.219468541183950e-02	3.392689677549389e-02	3.000000000000000e-06	3.000000000000000e-06
1.175791e+07	6.249934150689212e-02	3.409340565968159e-02	3.000000000000000e-06	3.000000000000000e-06
1.197136e+07	6.280548941678021e-02	3.426072774569797e-02	3.000000000000000e-06	3.000000000000000e-06
1.218869e+07	6.311313644435716e-02	3.442886702531660e-02	3.000000000000000e-06	3.000000000000000e-06
1.240999e+07	6.342228992822442e-02	3.459782750979270e-02	3.000000000000000e-06	3.000000000000000e-06
1.263533e+07	6.373295724290637e-02	3.476761322995893e-02	3.000000000000000e-06	3.000000000000000e-06
1.286478e+07	6.404514579902625e-02	3.493822823632150e-02	3.000000000000000e-06	3.000000000000000e-06
1.309842e+07	6.435886304348275e-02	3.510967659915682e-02	3.000000000000000e-06	3.000000000000000e-06
1.333633e+07	6.467411645962758e-02	3.528196240860861e-02	3.000000000000000e-06	3.000000000000000e-06
1.357857e+07	6.499091356744384e-02	3.545508977478545e-02	3.000000000000000e-06	3.000000000000000e-06
1.382524e+07	6.530926192372540e-02	3.562906282785887e-02	3.000000000000000e-06	3.000000000000000e-06
1.407641e+07	6.562916912225691e-02	3.580388571816186e-02	3.000000000000000e-06	3.000000000000000e-06
1.433217e+07	6.595064279399500e-02	3.597956261628783e-02	3.000000000000000e-06	3.000000000000000e-06
1.459260e+07	6.627369060725005e-02	3.615609771319021e-02	3.000000000000000e-06	3.000000000000000e-06
1.485779e+07	6.659832026786915e-02	3.633349522028230e-02	3.000000000000000e-06	3.000000000000000e-06
1.512782e+07	6.692453951941968e-02	3.651175936953784e-02	3.000000000000000e-06	3.000000000000000e-06
1.540278e+07	6.725235614337405e-02	3.669089441359186e-02	3.000000000000000e-06	3.000000000000000e-06
1.568276e+07	6.758177795929508e-02	3.687090462584223e-02	3.000000000000000e-06	3.000000000000000e-06
1.596786e+07	6.791281282502254e-02	3.705179430055149e-02	3.000000000000000e-06	3.000000000000000e-06
1.625817e+07	6.824546863686042e-02	3.723356775294936e-02	3.000000000000000e-06	3.000000000000000e-06
1.655378e+07	6.857975332976517e-02	3.741622931933562e-02	3.000000000000000e-06	3.000000000000000e-06
1.685480e+07	6.891567487753492e-02	3.759978335718360e-02	3.000000000000000e-06	3.000000000000000e-06
1.716132e+07	6.925324129299953e-02	3.778423424524405e-02	3.000000000000000e-06	3.000000000000000e-06
1.747344e+07	6.959246062821167e-02	3.796958638364965e-02	3.000000000000000e-06	3.000000000000000e-06
1.779126e+07	6.993334097463874e-02	3.815584419401988e-02	3.000000000000000e-06	3.000000000000000e-06
1.811490e+07	7.027589046335579e-02	3.834301211956660e-02	3.000000000000000e-06	3.000000000000000e-06
1.844445e+07	7.062011726523935e-02	3.853109462519989e-02	3.000000000000000e-06	3.000000000000000e-06
1.878003e+07	7.096602959116227e-02	3.872009619763467e-02	3.000000000000000e-06	3.000000000000000e-06
1.912174e+07	7.131363569218939e-02	3.891002134549763e-02	3.000000000000000e-06	3.000000000000000e-06
1.946971e+07	7.166294385977436e-02	3.910087459943481e-02	3.000000000000000e-06	3.000000000000000e-06
1.982404e+07	7.201396242595716e-02	3.929266051221963e-02	3.000000000000000e-06	3.000000000000000e-06
2.018485e+07	7.236669976356293e-02	3.948538365886148e-02	3.000000000000000e-06	3.000000000000000e-06
2.055226e+07	7.272116428640137e-02	3.967904863671486e-02	3.000000000000000e-06	3.000000000000000e-06
2.092639e+07	7.307736444946747e-02	3.987366006558902e-02	3.000000000000000e-06	3.000000000000000e-06
2.130737e+07	7.343530874914304e-02	4.006922258785810e-02	3.000000000000000e-06	3.000000000000000e-06
2.169532e+07	7.379500572339927e-02	4.026574086857190e-02	3.000000000000000e-06	3.000000000000000e-06
2.209037e+07	7.415646395200022e-02	4.046321959556713e-02	3.000000000000000e-06	3.000000000000000e-06
2.249265e+07	7.451969205670744e-02	4.066166347957916e-02	3.000000000000000e-06	3.000000000000000e-06
2.290229e+07	7.488469870148549e-02	4.086107725435447e-02	3.000000000000000e-06	3.000000000000000e-06
2.331943e+07	7.525149259270843e-02	4.106146567676343e-02	3.000000000000000e-06	3.000000000000000e-06
2.374421e+07	7.562008247936747e-02	4.126283352691380e-02	3.000000000000000e-06	3.000000000000000e-06
2.417676e+07	7.599047715327947e-02	4.146518560826477e-02	3.000000000000000e-06	3.000000000000000e-06
2.461724e+07	7.636268544929663e-02	4.166852674774141e-02	3.000000000000000e-06	3.000000000000000e-06
2.506578e+07	7.673671624551696e-02	4.187286179584990e-02	3.000000000000000e-06	3.000000000000000e-06
2.552253e+07	7.711257846349612e-02	4.207819562679309e-02	3.000000000000000e-06	3.000000000000000e-06
2.598765e+07	7.749028106845991e-02	4.228453313858684e-02	3.000000000000000e-06	3.000000000000000e-06
2.646129e+07	7.786983306951820e-02	4.249187925317675e-02	3.000000000000000e-06	3.000000000000000e-06
2.694361e+07	7.825124351987954e-02	4.270023891655561e-02	3.000000000000000e-06	3.000000000000000e-06
2.743476e+07	7.863452151706708e-02	4.290961709888126e-02	3.000000000000000e-06	3.000000000000000e-06
2.793491e+07	7.901967620313545e-02	4.312001879459518e-02	3.000000000000000e-06	3.000000000000000e-06
2.844423e+07	7.940671676488863e-02	4.333144902254159e-02	3.000000000000000e-06	3.000000000000000e-06
2.896288e+07	7.979565243409903e-02	4.354391282608707e-02	3.000000000000000e-06	3.000000000000000e-06
2.949103e+07	8.018649248772759e-02	4.375741527324093e-02	3.000000000000000e-06	3.000000000000000e-06
3.002887e+07	8.057924624814489e-02	4.397196145677595e-02	3.000000000000000e-06	3.000000000000000e-06
3.057656e+07	8.097392308335336e-02	4.418755649434994e-02	3.000000000000000e-06	3.000000000000000e-06
3.113429e+07	8.137053240721072e-02	4.440420552862767e-02	3.000000000000000e-06	3.000000000000000e-06
3.170225e+07	8.176908367965433e-02	4.462191372740357e-02	3.000000000000000e-06	3.000000000000000e-06
3.228062e+07	8.216958640692668e-02	4.484068628372495e-02	3.000000000000000e-06	3.000000000000000e-06
3.286960e+07	8.257205014180209e-02	4.506052841601581e-02	3.000000000000000e-06	3.000000000000000e-06
3.346938e+07	8.297648448381444e-02	4.528144536820129e-02	3.000000000000000e-06	3.000000000000000e-06
3.408016e+07	8.338289907948593e-02	4.550344240983274e-02	3.000000000000000e-06	3.000000000000000e-06
3.470214e+07	8.379130362255716e-02	4.572652483621330e-02	3.000000000000000e-06	3.000000000000000e-06
3.533553e+07	8.420170785421814e-02	4.595069796852427e-02	3.000000000000000e-06	3.000000000000000e-06
3.598054e+07	8.461412156334057e-02	4.617596715395191e-02	3.000000000000000e-06	3.000000000000000e-06
3.663738e+07	8.502855458671117e-02	4.640233776581499e-02	3.000000000000000e-06	3.000000000000000e-06
3.730628e+07	8.544501680926621e-02	4.662981520369290e-02	3.000000000000000e-06	3.000000000000000e-06
3.798744e+07	8.586351816432712e-02	4.685840489355439e-02	3.000000000000000e-06	3.000000000000000e-06
3.868111e+07	8.628406863383734e-02	4.708811228788699e-02	3.000000000000000e-06	3.000000000000000e-06
3.938751e+07	8.670667824860026e-02	4.731894286582696e-02	3.000000000000000e-06	3.000000000000000e-06
4.010688e+07	8.713135708851837e-02	4.755090213329002e-02	3.000000000000000e-06	3.000000000000000e-06
4.083945e+07	8.755811528283351e-02	4.778399562310254e-02	3.000000000000000e-06	3.000000000000000e-06
4.158547e+07	8.798696301036839e-02	4.801822889513354e-02	3.000000000000000e-06	3.000000000000000e-06
4.234518e+07	8.841791049976923e-02	4.825360753642724e-02	3.000000000000000e-06	3.000000000000000e-06
4.311885e+07	8.885096802974964e-02	4.849013716133625e-02	3.000000000000000e-06	3.000000000000000e-06
4.390672e+07	8.928614592933556e-02	4.872782341165548e-02	3.000000000000000e-06	3.000000000000000e-06
4.470905e+07	8.972345457811164e-02	4.896667195675664e-02	3.000000000000000e-06	3.000000000000000e-06
4.552613e+07	9.016290440646853e-02	4.920668849372338e-02	3.000000000000000e-06	3.000000000000000e-06
4.635821e+07	9.060450589585166e-02	4.944787874748723e-02	3.000000000000000e-06	3.000000000000000e-06
4.720558e+07	9.104826957901101e-02	4.969024847096401e-02	3.000000000000000e-06	3.000000000000000e-06
4.806851e+07	9.149420604025228e-02	4.993380344519102e-02	3.000000000000000e-06	3.000000000000000e-06
4.894730e+07	9.194232591568918e-02	5.017854947946492e-02	3.000000000000000e-06	3.000000000000000e-06
4.984223e+07	9.239263989349698e-02	5.042449241148016e-02	3.000000000000000e-06	3.000000000000000e-06
5.075361e+07	9.284515871416729e-02	5.067163810746830e-02	3.000000000000000e-06	3.000000000000000e-06
5.168173e+07	9.329989317076416e-02	5.091999246233772e-02	3.000000000000000e-06	3.000000000000000e-06
5.262692e+07	9.375685410918133e-02	5.116956139981430e-02	3.000000000000000e-06	3.000000000000000e-06
5.358947e+07	9.421605242840080e-02	5.142035087258258e-02	3.000000000000000e-06	3.000000000000000e-06
5.456972e+07	9.467749908075264e-02	5.167236686242774e-02	3.000000000000000e-06	3.000000000000000e-06
5.556799e+07	9.514120507217612e-02	5.192561538037820e-02	3.000000000000000e-06	3.000000000000000e-06
5.658461e+07	9.560718146248205e-02	5.218010246684893e-02	3.000000000000000e-06	3.000000000000000e-06
5.761993e+07	9.607543936561644e-02	5.243583419178546e-02	3.000000000000000e-06	3.000000000000000e-06
5.867428e+07	9.654598994992544e-02	5.269281665480865e-02	3.000000000000000e-06	3.000000000000000e-06
5.974802e+07	9.701884443842161e-02	5.295105598536006e-02	3.000000000000000e-06	3.000000000000000e-06
6.084150e+07	9.749401410905141e-02	5.321055834284815e-02	3.000000000000000e-06	3.000000000000000e-06
6.195510e+07	9.797151029496413e-02	5.347132991679508e-02	3.000000000000000e-06	3.000000000000000e-06
6.308918e+07	9.845134438478201e-02	5.373337692698429e-02	3.000000000000000e-06	3.000000000000000e-06
6.424413e+07	9.893352782287171e-02	5.399670562360885e-02	3.000000000000000e-06	3.000000000000000e-06
6.542032e+07	9.941807210961721e-02	5.426132228742039e-02	3.000000000000000e-06	3.000000000000000e-06
6.661815e+07	9.990498880169388e-02	5.452723322987891e-02	3.000000000000000e-06	3.000000000000000e-06
6.783802e+07	1.003942895123441e-01	5.479444479330322e-02	3.000000000000000e-06	3.000000000000000e-06
6.908034e+07	1.008859859116538e-01	5.506296335102217e-02	3.000000000000000e-06	3.000000000000000e-06
7.034553e+07	1.013800897268313e-01	5.533279530752661e-02	3.000000000000000e-06	3.000000000000000e-06
7.163399e+07	1.018766127424860e-01	5.560394709862204e-02	3.000000000000000e-06	3.000000000000000e-06
7.294618e+07	1.023755668009100e-01	5.587642519158213e-02	3.000000000000000e-06	3.000000000000000e-06
7.428252e+07	1.028769638023603e-01	5.615023608530280e-02	3.000000000000000e-06	3.000000000000000e-06
7.564346e+07	1.033808157053421e-01	5.642538631045726e-02	3.000000000000000e-06	3.000000000000000e-06
7.702945e+07	1.038871345268943e-01	5.670188242965166e-02	3.000000000000000e-06	3.000000000000000e-06
7.844097e+07	1.043959323428757e-01	5.697973103758158e-02	3.000000000000000e-06	3.000000000000000e-06
7.987848e+07	1.049072212882531e-01	5.725893876118920e-02	3.000000000000000e-06	3.000000000000000e-06
8.134245e+07	1.054210135573904e-01	5.753951225982137e-02	3.000000000000000e-06	3.000000000000000e-06
8.283340e+07	1.059373214043395e-01	5.782145822538832e-02	3.000000000000000e-06	3.000000000000000e-06
8.435180e+07	1.064561571431319e-01	5.810478338252321e-02	3.000000000000000e-06	3.000000000000000e-06
8.589817e+07	1.069775331480732e-01	5.838949448874250e-02	3.000000000000000e-06	3.000000000000000e-06
8.747303e+07	1.075014618540370e-01	5.867559833460696e-02	3.000000000000000e-06	3.000000000000000e-06
8.907690e+07	1.080279557567621e-01	5.896310174388368e-02	3.000000000000000e-06	3.000000000000000e-06
9.071032e+07	1.085570274131502e-01	5.925201157370866e-02	3.000000000000000e-06	3.000000000000000e-06
9.237384e+07	1.090886894415649e-01	5.954233471475032e-02	3.000000000000000e-06	3.000000000000000e-06
9.406801e+07	1.096229545221331e-01	5.983407809137378e-02	3.000000000000000e-06	3.000000000000000e-06
9.579341e+07	1.101598353970466e-01	6.012724866180599e-02	3.000000000000000e-06	3.000000000000000e-06
9.755060e+07	1.106993448708665e-01	6.042185341830150e-02	3.000000000000000e-06	3.000000000000000e-06
9.934019e+07	1.112414958108281e-01	6.071789938730929e-02	3.000000000000000e-06	3.000000000000000e-06
1.000000e+08	1.114390353079467e-01	6.082576709437486e-02	3.000000000000000e-06	3.000000000000000e-06
1.018562e+08	1.119911783949035e-01	6.112726772633165e-02	3.000000000000000e-06	3.000000000000000e-06
1.037247e+08	1.125395378366410e-01	6.142670109551913e-02	3.000000000000000e-06	3.000000000000000e-06
1.056281e+08	1.130907005633246e-01	6.172766403963385e-02	3.000000000000000e-06	3.000000000000000e-06
1.075665e+08	1.136445596349004e-01	6.203009816368239e-02	3.000000000000000e-06	3.000000000000000e-06
1.095408e+08	1.142011304546911e-01	6.233401187879695e-02	3.000000000000000e-06	3.000000000000000e-06
1.115514e+08	1.147604262566414e-01	6.263941241148661e-02	3.000000000000000e-06	3.000000000000000e-06
1.135991e+08	1.153224603804868e-01	6.294630704599870e-02	3.000000000000000e-06	3.000000000000000e-06
1.156846e+08	1.158872462305068e-01	6.325470310179591e-02	3.000000000000000e-06	3.000000000000000e-06
1.178085e+08	1.164547972766038e-01	6.356460793414564e-02	3.000000000000000e-06	3.000000000000000e-06
1.199716e+08	1.170251270546106e-01	6.387602893428768e-02	3.000000000000000e-06	3.000000000000000e-06
1.221746e+08	1.175982491666132e-01	6.418897352961057e-02	3.000000000000000e-06	3.000000000000000e-06
1.244183e+08	1.181741772812750e-01	6.450344918382872e-02	3.000000000000000e-06	3.000000000000000e-06
1.267034e+08	1.187529251341624e-01	6.481946339716028e-02	3.000000000000000e-06	3.000000000000000e-06
1.290306e+08	1.193345065280729e-01	6.513702370650601e-02	3.000000000000000e-06	3.000000000000000e-06
1.314008e+08	1.199189353333635e-01	6.545613768562890e-02	3.000000000000000e-06	3.000000000000000e-06
1.338148e+08	1.205062254882816e-01	6.577681294533476e-02	3.000000000000000e-06	3.000000000000000e-06
1.362732e+08	1.210963909992972e-01	6.609905713365366e-02	3.000000000000000e-06	3.000000000000000e-06
1.387771e+08	1.216894459414370e-01	6.642287793602226e-02	3.000000000000000e-06	3.000000000000000e-06
1.413272e+08	1.222854044586196e-01	6.674828307546701e-02	3.000000000000000e-06	3.000000000000000e-06
1.439244e+08	1.228842807639927e-01	6.707528031278830e-02	3.000000000000000e-06	3.000000000000000e-06
1.465695e+08	1.234860891402723e-01	6.740387744674542e-02	3.000000000000000e-06	3.000000000000000e-06
1.492635e+08	1.240908439400828e-01	6.773408231424255e-02	3.000000000000000e-06	3.000000000000000e-06
1.520072e+08	1.246985595862991e-01	6.806590279051554e-02	3.000000000000000e-06	3.000000000000000e-06
1.548016e+08	1.253092505723907e-01	6.839934678931965e-02	3.000000000000000e-06	3.000000000000000e-06
1.576475e+08	1.259229314627670e-01	6.873442226311825e-02	3.000000000000000e-06	3.000000000000000e-06
1.605461e+08	1.265396168931246e-01	6.907113720327236e-02	3.000000000000000e-06	3.000000000000000e-06
1.634982e+08	1.271593215707960e-01	6.940949964023120e-02	3.000000000000000e-06	3.000000000000000e-06
1.665048e+08	1.277820602751005e-01	6.974951764372359e-02	3.000000000000000e-06	3.000000000000000e-06
1.695670e+08	1.284078478576962e-01	7.009119932295034e-02	3.000000000000000e-06	3.000000000000000e-06
1.726858e+08	1.290366992429340e-01	7.043455282677757e-02	3.000000000000000e-06	3.000000000000000e-06
1.758621e+08	1.296686294282140e-01	7.077958634393103e-02	3.000000000000000e-06	3.000000000000000e-06
1.790972e+08	1.303036534843420e-01	7.112630810319119e-02	3.000000000000000e-06	3.000000000000000e-06
1.823921e+08	1.309417865558897e-01	7.147472637358951e-02	3.000000000000000e-06	3.000000000000000e-06
1.857478e+08	1.315830438615550e-01	7.182484946460553e-02	3.000000000000000e-06	3.000000000000000e-06
1.891656e+08	1.322274406945254e-01	7.217668572636497e-02	3.000000000000000e-06	3.000000000000000e-06
1.926466e+08	1.328749924228420e-01	7.253024354983877e-02	3.000000000000000e-06	3.000000000000000e-06
1.961919e+08	1.335257144897661e-01	7.288553136704314e-02	3.000000000000000e-06	3.000000000000000e-06
1.998027e+08	1.341796224141474e-01	7.324255765124058e-02	3.000000000000000e-06	3.000000000000000e-06
2.034803e+08	1.348367317907939e-01	7.360133091714183e-02	3.000000000000000e-06	3.000000000000000e-06
2.072260e+08	1.354970582908436e-01	7.396185972110891e-02	3.000000000000000e-06	3.000000000000000e-06
2.110408e+08	1.361606176621380e-01	7.432415266135907e-02	3.000000000000000e-06	3.000000000000000e-06
2.149262e+08	1.368274257295975e-01	7.468821837816972e-02	3.000000000000000e-06	3.000000000000000e-06
2.188835e+08	1.374974983955988e-01	7.505406555408446e-02	3.000000000000000e-06	3.000000000000000e-06
2.229140e+08	1.381708516403539e-01	7.542170291412005e-02	3.000000000000000e-06	3.000000000000000e-06
2.270190e+08	1.388475015222909e-01	7.579113922597440e-02	3.000000000000000e-06	3.000000000000000e-06
2.312000e+08	1.395274641784370e-01	7.616238330023553e-02	3.000000000000000e-06	3.000000000000000e-06
2.354583e+08	1.402107558248031e-01	7.653544399059171e-02	3.000000000000000e-06	3.000000000000000e-06
2.397953e+08	1.408973927567700e-01	7.691033019404242e-02	3.000000000000000e-06	3.000000000000000e-06
2.442127e+08	1.415873913494776e-01	7.728705085111048e-02	3.000000000000000e-06	3.000000000000000e-06
2.487117e+08	1.422807680582146e-01	7.766561494605519e-02	3.000000000000000e-06	3.000000000000000e-06
2.532941e+08	1.429775394188110e-01	7.804603150708650e-02	3.000000000000000e-06	3.000000000000000e-06
2.579612e+08	1.436777220480321e-01	7.842830960658018e-02	3.000000000000000e-06	3.000000000000000e-06
2.627147e+08	1.443813326439750e-01	7.881245836129416e-02	3.000000000000000e-06	3.000000000000000e-06
2.675562e+08	1.450883879864663e-01	7.919848693258584e-02	3.000000000000000e-06	3.000000000000000e-06
2.724873e+08	1.457989049374620e-01	7.958640452663043e-02	3.000000000000000e-06	3.000000000000000e-06
2.775097e+08	1.465129004414498e-01	7.997622039464049e-02	3.000000000000000e-06	3.000000000000000e-06
2.826251e+08	1.472303915258529e-01	8.036794383308642e-02	3.000000000000000e-06	3.000000000000000e-06
2.878351e+08	1.479513953014356e-01	8.076158418391804e-02	3.000000000000000e-06	3.000000000000000e-06
2.931417e+08	1.486759289627117e-01	8.115715083478736e-02	3.000000000000000e-06	3.000000000000000e-06
2.985465e+08	1.494040097883539e-01	8.155465321927234e-02	3.000000000000000e-06	3.000000000000000e-06
3.040514e+08	1.501356551416058e-01	8.195410081710171e-02	3.000000000000000e-06	3.000000000000000e-06
3.096583e+08	1.508708824706960e-01	8.235550315438102e-02	3.000000000000000e-06	3.000000000000000e-06
3.153690e+08	1.516097093092539e-01	8.275886980381973e-02	3.000000000000000e-06	3.000000000000000e-06
3.211854e+08	1.523521532767276e-01	8.316421038495932e-02	3.000000000000000e-06	3.000000000000000e-06
3.271097e+08	1.530982320788038e-01	8.357153456440271e-02	3.000000000000000e-06	3.000000000000000e-06
3.331436e+08	1.538479635078302e-01	8.398085205604459e-02	3.000000000000000e-06	3.000000000000000e-06
3.392894e+08	1.546013654432394e-01	8.439217262130311e-02	3.000000000000000e-06	3.000000000000000e-06
3.455490e+08	1.553584558519750e-01	8.480550606935240e-02	3.000000000000000e-06	3.000000000000000e-06
3.519246e+08	1.561192527889200e-01	8.522086225735657e-02	3.000000000000000e-06	3.000000000000000e-06
3.584184e+08	1.568837743973274e-01	8.563825109070457e-02	3.000000000000000e-06	3.000000000000000e-06
3.650325e+08	1.576520389092522e-01	8.605768252324637e-02	3.000000000000000e-06	3.000000000000000e-06
3.717692e+08	1.584240646459864e-01	8.647916655753023e-02	3.000000000000000e-06	3.000000000000000e-06
3.786307e+08	1.591998700184958e-01	8.690271324504109e-02	3.000000000000000e-06	3.000000000000000e-06
3.856194e+08	1.599794735278582e-01	8.732833268644027e-02	3.000000000000000e-06	3.000000000000000e-06
3.927377e+08	1.607628937657053e-01	8.775603503180618e-02	3.000000000000000e-06	3.000000000000000e-06
3.999880e+08	1.615501494146653e-01	8.818583048087629e-02	3.000000000000000e-06	3.000000000000000e-06
4.073726e+08	1.623412592488085e-01	8.861772928329023e-02	3.000000000000000e-06	3.000000000000000e-06
4.148942e+08	1.631362421340945e-01	8.905174173883423e-02	3.000000000000000e-06	3.000000000000000e-06
4.225552e+08	1.639351170288224e-01	8.948787819768654e-02	3.000000000000000e-06	3.000000000000000e-06
4.303583e+08	1.647379029840823e-01	8.992614906066415e-02	3.000000000000000e-06	3.000000000000000e-06
4.383061e+08	1.655446191442096e-01	9.036656477947083e-02	3.000000000000000e-06	3.000000000000000e-06
4.464014e+08	1.663552847472413e-01	9.080913585694614e-02	3.000000000000000e-06	3.000000000000000e-06
4.546467e+08	1.671699191253746e-01	9.125387284731588e-02	3.000000000000000e-06	3.000000000000000e-06
4.630450e+08	1.679885417054278e-01	9.170078635644364e-02	3.000000000000000e-06	3.000000000000000e-06
4.715991e+08	1.688111720093032e-01	9.214988704208367e-02	3.000000000000000e-06	3.000000000000000e-06
4.803119e+08	1.696378296544525e-01	9.260118561413484e-02	3.000000000000000e-06	3.000000000000000e-06
4.891863e+08	1.704685343543448e-01	9.305469283489602e-02	3.000000000000000e-06	3.000000000000000e-06
4.982254e+08	1.713033059189356e-01	9.351041951932258e-02	3.000000000000000e-06	3.000000000000000e-06
5.074322e+08	1.721421642551402e-01	9.396837653528425e-02	3.000000000000000e-06	3.000000000000000e-06
5.168098e+08	1.729851293673071e-01	9.442857480382409e-02	3.000000000000000e-06	3.000000000000000e-06
5.263615e+08	1.738322213576958e-01	9.489102529941892e-02	3.000000000000000e-06	3.000000000000000e-06
5.360904e+08	1.746834604269552e-01	9.535573905024085e-02	3.000000000000000e-06	3.000000000000000e-06
5.459999e+08	1.755388668746056e-01	9.582272713842016e-02	3.000000000000000e-06	3.000000000000000e-06
5.560934e+08	1.763984610995224e-01	9.629200070030955e-02	3.000000000000000e-06	3.000000000000000e-06
5.663742e+08	1.772622636004224e-01	9.676357092674952e-02	3.000000000000000e-06	3.000000000000000e-06
5.768458e+08	1.781302949763524e-01	9.723744906333515e-02	3.000000000000000e-06	3.000000000000000e-06
5.875119e+08	1.790025759271802e-01	9.771364641068421e-02	3.000000000000000e-06	3.000000000000000e-06
5.983760e+08	1.798791272540880e-01	9.819217432470644e-02	3.000000000000000e-06	3.000000000000000e-06
6.094418e+08	1.807599698600685e-01	9.867304421687433e-02	3.000000000000000e-06	3.000000000000000e-06
6.207131e+08	1.816451247504227e-01	9.915626755449512e-02	3.000000000000000e-06	3.000000000000000e-06
6.321937e+08	1.825346130332609e-01	9.964185586098413e-02	3.000000000000000e-06	3.000000000000000e-06
6.438875e+08	1.834284559200058e-01	1.001298207161394e-01	3.000000000000000e-06	3.000000000000000e-06
6.557985e+08	1.843266747258983e-01	1.006201737564180e-01	3.000000000000000e-06	3.000000000000000e-06
6.679308e+08	1.852292908705050e-01	1.011129266752128e-01	3.000000000000000e-06	3.000000000000000e-06
6.802883e+08	1.861363258782296e-01	1.016080912231318e-01	3.000000000000000e-06	3.000000000000000e-06
6.928755e+08	1.870478013788253e-01	1.021056792082782e-01	3.000000000000000e-06	3.000000000000000e-06
7.056965e+08	1.879637391079105e-01	1.026057024965314e-01	3.000000000000000e-06	3.000000000000000e-06
7.187557e+08	1.888841609074873e-01	1.031081730118302e-01	3.000000000000000e-06	3.000000000000000e-06
7.320575e+08	1.898090887264617e-01	1.036131027364571e-01	3.000000000000000e-06	3.000000000000000e-06
7.456065e+08	1.907385446211671e-01	1.041205037113236e-01	3.000000000000000e-06	3.000000000000000e-06
7.594073e+08	1.916725507558898e-01	1.046303880362577e-01	3.000000000000000e-06	3.000000000000000e-06
7.734645e+08	1.926111294033974e-01	1.051427678702917e-01	3.000000000000000e-06	3.000000000000000e-06
7.877830e+08	1.935543029454699e-01	1.056576554319526e-01	3.000000000000000e-06	3.000000000000000e-06
8.023676e+08	1.945020938734329e-01	1.061750629995530e-01	3.000000000000000e-06	3.000000000000000e-06
8.172233e+08	1.954545247886939e-01	1.066950029114840e-01	3.000000000000000e-06	3.000000000000000e-06
8.323552e+08	1.964116184032811e-01	1.072174875665092e-01	3.000000000000000e-06	3.000000000000000e-06
8.477683e+08	1.973733975403845e-01	1.077425294240601e-01	3.000000000000000e-06	3.000000000000000e-06
8.634680e+08	1.983398851349004e-01	1.082701410045333e-01	3.000000000000000e-06	3.000000000000000e-06
8.794596e+08	1.993111042339775e-01	1.088003348895892e-01	3.000000000000000e-06	3.000000000000000e-06
8.957485e+08	2.002870779975668e-01	1.093331237224512e-01	3.000000000000000e-06	3.000000000000000e-06
9.123403e+08	2.012678296989732e-01	1.098685202082076e-01	3.000000000000000e-06	3.000000000000000e-06
9.292407e+08	2.022533827254108e-01	1.104065371141144e-01	3.000000000000000e-06	3.000000000000000e-06
9.464553e+08	2.032437605785596e-01	1.109471872698996e-01	3.000000000000000e-06	3.000000000000000e-06
9.639901e+08	2.042389868751265e-01	1.114904835680688e-01	3.000000000000000e-06	3.000000000000000e-06
9.818510e+08	2.052390853474078e-01	1.120364389642128e-01	3.000000000000000e-06	3.000000000000000e-06
1.000000e+09	2.062416457001789e-01	1.125837376759280e-01	3.000000000000000e-06	3.000000000000000e-06
