#t[yr]	ecc	inc	eachmass	totalmass
0.000000e+00	3.000000000000000e-02	1.500000000000000e-02	3.000000000000000e-08	3.000000000000000e-06
1.000000e-03	3.000007148782667e-02	1.500002359736587e-02	3.000000000000000e-08	3.000000000000000e-06
1.000000e-02	3.000071486906864e-02	1.500023597167412e-02	3.000000000000000e-08	3.000000000000000e-06
1.000000e-01	3.000714778488705e-02	1.500235952113864e-02	3.000000000000000e-08	3.000000000000000e-06
1.000000e+00	3.007138749730388e-02	1.502357568461434e-02	3.000000000000000e-08	3.000000000000000e-06
3.099757e+00	3.022041284250157e-02	1.507289265040356e-02	3.000000000000000e-08	3.000000000000000e-06
5.213039e+00	3.036891806199167e-02	1.512221201698069e-02	3.000000000000000e-08	3.000000000000000e-06
7.358006e+00	3.051816360761152e-02	1.517195225705034e-02	3.000000000000000e-08	3.000000000000000e-06
9.534976e+00	3.066813434608659e-02	1.522211080315760e-02	3.000000000000000e-08	3.000000000000000e-06
1.000000e+01	3.069991180697310e-02	1.523276985929742e-02	3.000000000000000e-08	3.000000000000000e-06
1.224279e+01	3.085254778217775e-02	1.528403899504136e-02	3.000000000000000e-08	3.000000000000000e-06
1.449267e+01	3.100411682371996e-02	1.533513159997375e-02	3.000000000000000e-08	3.000000000000000e-06
1.677693e+01	3.115644926957886e-02	1.538666341655644e-02	3.000000000000000e-08	3.000000000000000e-06
1.909580e+01	3.130952123932464e-02	1.543862899109134e-02	3.000000000000000e-08	3.000000000000000e-06
2.144995e+01	3.146333660647396e-02	1.549103223778174e-02	3.000000000000000e-08	3.000000000000000e-06
2.384004e+01	3.161789884255177e-02	1.554387697197035e-02	3.000000000000000e-08	3.000000000000000e-06
2.626676e+01	3.177321143997427e-02	1.559716705343712e-02	3.000000000000000e-08	3.000000000000000e-06
2.873082e+01	3.192927790574086e-02	1.565090638487265e-02	3.000000000000000e-08	3.000000000000000e-06
3.123294e+01	3.208610176159740e-02	1.570509891255061e-02	3.000000000000000e-08	3.000000000000000e-06
3.377385e+01	3.224368654410393e-02	1.575974862697463e-02	3.000000000000000e-08	3.000000000000000e-06
3.635431e+01	3.240203580470609e-02	1.581485956353337e-02	3.000000000000000e-08	3.000000000000000e-06
3.897509e+01	3.256115310980898e-02	1.587043580316322e-02	3.000000000000000e-08	3.000000000000000e-06
4.163698e+01	3.272104204085360e-02	1.592648147301821e-02	3.000000000000000e-08	3.000000000000000e-06
4.434079e+01	3.288170619439612e-02	1.598300074714721e-02	3.000000000000000e-08	3.000000000000000e-06
4.708736e+01	3.304314918218995e-02	1.603999784717789e-02	3.000000000000000e-08	3.000000000000000e-06
4.987753e+01	3.320537463127098e-02	1.609747704300746e-02	3.000000000000000e-08	3.000000000000000e-06
5.271217e+01	3.336838618404601e-02	1.615544265349967e-02	3.000000000000000e-08	3.000000000000000e-06
5.559217e+01	3.353218749838470e-02	1.621389904718785e-02	3.000000000000000e-08	3.000000000000000e-06
5.851846e+01	3.369678224771505e-02	1.627285064298368e-02	3.000000000000000e-08	3.000000000000000e-06
6.149196e+01	3.386217412112282e-02	1.633230191089117e-02	3.000000000000000e-08	3.000000000000000e-06
6.451363e+01	3.402836682345490e-02	1.639225737272555e-02	3.000000000000000e-08	3.000000000000000e-06
6.758446e+01	3.419536407542702e-02	1.645272160283647e-02	3.000000000000000e-08	3.000000000000000e-06
7.070546e+01	3.436316961373591e-02	1.651369922883515e-02	3.000000000000000e-08	3.000000000000000e-06
7.387765e+01	3.453178719117614e-02	1.657519493232472e-02	3.000000000000000e-08	3.000000000000000e-06
7.710211e+01	3.470122057676204e-02	1.663721344963336e-02	3.000000000000000e-08	3.000000000000000e-06
8.037991e+01	3.487147355585474e-02	1.669975957254939e-02	3.000000000000000e-08	3.000000000000000e-06
8.371216e+01	3.504254993029474e-02	1.676283814905768e-02	3.000000000000000e-08	3.000000000000000e-06
8.710001e+01	3.521445351854027e-02	1.682645408407662e-02	3.000000000000000e-08	3.000000000000000e-06
9.054463e+01	3.538718815581159e-02	1.689061234019472e-02	3.000000000000000e-08	3.000000000000000e-06
9.404722e+01	3.556075769424179e-02	1.695531793840606e-02	3.000000000000000e-08	3.000000000000000e-06
9.760900e+01	3.573516600303408e-02	1.702057595884348e-02	3.000000000000000e-08	3.000000000000000e-06
1.000000e+02	3.585094309578032e-02	1.706404848547387e-02	3.000000000000000e-08	3.000000000000000e-06
1.036840e+02	3.602776227542803e-02	1.713061543839847e-02	3.000000000000000e-08	3.000000000000000e-06
1.074096e+02	3.620440941116794e-02	1.719736538315838e-02	3.000000000000000e-08	3.000000000000000e-06
1.111995e+02	3.638192700639862e-02	1.726469343220149e-02	3.000000000000000e-08	3.000000000000000e-06
1.150547e+02	3.656030136341472e-02	1.733259830245804e-02	3.000000000000000e-08	3.000000000000000e-06
1.189768e+02	3.673953675271688e-02	1.740108553672276e-02	3.000000000000000e-08	3.000000000000000e-06
1.229671e+02	3.691963715671622e-02	1.747016062581146e-02	3.000000000000000e-08	3.000000000000000e-06
1.270272e+02	3.710060658160915e-02	1.753982912709345e-02	3.000000000000000e-08	3.000000000000000e-06
1.311585e+02	3.728244905226270e-02	1.761009666312414e-02	3.000000000000000e-08	3.000000000000000e-06
1.353628e+02	3.746516861254555e-02	1.768096892232480e-02	3.000000000000000e-08	3.000000000000000e-06
1.396415e+02	3.764876932557584e-02	1.775245165960839e-02	3.000000000000000e-08	3.000000000000000e-06
1.439963e+02	3.783325527398141e-02	1.782455069698575e-02	3.000000000000000e-08	3.000000000000000e-06
1.484290e+02	3.801863056017121e-02	1.789727192414908e-02	3.000000000000000e-08	3.000000000000000e-06
1.529413e+02	3.820489930661838e-02	1.797062129903043e-02	3.000000000000000e-08	3.000000000000000e-06
1.575350e+02	3.839206565615532e-02	1.804460484833255e-02	3.000000000000000e-08	3.000000000000000e-06
1.622119e+02	3.858013377228115e-02	1.811922866802936e-02	3.000000000000000e-08	3.000000000000000e-06
1.669463e+02	3.876801339783788e-02	1.819406283662762e-02	3.000000000000000e-08	3.000000000000000e-06
1.717042e+02	3.895435012332835e-02	1.826856518294097e-02	3.000000000000000e-08	3.000000000000000e-06
1.764860e+02	3.913918181068354e-02	1.834274432393797e-02	3.000000000000000e-08	3.000000000000000e-06
1.812919e+02	3.932253861892615e-02	1.841660603909280e-02	3.000000000000000e-08	3.000000000000000e-06
1.861219e+02	3.950444996086963e-02	1.849015602268126e-02	3.000000000000000e-08	3.000000000000000e-06
1.909764e+02	3.968494449871065e-02	1.856339987316905e-02	3.000000000000000e-08	3.000000000000000e-06
1.958555e+02	3.986405017267768e-02	1.863634309624010e-02	3.000000000000000e-08	3.000000000000000e-06
2.007592e+02	4.004179422815285e-02	1.870899110765422e-02	3.000000000000000e-08	3.000000000000000e-06
2.056880e+02	4.021820324151949e-02	1.878134923600774e-02	3.000000000000000e-08	3.000000000000000e-06
2.106418e+02	4.039330314480874e-02	1.885342272540163e-02	3.000000000000000e-08	3.000000000000000e-06
2.156209e+02	4.056711924921483e-02	1.892521673802115e-02	3.000000000000000e-08	3.000000000000000e-06
2.206255e+02	4.073967626754375e-02	1.899673635663134e-02	3.000000000000000e-08	3.000000000000000e-06
2.256558e+02	4.091099833565562e-02	1.906798658699220e-02	3.000000000000000e-08	3.000000000000000e-06
2.307119e+02	4.108110903295738e-02	1.913897236019741e-02	3.000000000000000e-08	3.000000000000000e-06
2.357941e+02	4.125003140199844e-02	1.920969853493985e-02	3.000000000000000e-08	3.000000000000000e-06
2.409025e+02	4.141778796721868e-02	1.928016989970768e-02	3.000000000000000e-08	3.000000000000000e-06
2.460374e+02	4.158440075289507e-02	1.935039117491381e-02	3.000000000000000e-08	3.000000000000000e-06
2.511990e+02	4.174989130033015e-02	1.942036701496211e-02	3.000000000000000e-08	3.000000000000000e-06
2.563874e+02	4.191428068432301e-02	1.949010201025310e-02	3.000000000000000e-08	3.000000000000000e-06
2.616029e+02	4.207758952896078e-02	1.955960068913195e-02	3.000000000000000e-08	3.000000000000000e-06
2.668456e+02	4.223983802276645e-02	1.962886751978149e-02	3.000000000000000e-08	3.000000000000000e-06
2.721159e+02	4.240104593323658e-02	1.969790691206264e-02	3.000000000000000e-08	3.000000000000000e-06
2.774138e+02	4.256123262080051e-02	1.976672321930486e-02	3.000000000000000e-08	3.000000000000000e-06
2.827397e+02	4.272041705223058e-02	1.983532074004870e-02	3.000000000000000e-08	3.000000000000000e-06
2.880937e+02	4.287861781353174e-02	1.990370371974291e-02	3.000000000000000e-08	3.000000000000000e-06
2.934761e+02	4.303585312233630e-02	1.997187635239805e-02	3.000000000000000e-08	3.000000000000000e-06
2.988871e+02	4.319214083982916e-02	2.003984278219867e-02	3.000000000000000e-08	3.000000000000000e-06
3.043270e+02	4.334749848222665e-02	2.010760710507609e-02	3.000000000000000e-08	3.000000000000000e-06
3.097959e+02	4.350194323183106e-02	2.017517337024351e-02	3.000000000000000e-08	3.000000000000000e-06
3.152941e+02	4.365549194768194e-02	2.024254558169538e-02	3.000000000000000e-08	3.000000000000000e-06
3.208218e+02	4.380816117582351e-02	2.030972769967261e-02	3.000000000000000e-08	3.000000000000000e-06
3.263794e+02	4.395996715920722e-02	2.037672364209546e-02	3.000000000000000e-08	3.000000000000000e-06
3.319670e+02	4.411092584724678e-02	2.044353728596546e-02	3.000000000000000e-08	3.000000000000000e-06
3.375849e+02	4.426105290504249e-02	2.051017246873822e-02	3.000000000000000e-08	3.000000000000000e-06
3.432333e+02	4.441036372229065e-02	2.057663298966821e-02	3.000000000000000e-08	3.000000000000000e-06
3.489126e+02	4.455887342189300e-02	2.064292261112734e-02	3.000000000000000e-08	3.000000000000000e-06
3.546229e+02	4.470659686828045e-02	2.070904505989846e-02	3.000000000000000e-08	3.000000000000000e-06
3.603645e+02	4.485354867546459e-02	2.077500402844518e-02	3.000000000000000e-08	3.000000000000000e-06
3.661378e+02	4.499974321482971e-02	2.084080317615939e-02	3.000000000000000e-08	3.000000000000000e-06
3.719430e+02	4.514519462267757e-02	2.090644613058759e-02	3.000000000000000e-08	3.000000000000000e-06
3.777803e+02	4.528991680753648e-02	2.097193648863739e-02	3.000000000000000e-08	3.000000000000000e-06
3.836501e+02	4.543392345724573e-02	2.103727781776523e-02	3.000000000000000e-08	3.000000000000000e-06
3.895526e+02	4.557722804582574e-02	2.110247365714660e-02	3.000000000000000e-08	3.000000000000000e-06
3.954882e+02	4.571984384014411e-02	2.116752751882979e-02	3.000000000000000e-08	3.000000000000000e-06
4.014571e+02	4.586178390638690e-02	2.123244288887426e-02	3.000000000000000e-08	3.000000000000000e-06
4.074596e+02	4.600306111634440e-02	2.129722322847482e-02	3.000000000000000e-08	3.000000000000000e-06
4.134961e+02	4.614368815351999e-02	2.136187197507243e-02	3.000000000000000e-08	3.000000000000000e-06
4.195668e+02	4.628367751907033e-02	2.142639254345296e-02	3.000000000000000e-08	3.000000000000000e-06
4.256721e+02	4.642304153758497e-02	2.149078832683457e-02	3.000000000000000e-08	3.000000000000000e-06
4.318123e+02	4.656179236271290e-02	2.155506269794496e-02	3.000000000000000e-08	3.000000000000000e-06
4.379877e+02	4.669994198264318e-02	2.161921901008938e-02	3.000000000000000e-08	3.000000000000000e-06
4.441987e+02	4.683750222544696e-02	2.168326059821025e-02	3.000000000000000e-08	3.000000000000000e-06
4.504456e+02	4.697448476428723e-02	2.174719077993948e-02	3.000000000000000e-08	3.000000000000000e-06
4.567287e+02	4.711090112250302e-02	2.181101285664440e-02	3.000000000000000e-08	3.000000000000000e-06
4.630484e+02	4.724676267857398e-02	2.187473011446806e-02	3.000000000000000e-08	3.000000000000000e-06
4.694050e+02	4.738208067097160e-02	2.193834582536512e-02	3.000000000000000e-08	3.000000000000000e-06
4.757990e+02	4.751686620290248e-02	2.200186324813391e-02	3.000000000000000e-08	3.000000000000000e-06
4.822306e+02	4.765113024694951e-02	2.206528562944581e-02	3.000000000000000e-08	3.000000000000000e-06
4.887003e+02	4.778488364961601e-02	2.212861620487273e-02	3.000000000000000e-08	3.000000000000000e-06
4.952085e+02	4.791813713577825e-02	2.219185819991368e-02	3.000000000000000e-08	3.000000000000000e-06
5.017554e+02	4.805090131305114e-02	2.225501483102120e-02	3.000000000000000e-08	3.000000000000000e-06
5.083416e+02	4.818318667607219e-02	2.231808930662871e-02	3.000000000000000e-08	3.000000000000000e-06
5.149674e+02	4.831500361070817e-02	2.238108482817968e-02	3.000000000000000e-08	3.000000000000000e-06
5.216332e+02	4.844636239818925e-02	2.244400459115932e-02	3.000000000000000e-08	3.000000000000000e-06
5.283395e+02	4.857727321917506e-02	2.250685178613005e-02	3.000000000000000e-08	3.000000000000000e-06
5.350867e+02	4.870774615775687e-02	2.256962959977142e-02	3.000000000000000e-08	3.000000000000000e-06
5.418751e+02	4.883779120540031e-02	2.263234121592558e-02	3.000000000000000e-08	3.000000000000000e-06
5.487053e+02	4.896741826483265e-02	2.269498981664913e-02	3.000000000000000e-08	3.000000000000000e-06
5.555777e+02	4.909663715387882e-02	2.275757858327250e-02	3.000000000000000e-08	3.000000000000000e-06
5.624928e+02	4.922545760925000e-02	2.282011069746767e-02	3.000000000000000e-08	3.000000000000000e-06
5.694509e+02	4.935388929028891e-02	2.288258934232531e-02	3.000000000000000e-08	3.000000000000000e-06
5.764527e+02	4.948194178267538e-02	2.294501770344247e-02	3.000000000000000e-08	3.000000000000000e-06
5.834985e+02	4.960962460209638e-02	2.300739897002166e-02	3.000000000000000e-08	3.000000000000000e-06
5.905889e+02	4.973694719788391e-02	2.306973633598266e-02	3.000000000000000e-08	3.000000000000000e-06
5.977244e+02	4.986391895662477e-02	2.313203300108785e-02	3.000000000000000e-08	3.000000000000000e-06
6.049054e+02	4.999054920574561e-02	2.319429217208256e-02	3.000000000000000e-08	3.000000000000000e-06
6.121326e+02	5.011684721707736e-02	2.325651706385127e-02	3.000000000000000e-08	3.000000000000000e-06
6.194063e+02	5.024282221040230e-02	2.331871090059104e-02	3.000000000000000e-08	3.000000000000000e-06
6.267273e+02	5.036848335698768e-02	2.338087691700344e-02	3.000000000000000e-08	3.000000000000000e-06
6.340960e+02	5.049383978310947e-02	2.344301835950612e-02	3.000000000000000e-08	3.000000000000000e-06
6.415130e+02	5.061890057357001e-02	2.350513848746540e-02	3.000000000000000e-08	3.000000000000000e-06
6.489789e+02	5.074367477521308e-02	2.356724057445132e-02	3.000000000000000e-08	3.000000000000000e-06
6.564942e+02	5.086817140044038e-02	2.362932790951644e-02	3.000000000000000e-08	3.000000000000000e-06
6.640596e+02	5.099239943073292e-02	2.369140379849996e-02	3.000000000000000e-08	3.000000000000000e-06
6.716757e+02	5.111636782018131e-02	2.375347156535858e-02	3.000000000000000e-08	3.000000000000000e-06
6.793431e+02	5.124008549902876e-02	2.381553455352582e-02	3.000000000000000e-08	3.000000000000000e-06
6.870625e+02	5.136356137723062e-02	2.387759612730126e-02	3.000000000000000e-08	3.000000000000000e-06
6.948344e+02	5.148680434803464e-02	2.393965967327162e-02	3.000000000000000e-08	3.000000000000000e-06
7.026596e+02	5.160982329158580e-02	2.400172860176532e-02	3.000000000000000e-08	3.000000000000000e-06
7.105388e+02	5.173262707856009e-02	2.406380634834238e-02	3.000000000000000e-08	3.000000000000000e-06
7.184726e+02	5.185522457383126e-02	2.412589637532173e-02	3.000000000000000e-08	3.000000000000000e-06
7.264618e+02	5.197762464017520e-02	2.418800217334780e-02	3.000000000000000e-08	3.000000000000000e-06
7.345070e+02	5.209983614201615e-02	2.425012726299866e-02	3.000000000000000e-08	3.000000000000000e-06
7.426092e+02	5.222186794921953e-02	2.431227519643785e-02	3.000000000000000e-08	3.000000000000000e-06
7.507689e+02	5.234372894093621e-02	2.437444955911216e-02	3.000000000000000e-08	3.000000000000000e-06
7.589869e+02	5.246542800950294e-02	2.443665397149802e-02	3.000000000000000e-08	3.000000000000000e-06
7.672642e+02	5.258697406440430e-02	2.449889209089884e-02	3.000000000000000e-08	3.000000000000000e-06
7.756015e+02	5.270837603630118e-02	2.456116761329607e-02	3.000000000000000e-08	3.000000000000000e-06
7.839995e+02	5.282964288113159e-02	2.462348427525683e-02	3.000000000000000e-08	3.000000000000000e-06
7.924593e+02	5.295078358428923e-02	2.468584585590105e-02	3.000000000000000e-08	3.000000000000000e-06
8.009816e+02	5.307180716488587e-02	2.474825617893118e-02	3.000000000000000e-08	3.000000000000000e-06
8.095674e+02	5.319272268010382e-02	2.481071911472795e-02	3.000000000000000e-08	3.000000000000000e-06
8.182175e+02	5.331353922964480e-02	2.487323858251535e-02	3.000000000000000e-08	3.000000000000000e-06
8.269329e+02	5.343426596028210e-02	2.493581855259873e-02	3.000000000000000e-08	3.000000000000000e-06
8.357146e+02	5.355491207052297e-02	2.499846304867973e-02	3.000000000000000e-08	3.000000000000000e-06
8.445636e+02	5.367548681538883e-02	2.506117615025217e-02	3.000000000000000e-08	3.000000000000000e-06
8.534809e+02	5.379599951132093e-02	2.512396199508311e-02	3.000000000000000e-08	3.000000000000000e-06
8.624674e+02	5.391645954121967e-02	2.518682478178369e-02	3.000000000000000e-08	3.000000000000000e-06
8.715243e+02	5.403687635962626e-02	2.524976877247447e-02	3.000000000000000e-08	3.000000000000000e-06
8.806527e+02	5.415725949805554e-02	2.531279829555040e-02	3.000000000000000e-08	3.000000000000000e-06
8.898537e+02	5.427761857048976e-02	2.537591774855071e-02	3.000000000000000e-08	3.000000000000000e-06
8.991284e+02	5.439796327904318e-02	2.543913160113951e-02	3.000000000000000e-08	3.000000000000000e-06
9.084780e+02	5.451830341980812e-02	2.550244439820293e-02	3.000000000000000e-08	3.000000000000000e-06
9.179037e+02	5.463864888889378e-02	2.556586076306947e-02	3.000000000000000e-08	3.000000000000000e-06
9.274068e+02	5.475900968866949e-02	2.562938540086004e-02	3.000000000000000e-08	3.000000000000000e-06
9.369885e+02	5.487939593422511e-02	2.569302310197509e-02	3.000000000000000e-08	3.000000000000000e-06
9.466502e+02	5.499981786006186e-02	2.575677874572642e-02	3.000000000000000e-08	3.000000000000000e-06
9.563932e+02	5.512028582702751e-02	2.582065730412177e-02	3.000000000000000e-08	3.000000000000000e-06
9.662188e+02	5.524081032951114e-02	2.588466384581087e-02	3.000000000000000e-08	3.000000000000000e-06
9.761286e+02	5.536140200291315e-02	2.594880354020219e-02	3.000000000000000e-08	3.000000000000000e-06
9.861239e+02	5.548207163140765e-02	2.601308166176017e-02	3.000000000000000e-08	3.000000000000000e-06
9.962063e+02	5.560283015601496e-02	2.607750359449333e-02	3.000000000000000e-08	3.000000000000000e-06
1.000000e+03	5.564794026713652e-02	2.610160691242481e-02	3.000000000000000e-08	3.000000000000000e-06
1.010261e+03	5.576951054560144e-02	2.616659412330194e-02	3.000000000000000e-08	3.000000000000000e-06
1.020557e+03	5.589051939510926e-02	2.623137708756744e-02	3.000000000000000e-08	3.000000000000000e-06
1.030945e+03	5.601166140235218e-02	2.629632614682880e-02	3.000000000000000e-08	3.000000000000000e-06
1.041427e+03	5.613294221340453e-02	2.636144397016718e-02	3.000000000000000e-08	3.000000000000000e-06
1.052006e+03	5.625437382080950e-02	2.642673664604951e-02	3.000000000000000e-08	3.000000000000000e-06
1.062682e+03	5.637596837889578e-02	2.649221037684756e-02	3.000000000000000e-08	3.000000000000000e-06
1.073458e+03	5.649773827054855e-02	2.655787151496486e-02	3.000000000000000e-08	3.000000000000000e-06
1.084336e+03	5.661969611826697e-02	2.662372656917479e-02	3.000000000000000e-08	3.000000000000000e-06
1.095317e+03	5.674185479628314e-02	2.668978221156427e-02	3.000000000000000e-08	3.000000000000000e-06
1.106404e+03	5.686422744326326e-02	2.675604528482809e-02	3.000000000000000e-08	3.000000000000000e-06
1.117598e+03	5.698682747563439e-02	2.682252280993909e-02	3.000000000000000e-08	3.000000000000000e-06
1.128903e+03	5.710966860157821e-02	2.688922199421874e-02	3.000000000000000e-08	3.000000000000000e-06
1.140320e+03	5.723276483573675e-02	2.695615023983446e-02	3.000000000000000e-08	3.000000000000000e-06
1.151851e+03	5.735613051467819e-02	2.702331515275212e-02	3.000000000000000e-08	3.000000000000000e-06
1.163499e+03	5.747978031317467e-02	2.709072455217439e-02	3.000000000000000e-08	3.000000000000000e-06
1.175267e+03	5.760372926134822e-02	2.715838648049797e-02	3.000000000000000e-08	3.000000000000000e-06
1.187157e+03	5.772799276274548e-02	2.722630921382551e-02	3.000000000000000e-08	3.000000000000000e-06
1.199171e+03	5.785258661340646e-02	2.729450127307091e-02	3.000000000000000e-08	3.000000000000000e-06
1.211313e+03	5.797752702199849e-02	2.736297143569976e-02	3.000000000000000e-08	3.000000000000000e-06
1.223586e+03	5.810283063109187e-02	2.743172874815037e-02	3.000000000000000e-08	3.000000000000000e-06
1.235992e+03	5.822851453966058e-02	2.750078253898445e-02	3.000000000000000e-08	3.000000000000000e-06
1.248534e+03	5.835459632689841e-02	2.757014243282096e-02	3.000000000000000e-08	3.000000000000000e-06
1.261216e+03	5.848109407744860e-02	2.763981836511103e-02	3.000000000000000e-08	3.000000000000000e-06
1.274041e+03	5.860802640815374e-02	2.770982059781717e-02	3.000000000000000e-08	3.000000000000000e-06
1.287012e+03	5.873541249644234e-02	2.778015973606542e-02	3.000000000000000e-08	3.000000000000000e-06
1.300134e+03	5.886327211047866e-02	2.785084674584542e-02	3.000000000000000e-08	3.000000000000000e-06
1.313409e+03	5.899162564121425e-02	2.792189297284025e-02	3.000000000000000e-08	3.000000000000000e-06
1.326841e+03	5.912049413649224e-02	2.799331016247532e-02	3.000000000000000e-08	3.000000000000000e-06
1.340436e+03	5.924989933736988e-02	2.806511048128419e-02	3.000000000000000e-08	3.000000000000000e-06
1.354196e+03	5.937986371684037e-02	2.813730653969847e-02	3.000000000000000e-08	3.000000000000000e-06
1.368126e+03	5.951041052115264e-02	2.820991141637919e-02	3.000000000000000e-08	3.000000000000000e-06
1.382231e+03	5.964156381394736e-02	2.828293868421877e-02	3.000000000000000e-08	3.000000000000000e-06
1.396515e+03	5.977334852344888e-02	2.835640243815556e-02	3.000000000000000e-08	3.000000000000000e-06
1.410984e+03	5.990579049297757e-02	2.843031732495701e-02	3.000000000000000e-08	3.000000000000000e-06
1.425642e+03	6.003891653507361e-02	2.850469857514402e-02	3.000000000000000e-08	3.000000000000000e-06
1.440495e+03	6.017275448955420e-02	2.857956203724665e-02	3.000000000000000e-08	3.000000000000000e-06
1.455549e+03	6.030733328585988e-02	2.865492421460172e-02	3.000000000000000e-08	3.000000000000000e-06
1.470809e+03	6.044268301008418e-02	2.873080230492549e-02	3.000000000000000e-08	3.000000000000000e-06
1.486282e+03	6.057883497712400e-02	2.880721424292000e-02	3.000000000000000e-08	3.000000000000000e-06
1.501974e+03	6.071582180843670e-02	2.888417874620076e-02	3.000000000000000e-08	3.000000000000000e-06
1.517892e+03	6.085367751594496e-02	2.896171536486554e-02	3.000000000000000e-08	3.000000000000000e-06
1.534042e+03	6.099243759269281e-02	2.903984453506147e-02	3.000000000000000e-08	3.000000000000000e-06
1.550433e+03	6.113213911092688e-02	2.911858763694884e-02	3.000000000000000e-08	3.000000000000000e-06
1.567072e+03	6.127282082835739e-02	2.919796705750796e-02	3.000000000000000e-08	3.000000000000000e-06
1.583968e+03	6.141452330344496e-02	2.927800625868960e-02	3.000000000000000e-08	3.000000000000000e-06
1.601128e+03	6.155728902066401e-02	2.935872985147109e-02	3.000000000000000e-08	3.000000000000000e-06
1.618563e+03	6.170116252681349e-02	2.944016367645137e-02	3.000000000000000e-08	3.000000000000000e-06
1.636281e+03	6.184619057958279e-02	2.952233489169937e-02	3.000000000000000e-08	3.000000000000000e-06
1.654294e+03	6.199242230973941e-02	2.960527206866374e-02	3.000000000000000e-08	3.000000000000000e-06
1.672611e+03	6.213990939848721e-02	2.968900529705968e-02	3.000000000000000e-08	3.000000000000000e-06
1.691244e+03	6.228870627175504e-02	2.977356629977364e-02	3.000000000000000e-08	3.000000000000000e-06
1.710205e+03	6.243887031342084e-02	2.985898855897132e-02	3.000000000000000e-08	3.000000000000000e-06
1.729506e+03	6.259046209976074e-02	2.994530745476250e-02	3.000000000000000e-08	3.000000000000000e-06
1.749162e+03	6.274354565774543e-02	3.003256041797328e-02	3.000000000000000e-08	3.000000000000000e-06
1.769186e+03	6.289818875019496e-02	3.012078709880571e-02	3.000000000000000e-08	3.000000000000000e-06
1.789594e+03	6.305446319126046e-02	3.021002955343512e-02	3.000000000000000e-08	3.000000000000000e-06
1.810403e+03	6.321244519623929e-02	3.030033245091391e-02	3.000000000000000e-08	3.000000000000000e-06
1.831628e+03	6.337221577036792e-02	3.039174330312644e-02	3.000000000000000e-08	3.000000000000000e-06
1.853290e+03	6.353386114199222e-02	3.048431272098716e-02	3.000000000000000e-08	3.000000000000000e-06
1.875407e+03	6.369747324641709e-02	3.057809470060623e-02	3.000000000000000e-08	3.000000000000000e-06
1.898001e+03	6.386315026781526e-02	3.067314694378430e-02	3.000000000000000e-08	3.000000000000000e-06
1.921095e+03	6.403099724787213e-02	3.076953121796422e-02	3.000000000000000e-08	3.000000000000000e-06
1.944714e+03	6.420112677140886e-02	3.086731376169214e-02	3.000000000000000e-08	3.000000000000000e-06
1.968883e+03	6.437365974112473e-02	3.096656574276218e-02	3.000000000000000e-08	3.000000000000000e-06
1.993631e+03	6.454872625591537e-02	3.106736377758664e-02	3.000000000000000e-08	3.000000000000000e-06
2.018990e+03	6.472646661006119e-02	3.116979052200982e-02	3.000000000000000e-08	3.000000000000000e-06
2.044993e+03	6.490703243407722e-02	3.127393534584891e-02	3.000000000000000e-08	3.000000000000000e-06
2.071677e+03	6.509058800235180e-02	3.137989510600624e-02	3.000000000000000e-08	3.000000000000000e-06
2.099080e+03	6.527731173810897e-02	3.148777503619058e-02	3.000000000000000e-08	3.000000000000000e-06
2.127247e+03	6.546739795302023e-02	3.159768977529553e-02	3.000000000000000e-08	3.000000000000000e-06
2.156225e+03	6.566105886737687e-02	3.170976456155194e-02	3.000000000000000e-08	3.000000000000000e-06
2.186066e+03	6.585852696766965e-02	3.182413662602921e-02	3.000000000000000e-08	3.000000000000000e-06
2.216828e+03	6.606005777246386e-02	3.194095682734919e-02	3.000000000000000e-08	3.000000000000000e-06
2.248576e+03	6.626593309563512e-02	3.206039158020868e-02	3.000000000000000e-08	3.000000000000000e-06
2.281380e+03	6.647646491978100e-02	3.218262514432589e-02	3.000000000000000e-08	3.000000000000000e-06
2.315319e+03	6.669200002395055e-02	3.230786235891862e-02	3.000000000000000e-08	3.000000000000000e-06
2.350482e+03	6.691292555159149e-02	3.243633193246848e-02	3.000000000000000e-08	3.000000000000000e-06
2.386969e+03	6.713967576089862e-02	3.256829043074473e-02	3.000000000000000e-08	3.000000000000000e-06
2.424892e+03	6.737274027653986e-02	3.270402715138016e-02	3.000000000000000e-08	3.000000000000000e-06
2.464382e+03	6.761267426789326e-02	3.284387013593547e-02	3.000000000000000e-08	3.000000000000000e-06
2.505585e+03	6.786011112779369e-02	3.298819365822749e-02	3.000000000000000e-08	3.000000000000000e-06
2.548671e+03	6.811577843783634e-02	3.313742765280583e-02	3.000000000000000e-08	3.000000000000000e-06
2.593838e+03	6.838051831355603e-02	3.329206972873759e-02	3.000000000000000e-08	3.000000000000000e-06
2.641317e+03	6.865531367656834e-02	3.345270068153414e-02	3.000000000000000e-08	3.000000000000000e-06
2.691383e+03	6.894132268506102e-02	3.362000481967815e-02	3.000000000000000e-08	3.000000000000000e-06
2.744363e+03	6.923992461039573e-02	3.379479704522517e-02	3.000000000000000e-08	3.000000000000000e-06
2.800655e+03	6.955278212165142e-02	3.397805961515663e-02	3.000000000000000e-08	3.000000000000000e-06
2.860746e+03	6.988192767271094e-02	3.417099312147989e-02	3.000000000000000e-08	3.000000000000000e-06
2.924086e+03	7.022364838715531e-02	3.437143185796566e-02	3.000000000000000e-08	3.000000000000000e-06
2.988694e+03	7.056683245933706e-02	3.457286241117047e-02	3.000000000000000e-08	3.000000000000000e-06
3.054634e+03	7.091171606802656e-02	3.477541532834369e-02	3.000000000000000e-08	3.000000000000000e-06
3.121930e+03	7.125830275835530e-02	3.497908493842229e-02	3.000000000000000e-08	3.000000000000000e-06
3.190606e+03	7.160660086366298e-02	3.518386846227695e-02	3.000000000000000e-08	3.000000000000000e-06
3.260686e+03	7.195661865232715e-02	3.538976317266113e-02	3.000000000000000e-08	3.000000000000000e-06
3.332197e+03	7.230836442763820e-02	3.559676645779279e-02	3.000000000000000e-08	3.000000000000000e-06
3.405164e+03	7.266184652665439e-02	3.580487582525282e-02	3.000000000000000e-08	3.000000000000000e-06
3.479612e+03	7.301707332109010e-02	3.601408890667154e-02	3.000000000000000e-08	3.000000000000000e-06
3.555568e+03	7.337405321814007e-02	3.622440346198207e-02	3.000000000000000e-08	3.000000000000000e-06
3.633060e+03	7.373279466128121e-02	3.643581738327614e-02	3.000000000000000e-08	3.000000000000000e-06
3.712114e+03	7.409330613105011e-02	3.664832869827344e-02	3.000000000000000e-08	3.000000000000000e-06
3.792759e+03	7.445559614579594e-02	3.686193557341722e-02	3.000000000000000e-08	3.000000000000000e-06
3.875022e+03	7.481967326240826e-02	3.707663631660917e-02	3.000000000000000e-08	3.000000000000000e-06
3.958934e+03	7.518554607701951e-02	3.729242937959765e-02	3.000000000000000e-08	3.000000000000000e-06
4.044523e+03	7.555322322568220e-02	3.750931336003378e-02	3.000000000000000e-08	3.000000000000000e-06
4.131819e+03	7.592271338502092e-02	3.772728700320978e-02	3.000000000000000e-08	3.000000000000000e-06
4.220852e+03	7.629402527285946e-02	3.794634920349491e-02	3.000000000000000e-08	3.000000000000000e-06
4.311654e+03	7.666716764882331e-02	3.816649900548401e-02	3.000000000000000e-08	3.000000000000000e-06
4.404256e+03	7.704214931491814e-02	3.838773560487373e-02	3.000000000000000e-08	3.000000000000000e-06
4.498690e+03	7.741897911608475e-02	3.861005834908183e-02	3.000000000000000e-08	3.000000000000000e-06
4.594989e+03	7.779766594073127e-02	3.883346673762431e-02	3.000000000000000e-08	3.000000000000000e-06
4.693186e+03	7.817821872124310e-02	3.905796042226540e-02	3.000000000000000e-08	3.000000000000000e-06
4.793315e+03	7.856064643447165e-02	3.928353920695487e-02	3.000000000000000e-08	3.000000000000000e-06
4.895410e+03	7.894495810220249e-02	3.951020304756701e-02	3.000000000000000e-08	3.000000000000000e-06
4.999506e+03	7.933116279160381e-02	3.973795205145515e-02	3.000000000000000e-08	3.000000000000000e-06
5.105640e+03	7.971926961565622e-02	3.996678647683528e-02	3.000000000000000e-08	3.000000000000000e-06
5.213846e+03	8.010928773356446e-02	4.019670673201184e-02	3.000000000000000e-08	3.000000000000000e-06
5.324162e+03	8.050122635115242e-02	4.042771337445834e-02	3.000000000000000e-08	3.000000000000000e-06
5.436626e+03	8.089509472124180e-02	4.065980710976504e-02	3.000000000000000e-08	3.000000000000000e-06
5.551276e+03	8.129090214401583e-02	4.089298879046518e-02	3.000000000000000e-08	3.000000000000000e-06
5.668151e+03	8.168865796736867e-02	4.112725941475124e-02	3.000000000000000e-08	3.000000000000000e-06
5.787290e+03	8.208837158724139e-02	4.136262012509161e-02	3.000000000000000e-08	3.000000000000000e-06
5.908734e+03	8.249005244794561e-02	4.159907220675802e-02	3.000000000000000e-08	3.000000000000000e-06
6.032524e+03	8.289371004247537e-02	4.183661708627325e-02	3.000000000000000e-08	3.000000000000000e-06
6.158702e+03	8.329935391280821e-02	4.207525632978833e-02	3.000000000000000e-08	3.000000000000000e-06
6.287310e+03	8.370699365019640e-02	4.231499164139790e-02	3.000000000000000e-08	3.000000000000000e-06
6.418392e+03	8.411663889544875e-02	4.255582486140166e-02	3.000000000000000e-08	3.000000000000000e-06
6.551992e+03	8.452829933920404e-02	4.279775796451984e-02	3.000000000000000e-08	3.000000000000000e-06
6.688154e+03	8.494198472219677e-02	4.304079305806967e-02	3.000000000000000e-08	3.000000000000000e-06
6.826924e+03	8.535770483551580e-02	4.328493238010969e-02	3.000000000000000e-08	3.000000000000000e-06
6.968349e+03	8.577546952085648e-02	4.353017829755797e-02	3.000000000000000e-08	3.000000000000000e-06
7.112476e+03	8.619528867076721e-02	4.377653330429043e-02	3.000000000000000e-08	3.000000000000000e-06
7.259354e+03	8.661717222889075e-02	4.402400001922432e-02	3.000000000000000e-08	3.000000000000000e-06
7.409031e+03	8.704113019020079e-02	4.427258118439215e-02	3.000000000000000e-08	3.000000000000000e-06
7.561557e+03	8.746717260123471e-02	4.452227966301064e-02	3.000000000000000e-08	3.000000000000000e-06
7.716983e+03	8.789530956032253e-02	4.477309843754892e-02	3.000000000000000e-08	3.000000000000000e-06
7.875361e+03	8.832555121781291e-02	4.502504060780003e-02	3.000000000000000e-08	3.000000000000000e-06
8.036744e+03	8.875790777629648e-02	4.527810938895933e-02	3.000000000000000e-08	3.000000000000000e-06
8.201185e+03	8.919238949082690e-02	4.553230810971293e-02	3.000000000000000e-08	3.000000000000000e-06
8.368738e+03	8.962900666914017e-02	4.578764021033958e-02	3.000000000000000e-08	3.000000000000000e-06
8.539460e+03	9.006776967187241e-02	4.604410924082822e-02	3.000000000000000e-08	3.000000000000000e-06
8.713406e+03	9.050868891277654e-02	4.630171885901414e-02	3.000000000000000e-08	3.000000000000000e-06
8.890635e+03	9.095177485893814e-02	4.656047282873565e-02	3.000000000000000e-08	3.000000000000000e-06
9.071205e+03	9.139703803099083e-02	4.682037501801346e-02	3.000000000000000e-08	3.000000000000000e-06
9.255175e+03	9.184448900333145e-02	4.708142939725444e-02	3.000000000000000e-08	3.000000000000000e-06
9.442606e+03	9.229413840433508e-02	4.734364003748138e-02	3.000000000000000e-08	3.000000000000000e-06
9.633561e+03	9.274599691657053e-02	4.760701110859015e-02	3.000000000000000e-08	3.000000000000000e-06
9.828101e+03	9.320007527701618e-02	4.787154687763550e-02	3.000000000000000e-08	3.000000000000000e-06
1.000000e+04	9.359597987930555e-02	4.810208865498405e-02	3.000000000000000e-08	3.000000000000000e-06
1.020191e+04	9.405535611422315e-02	4.836946476442337e-02	3.000000000000000e-08	3.000000000000000e-06
1.040709e+04	9.451584551924590e-02	4.863735599854996e-02	3.000000000000000e-08	3.000000000000000e-06
1.061612e+04	9.497861795152464e-02	4.890644161355642e-02	3.000000000000000e-08	3.000000000000000e-06
1.082906e+04	9.544366291821747e-02	4.917671381776079e-02	3.000000000000000e-08	3.000000000000000e-06
1.104598e+04	9.591099187855069e-02	4.944817764726271e-02	3.000000000000000e-08	3.000000000000000e-06
1.126695e+04	9.638061594183472e-02	4.972083798837560e-02	3.000000000000000e-08	3.000000000000000e-06
1.149204e+04	9.685254628103993e-02	4.999469981654450e-02	3.000000000000000e-08	3.000000000000000e-06
1.172132e+04	9.732679412536879e-02	5.026976819046698e-02	3.000000000000000e-08	3.000000000000000e-06
1.195488e+04	9.780337076062626e-02	5.054604825077927e-02	3.000000000000000e-08	3.000000000000000e-06
1.219278e+04	9.828228752944751e-02	5.082354521869209e-02	3.000000000000000e-08	3.000000000000000e-06
1.243511e+04	9.876355583153047e-02	5.110226439466160e-02	3.000000000000000e-08	3.000000000000000e-06
1.268194e+04	9.924718712387018e-02	5.138221115709359e-02	3.000000000000000e-08	3.000000000000000e-06
1.293335e+04	9.973319292099525e-02	5.166339096108088e-02	3.000000000000000e-08	3.000000000000000e-06
1.318942e+04	1.002215847952063e-01	5.194580933717372e-02	3.000000000000000e-08	3.000000000000000e-06
1.345025e+04	1.007123743768166e-01	5.222947189018274e-02	3.000000000000000e-08	3.000000000000000e-06
1.371591e+04	1.012055733543949e-01	5.251438429801431e-02	3.000000000000000e-08	3.000000000000000e-06
1.398649e+04	1.017011934750101e-01	5.280055231053793e-02	3.000000000000000e-08	3.000000000000000e-06
1.426207e+04	1.021992465444787e-01	5.308798174848517e-02	3.000000000000000e-08	3.000000000000000e-06
1.454275e+04	1.026997444276138e-01	5.337667850237993e-02	3.000000000000000e-08	3.000000000000000e-06
1.482862e+04	1.032026990484768e-01	5.366664853149943e-02	3.000000000000000e-08	3.000000000000000e-06
1.511977e+04	1.037081223906312e-01	5.395789786286555e-02	3.000000000000000e-08	3.000000000000000e-06
1.541629e+04	1.042160264973986e-01	5.425043259026618e-02	3.000000000000000e-08	3.000000000000000e-06
1.571829e+04	1.047264234721168e-01	5.454425887330588e-02	3.000000000000000e-08	3.000000000000000e-06
1.602585e+04	1.052393254784007e-01	5.483938293648552e-02	3.000000000000000e-08	3.000000000000000e-06
1.633908e+04	1.057547447404047e-01	5.513581106831036e-02	3.000000000000000e-08	3.000000000000000e-06
1.665808e+04	1.062726935430878e-01	5.543354962042616e-02	3.000000000000000e-08	3.000000000000000e-06
1.698294e+04	1.067931842324811e-01	5.573260500678256e-02	3.000000000000000e-08	3.000000000000000e-06
1.731379e+04	1.073162292159569e-01	5.603298370282356e-02	3.000000000000000e-08	3.000000000000000e-06
1.765072e+04	1.078418409625011e-01	5.633469224470433e-02	3.000000000000000e-08	3.000000000000000e-06
1.799384e+04	1.083700320029863e-01	5.663773722853392e-02	3.000000000000000e-08	3.000000000000000e-06
1.834326e+04	1.089008149304488e-01	5.694212530964338e-02	3.000000000000000e-08	3.000000000000000e-06
1.869909e+04	1.094342024003668e-01	5.724786320187875e-02	3.000000000000000e-08	3.000000000000000e-06
1.906146e+04	1.099702071309407e-01	5.755495767691842e-02	3.000000000000000e-08	3.000000000000000e-06
1.943047e+04	1.105088419033763e-01	5.786341556361432e-02	3.000000000000000e-08	3.000000000000000e-06
1.980624e+04	1.110501195621698e-01	5.817324374735652e-02	3.000000000000000e-08	3.000000000000000e-06
2.018890e+04	1.115940530153946e-01	5.848444916946058e-02	3.000000000000000e-08	3.000000000000000e-06
2.057856e+04	1.121406552349914e-01	5.879703882657739e-02	3.000000000000000e-08	3.000000000000000e-06
2.097536e+04	1.126899392570588e-01	5.911101977012481e-02	3.000000000000000e-08	3.000000000000000e-06
2.137941e+04	1.132419181821477e-01	5.942639910574067e-02	3.000000000000000e-08	3.000000000000000e-06
2.179086e+04	1.137966051755568e-01	5.974318399275676e-02	3.000000000000000e-08	3.000000000000000e-06
2.220983e+04	1.143540134676305e-01	6.006138164369321e-02	3.000000000000000e-08	3.000000000000000e-06
2.263645e+04	1.149141563540591e-01	6.038099932377289e-02	3.000000000000000e-08	3.000000000000000e-06
2.307086e+04	1.154770471961806e-01	6.070204435045530e-02	3.000000000000000e-08	3.000000000000000e-06
2.351321e+04	1.160426994212855e-01	6.102452409298961e-02	3.000000000000000e-08	3.000000000000000e-06
2.396362e+04	1.166111265229225e-01	6.134844597198626e-02	3.000000000000000e-08	3.000000000000000e-06
2.442225e+04	1.171823420612072e-01	6.167381745900684e-02	3.000000000000000e-08	3.000000000000000e-06
2.488925e+04	1.177563596631328e-01	6.200064607617176e-02	3.000000000000000e-08	3.000000000000000e-06
2.536476e+04	1.183331930228822e-01	6.232893939578527e-02	3.000000000000000e-08	3.000000000000000e-06
2.584893e+04	1.189128559021426e-01	6.265870503997745e-02	3.000000000000000e-08	3.000000000000000e-06
2.634192e+04	1.194953621304225e-01	6.298995068036280e-02	3.000000000000000e-08	3.000000000000000e-06
2.684388e+04	1.200807256053699e-01	6.332268403771503e-02	3.000000000000000e-08	3.000000000000000e-06
2.735498e+04	1.206689602930935e-01	6.365691288165758e-02	3.000000000000000e-08	3.000000000000000e-06
2.787538e+04	1.212600802284846e-01	6.399264503036965e-02	3.000000000000000e-08	3.000000000000000e-06
2.840524e+04	1.218540995155428e-01	6.432988835030723e-02	3.000000000000000e-08	3.000000000000000e-06
2.894474e+04	1.224510323277017e-01	6.466865075593886e-02	3.000000000000000e-08	3.000000000000000e-06
2.949404e+04	1.230508929081586e-01	6.500894020949581e-02	3.000000000000000e-08	3.000000000000000e-06
3.005332e+04	1.236536955702044e-01	6.535076472073609e-02	3.000000000000000e-08	3.000000000000000e-06
3.062276e+04	1.242594546975569e-01	6.569413234672236e-02	3.000000000000000e-08	3.000000000000000e-06
3.120254e+04	1.248681847446951e-01	6.603905119161305e-02	3.000000000000000e-08	3.000000000000000e-06
3.179284e+04	1.254799002371964e-01	6.638552940646654e-02	3.000000000000000e-08	3.000000000000000e-06
3.239386e+04	1.260946157720746e-01	6.673357518905811e-02	3.000000000000000e-08	3.000000000000000e-06
3.300577e+04	1.267123460181211e-01	6.708319678370915e-02	3.000000000000000e-08	3.000000000000000e-06
3.362879e+04	1.273331057162475e-01	6.743440248112879e-02	3.000000000000000e-08	3.000000000000000e-06
3.426309e+04	1.279569096798296e-01	6.778720061826700e-02	3.000000000000000e-08	3.000000000000000e-06
3.490890e+04	1.285837727950551e-01	6.814159957817947e-02	3.000000000000000e-08	3.000000000000000e-06
3.556640e+04	1.292137100212712e-01	6.849760778990370e-02	3.000000000000000e-08	3.000000000000000e-06
3.623582e+04	1.298467363913354e-01	6.885523372834604e-02	3.000000000000000e-08	3.000000000000000e-06
3.691736e+04	1.304828670119683e-01	6.921448591417949e-02	3.000000000000000e-08	3.000000000000000e-06
3.761123e+04	1.311221170641078e-01	6.957537291375206e-02	3.000000000000000e-08	3.000000000000000e-06
3.831767e+04	1.317645018032657e-01	6.993790333900518e-02	3.000000000000000e-08	3.000000000000000e-06
3.903689e+04	1.324100365598861e-01	7.030208584740220e-02	3.000000000000000e-08	3.000000000000000e-06
3.976912e+04	1.330587367397056e-01	7.066792914186666e-02	3.000000000000000e-08	3.000000000000000e-06
4.051459e+04	1.337106178241161e-01	7.103544197073000e-02	3.000000000000000e-08	3.000000000000000e-06
4.127354e+04	1.343656953705289e-01	7.140463312768852e-02	3.000000000000000e-08	3.000000000000000e-06
4.204621e+04	1.350239850127410e-01	7.177551145176951e-02	3.000000000000000e-08	3.000000000000000e-06
4.283284e+04	1.356855024613038e-01	7.214808582730611e-02	3.000000000000000e-08	3.000000000000000e-06
4.363369e+04	1.363502635038928e-01	7.252236518392088e-02	3.000000000000000e-08	3.000000000000000e-06
4.444901e+04	1.370182840056805e-01	7.289835849651773e-02	3.000000000000000e-08	3.000000000000000e-06
4.527905e+04	1.376895799097105e-01	7.327607478528213e-02	3.000000000000000e-08	3.000000000000000e-06
4.612407e+04	1.383641672372735e-01	7.365552311568928e-02	3.000000000000000e-08	3.000000000000000e-06
4.698436e+04	1.390420620882860e-01	7.403671259852027e-02	3.000000000000000e-08	3.000000000000000e-06
4.786017e+04	1.397232806416706e-01	7.441965238988561e-02	3.000000000000000e-08	3.000000000000000e-06
4.875178e+04	1.404078391557378e-01	7.480435169125657e-02	3.000000000000000e-08	3.000000000000000e-06
4.965948e+04	1.410957539685711e-01	7.519081974950356e-02	3.000000000000000e-08	3.000000000000000e-06
5.058356e+04	1.417870414984126e-01	7.557906585694177e-02	3.000000000000000e-08	3.000000000000000e-06
5.152430e+04	1.424817182440517e-01	7.596909935138364e-02	3.000000000000000e-08	3.000000000000000e-06
5.248200e+04	1.431798007852156e-01	7.636092961619832e-02	3.000000000000000e-08	3.000000000000000e-06
5.345697e+04	1.438813057829613e-01	7.675456608037759e-02	3.000000000000000e-08	3.000000000000000e-06
5.444951e+04	1.445862499800707e-01	7.715001821860824e-02	3.000000000000000e-08	3.000000000000000e-06
5.545994e+04	1.452946502014464e-01	7.754729555135101e-02	3.000000000000000e-08	3.000000000000000e-06
5.648858e+04	1.460065233545107e-01	7.794640764492544e-02	3.000000000000000e-08	3.000000000000000e-06
5.753575e+04	1.467218864296060e-01	7.834736411160088e-02	3.000000000000000e-08	3.000000000000000e-06
5.860178e+04	1.474407565003978e-01	7.875017460969345e-02	3.000000000000000e-08	3.000000000000000e-06
5.968700e+04	1.481631507242788e-01	7.915484884366869e-02	3.000000000000000e-08	3.000000000000000e-06
6.079177e+04	1.488890863427765e-01	7.956139656424979e-02	3.000000000000000e-08	3.000000000000000e-06
6.191643e+04	1.496185806819613e-01	7.996982756853149e-02	3.000000000000000e-08	3.000000000000000e-06
6.306134e+04	1.503516511528583e-01	8.038015170009918e-02	3.000000000000000e-08	3.000000000000000e-06
6.422685e+04	1.510883152518596e-01	8.079237884915341e-02	3.000000000000000e-08	3.000000000000000e-06
6.541334e+04	1.518285905611400e-01	8.120651895263936e-02	3.000000000000000e-08	3.000000000000000e-06
6.662117e+04	1.525724947490744e-01	8.162258199438154e-02	3.000000000000000e-08	3.000000000000000e-06
6.785074e+04	1.533200455706565e-01	8.204057800522320e-02	3.000000000000000e-08	3.000000000000000e-06
6.910242e+04	1.540712608679213e-01	8.246051706317072e-02	3.000000000000000e-08	3.000000000000000e-06
7.037662e+04	1.548261585703680e-01	8.288240929354257e-02	3.000000000000000e-08	3.000000000000000e-06
7.167373e+04	1.555847566953863e-01	8.330626486912288e-02	3.000000000000000e-08	3.000000000000000e-06
7.299417e+04	1.563470733486842e-01	8.373209401031956e-02	3.000000000000000e-08	3.000000000000000e-06
7.433834e+04	1.571131267247182e-01	8.415990698532677e-02	3.000000000000000e-08	3.000000000000000e-06
7.570668e+04	1.578829351071254e-01	8.458971411029169e-02	3.000000000000000e-08	3.000000000000000e-06
7.709962e+04	1.586565168691584e-01	8.502152574948547e-02	3.000000000000000e-08	3.000000000000000e-06
7.851759e+04	1.594338904741215e-01	8.545535231547839e-02	3.000000000000000e-08	3.000000000000000e-06
7.996105e+04	1.602150744758101e-01	8.589120426931898e-02	3.000000000000000e-08	3.000000000000000e-06
8.143044e+04	1.610000875189511e-01	8.632909212071704e-02	3.000000000000000e-08	3.000000000000000e-06
8.292624e+04	1.617889483396469e-01	8.676902642823063e-02	3.000000000000000e-08	3.000000000000000e-06
8.444890e+04	1.625816757658202e-01	8.721101779945678e-02	3.000000000000000e-08	3.000000000000000e-06
8.599892e+04	1.633782887176625e-01	8.765507689122594e-02	3.000000000000000e-08	3.000000000000000e-06
8.757678e+04	1.641788062080833e-01	8.810121440979995e-02	3.000000000000000e-08	3.000000000000000e-06
8.918298e+04	1.649832473431629e-01	8.854944111107384e-02	3.000000000000000e-08	3.000000000000000e-06
9.081803e+04	1.657916313226066e-01	8.899976780078070e-02	3.000000000000000e-08	3.000000000000000e-06
9.248243e+04	1.666039774402015e-01	8.945220533470041e-02	3.000000000000000e-08	3.000000000000000e-06
9.417673e+04	1.674203050842758e-01	8.990676461887141e-02	3.000000000000000e-08	3.000000000000000e-06
9.590144e+04	1.682406337381595e-01	9.036345660980590e-02	3.000000000000000e-08	3.000000000000000e-06
9.765711e+04	1.690649829806488e-01	9.082229231470818e-02	3.000000000000000e-08	3.000000000000000e-06
9.944430e+04	1.698933724864713e-01	9.128328279169626e-02	3.000000000000000e-08	3.000000000000000e-06
1.000000e+05	1.701480776408135e-01	9.142500358148735e-02	3.000000000000000e-08	3.000000000000000e-06
1.018519e+05	1.709920989888779e-01	9.189456893609455e-02	3.000000000000000e-08	3.000000000000000e-06
1.037140e+05	1.718297498471733e-01	9.236049673690692e-02	3.000000000000000e-08	3.000000000000000e-06
1.056099e+05	1.726716929491940e-01	9.282871984064342e-02	3.000000000000000e-08	3.000000000000000e-06
1.075398e+05	1.735177590871592e-01	9.329914422126542e-02	3.000000000000000e-08	3.000000000000000e-06
1.095043e+05	1.743679718210944e-01	9.377178308430695e-02	3.000000000000000e-08	3.000000000000000e-06
1.115041e+05	1.752223513829191e-01	9.424664778164611e-02	3.000000000000000e-08	3.000000000000000e-06
1.135397e+05	1.760809181649191e-01	9.472374975167999e-02	3.000000000000000e-08	3.000000000000000e-06
1.156119e+05	1.769436926581943e-01	9.520310048507376e-02	3.000000000000000e-08	3.000000000000000e-06
1.177213e+05	1.778106954542504e-01	9.568471152562243e-02	3.000000000000000e-08	3.000000000000000e-06
1.198685e+05	1.786819472454695e-01	9.616859447049123e-02	3.000000000000000e-08	3.000000000000000e-06
1.220542e+05	1.795574688256033e-01	9.665476097046939e-02	3.000000000000000e-08	3.000000000000000e-06
1.242791e+05	1.804372810902680e-01	9.714322273022651e-02	3.000000000000000e-08	3.000000000000000e-06
1.265439e+05	1.813214050374426e-01	9.763399150857127e-02	3.000000000000000e-08	3.000000000000000e-06
1.288494e+05	1.822098617679684e-01	9.812707911871280e-02	3.000000000000000e-08	3.000000000000000e-06
1.311962e+05	1.831026724860518e-01	9.862249742852432e-02	3.000000000000000e-08	3.000000000000000e-06
1.335851e+05	1.839998584997696e-01	9.912025836080930e-02	3.000000000000000e-08	3.000000000000000e-06
1.360168e+05	1.849014412215765e-01	9.962037389356999e-02	3.000000000000000e-08	3.000000000000000e-06
1.384921e+05	1.858074421688148e-01	1.001228560602782e-01	3.000000000000000e-08	3.000000000000000e-06
1.410119e+05	1.867178829642278e-01	1.006277169501486e-01	3.000000000000000e-08	3.000000000000000e-06
1.435768e+05	1.876327853364740e-01	1.011349687084140e-01	3.000000000000000e-08	3.000000000000000e-06
1.461877e+05	1.885521711206455e-01	1.016446235366030e-01	3.000000000000000e-08	3.000000000000000e-06
1.488454e+05	1.894760622587881e-01	1.021566936928203e-01	3.000000000000000e-08	3.000000000000000e-06
1.515508e+05	1.904044808004237e-01	1.026711914920282e-01	3.000000000000000e-08	3.000000000000000e-06
1.543046e+05	1.913374489030763e-01	1.031881293063315e-01	3.000000000000000e-08	3.000000000000000e-06
1.571079e+05	1.922749888327994e-01	1.037075195652635e-01	3.000000000000000e-08	3.000000000000000e-06
1.599614e+05	1.932171229647069e-01	1.042293747560750e-01	3.000000000000000e-08	3.000000000000000e-06
1.628661e+05	1.941638737835062e-01	1.047537074240242e-01	3.000000000000000e-08	3.000000000000000e-06
1.658228e+05	1.951152638840340e-01	1.052805301726705e-01	3.000000000000000e-08	3.000000000000000e-06
1.688326e+05	1.960713159717949e-01	1.058098556641684e-01	3.000000000000000e-08	3.000000000000000e-06
1.718963e+05	1.970320528635020e-01	1.063416966195648e-01	3.000000000000000e-08	3.000000000000000e-06
1.750150e+05	1.979974974876215e-01	1.068760658190977e-01	3.000000000000000e-08	3.000000000000000e-06
1.781895e+05	1.989676728849184e-01	1.074129761024972e-01	3.000000000000000e-08	3.000000000000000e-06
1.814210e+05	1.999426022090059e-01	1.079524403692882e-01	3.000000000000000e-08	3.000000000000000e-06
1.847104e+05	2.009223087268973e-01	1.084944715790956e-01	3.000000000000000e-08	3.000000000000000e-06
1.880587e+05	2.019068158195606e-01	1.090390827519503e-01	3.000000000000000e-08	3.000000000000000e-06
1.914671e+05	2.028961469824754e-01	1.095862869685988e-01	3.000000000000000e-08	3.000000000000000e-06
1.949366e+05	2.038903258261933e-01	1.101360973708133e-01	3.000000000000000e-08	3.000000000000000e-06
1.984683e+05	2.048893760769006e-01	1.106885271617044e-01	3.000000000000000e-08	3.000000000000000e-06
2.020633e+05	2.058933215769837e-01	1.112435896060356e-01	3.000000000000000e-08	3.000000000000000e-06
2.057227e+05	2.069021862855976e-01	1.118012980305395e-01	3.000000000000000e-08	3.000000000000000e-06
2.094478e+05	2.079159942792368e-01	1.123616658242361e-01	3.000000000000000e-08	3.000000000000000e-06
2.132396e+05	2.089347697523092e-01	1.129247064387531e-01	3.000000000000000e-08	3.000000000000000e-06
2.170994e+05	2.099585370177133e-01	1.134904333886475e-01	3.000000000000000e-08	3.000000000000000e-06
2.210284e+05	2.109873205074170e-01	1.140588602517294e-01	3.000000000000000e-08	3.000000000000000e-06
2.250279e+05	2.120211447730406e-01	1.146300006693880e-01	3.000000000000000e-08	3.000000000000000e-06
2.290990e+05	2.130600344864421e-01	1.152038683469184e-01	3.000000000000000e-08	3.000000000000000e-06
2.332431e+05	2.141040144403047e-01	1.157804770538518e-01	3.000000000000000e-08	3.000000000000000e-06
2.374616e+05	2.151531095487288e-01	1.163598406242855e-01	3.000000000000000e-08	3.000000000000000e-06
2.417556e+05	2.162073448478249e-01	1.169419729572168e-01	3.000000000000000e-08	3.000000000000000e-06
2.461267e+05	2.172667454963113e-01	1.175268880168770e-01	3.000000000000000e-08	3.000000000000000e-06
2.505761e+05	2.183313367761136e-01	1.181145998330683e-01	3.000000000000000e-08	3.000000000000000e-06
2.551052e+05	2.194011440929670e-01	1.187051225015019e-01	3.000000000000000e-08	3.000000000000000e-06
2.597156e+05	2.204761929770228e-01	1.192984701841381e-01	3.000000000000000e-08	3.000000000000000e-06
2.644087e+05	2.215565090834564e-01	1.198946571095283e-01	3.000000000000000e-08	3.000000000000000e-06
2.691859e+05	2.226421181930790e-01	1.204936975731585e-01	3.000000000000000e-08	3.000000000000000e-06
2.740488e+05	2.237330462129527e-01	1.210956059377950e-01	3.000000000000000e-08	3.000000000000000e-06
2.789988e+05	2.248293191770077e-01	1.217003966338311e-01	3.000000000000000e-08	3.000000000000000e-06
2.840377e+05	2.259309632466633e-01	1.223080841596366e-01	3.000000000000000e-08	3.000000000000000e-06
2.891668e+05	2.270380047114511e-01	1.229186830819084e-01	3.000000000000000e-08	3.000000000000000e-06
2.943880e+05	2.281504699896425e-01	1.235322080360227e-01	3.000000000000000e-08	3.000000000000000e-06
2.997028e+05	2.292683856288783e-01	1.241486737263900e-01	3.000000000000000e-08	3.000000000000000e-06
3.051129e+05	2.303917783068012e-01	1.247680949268105e-01	3.000000000000000e-08	3.000000000000000e-06
3.106201e+05	2.315206748316926e-01	1.253904864808322e-01	3.000000000000000e-08	3.000000000000000e-06
3.162260e+05	2.326551021431113e-01	1.260158633021106e-01	3.000000000000000e-08	3.000000000000000e-06
3.219325e+05	2.337950873125359e-01	1.266442403747701e-01	3.000000000000000e-08	3.000000000000000e-06
3.277413e+05	2.349406575440102e-01	1.272756327537669e-01	3.000000000000000e-08	3.000000000000000e-06
3.336543e+05	2.360918401747922e-01	1.279100555652543e-01	3.000000000000000e-08	3.000000000000000e-06
3.396734e+05	2.372486626760053e-01	1.285475240069489e-01	3.000000000000000e-08	3.000000000000000e-06
3.458004e+05	2.384111526532937e-01	1.291880533485000e-01	3.000000000000000e-08	3.000000000000000e-06
3.520374e+05	2.395793378474807e-01	1.298316589318587e-01	3.000000000000000e-08	3.000000000000000e-06
3.583862e+05	2.407532461352296e-01	1.304783561716509e-01	3.000000000000000e-08	3.000000000000000e-06
3.648490e+05	2.419329055297091e-01	1.311281605555508e-01	3.000000000000000e-08	3.000000000000000e-06
3.714277e+05	2.431183441812607e-01	1.317810876446563e-01	3.000000000000000e-08	3.000000000000000e-06
3.781245e+05	2.443095903780699e-01	1.324371530738669e-01	3.000000000000000e-08	3.000000000000000e-06
3.849414e+05	2.455066725468411e-01	1.330963725522627e-01	3.000000000000000e-08	3.000000000000000e-06
3.918806e+05	2.467096192534750e-01	1.337587618634852e-01	3.000000000000000e-08	3.000000000000000e-06
3.989444e+05	2.479184592037499e-01	1.344243368661205e-01	3.000000000000000e-08	3.000000000000000e-06
4.061349e+05	2.491332212440064e-01	1.350931134940838e-01	3.000000000000000e-08	3.000000000000000e-06
4.134545e+05	2.503539343618345e-01	1.357651077570059e-01	3.000000000000000e-08	3.000000000000000e-06
4.209054e+05	2.515806276867654e-01	1.364403357406213e-01	3.000000000000000e-08	3.000000000000000e-06
4.284901e+05	2.528133304909662e-01	1.371188136071584e-01	3.000000000000000e-08	3.000000000000000e-06
4.362109e+05	2.540520721899371e-01	1.378005575957316e-01	3.000000000000000e-08	3.000000000000000e-06
4.440703e+05	2.552968823432136e-01	1.384855840227348e-01	3.000000000000000e-08	3.000000000000000e-06
4.520707e+05	2.565477906550707e-01	1.391739092822374e-01	3.000000000000000e-08	3.000000000000000e-06
4.602148e+05	2.578048269752317e-01	1.398655498463812e-01	3.000000000000000e-08	3.000000000000000e-06
4.685052e+05	2.590680212995796e-01	1.405605222657803e-01	3.000000000000000e-08	3.000000000000000e-06
4.769443e+05	2.603374037708723e-01	1.412588431699216e-01	3.000000000000000e-08	3.000000000000000e-06
4.855350e+05	2.616130046794617e-01	1.419605292675687e-01	3.000000000000000e-08	3.000000000000000e-06
4.942799e+05	2.628948544640156e-01	1.426655973471661e-01	3.000000000000000e-08	3.000000000000000e-06
5.031819e+05	2.641829837122437e-01	1.433740642772462e-01	3.000000000000000e-08	3.000000000000000e-06
5.122438e+05	2.654774231616267e-01	1.440859470068383e-01	3.000000000000000e-08	3.000000000000000e-06
5.214684e+05	2.667782037001495e-01	1.448012625658788e-01	3.000000000000000e-08	3.000000000000000e-06
5.308586e+05	2.680853563670377e-01	1.455200280656237e-01	3.000000000000000e-08	3.000000000000000e-06
5.404176e+05	2.693989123534973e-01	1.462422606990635e-01	3.000000000000000e-08	3.000000000000000e-06
5.501482e+05	2.707189030034591e-01	1.469679777413387e-01	3.000000000000000e-08	3.000000000000000e-06
5.600536e+05	2.720453598143256e-01	1.476971965501588e-01	3.000000000000000e-08	3.000000000000000e-06
5.701370e+05	2.733783144377220e-01	1.484299345662220e-01	3.000000000000000e-08	3.000000000000000e-06
5.804015e+05	2.747177986802514e-01	1.491662093136378e-01	3.000000000000000e-08	3.000000000000000e-06
5.908505e+05	2.760638445042526e-01	1.499060384003505e-01	3.000000000000000e-08	3.000000000000000e-06
6.014872e+05	2.774164840285628e-01	1.506494395185657e-01	3.000000000000000e-08	3.000000000000000e-06
6.123151e+05	2.787757495292830e-01	1.513964304451781e-01	3.000000000000000e-08	3.000000000000000e-06
6.233375e+05	2.801416734405480e-01	1.521470290422016e-01	3.000000000000000e-08	3.000000000000000e-06
6.345581e+05	2.815142883552994e-01	1.529012532572011e-01	3.000000000000000e-08	3.000000000000000e-06
6.459803e+05	2.828936270260631e-01	1.536591211237267e-01	3.000000000000000e-08	3.000000000000000e-06
6.576078e+05	2.842797223657300e-01	1.544206507617495e-01	3.000000000000000e-08	3.000000000000000e-06
6.694443e+05	2.856726074483410e-01	1.551858603781000e-01	3.000000000000000e-08	3.000000000000000e-06
6.814936e+05	2.870723155098756e-01	1.559547682669073e-01	3.000000000000000e-08	3.000000000000000e-06
6.937595e+05	2.884788799490442e-01	1.567273928100421e-01	3.000000000000000e-08	3.000000000000000e-06
7.062460e+05	2.898923343280848e-01	1.575037524775601e-01	3.000000000000000e-08	3.000000000000000e-06
7.189570e+05	2.913127123735629e-01	1.582838658281486e-01	3.000000000000000e-08	3.000000000000000e-06
7.318965e+05	2.927400479771763e-01	1.590677515095744e-01	3.000000000000000e-08	3.000000000000000e-06
7.450688e+05	2.941743751965623e-01	1.598554282591344e-01	3.000000000000000e-08	3.000000000000000e-06
7.584779e+05	2.956157282561108e-01	1.606469149041077e-01	3.000000000000000e-08	3.000000000000000e-06
7.721283e+05	2.970641415477795e-01	1.614422303622104e-01	3.000000000000000e-08	3.000000000000000e-06
7.860241e+05	2.985196496319147e-01	1.622413936420516e-01	3.000000000000000e-08	3.000000000000000e-06
8.001700e+05	2.999822872380748e-01	1.630444238435930e-01	3.000000000000000e-08	3.000000000000000e-06
8.145703e+05	3.014520892658587e-01	1.638513401586088e-01	3.000000000000000e-08	3.000000000000000e-06
8.292297e+05	3.029290907857378e-01	1.646621618711492e-01	3.000000000000000e-08	3.000000000000000e-06
8.441528e+05	3.044133270398925e-01	1.654769083580053e-01	3.000000000000000e-08	3.000000000000000e-06
8.593445e+05	3.059048334430522e-01	1.662955990891767e-01	3.000000000000000e-08	3.000000000000000e-06
8.748096e+05	3.074036455833401e-01	1.671182536283403e-01	3.000000000000000e-08	3.000000000000000e-06
8.905530e+05	3.089097992231213e-01	1.679448916333226e-01	3.000000000000000e-08	3.000000000000000e-06
9.065798e+05	3.104233302998560e-01	1.687755328565730e-01	3.000000000000000e-08	3.000000000000000e-06
9.228950e+05	3.119442749269561e-01	1.696101971456401e-01	3.000000000000000e-08	3.000000000000000e-06
9.395040e+05	3.134726693946466e-01	1.704489044436499e-01	3.000000000000000e-08	3.000000000000000e-06
9.564119e+05	3.150085501708306e-01	1.712916747897860e-01	3.000000000000000e-08	3.000000000000000e-06
9.736243e+05	3.165519539019588e-01	1.721385283197726e-01	3.000000000000000e-08	3.000000000000000e-06
9.911465e+05	3.181029174139040e-01	1.729894852663593e-01	3.000000000000000e-08	3.000000000000000e-06
1.000000e+06	3.188774332953911e-01	1.734144163867050e-01	3.000000000000000e-08	3.000000000000000e-06
1.018159e+06	3.204538268199272e-01	1.742792587380230e-01	3.000000000000000e-08	3.000000000000000e-06
1.036480e+06	3.220236514961287e-01	1.751404530913978e-01	3.000000000000000e-08	3.000000000000000e-06
1.055134e+06	3.236014203490927e-01	1.760059618365042e-01	3.000000000000000e-08	3.000000000000000e-06
1.074124e+06	3.251869126519487e-01	1.768756639044727e-01	3.000000000000000e-08	3.000000000000000e-06
1.093456e+06	3.267801708466637e-01	1.777495826013374e-01	3.000000000000000e-08	3.000000000000000e-06
1.113136e+06	3.283812328657862e-01	1.786277387579913e-01	3.000000000000000e-08	3.000000000000000e-06
1.133171e+06	3.299901369117957e-01	1.795101533520400e-01	3.000000000000000e-08	3.000000000000000e-06
1.153567e+06	3.316069213727051e-01	1.803968474615104e-01	3.000000000000000e-08	3.000000000000000e-06
1.174330e+06	3.332316248244986e-01	1.812878422661930e-01	3.000000000000000e-08	3.000000000000000e-06
1.195468e+06	3.348642860320248e-01	1.821831590481362e-01	3.000000000000000e-08	3.000000000000000e-06
1.216986e+06	3.365049439499214e-01	1.830828191921587e-01	3.000000000000000e-08	3.000000000000000e-06
1.238893e+06	3.381536377235438e-01	1.839868441863627e-01	3.000000000000000e-08	3.000000000000000e-06
1.261194e+06	3.398104066898988e-01	1.848952556226516e-01	3.000000000000000e-08	3.000000000000000e-06
1.283897e+06	3.414752903785822e-01	1.858080751972477e-01	3.000000000000000e-08	3.000000000000000e-06
1.307010e+06	3.431483285127215e-01	1.867253247112146e-01	3.000000000000000e-08	3.000000000000000e-06
1.330539e+06	3.448295610099232e-01	1.876470260709801e-01	3.000000000000000e-08	3.000000000000000e-06
1.354493e+06	3.465190279832245e-01	1.885732012888633e-01	3.000000000000000e-08	3.000000000000000e-06
1.378879e+06	3.482167697420496e-01	1.895038724836028e-01	3.000000000000000e-08	3.000000000000000e-06
1.403704e+06	3.499228267931708e-01	1.904390618808881e-01	3.000000000000000e-08	3.000000000000000e-06
1.428977e+06	3.516372398416747e-01	1.913787918138933e-01	3.000000000000000e-08	3.000000000000000e-06
1.454706e+06	3.533600497919325e-01	1.923230847238133e-01	3.000000000000000e-08	3.000000000000000e-06
1.480900e+06	3.550912977485751e-01	1.932719631604028e-01	3.000000000000000e-08	3.000000000000000e-06
1.507565e+06	3.568310250174737e-01	1.942254497825175e-01	3.000000000000000e-08	3.000000000000000e-06
1.534712e+06	3.585792731067242e-01	1.951835673586578e-01	3.000000000000000e-08	3.000000000000000e-06
1.562349e+06	3.603360837276373e-01	1.961463387675154e-01	3.000000000000000e-08	3.000000000000000e-06
1.590485e+06	3.621014987957327e-01	1.971137869985223e-01	3.000000000000000e-08	3.000000000000000e-06
1.619128e+06	3.638755604317386e-01	1.980859351524023e-01	3.000000000000000e-08	3.000000000000000e-06
1.648288e+06	3.656583109625964e-01	1.990628064417255e-01	3.000000000000000e-08	3.000000000000000e-06
1.677975e+06	3.674497929224691e-01	2.000444241914648e-01	3.000000000000000e-08	3.000000000000000e-06
1.708198e+06	3.692500490537565e-01	2.010308118395555e-01	3.000000000000000e-08	3.000000000000000e-06
1.738966e+06	3.710591223081133e-01	2.020219929374576e-01	3.000000000000000e-08	3.000000000000000e-06
1.770290e+06	3.728770558474739e-01	2.030179911507202e-01	3.000000000000000e-08	3.000000000000000e-06
1.802180e+06	3.747038930450815e-01	2.040188302595494e-01	3.000000000000000e-08	3.000000000000000e-06
1.834645e+06	3.765396774865218e-01	2.050245341593782e-01	3.000000000000000e-08	3.000000000000000e-06
1.867697e+06	3.783844529707625e-01	2.060351268614391e-01	3.000000000000000e-08	3.000000000000000e-06
1.901346e+06	3.802382635111979e-01	2.070506324933404e-01	3.000000000000000e-08	3.000000000000000e-06
1.935603e+06	3.821011533366979e-01	2.080710752996438e-01	3.000000000000000e-08	3.000000000000000e-06
1.970478e+06	3.839731668926624e-01	2.090964796424458e-01	3.000000000000000e-08	3.000000000000000e-06
2.005984e+06	3.858543488420819e-01	2.101268700019615e-01	3.000000000000000e-08	3.000000000000000e-06
2.042132e+06	3.877447440666014e-01	2.111622709771109e-01	3.000000000000000e-08	3.000000000000000e-06
2.078932e+06	3.896443976675910e-01	2.122027072861088e-01	3.000000000000000e-08	3.000000000000000e-06
2.116398e+06	3.915533549672213e-01	2.132482037670564e-01	3.000000000000000e-08	3.000000000000000e-06
2.154541e+06	3.934716615095439e-01	2.142987853785370e-01	3.000000000000000e-08	3.000000000000000e-06
2.193373e+06	3.953993630615775e-01	2.153544772002130e-01	3.000000000000000e-08	3.000000000000000e-06
2.232907e+06	3.973365056143986e-01	2.164153044334273e-01	3.000000000000000e-08	3.000000000000000e-06
2.273157e+06	3.992831353842387e-01	2.174812924018064e-01	3.000000000000000e-08	3.000000000000000e-06
2.314133e+06	4.012392988135859e-01	2.185524665518671e-01	3.000000000000000e-08	3.000000000000000e-06
2.355851e+06	4.032050425722923e-01	2.196288524536258e-01	3.000000000000000e-08	3.000000000000000e-06
2.398324e+06	4.051804135586866e-01	2.207104758012103e-01	3.000000000000000e-08	3.000000000000000e-06
2.441564e+06	4.071654589006926e-01	2.217973624134757e-01	3.000000000000000e-08	3.000000000000000e-06
2.485587e+06	4.091602259569525e-01	2.228895382346218e-01	3.000000000000000e-08	3.000000000000000e-06
2.530406e+06	4.111647623179565e-01	2.239870293348146e-01	3.000000000000000e-08	3.000000000000000e-06
2.576036e+06	4.131791158071770e-01	2.250898619108100e-01	3.000000000000000e-08	3.000000000000000e-06
2.622492e+06	4.152033344822093e-01	2.261980622865810e-01	3.000000000000000e-08	3.000000000000000e-06
2.669788e+06	4.172374666359169e-01	2.273116569139475e-01	3.000000000000000e-08	3.000000000000000e-06
2.717940e+06	4.192815607975836e-01	2.284306723732096e-01	3.000000000000000e-08	3.000000000000000e-06
2.766963e+06	4.213356657340700e-01	2.295551353737834e-01	3.000000000000000e-08	3.000000000000000e-06
2.816874e+06	4.233998304509765e-01	2.306850727548401e-01	3.000000000000000e-08	3.000000000000000e-06
2.867689e+06	4.254741041938118e-01	2.318205114859481e-01	3.000000000000000e-08	3.000000000000000e-06
2.919423e+06	4.275585364491666e-01	2.329614786677186e-01	3.000000000000000e-08	3.000000000000000e-06
2.972094e+06	4.296531769458941e-01	2.341080015324533e-01	3.000000000000000e-08	3.000000000000000e-06
3.025719e+06	4.317580756562951e-01	2.352601074447962e-01	3.000000000000000e-08	3.000000000000000e-06
3.080315e+06	4.338732827973101e-01	2.364178239023884e-01	3.000000000000000e-08	3.000000000000000e-06
3.135900e+06	4.359988488317160e-01	2.375811785365249e-01	3.000000000000000e-08	3.000000000000000e-06
3.192491e+06	4.381348244693293e-01	2.387501991128167e-01	3.000000000000000e-08	3.000000000000000e-06
3.250107e+06	4.402812606682157e-01	2.399249135318535e-01	3.000000000000000e-08	3.000000000000000e-06
3.308768e+06	4.424382086359044e-01	2.411053498298720e-01	3.000000000000000e-08	3.000000000000000e-06
3.368491e+06	4.446057198306096e-01	2.422915361794256e-01	3.000000000000000e-08	3.000000000000000e-06
3.429296e+06	4.467838459624568e-01	2.434835008900583e-01	3.000000000000000e-08	3.000000000000000e-06
3.491203e+06	4.489726389947163e-01	2.446812724089816e-01	3.000000000000000e-08	3.000000000000000e-06
3.554232e+06	4.511721511450414e-01	2.458848793217546e-01	3.000000000000000e-08	3.000000000000000e-06
3.618404e+06	4.533824348867142e-01	2.470943503529673e-01	3.000000000000000e-08	3.000000000000000e-06
3.683739e+06	4.556035429498960e-01	2.483097143669273e-01	3.000000000000000e-08	3.000000000000000e-06
3.750258e+06	4.578355283228849e-01	2.495310003683501e-01	3.000000000000000e-08	3.000000000000000e-06
3.817983e+06	4.600784442533792e-01	2.507582375030518e-01	3.000000000000000e-08	3.000000000000000e-06
3.886936e+06	4.623323442497465e-01	2.519914550586462e-01	3.000000000000000e-08	3.000000000000000e-06
3.957139e+06	4.645972820822998e-01	2.532306824652448e-01	3.000000000000000e-08	3.000000000000000e-06
4.028616e+06	4.668733117845797e-01	2.544759492961600e-01	3.000000000000000e-08	3.000000000000000e-06
4.101389e+06	4.691604876546423e-01	2.557272852686118e-01	3.000000000000000e-08	3.000000000000000e-06
4.175482e+06	4.714588642563536e-01	2.569847202444384e-01	3.000000000000000e-08	3.000000000000000e-06
4.250919e+06	4.737684964206911e-01	2.582482842308090e-01	3.000000000000000e-08	3.000000000000000e-06
4.327725e+06	4.760894392470506e-01	2.595180073809419e-01	3.000000000000000e-08	3.000000000000000e-06
4.405924e+06	4.784217481045598e-01	2.607939199948240e-01	3.000000000000000e-08	3.000000000000000e-06
4.485542e+06	4.807654786333989e-01	2.620760525199352e-01	3.000000000000000e-08	3.000000000000000e-06
4.566605e+06	4.831206867461265e-01	2.633644355519761e-01	3.000000000000000e-08	3.000000000000000e-06
4.649140e+06	4.854874286290132e-01	2.646590998355983e-01	3.000000000000000e-08	3.000000000000000e-06
4.733172e+06	4.878657607433811e-01	2.659600762651398e-01	3.000000000000000e-08	3.000000000000000e-06
4.818730e+06	4.902557398269498e-01	2.672673958853622e-01	3.000000000000000e-08	3.000000000000000e-06
4.905841e+06	4.926574228951890e-01	2.685810898921928e-01	3.000000000000000e-08	3.000000000000000e-06
4.994534e+06	4.950708672426783e-01	2.699011896334695e-01	3.000000000000000e-08	3.000000000000000e-06
5.084838e+06	4.974961304444728e-01	2.712277266096901e-01	3.000000000000000e-08	3.000000000000000e-06
5.176781e+06	4.999332703574761e-01	2.725607324747640e-01	3.000000000000000e-08	3.000000000000000e-06
5.270394e+06	5.023823451218195e-01	2.739002390367689e-01	3.000000000000000e-08	3.000000000000000e-06
5.365707e+06	5.048434131622479e-01	2.752462782587100e-01	3.000000000000000e-08	3.000000000000000e-06
5.462752e+06	5.073165331895135e-01	2.765988822592839e-01	3.000000000000000e-08	3.000000000000000e-06
5.561560e+06	5.098017642017750e-01	2.779580833136450e-01	3.000000000000000e-08	3.000000000000000e-06
5.662163e+06	5.122991654860043e-01	2.793239138541770e-01	3.000000000000000e-08	3.000000000000000e-06
5.764594e+06	5.148087966193999e-01	2.806964064712668e-01	3.000000000000000e-08	3.000000000000000e-06
5.868887e+06	5.173307174708078e-01	2.820755939140833e-01	3.000000000000000e-08	3.000000000000000e-06
5.975075e+06	5.198649882021482e-01	2.834615090913589e-01	3.000000000000000e-08	3.000000000000000e-06
6.083193e+06	5.224116692698504e-01	2.848541850721757e-01	3.000000000000000e-08	3.000000000000000e-06
6.193276e+06	5.249708214262938e-01	2.862536550867550e-01	3.000000000000000e-08	3.000000000000000e-06
6.305361e+06	5.275425057212566e-01	2.876599525272507e-01	3.000000000000000e-08	3.000000000000000e-06
6.419483e+06	5.301267835033712e-01	2.890731109485465e-01	3.000000000000000e-08	3.000000000000000e-06
6.535681e+06	5.327237164215868e-01	2.904931640690573e-01	3.000000000000000e-08	3.000000000000000e-06
6.653991e+06	5.353333664266392e-01	2.919201457715341e-01	3.000000000000000e-08	3.000000000000000e-06
6.774453e+06	5.379557957725282e-01	2.933540901038727e-01	3.000000000000000e-08	3.000000000000000e-06
6.897107e+06	5.405910670180010e-01	2.947950312799270e-01	3.000000000000000e-08	3.000000000000000e-06
7.021991e+06	5.432392430280443e-01	2.962430036803252e-01	3.000000000000000e-08	3.000000000000000e-06
7.149147e+06	5.459003869753831e-01	2.976980418532914e-01	3.000000000000000e-08	3.000000000000000e-06
7.278617e+06	5.485745623419865e-01	2.991601805154693e-01	3.000000000000000e-08	3.000000000000000e-06
7.410442e+06	5.512618329205815e-01	3.006294545527518e-01	3.000000000000000e-08	3.000000000000000e-06
7.544666e+06	5.539622628161738e-01	3.021058990211132e-01	3.000000000000000e-08	3.000000000000000e-06
7.681333e+06	5.566759164475757e-01	3.035895491474463e-01	3.000000000000000e-08	3.000000000000000e-06
7.820487e+06	5.594028585489430e-01	3.050804403304031e-01	3.000000000000000e-08	3.000000000000000e-06
7.962174e+06	5.621431541713171e-01	3.065786081412396e-01	3.000000000000000e-08	3.000000000000000e-06
8.106441e+06	5.648968686841768e-01	3.080840883246650e-01	3.000000000000000e-08	3.000000000000000e-06
8.253334e+06	5.676640677769962e-01	3.095969167996951e-01	3.000000000000000e-08	3.000000000000000e-06
8.402901e+06	5.704448174608113e-01	3.111171296605089e-01	3.000000000000000e-08	3.000000000000000e-06
8.555192e+06	5.732391840697936e-01	3.126447631773109e-01	3.000000000000000e-08	3.000000000000000e-06
8.710257e+06	5.760472342628312e-01	3.141798537971958e-01	3.000000000000000e-08	3.000000000000000e-06
8.868146e+06	5.788690350251188e-01	3.157224381450192e-01	3.000000000000000e-08	3.000000000000000e-06
9.028910e+06	5.817046536697537e-01	3.172725530242711e-01	3.000000000000000e-08	3.000000000000000e-06
9.192603e+06	5.845541578393417e-01	3.188302354179545e-01	3.000000000000000e-08	3.000000000000000e-06
9.359279e+06	5.874176155076090e-01	3.203955224894676e-01	3.000000000000000e-08	3.000000000000000e-06
9.528991e+06	5.902950949810228e-01	3.219684515834913e-01	3.000000000000000e-08	3.000000000000000e-06
9.701795e+06	5.931866649004206e-01	3.235490602268797e-01	3.000000000000000e-08	3.000000000000000e-06
9.877749e+06	5.960923942426454e-01	3.251373861295560e-01	3.000000000000000e-08	3.000000000000000e-06
1.000000e+07	5.980863884327848e-01	3.262273269799647e-01	3.000000000000000e-08	3.000000000000000e-06
1.018243e+07	6.010328714661130e-01	3.278378914265230e-01	3.000000000000000e-08	3.000000000000000e-06
1.036712e+07	6.039767191910893e-01	3.294469929731415e-01	3.000000000000000e-08	3.000000000000000e-06
1.055520e+07	6.069352904939624e-01	3.310641201677034e-01	3.000000000000000e-08	3.000000000000000e-06
1.074670e+07	6.099083436419530e-01	3.326891408827318e-01	3.000000000000000e-08	3.000000000000000e-06
1.094170e+07	6.128959551973308e-01	3.343220969709887e-01	3.000000000000000e-08	3.000000000000000e-06
1.114026e+07	6.158981963252269e-01	3.359630273346033e-01	3.000000000000000e-08	3.000000000000000e-06
1.134243e+07	6.189151386434222e-01	3.376119711225357e-01	3.000000000000000e-08	3.000000000000000e-06
1.154830e+07	6.219468541183888e-01	3.392689676737560e-01	3.000000000000000e-08	3.000000000000000e-06
1.175791e+07	6.249934150689154e-01	3.409340565192262e-01	3.000000000000000e-08	3.000000000000000e-06
1.197136e+07	6.280548941677967e-01	3.426072773828243e-01	3.000000000000000e-08	3.000000000000000e-06
1.218869e+07	6.311313644435665e-01	3.442886701822929e-01	3.000000000000000e-08	3.000000000000000e-06
1.240999e+07	6.342228992822394e-01	3.459782750301911e-01	3.000000000000000e-08	3.000000000000000e-06
1.263533e+07	6.373295724290593e-01	3.476761322348517e-01	3.000000000000000e-08	3.000000000000000e-06
1.286478e+07	6.404514579902584e-01	3.493822823013431e-01	3.000000000000000e-08	3.000000000000000e-06
1.309842e+07	6.435886304348236e-01	3.510967659324353e-01	3.000000000000000e-08	3.000000000000000e-06
1.333633e+07	6.467411645962721e-01	3.528196240295709e-01	3.000000000000000e-08	3.000000000000000e-06
1.357857e+07	6.499091356744351e-01	3.545508976938413e-01	3.000000000000000e-08	3.000000000000000e-06
1.382524e+07	6.530926192372508e-01	3.562906282269668e-01	3.000000000000000e-08	3.000000000000000e-06
1.407641e+07	6.562916912225663e-01	3.580388571322820e-01	3.000000000000000e-08	3.000000000000000e-06
1.433217e+07	6.595064279399472e-01	3.597956261157261e-01	3.000000000000000e-08	3.000000000000000e-06
1.459260e+07	6.627369060724979e-01	3.615609770868375e-01	3.000000000000000e-08	3.000000000000000e-06
1.485779e+07	6.659832026786890e-01	3.633349521597538e-01	3.000000000000000e-08	3.000000000000000e-06
1.512782e+07	6.692453951941946e-01	3.651175936542160e-01	3.000000000000000e-08	3.000000000000000e-06
1.540278e+07	6.725235614337384e-01	3.669089440965789e-01	3.000000000000000e-08	3.000000000000000e-06
1.568276e+07	6.758177795929489e-01	3.687090462208246e-01	3.000000000000000e-08	3.000000000000000e-06
1.596786e+07	6.791281282502236e-01	3.705179429695820e-01	3.000000000000000e-08	3.000000000000000e-06
1.625817e+07	6.824546863686025e-01	3.723356774951519e-01	3.000000000000000e-08	3.000000000000000e-06
1.655378e+07	6.857975332976501e-01	3.741622931605353e-01	3.000000000000000e-08	3.000000000000000e-06
1.685480e+07	6.891567487753477e-01	3.759978335404686e-01	3.000000000000000e-08	3.000000000000000e-06
1.716132e+07	6.925324129299940e-01	3.778423424224622e-01	3.000000000000000e-08	3.000000000000000e-06
1.747344e+07	6.959246062821155e-01	3.796958638078458e-01	3.000000000000000e-08	3.000000000000000e-06
1.779126e+07	6.993334097463864e-01	3.815584419128170e-01	3.000000000000000e-08	3.000000000000000e-06
1.811490e+07	7.027589046335568e-01	3.834301211694968e-01	3.000000000000000e-08	3.000000000000000e-06
1.844445e+07	7.062011726523926e-01	3.853109462269887e-01	3.000000000000000e-08	3.000000000000000e-06
1.878003e+07	7.096602959116217e-01	3.872009619524442e-01	3.000000000000000e-08	3.000000000000000e-06
1.912174e+07	7.131363569218930e-01	3.891002134321325e-01	3.000000000000000e-08	3.000000000000000e-06
1.946971e+07	7.166294385977426e-01	3.910087459725161e-01	3.000000000000000e-08	3.000000000000000e-06
1.982404e+07	7.201396242595709e-01	3.929266051013313e-01	3.000000000000000e-08	3.000000000000000e-06
2.018485e+07	7.236669976356285e-01	3.948538365686740e-01	3.000000000000000e-08	3.000000000000000e-06
2.055226e+07	7.272116428640130e-01	3.967904863480912e-01	3.000000000000000e-08	3.000000000000000e-06
2.092639e+07	7.307736444946741e-01	3.987366006376769e-01	3.000000000000000e-08	3.000000000000000e-06
2.130737e+07	7.343530874914299e-01	4.006922258611745e-01	3.000000000000000e-08	3.000000000000000e-06
2.169532e+07	7.379500572339922e-01	4.026574086690836e-01	3.000000000000000e-08	3.000000000000000e-06
2.209037e+07	7.415646395200017e-01	4.046321959397727e-01	3.000000000000000e-08	3.000000000000000e-06
2.249265e+07	7.451969205670740e-01	4.066166347805975e-01	3.000000000000000e-08	3.000000000000000e-06
2.290229e+07	7.488469870148544e-01	4.086107725290236e-01	3.000000000000000e-08	3.000000000000000e-06
2.331943e+07	7.525149259270839e-01	4.106146567537565e-01	3.000000000000000e-08	3.000000000000000e-06
2.374421e+07	7.562008247936742e-01	4.126283352558751e-01	3.000000000000000e-08	3.000000000000000e-06
2.417676e+07	7.599047715327945e-01	4.146518560699723e-01	3.000000000000000e-08	3.000000000000000e-06
2.461724e+07	7.636268544929660e-01	4.166852674653004e-01	3.000000000000000e-08	3.000000000000000e-06
2.506578e+07	7.673671624551693e-01	4.187286179469219e-01	3.000000000000000e-08	3.000000000000000e-06
2.552253e+07	7.711257846349608e-01	4.207819562568668e-01	3.000000000000000e-08	3.000000000000000e-06
2.598765e+07	7.749028106845989e-01	4.228453313752945e-01	3.000000000000000e-08	3.000000000000000e-06
2.646129e+07	7.786983306951817e-01	4.249187925216622e-01	3.000000000000000e-08	3.000000000000000e-06
2.694361e+07	7.825124351987952e-01	4.270023891558985e-01	3.000000000000000e-08	3.000000000000000e-06
2.743476e+07	7.863452151706707e-01	4.290961709795830e-01	3.000000000000000e-08	3.000000000000000e-06
2.793491e+07	7.901967620313542e-01	4.312001879371312e-01	3.000000000000000e-08	3.000000000000000e-06
2.844423e+07	7.940671676488861e-01	4.333144902169860e-01	3.000000000000000e-08	3.000000000000000e-06
2.896288e+07	7.979565243409903e-01	4.354391282528144e-01	3.000000000000000e-08	3.000000000000000e-06
2.949103e+07	8.018649248772759e-01	4.375741527247100e-01	3.000000000000000e-08	3.000000000000000e-06
3.002887e+07	8.057924624814488e-01	4.397196145604015e-01	3.000000000000000e-08	3.000000000000000e-06
3.057656e+07	8.097392308335335e-01	4.418755649364674e-01	3.000000000000000e-08	3.000000000000000e-06
3.113429e+07	8.137053240721072e-01	4.440420552795563e-01	3.000000000000000e-08	3.000000000000000e-06
3.170225e+07	8.176908367965431e-01	4.462191372676132e-01	3.000000000000000e-08	3.000000000000000e-06
3.228062e+07	8.216958640692666e-01	4.484068628311116e-01	3.000000000000000e-08	3.000000000000000e-06
3.286960e+07	8.257205014180209e-01	4.506052841542922e-01	3.000000000000000e-08	3.000000000000000e-06
3.346938e+07	8.297648448381443e-01	4.528144536764070e-01	3.000000000000000e-08	3.000000000000000e-06
3.408016e+07	8.338289907948592e-01	4.550344240929699e-01	3.000000000000000e-08	3.000000000000000e-06
3.470214e+07	8.379130362255715e-01	4.572652483570130e-01	3.000000000000000e-08	3.000000000000000e-06
3.533553e+07	8.420170785421813e-01	4.595069796803496e-01	3.000000000000000e-08	3.000000000000000e-06
3.598054e+07	8.461412156334056e-01	4.617596715348429e-01	3.000000000000000e-08	3.000000000000000e-06
3.663738e+07	8.502855458671117e-01	4.640233776536810e-01	3.000000000000000e-08	3.000000000000000e-06
3.730628e+07	8.544501680926621e-01	4.662981520326582e-01	3.000000000000000e-08	3.000000000000000e-06
3.798744e+07	8.586351816432712e-01	4.685840489314624e-01	3.000000000000000e-08	3.000000000000000e-06
3.868111e+07	8.628406863383734e-01	4.708811228749692e-01	3.000000000000000e-08	3.000000000000000e-06
3.938751e+07	8.670667824860027e-01	4.731894286545419e-01	3.000000000000000e-08	3.000000000000000e-06
4.010688e+07	8.713135708851837e-01	4.755090213293377e-01	3.000000000000000e-08	3.000000000000000e-06
4.083945e+07	8.755811528283350e-01	4.778399562276208e-01	3.000000000000000e-08	3.000000000000000e-06
4.158547e+07	8.798696301036838e-01	4.801822889480817e-01	3.000000000000000e-08	3.000000000000000e-06
4.234518e+07	8.841791049976924e-01	4.825360753611629e-01	3.000000000000000e-08	3.000000000000000e-06
4.311885e+07	8.885096802974964e-01	4.849013716103909e-01	3.000000000000000e-08	3.000000000000000e-06
4.390672e+07	8.928614592933557e-01	4.872782341137150e-01	3.000000000000000e-08	3.000000000000000e-06
4.470905e+07	8.972345457811164e-01	4.896667195648524e-01	3.000000000000000e-08	3.000000000000000e-06
4.552613e+07	9.016290440646854e-01	4.920668849346401e-01	3.000000000000000e-08	3.000000000000000e-06
4.635821e+07	9.060450589585166e-01	4.944787874723936e-01	3.000000000000000e-08	3.000000000000000e-06
4.720558e+07	9.104826957901101e-01	4.969024847072712e-01	3.000000000000000e-08	3.000000000000000e-06
4.806851e+07	9.149420604025229e-01	4.993380344496464e-01	3.000000000000000e-08	3.000000000000000e-06
4.894730e+07	9.194232591568919e-01	5.017854947924857e-01	3.000000000000000e-08	3.000000000000000e-06
4.984223e+07	9.239263989349699e-01	5.042449241127341e-01	3.000000000000000e-08	3.000000000000000e-06
5.075361e+07	9.284515871416730e-01	5.067163810727071e-01	3.000000000000000e-08	3.000000000000000e-06
5.168173e+07	9.329989317076417e-01	5.091999246214889e-01	3.000000000000000e-08	3.000000000000000e-06
5.262692e+07	9.375685410918133e-01	5.116956139963383e-01	3.000000000000000e-08	3.000000000000000e-06
5.358947e+07	9.421605242840080e-01	5.142035087241013e-01	3.000000000000000e-08	3.000000000000000e-06
5.456972e+07	9.467749908075264e-01	5.167236686226293e-01	3.000000000000000e-08	3.000000000000000e-06
5.556799e+07	9.514120507217613e-01	5.192561538022070e-01	3.000000000000000e-08	3.000000000000000e-06
5.658461e+07	9.560718146248206e-01	5.218010246669841e-01	3.000000000000000e-08	3.000000000000000e-06
5.761993e+07	9.607543936561646e-01	5.243583419164161e-01	3.000000000000000e-08	3.000000000000000e-06
5.867428e+07	9.654598994992546e-01	5.269281665467118e-01	3.000000000000000e-08	3.000000000000000e-06
5.974802e+07	9.701884443842163e-01	5.295105598522869e-01	3.000000000000000e-08	3.000000000000000e-06
6.084150e+07	9.749401410905143e-01	5.321055834272260e-01	3.000000000000000e-08	3.000000000000000e-06
6.195510e+07	9.797151029496415e-01	5.347132991667509e-01	3.000000000000000e-08	3.000000000000000e-06
6.308918e+07	9.845134438478201e-01	5.373337692686964e-01	3.000000000000000e-08	3.000000000000000e-06
6.424413e+07	9.893352782287173e-01	5.399670562349927e-01	3.000000000000000e-08	3.000000000000000e-06
6.542032e+07	9.941807210961722e-01	5.426132228731567e-01	3.000000000000000e-08	3.000000000000000e-06
6.661815e+07	9.990498880169389e-01	5.452723322977884e-01	3.000000000000000e-08	3.000000000000000e-06
6.783802e+07	1.003942895123441e+00	5.479444479320758e-01	3.000000000000000e-08	3.000000000000000e-06
6.908034e+07	1.008859859116539e+00	5.506296335093077e-01	3.000000000000000e-08	3.000000000000000e-06
7.034553e+07	1.013800897268313e+00	5.533279530743926e-01	3.000000000000000e-08	3.000000000000000e-06
7.163399e+07	1.018766127424860e+00	5.560394709853858e-01	3.000000000000000e-08	3.000000000000000e-06
7.294618e+07	1.023755668009100e+00	5.587642519150235e-01	3.000000000000000e-08	3.000000000000000e-06
7.428252e+07	1.028769638023603e+00	5.615023608522657e-01	3.000000000000000e-08	3.000000000000000e-06
7.564346e+07	1.033808157053421e+00	5.642538631038441e-01	3.000000000000000e-08	3.000000000000000e-06
7.702945e+07	1.038871345268943e+00	5.670188242958204e-01	3.000000000000000e-08	3.000000000000000e-06
7.844097e+07	1.043959323428757e+00	5.697973103751505e-01	3.000000000000000e-08	3.000000000000000e-06
7.987848e+07	1.049072212882531e+00	5.725893876112562e-01	3.000000000000000e-08	3.000000000000000e-06
8.134245e+07	1.054210135573904e+00	5.753951225976061e-01	3.000000000000000e-08	3.000000000000000e-06
8.283340e+07	1.059373214043395e+00	5.782145822533025e-01	3.000000000000000e-08	3.000000000000000e-06
8.435180e+07	1.064561571431320e+00	5.810478338246772e-01	3.000000000000000e-08	3.000000000000000e-06
8.589817e+07	1.069775331480732e+00	5.838949448868946e-01	3.000000000000000e-08	3.000000000000000e-06
8.747303e+07	1.075014618540370e+00	5.867559833455628e-01	3.000000000000000e-08	3.000000000000000e-06
8.907690e+07	1.080279557567621e+00	5.896310174383524e-01	3.000000000000000e-08	3.000000000000000e-06
9.071032e+07	1.085570274131502e+00	5.925201157366237e-01	3.000000000000000e-08	3.000000000000000e-06
9.237384e+07	1.090886894415649e+00	5.954233471470608e-01	3.000000000000000e-08	3.000000000000000e-06
9.406801e+07	1.096229545221330e+00	5.983407809133152e-01	3.000000000000000e-08	3.000000000000000e-06
9.579341e+07	1.101598353970466e+00	6.012724866176560e-01	3.000000000000000e-08	3.000000000000000e-06
9.755060e+07	1.106993448708665e+00	6.042185341826291e-01	3.000000000000000e-08	3.000000000000000e-06
9.934019e+07	1.112414958108281e+00	6.071789938727240e-01	3.000000000000000e-08	3.000000000000000e-06
1.000000e+08	1.114390353079467e+00	6.082576709433856e-01	3.000000000000000e-08	3.000000000000000e-06
1.018562e+08	1.119911783949035e+00	6.112726772629699e-01	3.000000000000000e-08	3.000000000000000e-06
1.037247e+08	1.125395378366410e+00	6.142670109548600e-01	3.000000000000000e-08	3.000000000000000e-06
1.056281e+08	1.130907005633246e+00	6.172766403960219e-01	3.000000000000000e-08	3.000000000000000e-06
1.075665e+08	1.136445596349004e+00	6.203009816365214e-01	3.000000000000000e-08	3.000000000000000e-06
1.095408e+08	1.142011304546911e+00	6.233401187876804e-01	3.000000000000000e-08	3.000000000000000e-06
1.115514e+08	1.147604262566414e+00	6.263941241145899e-01	3.000000000000000e-08	3.000000000000000e-06
1.135991e+08	1.153224603804868e+00	6.294630704597229e-01	3.000000000000000e-08	3.000000000000000e-06
1.156846e+08	1.158872462305067e+00	6.325470310177069e-01	3.000000000000000e-08	3.000000000000000e-06
1.178085e+08	1.164547972766038e+00	6.356460793412154e-01	3.000000000000000e-08	3.000000000000000e-06
1.199716e+08	1.170251270546106e+00	6.387602893426464e-01	3.000000000000000e-08	3.000000000000000e-06
1.221746e+08	1.175982491666132e+00	6.418897352958856e-01	3.000000000000000e-08	3.000000000000000e-06
1.244183e+08	1.181741772812750e+00	6.450344918380768e-01	3.000000000000000e-08	3.000000000000000e-06
1.267034e+08	1.187529251341624e+00	6.481946339714019e-01	3.000000000000000e-08	3.000000000000000e-06
1.290306e+08	1.193345065280729e+00	6.513702370648681e-01	3.000000000000000e-08	3.000000000000000e-06
1.314008e+08	1.199189353333635e+00	6.545613768561055e-01	3.000000000000000e-08	3.000000000000000e-06
1.338148e+08	1.205062254882816e+00	6.577681294531722e-01	3.000000000000000e-08	3.000000000000000e-06
1.362732e+08	1.210963909992972e+00	6.609905713363691e-01	3.000000000000000e-08	3.000000000000000e-06
1.387771e+08	1.216894459414370e+00	6.642287793600625e-01	3.000000000000000e-08	3.000000000000000e-06
1.413272e+08	1.222854044586196e+00	6.674828307545171e-01	3.000000000000000e-08	3.000000000000000e-06
1.439244e+08	1.228842807639927e+00	6.707528031277368e-01	3.000000000000000e-08	3.000000000000000e-06
1.465695e+08	1.234860891402723e+00	6.740387744673145e-01	3.000000000000000e-08	3.000000000000000e-06
1.492635e+08	1.240908439400828e+00	6.773408231422919e-01	3.000000000000000e-08	3.000000000000000e-06
1.520072e+08	1.246985595862991e+00	6.806590279050277e-01	3.000000000000000e-08	3.000000000000000e-06
1.548016e+08	1.253092505723907e+00	6.839934678930746e-01	3.000000000000000e-08	3.000000000000000e-06
1.576475e+08	1.259229314627670e+00	6.873442226310660e-01	3.000000000000000e-08	3.000000000000000e-06
1.605461e+08	1.265396168931246e+00	6.907113720326123e-01	3.000000000000000e-08	3.000000000000000e-06
1.634982e+08	1.271593215707960e+00	6.940949964022056e-01	3.000000000000000e-08	3.000000000000000e-06
1.665048e+08	1.277820602751005e+00	6.974951764371342e-01	3.000000000000000e-08	3.000000000000000e-06
1.695670e+08	1.284078478576962e+00	7.009119932294061e-01	3.000000000000000e-08	3.000000000000000e-06
1.726858e+08	1.290366992429340e+00	7.043455282676829e-01	3.000000000000000e-08	3.000000000000000e-06
1.758621e+08	1.296686294282140e+00	7.077958634392215e-01	3.000000000000000e-08	3.000000000000000e-06
1.790972e+08	1.303036534843420e+00	7.112630810318270e-01	3.000000000000000e-08	3.000000000000000e-06
1.823921e+08	1.309417865558897e+00	7.147472637358140e-01	3.000000000000000e-08	3.000000000000000e-06
1.857478e+08	1.315830438615550e+00	7.182484946459778e-01	3.000000000000000e-08	3.000000000000000e-06
1.891656e+08	1.322274406945254e+00	7.217668572635756e-01	3.000000000000000e-08	3.000000000000000e-06
1.926466e+08	1.328749924228420e+00	7.253024354983169e-01	3.000000000000000e-08	3.000000000000000e-06
1.961919e+08	1.335257144897660e+00	7.288553136703637e-01	3.000000000000000e-08	3.000000000000000e-06
1.998027e+08	1.341796224141474e+00	7.324255765123411e-01	3.000000000000000e-08	3.000000000000000e-06
2.034803e+08	1.348367317907940e+00	7.360133091713565e-01	3.000000000000000e-08	3.000000000000000e-06
2.072260e+08	1.354970582908436e+00	7.396185972110302e-01	3.000000000000000e-08	3.000000000000000e-06
2.110408e+08	1.361606176621380e+00	7.432415266135344e-01	3.000000000000000e-08	3.000000000000000e-06
2.149262e+08	1.368274257295975e+00	7.468821837816434e-01	3.000000000000000e-08	3.000000000000000e-06
2.188835e+08	1.374974983955988e+00	7.505406555407932e-01	3.000000000000000e-08	3.000000000000000e-06
2.229140e+08	1.381708516403539e+00	7.542170291411514e-01	3.000000000000000e-08	3.000000000000000e-06
2.270190e+08	1.388475015222910e+00	7.579113922596971e-01	3.000000000000000e-08	3.000000000000000e-06
2.312000e+08	1.395274641784370e+00	7.616238330023104e-01	3.000000000000000e-08	3.000000000000000e-06
2.354583e+08	1.402107558248031e+00	7.653544399058743e-01	3.000000000000000e-08	3.000000000000000e-06
2.397953e+08	1.408973927567700e+00	7.691033019403832e-01	3.000000000000000e-08	3.000000000000000e-06
2.442127e+08	1.415873913494776e+00	7.728705085110656e-01	3.000000000000000e-08	3.000000000000000e-06
2.487117e+08	1.422807680582146e+00	7.766561494605145e-01	3.000000000000000e-08	3.000000000000000e-06
2.532941e+08	1.429775394188110e+00	7.804603150708291e-01	3.000000000000000e-08	3.000000000000000e-06
2.579612e+08	1.436777220480321e+00	7.842830960657675e-01	3.000000000000000e-08	3.000000000000000e-06
2.627147e+08	1.443813326439750e+00	7.881245836129089e-01	3.000000000000000e-08	3.000000000000000e-06
2.675562e+08	1.450883879864663e+00	7.919848693258271e-01	3.000000000000000e-08	3.000000000000000e-06
2.724873e+08	1.457989049374620e+00	7.958640452662744e-01	3.000000000000000e-08	3.000000000000000e-06
2.775097e+08	1.465129004414498e+00	7.997622039463764e-01	3.000000000000000e-08	3.000000000000000e-06
2.826251e+08	1.472303915258529e+00	8.036794383308369e-01	3.000000000000000e-08	3.000000000000000e-06
2.878351e+08	1.479513953014356e+00	8.076158418391544e-01	3.000000000000000e-08	3.000000000000000e-06
2.931417e+08	1.486759289627117e+00	8.115715083478487e-01	3.000000000000000e-08	3.000000000000000e-06
2.985465e+08	1.494040097883539e+00	8.155465321926996e-01	3.000000000000000e-08	3.000000000000000e-06
3.040514e+08	1.501356551416058e+00	8.195410081709944e-01	3.000000000000000e-08	3.000000000000000e-06
3.096583e+08	1.508708824706960e+00	8.235550315437885e-01	3.000000000000000e-08	3.000000000000000e-06
3.153690e+08	1.516097093092539e+00	8.275886980381765e-01	3.000000000000000e-08	3.000000000000000e-06
3.211854e+08	1.523521532767276e+00	8.316421038495734e-01	3.000000000000000e-08	3.000000000000000e-06
3.271097e+08	1.530982320788038e+00	8.357153456440081e-01	3.000000000000000e-08	3.000000000000000e-06
3.331436e+08	1.538479635078302e+00	8.398085205604279e-01	3.000000000000000e-08	3.000000000000000e-06
3.392894e+08	1.546013654432394e+00	8.439217262130138e-01	3.000000000000000e-08	3.000000000000000e-06
3.455490e+08	1.553584558519750e+00	8.480550606935074e-01	3.000000000000000e-08	3.000000000000000e-06
3.519246e+08	1.561192527889200e+00	8.522086225735499e-01	3.000000000000000e-08	3.000000000000000e-06
3.584184e+08	1.568837743973273e+00	8.563825109070307e-01	3.000000000000000e-08	3.000000000000000e-06
3.650325e+08	1.576520389092522e+00	8.605768252324493e-01	3.000000000000000e-08	3.000000000000000e-06
3.717692e+08	1.584240646459864e+00	8.647916655752885e-01	3.000000000000000e-08	3.000000000000000e-06
3.786307e+08	1.591998700184957e+00	8.690271324503978e-01	3.000000000000000e-08	3.000000000000000e-06
3.856194e+08	1.599794735278582e+00	8.732833268643903e-01	3.000000000000000e-08	3.000000000000000e-06
3.927377e+08	1.607628937657053e+00	8.775603503180499e-01	3.000000000000000e-08	3.000000000000000e-06
3.999880e+08	1.615501494146653e+00	8.818583048087514e-01	3.000000000000000e-08	3.000000000000000e-06
4.073726e+08	1.623412592488085e+00	8.861772928328915e-01	3.000000000000000e-08	3.000000000000000e-06
4.148942e+08	1.631362421340945e+00	8.905174173883320e-01	3.000000000000000e-08	3.000000000000000e-06
4.225552e+08	1.639351170288224e+00	8.948787819768554e-01	3.000000000000000e-08	3.000000000000000e-06
4.303583e+08	1.647379029840823e+00	8.992614906066321e-01	3.000000000000000e-08	3.000000000000000e-06
4.383061e+08	1.655446191442096e+00	9.036656477946993e-01	3.000000000000000e-08	3.000000000000000e-06
4.464014e+08	1.663552847472413e+00	9.080913585694528e-01	3.000000000000000e-08	3.000000000000000e-06
4.546467e+08	1.671699191253746e+00	9.125387284731505e-01	3.000000000000000e-08	3.000000000000000e-06
4.630450e+08	1.679885417054278e+00	9.170078635644286e-01	3.000000000000000e-08	3.000000000000000e-06
4.715991e+08	1.688111720093032e+00	9.214988704208292e-01	3.000000000000000e-08	3.000000000000000e-06
4.803119e+08	1.696378296544525e+00	9.260118561413412e-01	3.000000000000000e-08	3.000000000000000e-06
4.891863e+08	1.704685343543447e+00	9.305469283489533e-01	3.000000000000000e-08	3.000000000000000e-06
4.982254e+08	1.713033059189356e+00	9.351041951932192e-01	3.000000000000000e-08	3.000000000000000e-06
5.074322e+08	1.721421642551402e+00	9.396837653528362e-01	3.000000000000000e-08	3.000000000000000e-06
5.168098e+08	1.729851293673072e+00	9.442857480382350e-01	3.000000000000000e-08	3.000000000000000e-06
5.263615e+08	1.738322213576958e+00	9.489102529941835e-01	3.000000000000000e-08	3.000000000000000e-06
5.360904e+08	1.746834604269552e+00	9.535573905024030e-01	3.000000000000000e-08	3.000000000000000e-06
5.459999e+08	1.755388668746056e+00	9.582272713841964e-01	3.000000000000000e-08	3.000000000000000e-06
5.560934e+08	1.763984610995224e+00	9.629200070030906e-01	3.000000000000000e-08	3.000000000000000e-06
5.663742e+08	1.772622636004224e+00	9.676357092674904e-01	3.000000000000000e-08	3.000000000000000e-06
5.768458e+08	1.781302949763524e+00	9.723744906333471e-01	3.000000000000000e-08	3.000000000000000e-06
5.875119e+08	1.790025759271802e+00	9.771364641068377e-01	3.000000000000000e-08	3.000000000000000e-06
5.983760e+08	1.798791272540880e+00	9.819217432470603e-01	3.000000000000000e-08	3.000000000000000e-06
6.094418e+08	1.807599698600685e+00	9.867304421687394e-01	3.000000000000000e-08	3.000000000000000e-06
6.207131e+08	1.816451247504227e+00	9.915626755449476e-01	3.000000000000000e-08	3.000000000000000e-06
6.321937e+08	1.825346130332609e+00	9.964185586098379e-01	3.000000000000000e-08	3.000000000000000e-06
6.438875e+08	1.834284559200058e+00	1.001298207161391e+00	3.000000000000000e-08	3.000000000000000e-06
6.557985e+08	1.843266747258983e+00	1.006201737564177e+00	3.000000000000000e-08	3.000000000000000e-06
6.679308e+08	1.852292908705051e+00	1.011129266752125e+00	3.000000000000000e-08	3.000000000000000e-06
6.802883e+08	1.861363258782297e+00	1.016080912231315e+00	3.000000000000000e-08	3.000000000000000e-06
6.928755e+08	1.870478013788253e+00	1.021056792082779e+00	3.000000000000000e-08	3.000000000000000e-06
7.056965e+08	1.879637391079105e+00	1.026057024965311e+00	3.000000000000000e-08	3.000000000000000e-06
7.187557e+08	1.888841609074873e+00	1.031081730118299e+00	3.000000000000000e-08	3.000000000000000e-06
7.320575e+08	1.898090887264618e+00	1.036131027364568e+00	3.000000000000000e-08	3.000000000000000e-06
7.456065e+08	1.907385446211671e+00	1.041205037113234e+00	3.000000000000000e-08	3.000000000000000e-06
7.594073e+08	1.916725507558898e+00	1.046303880362575e+00	3.000000000000000e-08	3.000000000000000e-06
7.734645e+08	1.926111294033975e+00	1.051427678702915e+00	3.000000000000000e-08	3.000000000000000e-06
7.877830e+08	1.935543029454699e+00	1.056576554319524e+00	3.000000000000000e-08	3.000000000000000e-06
8.023676e+08	1.945020938734329e+00	1.061750629995528e+00	3.000000000000000e-08	3.000000000000000e-06
8.172233e+08	1.954545247886939e+00	1.066950029114838e+00	3.000000000000000e-08	3.000000000000000e-06
8.323552e+08	1.964116184032811e+00	1.072174875665090e+00	3.000000000000000e-08	3.000000000000000e-06
8.477683e+08	1.973733975403846e+00	1.077425294240599e+00	3.000000000000000e-08	3.000000000000000e-06
8.634680e+08	1.983398851349004e+00	1.082701410045332e+00	3.000000000000000e-08	3.000000000000000e-06
8.794596e+08	1.993111042339776e+00	1.088003348895890e+00	3.000000000000000e-08	3.000000000000000e-06
8.957485e+08	2.002870779975668e+00	1.093331237224510e+00	3.000000000000000e-08	3.000000000000000e-06
9.123403e+08	2.012678296989733e+00	1.098685202082074e+00	3.000000000000000e-08	3.000000000000000e-06
9.292407e+08	2.022533827254108e+00	1.104065371141143e+00	3.000000000000000e-08	3.000000000000000e-06
9.464553e+08	2.032437605785596e+00	1.109471872698995e+00	3.000000000000000e-08	3.000000000000000e-06
9.639901e+08	2.042389868751265e+00	1.114904835680687e+00	3.000000000000000e-08	3.000000000000000e-06
9.818510e+08	2.052390853474078e+00	1.120364389642127e+00	3.000000000000000e-08	3.000000000000000e-06
1.000000e+09	2.062416457001789e+00	1.125837376759279e+00	3.000000000000000e-08	3.000000000000000e-06
