#t[yr]	ecc	inc	eachmass	totalmass
0.000000e+00	5.000000000000000e-02	2.500000000000000e-02	3.000000000000000e-06	3.000000000000000e-05
1.000000e-03	5.000000735286812e-02	2.500000308326658e-02	3.000000000000000e-06	3.000000000000000e-05
1.000000e-02	5.000007352882592e-02	2.500003083273171e-02	3.000000000000000e-06	3.000000000000000e-05
1.000000e-01	5.000073530100050e-02	2.500030833316354e-02	3.000000000000000e-06	3.000000000000000e-05
1.000000e+00	5.000735428164940e-02	2.500308391524928e-02	3.000000000000000e-06	3.000000000000000e-05
4.403108e+00	5.003243983499303e-02	2.501360440978823e-02	3.000000000000000e-06	3.000000000000000e-05
7.834006e+00	5.005796285709296e-02	2.502431201912674e-02	3.000000000000000e-06	3.000000000000000e-05
1.000000e+01	5.007421855897281e-02	2.503113447415973e-02	3.000000000000000e-06	3.000000000000000e-05
1.364621e+01	5.010172328287747e-02	2.504268183335893e-02	3.000000000000000e-06	3.000000000000000e-05
1.736132e+01	5.012998461356322e-02	2.505455341400917e-02	3.000000000000000e-06	3.000000000000000e-05
2.119397e+01	5.015937619238368e-02	2.506690751802881e-02	3.000000000000000e-06	3.000000000000000e-05
2.514768e+01	5.018993440022792e-02	2.507976104113350e-02	3.000000000000000e-06	3.000000000000000e-05
2.922767e+01	5.022170861548642e-02	2.509313647921241e-02	3.000000000000000e-06	3.000000000000000e-05
3.343939e+01	5.025475021007632e-02	2.510705731929082e-02	3.000000000000000e-06	3.000000000000000e-05
3.778856e+01	5.028911302642479e-02	2.512154825213548e-02	3.000000000000000e-06	3.000000000000000e-05
4.228124e+01	5.032485349164682e-02	2.513663523340533e-02	3.000000000000000e-06	3.000000000000000e-05
4.692379e+01	5.036203074921970e-02	2.515234555319906e-02	3.000000000000000e-06	3.000000000000000e-05
5.172294e+01	5.040070679578611e-02	2.516870790887661e-02	3.000000000000000e-06	3.000000000000000e-05
5.668579e+01	5.044094662339410e-02	2.518575248136458e-02	3.000000000000000e-06	3.000000000000000e-05
6.181980e+01	5.048281836697874e-02	2.520351101494687e-02	3.000000000000000e-06	3.000000000000000e-05
6.713288e+01	5.052639345680093e-02	2.522201690050730e-02	3.000000000000000e-06	3.000000000000000e-05
7.263337e+01	5.057174677543310e-02	2.524130526213930e-02	3.000000000000000e-06	3.000000000000000e-05
7.833007e+01	5.061895681873131e-02	2.526141304697572e-02	3.000000000000000e-06	3.000000000000000e-05
8.423229e+01	5.066810586005407e-02	2.528237911801550e-02	3.000000000000000e-06	3.000000000000000e-05
9.034987e+01	5.071928011677494e-02	2.530424434963152e-02	3.000000000000000e-06	3.000000000000000e-05
9.669318e+01	5.077256991788553e-02	2.532705172533352e-02	3.000000000000000e-06	3.000000000000000e-05
1.000000e+02	5.080046928939779e-02	2.533901267550960e-02	3.000000000000000e-06	3.000000000000000e-05
1.068283e+02	5.085817193169774e-02	2.536377441611228e-02	3.000000000000000e-06	3.000000000000000e-05
1.137862e+02	5.091718468835061e-02	2.538914575599274e-02	3.000000000000000e-06	3.000000000000000e-05
1.210162e+02	5.097870714729991e-02	2.541564641742557e-02	3.000000000000000e-06	3.000000000000000e-05
1.285265e+02	5.104280765086706e-02	2.544331187712826e-02	3.000000000000000e-06	3.000000000000000e-05
1.363315e+02	5.110960379526219e-02	2.547219927727842e-02	3.000000000000000e-06	3.000000000000000e-05
1.444460e+02	5.117921652058231e-02	2.550236775501588e-02	3.000000000000000e-06	3.000000000000000e-05
1.528857e+02	5.125177202361321e-02	2.553387930591187e-02	3.000000000000000e-06	3.000000000000000e-05
1.616672e+02	5.132740175672412e-02	2.556679882604894e-02	3.000000000000000e-06	3.000000000000000e-05
1.708081e+02	5.140624246855527e-02	2.560119417378220e-02	3.000000000000000e-06	3.000000000000000e-05
1.803266e+02	5.148843620081030e-02	2.563713621396784e-02	3.000000000000000e-06	3.000000000000000e-05
1.902423e+02	5.157413023593971e-02	2.567469884203012e-02	3.000000000000000e-06	3.000000000000000e-05
2.005756e+02	5.166347698622415e-02	2.571395898327070e-02	3.000000000000000e-06	3.000000000000000e-05
2.113479e+02	5.175663381391515e-02	2.575499656231757e-02	3.000000000000000e-06	3.000000000000000e-05
2.225818e+02	5.185376277115202e-02	2.579789443704443e-02	3.000000000000000e-06	3.000000000000000e-05
2.343009e+02	5.195503024755094e-02	2.584273829075575e-02	3.000000000000000e-06	3.000000000000000e-05
2.465300e+02	5.206060651272924e-02	2.588961647595829e-02	3.000000000000000e-06	3.000000000000000e-05
2.592947e+02	5.217066514067938e-02	2.593861980267273e-02	3.000000000000000e-06	3.000000000000000e-05
2.726221e+02	5.228538230295993e-02	2.598984126403354e-02	3.000000000000000e-06	3.000000000000000e-05
2.865400e+02	5.240493591825940e-02	2.604337569194838e-02	3.000000000000000e-06	3.000000000000000e-05
3.010775e+02	5.252950464716511e-02	2.609931933591622e-02	3.000000000000000e-06	3.000000000000000e-05
3.162645e+02	5.265926672309183e-02	2.615776935882093e-02	3.000000000000000e-06	3.000000000000000e-05
3.321317e+02	5.279439861345613e-02	2.621882324471267e-02	3.000000000000000e-06	3.000000000000000e-05
3.487108e+02	5.293507350946431e-02	2.628257811534880e-02	3.000000000000000e-06	3.000000000000000e-05
3.660341e+02	5.308145964842268e-02	2.634912995466255e-02	3.000000000000000e-06	3.000000000000000e-05
3.841342e+02	5.323371847932426e-02	2.641857274341017e-02	3.000000000000000e-06	3.000000000000000e-05
4.030443e+02	5.339200269056740e-02	2.649099751002580e-02	3.000000000000000e-06	3.000000000000000e-05
4.227978e+02	5.355645412784976e-02	2.656649130813922e-02	3.000000000000000e-06	3.000000000000000e-05
4.434277e+02	5.372720164023059e-02	2.664513613616750e-02	3.000000000000000e-06	3.000000000000000e-05
4.649670e+02	5.390435890256856e-02	2.672700781966965e-02	3.000000000000000e-06	3.000000000000000e-05
4.874481e+02	5.408802227234757e-02	2.681217488245546e-02	3.000000000000000e-06	3.000000000000000e-05
5.109026e+02	5.427826874746137e-02	2.690069743737541e-02	3.000000000000000e-06	3.000000000000000e-05
5.353610e+02	5.447515409789576e-02	2.699262613182590e-02	3.000000000000000e-06	3.000000000000000e-05
5.608524e+02	5.467871124744385e-02	2.708800118578143e-02	3.000000000000000e-06	3.000000000000000e-05
5.874047e+02	5.488894898072117e-02	2.718685156112344e-02	3.000000000000000e-06	3.000000000000000e-05
6.150435e+02	5.510585104512960e-02	2.728919429976201e-02	3.000000000000000e-06	3.000000000000000e-05
6.437929e+02	5.532937570672204e-02	2.739503406427543e-02	3.000000000000000e-06	3.000000000000000e-05
6.736745e+02	5.555945580328070e-02	2.750436290846992e-02	3.000000000000000e-06	3.000000000000000e-05
7.047080e+02	5.579599931801636e-02	2.761716029659252e-02	3.000000000000000e-06	3.000000000000000e-05
7.369107e+02	5.603889047433470e-02	2.773339337939185e-02	3.000000000000000e-06	3.000000000000000e-05
7.702974e+02	5.628799132776301e-02	2.785301752354018e-02	3.000000000000000e-06	3.000000000000000e-05
8.048811e+02	5.654314380732924e-02	2.797597707901091e-02	3.000000000000000e-06	3.000000000000000e-05
8.406723e+02	5.680417213743533e-02	2.810220635782998e-02	3.000000000000000e-06	3.000000000000000e-05
8.776797e+02	5.707088555436210e-02	2.823163078812312e-02	3.000000000000000e-06	3.000000000000000e-05
9.159103e+02	5.734308122034296e-02	2.836416820033077e-02	3.000000000000000e-06	3.000000000000000e-05
9.553694e+02	5.762054723339781e-02	2.849973019836207e-02	3.000000000000000e-06	3.000000000000000e-05
9.960455e+02	5.790295720261555e-02	2.863817041272754e-02	3.000000000000000e-06	3.000000000000000e-05
1.000000e+03	5.793012040486783e-02	2.865152999331765e-02	3.000000000000000e-06	3.000000000000000e-05
1.042139e+03	5.821855639019836e-02	2.879343623166092e-02	3.000000000000000e-06	3.000000000000000e-05
1.084350e+03	5.850370846947864e-02	2.893418520139162e-02	3.000000000000000e-06	3.000000000000000e-05
1.127335e+03	5.879032353195626e-02	2.907609930152239e-02	3.000000000000000e-06	3.000000000000000e-05
1.171098e+03	5.907832566719180e-02	2.921913555950808e-02	3.000000000000000e-06	3.000000000000000e-05
1.215656e+03	5.936772473139409e-02	2.936329335736007e-02	3.000000000000000e-06	3.000000000000000e-05
1.261026e+03	5.965852892373046e-02	2.950857139215946e-02	3.000000000000000e-06	3.000000000000000e-05
1.307224e+03	5.995074637017671e-02	2.965496844586628e-02	3.000000000000000e-06	3.000000000000000e-05
1.354267e+03	6.024438511231324e-02	2.980248336883613e-02	3.000000000000000e-06	3.000000000000000e-05
1.402173e+03	6.053945312229234e-02	2.995111507743464e-02	3.000000000000000e-06	3.000000000000000e-05
1.450958e+03	6.083595831528154e-02	3.010086255141331e-02	3.000000000000000e-06	3.000000000000000e-05
1.500640e+03	6.113390856022784e-02	3.025172483135951e-02	3.000000000000000e-06	3.000000000000000e-05
1.551237e+03	6.143331168919766e-02	3.040370101625429e-02	3.000000000000000e-06	3.000000000000000e-05
1.602768e+03	6.173417550551001e-02	3.055679026116522e-02	3.000000000000000e-06	3.000000000000000e-05
1.655249e+03	6.203650779084321e-02	3.071099177509257e-02	3.000000000000000e-06	3.000000000000000e-05
1.708699e+03	6.234031631146521e-02	3.086630481898126e-02	3.000000000000000e-06	3.000000000000000e-05
1.763138e+03	6.264560882371298e-02	3.102272870390557e-02	3.000000000000000e-06	3.000000000000000e-05
1.818583e+03	6.295239307882644e-02	3.118026278942984e-02	3.000000000000000e-06	3.000000000000000e-05
1.875055e+03	6.326067682722560e-02	3.133890648214564e-02	3.000000000000000e-06	3.000000000000000e-05
1.932573e+03	6.357046782230627e-02	3.149865923438334e-02	3.000000000000000e-06	3.000000000000000e-05
1.991156e+03	6.388177382381829e-02	3.165952054309434e-02	3.000000000000000e-06	3.000000000000000e-05
2.050826e+03	6.419460260088045e-02	3.182148994889895e-02	3.000000000000000e-06	3.000000000000000e-05
2.111601e+03	6.450896193467900e-02	3.198456703529370e-02	3.000000000000000e-06	3.000000000000000e-05
2.173504e+03	6.482485962088959e-02	3.214875142801112e-02	3.000000000000000e-06	3.000000000000000e-05
2.236555e+03	6.514230347185691e-02	3.231404279452447e-02	3.000000000000000e-06	3.000000000000000e-05
2.300775e+03	6.546130131856198e-02	3.248044084368961e-02	3.000000000000000e-06	3.000000000000000e-05
2.366187e+03	6.578186101240244e-02	3.264794532551547e-02	3.000000000000000e-06	3.000000000000000e-05
2.432813e+03	6.610399042680830e-02	3.281655603105504e-02	3.000000000000000e-06	3.000000000000000e-05
2.500675e+03	6.642769745871248e-02	3.298627279240818e-02	3.000000000000000e-06	3.000000000000000e-05
2.569795e+03	6.675299002989289e-02	3.315709548282783e-02	3.000000000000000e-06	3.000000000000000e-05
2.640198e+03	6.707987608820090e-02	3.332902401692129e-02	3.000000000000000e-06	3.000000000000000e-05
2.711907e+03	6.740836360868890e-02	3.350205835093813e-02	3.000000000000000e-06	3.000000000000000e-05
2.784946e+03	6.773846059464846e-02	3.367619848313679e-02	3.000000000000000e-06	3.000000000000000e-05
2.859339e+03	6.807017507856870e-02	3.385144445422185e-02	3.000000000000000e-06	3.000000000000000e-05
2.935112e+03	6.840351512302383e-02	3.402779634784443e-02	3.000000000000000e-06	3.000000000000000e-05
3.012290e+03	6.873848882149741e-02	3.420525429115828e-02	3.000000000000000e-06	3.000000000000000e-05
3.090898e+03	6.907510429915001e-02	3.438381845542461e-02	3.000000000000000e-06	3.000000000000000e-05
3.170962e+03	6.941336971353643e-02	3.456348905665878e-02	3.000000000000000e-06	3.000000000000000e-05
3.252510e+03	6.975329325527758e-02	3.474426635631259e-02	3.000000000000000e-06	3.000000000000000e-05
3.335568e+03	7.009488314869192e-02	3.492615066198593e-02	3.000000000000000e-06	3.000000000000000e-05
3.420164e+03	7.043814765239020e-02	3.510914232816240e-02	3.000000000000000e-06	3.000000000000000e-05
3.506326e+03	7.078309505983782e-02	3.529324175696303e-02	3.000000000000000e-06	3.000000000000000e-05
3.594082e+03	7.112973369988743e-02	3.547844939891362e-02	3.000000000000000e-06	3.000000000000000e-05
3.683461e+03	7.147807193728518e-02	3.566476575372064e-02	3.000000000000000e-06	3.000000000000000e-05
3.774494e+03	7.182811817315299e-02	3.585219137105161e-02	3.000000000000000e-06	3.000000000000000e-05
3.867209e+03	7.217988084544920e-02	3.604072685131576e-02	3.000000000000000e-06	3.000000000000000e-05
3.961638e+03	7.253336842940972e-02	3.623037284644157e-02	3.000000000000000e-06	3.000000000000000e-05
4.057811e+03	7.288858943797168e-02	3.642113006064754e-02	3.000000000000000e-06	3.000000000000000e-05
4.155760e+03	7.324555242218087e-02	3.661299925120347e-02	3.000000000000000e-06	3.000000000000000e-05
4.255518e+03	7.360426597158493e-02	3.680598122917923e-02	3.000000000000000e-06	3.000000000000000e-05
4.357116e+03	7.396473871461334e-02	3.700007686017873e-02	3.000000000000000e-06	3.000000000000000e-05
4.460588e+03	7.432697931894559e-02	3.719528706505686e-02	3.000000000000000e-06	3.000000000000000e-05
4.565969e+03	7.469099649186853e-02	3.739161282061734e-02	3.000000000000000e-06	3.000000000000000e-05
4.673292e+03	7.505679898062391e-02	3.758905516029008e-02	3.000000000000000e-06	3.000000000000000e-05
4.782592e+03	7.542439557274715e-02	3.778761517478616e-02	3.000000000000000e-06	3.000000000000000e-05
4.893906e+03	7.579379509639801e-02	3.798729401272958e-02	3.000000000000000e-06	3.000000000000000e-05
5.007269e+03	7.616500642068383e-02	3.818809288126438e-02	3.000000000000000e-06	3.000000000000000e-05
5.122719e+03	7.653803845597631e-02	3.839001304663649e-02	3.000000000000000e-06	3.000000000000000e-05
5.240292e+03	7.691290015422217e-02	3.859305583474952e-02	3.000000000000000e-06	3.000000000000000e-05
5.360028e+03	7.728960050924830e-02	3.879722263169390e-02	3.000000000000000e-06	3.000000000000000e-05
5.481964e+03	7.766814855706204e-02	3.900251488424901e-02	3.000000000000000e-06	3.000000000000000e-05
5.606142e+03	7.804855337614701e-02	3.920893410035810e-02	3.000000000000000e-06	3.000000000000000e-05
5.732600e+03	7.843082408775469e-02	3.941648184957575e-02	3.000000000000000e-06	3.000000000000000e-05
5.861380e+03	7.881496985619256e-02	3.962515976348787e-02	3.000000000000000e-06	3.000000000000000e-05
5.992523e+03	7.920099988910884e-02	3.983496953610439e-02	3.000000000000000e-06	3.000000000000000e-05
6.126073e+03	7.958892343777414e-02	4.004591292422468e-02	3.000000000000000e-06	3.000000000000000e-05
6.262071e+03	7.997874979736071e-02	4.025799174777610e-02	3.000000000000000e-06	3.000000000000000e-05
6.400563e+03	8.037048830721902e-02	4.047120789012584e-02	3.000000000000000e-06	3.000000000000000e-05
6.541592e+03	8.076414835115239e-02	4.068556329836652e-02	3.000000000000000e-06	3.000000000000000e-05
6.685205e+03	8.115973935768964e-02	4.090105998357609e-02	3.000000000000000e-06	3.000000000000000e-05
6.831447e+03	8.155727080035605e-02	4.111770002105229e-02	3.000000000000000e-06	3.000000000000000e-05
6.980366e+03	8.195675219794292e-02	4.133548555052249e-02	3.000000000000000e-06	3.000000000000000e-05
7.132009e+03	8.235819311477582e-02	4.155441877632927e-02	3.000000000000000e-06	3.000000000000000e-05
7.286425e+03	8.276160316098168e-02	4.177450196759248e-02	3.000000000000000e-06	3.000000000000000e-05
7.443665e+03	8.316699199275486e-02	4.199573745834841e-02	3.000000000000000e-06	3.000000000000000e-05
7.603778e+03	8.357436931262267e-02	4.221812764766666e-02	3.000000000000000e-06	3.000000000000000e-05
7.766815e+03	8.398374486970994e-02	4.244167499974556e-02	3.000000000000000e-06	3.000000000000000e-05
7.932830e+03	8.439512846000315e-02	4.266638204398658e-02	3.000000000000000e-06	3.000000000000000e-05
8.101876e+03	8.480852992661420e-02	4.289225137504877e-02	3.000000000000000e-06	3.000000000000000e-05
8.274005e+03	8.522395916004374e-02	4.311928565288363e-02	3.000000000000000e-06	3.000000000000000e-05
8.449275e+03	8.564142609844441e-02	4.334748760275138e-02	3.000000000000000e-06	3.000000000000000e-05
8.627740e+03	8.606094072788383e-02	4.357686001521924e-02	3.000000000000000e-06	3.000000000000000e-05
8.809458e+03	8.648251308260765e-02	4.380740574614247e-02	3.000000000000000e-06	3.000000000000000e-05
8.994486e+03	8.690615324530264e-02	4.403912771662883e-02	3.000000000000000e-06	3.000000000000000e-05
9.182885e+03	8.733187134735985e-02	4.427202891298741e-02	3.000000000000000e-06	3.000000000000000e-05
9.374714e+03	8.775967756913798e-02	4.450611238666217e-02	3.000000000000000e-06	3.000000000000000e-05
9.570034e+03	8.818958214022705e-02	4.474138125415131e-02	3.000000000000000e-06	3.000000000000000e-05
9.768908e+03	8.862159533971238e-02	4.497783869691287e-02	3.000000000000000e-06	3.000000000000000e-05
9.971399e+03	8.905572749643884e-02	4.521548796125727e-02	3.000000000000000e-06	3.000000000000000e-05
1.000000e+04	8.911637482413699e-02	4.524869661976257e-02	3.000000000000000e-06	3.000000000000000e-05
1.020992e+04	8.955973738970556e-02	4.549143180132265e-02	3.000000000000000e-06	3.000000000000000e-05
1.042037e+04	8.999834842127608e-02	4.573159340733315e-02	3.000000000000000e-06	3.000000000000000e-05
1.063470e+04	9.043923544407743e-02	4.597302544507211e-02	3.000000000000000e-06	3.000000000000000e-05
1.085292e+04	9.088228264046382e-02	4.621566226287423e-02	3.000000000000000e-06	3.000000000000000e-05
1.107510e+04	9.132750287470372e-02	4.645950868434656e-02	3.000000000000000e-06	3.000000000000000e-05
1.130132e+04	9.177490674677088e-02	4.670456832933239e-02	3.000000000000000e-06	3.000000000000000e-05
1.153164e+04	9.222450494998513e-02	4.695084490427352e-02	3.000000000000000e-06	3.000000000000000e-05
1.176614e+04	9.267630822885592e-02	4.719834217879070e-02	3.000000000000000e-06	3.000000000000000e-05
1.200489e+04	9.313032738011477e-02	4.744706398590295e-02	3.000000000000000e-06	3.000000000000000e-05
1.224797e+04	9.358657325297171e-02	4.769701422181503e-02	3.000000000000000e-06	3.000000000000000e-05
1.249546e+04	9.404505674938639e-02	4.794819684570666e-02	3.000000000000000e-06	3.000000000000000e-05
1.274742e+04	9.450578882434009e-02	4.820061587951617e-02	3.000000000000000e-06	3.000000000000000e-05
1.300395e+04	9.496878048610845e-02	4.845427540771916e-02	3.000000000000000e-06	3.000000000000000e-05
1.326513e+04	9.543404279653529e-02	4.870917957710266e-02	3.000000000000000e-06	3.000000000000000e-05
1.353103e+04	9.590158687130733e-02	4.896533259653515e-02	3.000000000000000e-06	3.000000000000000e-05
1.380175e+04	9.637142388022983e-02	4.922273873673304e-02	3.000000000000000e-06	3.000000000000000e-05
1.407736e+04	9.684356504750331e-02	4.948140233002370e-02	3.000000000000000e-06	3.000000000000000e-05
1.435795e+04	9.731802165200119e-02	4.974132777010589e-02	3.000000000000000e-06	3.000000000000000e-05
1.464362e+04	9.779480502754850e-02	5.000251951180763e-02	3.000000000000000e-06	3.000000000000000e-05
1.493445e+04	9.827392656320155e-02	5.026498207084201e-02	3.000000000000000e-06	3.000000000000000e-05
1.523054e+04	9.875539770352873e-02	5.052872002356133e-02	3.000000000000000e-06	3.000000000000000e-05
1.553198e+04	9.923922994889230e-02	5.079373800670994e-02	3.000000000000000e-06	3.000000000000000e-05
1.583886e+04	9.972543485573127e-02	5.106004071717607e-02	3.000000000000000e-06	3.000000000000000e-05
1.615128e+04	1.002140240368454e-01	5.132763291174294e-02	3.000000000000000e-06	3.000000000000000e-05
1.646934e+04	1.007050091616802e-01	5.159651940683965e-02	3.000000000000000e-06	3.000000000000000e-05
1.679314e+04	1.011984019566132e-01	5.186670507829121e-02	3.000000000000000e-06	3.000000000000000e-05
1.712278e+04	1.016942142052412e-01	5.213819486107180e-02	3.000000000000000e-06	3.000000000000000e-05
1.745837e+04	1.021924577486687e-01	5.241099374905414e-02	3.000000000000000e-06	3.000000000000000e-05
1.780001e+04	1.026931444857976e-01	5.268510679476267e-02	3.000000000000000e-06	3.000000000000000e-05
1.814781e+04	1.031962863736179e-01	5.296053910912701e-02	3.000000000000000e-06	3.000000000000000e-05
1.850188e+04	1.037018954274995e-01	5.323729586123675e-02	3.000000000000000e-06	3.000000000000000e-05
1.886233e+04	1.042099837214857e-01	5.351538227809784e-02	3.000000000000000e-06	3.000000000000000e-05
1.922927e+04	1.047205633885871e-01	5.379480364439069e-02	3.000000000000000e-06	3.000000000000000e-05
1.960283e+04	1.052336466210776e-01	5.407556530223031e-02	3.000000000000000e-06	3.000000000000000e-05
1.998311e+04	1.057492456707908e-01	5.435767265092864e-02	3.000000000000000e-06	3.000000000000000e-05
2.037023e+04	1.062673728494182e-01	5.464113114675929e-02	3.000000000000000e-06	3.000000000000000e-05
2.076433e+04	1.067880405288085e-01	5.492594630272482e-02	3.000000000000000e-06	3.000000000000000e-05
2.116552e+04	1.073112611412682e-01	5.521212368832679e-02	3.000000000000000e-06	3.000000000000000e-05
2.157393e+04	1.078370471798631e-01	5.549966892933879e-02	3.000000000000000e-06	3.000000000000000e-05
2.198968e+04	1.083654111987217e-01	5.578858770758243e-02	3.000000000000000e-06	3.000000000000000e-05
2.241291e+04	1.088963658133397e-01	5.607888576070668e-02	3.000000000000000e-06	3.000000000000000e-05
2.284376e+04	1.094299237008852e-01	5.637056888197052e-02	3.000000000000000e-06	3.000000000000000e-05
2.328235e+04	1.099660976005063e-01	5.666364292002906e-02	3.000000000000000e-06	3.000000000000000e-05
2.372882e+04	1.105049003136391e-01	5.695811377872336e-02	3.000000000000000e-06	3.000000000000000e-05
2.418332e+04	1.110463447043176e-01	5.725398741687392e-02	3.000000000000000e-06	3.000000000000000e-05
2.464599e+04	1.115904436994847e-01	5.755126984807811e-02	3.000000000000000e-06	3.000000000000000e-05
2.511697e+04	1.121372102893045e-01	5.784996714051142e-02	3.000000000000000e-06	3.000000000000000e-05
2.559641e+04	1.126866575274764e-01	5.815008541673292e-02	3.000000000000000e-06	3.000000000000000e-05
2.608446e+04	1.132387985315499e-01	5.845163085349474e-02	3.000000000000000e-06	3.000000000000000e-05
2.658128e+04	1.137936464832416e-01	5.875460968155582e-02	3.000000000000000e-06	3.000000000000000e-05
2.708701e+04	1.143512146287529e-01	5.905902818549998e-02	3.000000000000000e-06	3.000000000000000e-05
2.760183e+04	1.149115162790896e-01	5.936489270355830e-02	3.000000000000000e-06	3.000000000000000e-05
2.812589e+04	1.154745648103827e-01	5.967220962743602e-02	3.000000000000000e-06	3.000000000000000e-05
2.865935e+04	1.160403736642104e-01	5.998098540214385e-02	3.000000000000000e-06	3.000000000000000e-05
2.920238e+04	1.166089563479224e-01	6.029122652583394e-02	3.000000000000000e-06	3.000000000000000e-05
2.975516e+04	1.171803264349649e-01	6.060293954964030e-02	3.000000000000000e-06	3.000000000000000e-05
3.031785e+04	1.177544975652069e-01	6.091613107752403e-02	3.000000000000000e-06	3.000000000000000e-05
3.089063e+04	1.183314834452690e-01	6.123080776612315e-02	3.000000000000000e-06	3.000000000000000e-05
3.147369e+04	1.189112978488524e-01	6.154697632460713e-02	3.000000000000000e-06	3.000000000000000e-05
3.206720e+04	1.194939546170708e-01	6.186464351453627e-02	3.000000000000000e-06	3.000000000000000e-05
3.267136e+04	1.200794676587824e-01	6.218381614972578e-02	3.000000000000000e-06	3.000000000000000e-05
3.328634e+04	1.206678509509245e-01	6.250450109611472e-02	3.000000000000000e-06	3.000000000000000e-05
3.391235e+04	1.212591185388492e-01	6.282670527163971e-02	3.000000000000000e-06	3.000000000000000e-05
3.454958e+04	1.218532845366606e-01	6.315043564611356e-02	3.000000000000000e-06	3.000000000000000e-05
3.519823e+04	1.224503631275536e-01	6.347569924110875e-02	3.000000000000000e-06	3.000000000000000e-05
3.585850e+04	1.230503685641547e-01	6.380250312984567e-02	3.000000000000000e-06	3.000000000000000e-05
3.653060e+04	1.236533151688635e-01	6.413085443708591e-02	3.000000000000000e-06	3.000000000000000e-05
3.721474e+04	1.242592173341966e-01	6.446076033903030e-02	3.000000000000000e-06	3.000000000000000e-05
3.791113e+04	1.248680895231327e-01	6.479222806322185e-02	3.000000000000000e-06	3.000000000000000e-05
3.862000e+04	1.254799462694593e-01	6.512526488845372e-02	3.000000000000000e-06	3.000000000000000e-05
3.934157e+04	1.260948021781214e-01	6.545987814468175e-02	3.000000000000000e-06	3.000000000000000e-05
4.007605e+04	1.267126719255712e-01	6.579607521294226e-02	3.000000000000000e-06	3.000000000000000e-05
4.082369e+04	1.273335702601202e-01	6.613386352527441e-02	3.000000000000000e-06	3.000000000000000e-05
4.158471e+04	1.279575120022921e-01	6.647325056464755e-02	3.000000000000000e-06	3.000000000000000e-05
4.235935e+04	1.285845120451780e-01	6.681424386489336e-02	3.000000000000000e-06	3.000000000000000e-05
4.314787e+04	1.292145853547932e-01	6.715685101064291e-02	3.000000000000000e-06	3.000000000000000e-05
4.395049e+04	1.298477469704356e-01	6.750107963726837e-02	3.000000000000000e-06	3.000000000000000e-05
4.476749e+04	1.304840120050452e-01	6.784693743082972e-02	3.000000000000000e-06	3.000000000000000e-05
4.559910e+04	1.311233956455665e-01	6.819443212802602e-02	3.000000000000000e-06	3.000000000000000e-05
4.644560e+04	1.317659131533118e-01	6.854357151615166e-02	3.000000000000000e-06	3.000000000000000e-05
4.730724e+04	1.324115798643261e-01	6.889436343305712e-02	3.000000000000000e-06	3.000000000000000e-05
4.818430e+04	1.330604111897545e-01	6.924681576711463e-02	3.000000000000000e-06	3.000000000000000e-05
4.907705e+04	1.337124226162101e-01	6.960093645718839e-02	3.000000000000000e-06	3.000000000000000e-05
4.998577e+04	1.343676297061456e-01	6.995673349260952e-02	3.000000000000000e-06	3.000000000000000e-05
5.091075e+04	1.350260480982243e-01	7.031421491315558e-02	3.000000000000000e-06	3.000000000000000e-05
5.185227e+04	1.356876935076948e-01	7.067338880903479e-02	3.000000000000000e-06	3.000000000000000e-05
5.281064e+04	1.363525817267664e-01	7.103426332087476e-02	3.000000000000000e-06	3.000000000000000e-05
5.378615e+04	1.370207286249869e-01	7.139684663971572e-02	3.000000000000000e-06	3.000000000000000e-05
5.477910e+04	1.376921501496217e-01	7.176114700700845e-02	3.000000000000000e-06	3.000000000000000e-05
5.578981e+04	1.383668623260351e-01	7.212717271461644e-02	3.000000000000000e-06	3.000000000000000e-05
5.681860e+04	1.390448812580733e-01	7.249493210482272e-02	3.000000000000000e-06	3.000000000000000e-05
5.786578e+04	1.397262231284492e-01	7.286443357034103e-02	3.000000000000000e-06	3.000000000000000e-05
5.893169e+04	1.404109041991289e-01	7.323568555433140e-02	3.000000000000000e-06	3.000000000000000e-05
6.001666e+04	1.410989408117206e-01	7.360869655042000e-02	3.000000000000000e-06	3.000000000000000e-05
6.112102e+04	1.417903493878649e-01	7.398347510272349e-02	3.000000000000000e-06	3.000000000000000e-05
6.224514e+04	1.424851464296266e-01	7.436002980587747e-02	3.000000000000000e-06	3.000000000000000e-05
6.338934e+04	1.431833485198895e-01	7.473836930506936e-02	3.000000000000000e-06	3.000000000000000e-05
6.455401e+04	1.438849723227523e-01	7.511850229607532e-02	3.000000000000000e-06	3.000000000000000e-05
6.573950e+04	1.445900345839262e-01	7.550043752530156e-02	3.000000000000000e-06	3.000000000000000e-05
6.694618e+04	1.452985521311353e-01	7.588418378982963e-02	3.000000000000000e-06	3.000000000000000e-05
6.817443e+04	1.460105418745181e-01	7.626974993746588e-02	3.000000000000000e-06	3.000000000000000e-05
6.942463e+04	1.467260208070315e-01	7.665714486679510e-02	3.000000000000000e-06	3.000000000000000e-05
7.069719e+04	1.474450060048563e-01	7.704637752723806e-02	3.000000000000000e-06	3.000000000000000e-05
7.199249e+04	1.481675146278049e-01	7.743745691911311e-02	3.000000000000000e-06	3.000000000000000e-05
7.331094e+04	1.488935639197312e-01	7.783039209370184e-02	3.000000000000000e-06	3.000000000000000e-05
7.465296e+04	1.496231712089420e-01	7.822519215331858e-02	3.000000000000000e-06	3.000000000000000e-05
7.601897e+04	1.503563539086105e-01	7.862186625138382e-02	3.000000000000000e-06	3.000000000000000e-05
7.740939e+04	1.510931295171924e-01	7.902042359250158e-02	3.000000000000000e-06	3.000000000000000e-05
7.882466e+04	1.518335156188431e-01	7.942087343254052e-02	3.000000000000000e-06	3.000000000000000e-05
8.026523e+04	1.525775298838377e-01	7.982322507871888e-02	3.000000000000000e-06	3.000000000000000e-05
8.173155e+04	1.533251900689922e-01	8.022748788969321e-02	3.000000000000000e-06	3.000000000000000e-05
8.322408e+04	1.540765140180881e-01	8.063367127565087e-02	3.000000000000000e-06	3.000000000000000e-05
8.474328e+04	1.548315196622974e-01	8.104178469840610e-02	3.000000000000000e-06	3.000000000000000e-05
8.628963e+04	1.555902250206107e-01	8.145183767149991e-02	3.000000000000000e-06	3.000000000000000e-05
8.786362e+04	1.563526482002677e-01	8.186383976030345e-02	3.000000000000000e-06	3.000000000000000e-05
8.946574e+04	1.571188073971885e-01	8.227780058212510e-02	3.000000000000000e-06	3.000000000000000e-05
9.109650e+04	1.578887208964080e-01	8.269372980632105e-02	3.000000000000000e-06	3.000000000000000e-05
9.275640e+04	1.586624070725124e-01	8.311163715440946e-02	3.000000000000000e-06	3.000000000000000e-05
9.444597e+04	1.594398843900775e-01	8.353153240018807e-02	3.000000000000000e-06	3.000000000000000e-05
9.616574e+04	1.602211714041089e-01	8.395342536985531e-02	3.000000000000000e-06	3.000000000000000e-05
9.791624e+04	1.610062867604851e-01	8.437732594213480e-02	3.000000000000000e-06	3.000000000000000e-05
9.969803e+04	1.617952491964020e-01	8.480324404840334e-02	3.000000000000000e-06	3.000000000000000e-05
1.000000e+05	1.619275238124619e-01	8.487464636189600e-02	3.000000000000000e-06	3.000000000000000e-05
1.018461e+05	1.627327648934193e-01	8.530928148742385e-02	3.000000000000000e-06	3.000000000000000e-05
1.036976e+05	1.635299786255430e-01	8.573952405395620e-02	3.000000000000000e-06	3.000000000000000e-05
1.055827e+05	1.643313107439073e-01	8.617193002738438e-02	3.000000000000000e-06	3.000000000000000e-05
1.075015e+05	1.651365655553479e-01	8.660639362079467e-02	3.000000000000000e-06	3.000000000000000e-05
1.094546e+05	1.659457660831867e-01	8.704292709425508e-02	3.000000000000000e-06	3.000000000000000e-05
1.114426e+05	1.667589315716836e-01	8.748154067124196e-02	3.000000000000000e-06	3.000000000000000e-05
1.134662e+05	1.675760814282971e-01	8.792224466593436e-02	3.000000000000000e-06	3.000000000000000e-05
1.155259e+05	1.683972351543122e-01	8.836504944568643e-02	3.000000000000000e-06	3.000000000000000e-05
1.176224e+05	1.692224123465416e-01	8.880996543185130e-02	3.000000000000000e-06	3.000000000000000e-05
1.197564e+05	1.700516326977713e-01	8.925700309992893e-02	3.000000000000000e-06	3.000000000000000e-05
1.219286e+05	1.708849159972302e-01	8.970617297972940e-02	3.000000000000000e-06	3.000000000000000e-05
1.241396e+05	1.717222821310615e-01	9.015748565553902e-02	3.000000000000000e-06	3.000000000000000e-05
1.263901e+05	1.725637510827975e-01	9.061095176628985e-02	3.000000000000000e-06	3.000000000000000e-05
1.286809e+05	1.734093429338352e-01	9.106658200573199e-02	3.000000000000000e-06	3.000000000000000e-05
1.310126e+05	1.742590778639156e-01	9.152438712260935e-02	3.000000000000000e-06	3.000000000000000e-05
1.333860e+05	1.751129761516048e-01	9.198437792083800e-02	3.000000000000000e-06	3.000000000000000e-05
1.358019e+05	1.759710581747773e-01	9.244656525968782e-02	3.000000000000000e-06	3.000000000000000e-05
1.382609e+05	1.768333444111023e-01	9.291096005396698e-02	3.000000000000000e-06	3.000000000000000e-05
1.407639e+05	1.776998554385314e-01	9.337757327420927e-02	3.000000000000000e-06	3.000000000000000e-05
1.433117e+05	1.785706119357900e-01	9.384641594686442e-02	3.000000000000000e-06	3.000000000000000e-05
1.459050e+05	1.794456346828698e-01	9.431749915449118e-02	3.000000000000000e-06	3.000000000000000e-05
1.485447e+05	1.803249445615246e-01	9.479083403595324e-02	3.000000000000000e-06	3.000000000000000e-05
1.512316e+05	1.812085625557684e-01	9.526643178661799e-02	3.000000000000000e-06	3.000000000000000e-05
1.539666e+05	1.820965097523755e-01	9.574430365855802e-02	3.000000000000000e-06	3.000000000000000e-05
1.567505e+05	1.829888073413832e-01	9.622446096075532e-02	3.000000000000000e-06	3.000000000000000e-05
1.595841e+05	1.838854766165977e-01	9.670691505930828e-02	3.000000000000000e-06	3.000000000000000e-05
1.624685e+05	1.847865389761014e-01	9.719167737764135e-02	3.000000000000000e-06	3.000000000000000e-05
1.654045e+05	1.856920159227630e-01	9.767875939671737e-02	3.000000000000000e-06	3.000000000000000e-05
1.683929e+05	1.866019290647509e-01	9.816817265525259e-02	3.000000000000000e-06	3.000000000000000e-05
1.714349e+05	1.875163001160479e-01	9.865992874993426e-02	3.000000000000000e-06	3.000000000000000e-05
1.745312e+05	1.884351508969692e-01	9.915403933564096e-02	3.000000000000000e-06	3.000000000000000e-05
1.776830e+05	1.893585033346827e-01	9.965051612566543e-02	3.000000000000000e-06	3.000000000000000e-05
1.808911e+05	1.902863794637318e-01	1.001493708919400e-01	3.000000000000000e-06	3.000000000000000e-05
1.841567e+05	1.912188014265609e-01	1.006506154652645e-01	3.000000000000000e-06	3.000000000000000e-05
1.874807e+05	1.921557914740435e-01	1.011542617355371e-01	3.000000000000000e-06	3.000000000000000e-05
1.908641e+05	1.930973719660125e-01	1.016603216519869e-01	3.000000000000000e-06	3.000000000000000e-05
1.943081e+05	1.940435653717935e-01	1.021688072234101e-01	3.000000000000000e-06	3.000000000000000e-05
1.978138e+05	1.949943942707407e-01	1.026797305184076e-01	3.000000000000000e-06	3.000000000000000e-05
2.013822e+05	1.959498813527753e-01	1.031931036656258e-01	3.000000000000000e-06	3.000000000000000e-05
2.050144e+05	1.969100494189263e-01	1.037089388539996e-01	3.000000000000000e-06	3.000000000000000e-05
2.087117e+05	1.978749213818743e-01	1.042272483329980e-01	3.000000000000000e-06	3.000000000000000e-05
2.124752e+05	1.988445202664982e-01	1.047480444128717e-01	3.000000000000000e-06	3.000000000000000e-05
2.163060e+05	1.998188692104235e-01	1.052713394649037e-01	3.000000000000000e-06	3.000000000000000e-05
2.202054e+05	2.007979914645747e-01	1.057971459216622e-01	3.000000000000000e-06	3.000000000000000e-05
2.241747e+05	2.017819103937294e-01	1.063254762772552e-01	3.000000000000000e-06	3.000000000000000e-05
2.282150e+05	2.027706494770753e-01	1.068563430875887e-01	3.000000000000000e-06	3.000000000000000e-05
2.323276e+05	2.037642323087705e-01	1.073897589706261e-01	3.000000000000000e-06	3.000000000000000e-05
2.365139e+05	2.047626825985054e-01	1.079257366066508e-01	3.000000000000000e-06	3.000000000000000e-05
2.407752e+05	2.057660241720689e-01	1.084642887385306e-01	3.000000000000000e-06	3.000000000000000e-05
2.451128e+05	2.067742809719156e-01	1.090054281719849e-01	3.000000000000000e-06	3.000000000000000e-05
2.495281e+05	2.077874770577374e-01	1.095491677758536e-01	3.000000000000000e-06	3.000000000000000e-05
2.540224e+05	2.088056366070369e-01	1.100955204823690e-01	3.000000000000000e-06	3.000000000000000e-05
2.585973e+05	2.098287839157039e-01	1.106444992874297e-01	3.000000000000000e-06	3.000000000000000e-05
2.632541e+05	2.108569433985947e-01	1.111961172508766e-01	3.000000000000000e-06	3.000000000000000e-05
2.679944e+05	2.118901395901144e-01	1.117503874967716e-01	3.000000000000000e-06	3.000000000000000e-05
2.728196e+05	2.129283971448017e-01	1.123073232136781e-01	3.000000000000000e-06	3.000000000000000e-05
2.777312e+05	2.139717408379168e-01	1.128669376549444e-01	3.000000000000000e-06	3.000000000000000e-05
2.827309e+05	2.150201955660323e-01	1.134292441389886e-01	3.000000000000000e-06	3.000000000000000e-05
2.878202e+05	2.160737863476268e-01	1.139942560495865e-01	3.000000000000000e-06	3.000000000000000e-05
2.930006e+05	2.171325383236813e-01	1.145619868361612e-01	3.000000000000000e-06	3.000000000000000e-05
2.982740e+05	2.181964767582786e-01	1.151324500140749e-01	3.000000000000000e-06	3.000000000000000e-05
3.036418e+05	2.192656270392062e-01	1.157056591649238e-01	3.000000000000000e-06	3.000000000000000e-05
3.091059e+05	2.203400146785608e-01	1.162816279368338e-01	3.000000000000000e-06	3.000000000000000e-05
3.146679e+05	2.214196653133576e-01	1.168603700447598e-01	3.000000000000000e-06	3.000000000000000e-05
3.203297e+05	2.225046047061407e-01	1.174418992707863e-01	3.000000000000000e-06	3.000000000000000e-05
3.260930e+05	2.235948587455979e-01	1.180262294644307e-01	3.000000000000000e-06	3.000000000000000e-05
3.319596e+05	2.246904534471778e-01	1.186133745429484e-01	3.000000000000000e-06	3.000000000000000e-05
3.379314e+05	2.257914149537104e-01	1.192033484916404e-01	3.000000000000000e-06	3.000000000000000e-05
3.440103e+05	2.268977695360297e-01	1.197961653641630e-01	3.000000000000000e-06	3.000000000000000e-05
3.501983e+05	2.280095435936012e-01	1.203918392828398e-01	3.000000000000000e-06	3.000000000000000e-05
3.564972e+05	2.291267636551502e-01	1.209903844389755e-01	3.000000000000000e-06	3.000000000000000e-05
3.629092e+05	2.302494563792954e-01	1.215918150931725e-01	3.000000000000000e-06	3.000000000000000e-05
3.694362e+05	2.313776485551836e-01	1.221961455756487e-01	3.000000000000000e-06	3.000000000000000e-05
3.760802e+05	2.325113671031293e-01	1.228033902865588e-01	3.000000000000000e-06	3.000000000000000e-05
3.828435e+05	2.336506390752560e-01	1.234135636963165e-01	3.000000000000000e-06	3.000000000000000e-05
3.897282e+05	2.347954916561414e-01	1.240266803459198e-01	3.000000000000000e-06	3.000000000000000e-05
3.967364e+05	2.359459521634656e-01	1.246427548472775e-01	3.000000000000000e-06	3.000000000000000e-05
4.038704e+05	2.371020480486625e-01	1.252618018835391e-01	3.000000000000000e-06	3.000000000000000e-05
4.111324e+05	2.382638068975743e-01	1.258838362094258e-01	3.000000000000000e-06	3.000000000000000e-05
4.185248e+05	2.394312564311093e-01	1.265088726515638e-01	3.000000000000000e-06	3.000000000000000e-05
4.260499e+05	2.406044245059026e-01	1.271369261088206e-01	3.000000000000000e-06	3.000000000000000e-05
4.337101e+05	2.417833391149808e-01	1.277680115526421e-01	3.000000000000000e-06	3.000000000000000e-05
4.415079e+05	2.429680283884289e-01	1.284021440273933e-01	3.000000000000000e-06	3.000000000000000e-05
4.494456e+05	2.441585205940615e-01	1.290393386506996e-01	3.000000000000000e-06	3.000000000000000e-05
4.575259e+05	2.453548441380965e-01	1.296796106137920e-01	3.000000000000000e-06	3.000000000000000e-05
4.657514e+05	2.465570275658326e-01	1.303229751818526e-01	3.000000000000000e-06	3.000000000000000e-05
4.741245e+05	2.477650995623299e-01	1.309694476943639e-01	3.000000000000000e-06	3.000000000000000e-05
4.826481e+05	2.489790889530935e-01	1.316190435654588e-01	3.000000000000000e-06	3.000000000000000e-05
4.913248e+05	2.501990247047614e-01	1.322717782842741e-01	3.000000000000000e-06	3.000000000000000e-05
5.001574e+05	2.514249359257947e-01	1.329276674153050e-01	3.000000000000000e-06	3.000000000000000e-05
5.091487e+05	2.526568518671720e-01	1.335867265987626e-01	3.000000000000000e-06	3.000000000000000e-05
5.183015e+05	2.538948019230865e-01	1.342489715509329e-01	3.000000000000000e-06	3.000000000000000e-05
5.276188e+05	2.551388156316471e-01	1.349144180645383e-01	3.000000000000000e-06	3.000000000000000e-05
5.371036e+05	2.563889226755825e-01	1.355830820091012e-01	3.000000000000000e-06	3.000000000000000e-05
5.467589e+05	2.576451528829493e-01	1.362549793313097e-01	3.000000000000000e-06	3.000000000000000e-05
5.565877e+05	2.589075362278427e-01	1.369301260553856e-01	3.000000000000000e-06	3.000000000000000e-05
5.665932e+05	2.601761028311118e-01	1.376085382834543e-01	3.000000000000000e-06	3.000000000000000e-05
5.767786e+05	2.614508829610771e-01	1.382902321959168e-01	3.000000000000000e-06	3.000000000000000e-05
5.871472e+05	2.627319070342528e-01	1.389752240518246e-01	3.000000000000000e-06	3.000000000000000e-05
5.977022e+05	2.640192056160715e-01	1.396635301892555e-01	3.000000000000000e-06	3.000000000000000e-05
6.084470e+05	2.653128094216136e-01	1.403551670256927e-01	3.000000000000000e-06	3.000000000000000e-05
6.193850e+05	2.666127493163392e-01	1.410501510584057e-01	3.000000000000000e-06	3.000000000000000e-05
6.305198e+05	2.679190563168240e-01	1.417484988648329e-01	3.000000000000000e-06	3.000000000000000e-05
6.418550e+05	2.692317615914993e-01	1.424502271029671e-01	3.000000000000000e-06	3.000000000000000e-05
6.533940e+05	2.705508964613946e-01	1.431553525117427e-01	3.000000000000000e-06	3.000000000000000e-05
6.651406e+05	2.718764924008848e-01	1.438638919114251e-01	3.000000000000000e-06	3.000000000000000e-05
6.770987e+05	2.732085810384405e-01	1.445758622040028e-01	3.000000000000000e-06	3.000000000000000e-05
6.892719e+05	2.745471941573822e-01	1.452912803735808e-01	3.000000000000000e-06	3.000000000000000e-05
7.016642e+05	2.758923636966381e-01	1.460101634867769e-01	3.000000000000000e-06	3.000000000000000e-05
7.142795e+05	2.772441217515053e-01	1.467325286931200e-01	3.000000000000000e-06	3.000000000000000e-05
7.271219e+05	2.786025005744157e-01	1.474583932254503e-01	3.000000000000000e-06	3.000000000000000e-05
7.401956e+05	2.799675325757047e-01	1.481877744003226e-01	3.000000000000000e-06	3.000000000000000e-05
7.535046e+05	2.813392503243837e-01	1.489206896184103e-01	3.000000000000000e-06	3.000000000000000e-05
7.670532e+05	2.827176865489170e-01	1.496571563649130e-01	3.000000000000000e-06	3.000000000000000e-05
7.808458e+05	2.841028741380020e-01	1.503971922099657e-01	3.000000000000000e-06	3.000000000000000e-05
7.948868e+05	2.854948461413536e-01	1.511408148090504e-01	3.000000000000000e-06	3.000000000000000e-05
8.091807e+05	2.868936357704918e-01	1.518880419034097e-01	3.000000000000000e-06	3.000000000000000e-05
8.237321e+05	2.882992763995340e-01	1.526388913204626e-01	3.000000000000000e-06	3.000000000000000e-05
8.385457e+05	2.897118015659903e-01	1.533933809742232e-01	3.000000000000000e-06	3.000000000000000e-05
8.536261e+05	2.911312449715636e-01	1.541515288657208e-01	3.000000000000000e-06	3.000000000000000e-05
8.689782e+05	2.925576404829530e-01	1.549133530834225e-01	3.000000000000000e-06	3.000000000000000e-05
8.846070e+05	2.939910221326609e-01	1.556788718036586e-01	3.000000000000000e-06	3.000000000000000e-05
9.005174e+05	2.954314241198052e-01	1.564481032910492e-01	3.000000000000000e-06	3.000000000000000e-05
9.167146e+05	2.968788808109341e-01	1.572210658989344e-01	3.000000000000000e-06	3.000000000000000e-05
9.332037e+05	2.983334267408455e-01	1.579977780698053e-01	3.000000000000000e-06	3.000000000000000e-05
9.499901e+05	2.997950966134110e-01	1.587782583357385e-01	3.000000000000000e-06	3.000000000000000e-05
9.670791e+05	3.012639253024028e-01	1.595625253188326e-01	3.000000000000000e-06	3.000000000000000e-05
9.844763e+05	3.027399478523251e-01	1.603505977316461e-01	3.000000000000000e-06	3.000000000000000e-05
1.000000e+06	3.040404211427583e-01	1.610449120900146e-01	3.000000000000000e-06	3.000000000000000e-05
1.018030e+06	3.055333116572382e-01	1.618419237954938e-01	3.000000000000000e-06	3.000000000000000e-05
1.036345e+06	3.070301857761668e-01	1.626410270302849e-01	3.000000000000000e-06	3.000000000000000e-05
1.054992e+06	3.085344505377122e-01	1.634440407564312e-01	3.000000000000000e-06	3.000000000000000e-05
1.073974e+06	3.100460815668284e-01	1.642509519613261e-01	3.000000000000000e-06	3.000000000000000e-05
1.093299e+06	3.115651160062023e-01	1.650617804734847e-01	3.000000000000000e-06	3.000000000000000e-05
1.112973e+06	3.130915900784316e-01	1.658765456295336e-01	3.000000000000000e-06	3.000000000000000e-05
1.133002e+06	3.146255402031506e-01	1.666952668705667e-01	3.000000000000000e-06	3.000000000000000e-05
1.153392e+06	3.161670029779406e-01	1.675179637319509e-01	3.000000000000000e-06	3.000000000000000e-05
1.174150e+06	3.177160151795583e-01	1.683446558439768e-01	3.000000000000000e-06	3.000000000000000e-05
1.195283e+06	3.192726137648068e-01	1.691753629323191e-01	3.000000000000000e-06	3.000000000000000e-05
1.216797e+06	3.208368358714163e-01	1.700101048185027e-01	3.000000000000000e-06	3.000000000000000e-05
1.238700e+06	3.224087188189299e-01	1.708489014203712e-01	3.000000000000000e-06	3.000000000000000e-05
1.260998e+06	3.239883001095925e-01	1.716917727525577e-01	3.000000000000000e-06	3.000000000000000e-05
1.283699e+06	3.255756174292459e-01	1.725387389269586e-01	3.000000000000000e-06	3.000000000000000e-05
1.306810e+06	3.271707086482265e-01	1.733898201532089e-01	3.000000000000000e-06	3.000000000000000e-05
1.330338e+06	3.287736118222687e-01	1.742450367391611e-01	3.000000000000000e-06	3.000000000000000e-05
1.354292e+06	3.303843651934116e-01	1.751044090913657e-01	3.000000000000000e-06	3.000000000000000e-05
1.378678e+06	3.320030071909116e-01	1.759679577155546e-01	3.000000000000000e-06	3.000000000000000e-05
1.403504e+06	3.336295764321578e-01	1.768357032171266e-01	3.000000000000000e-06	3.000000000000000e-05
1.428779e+06	3.352641117235934e-01	1.777076663016360e-01	3.000000000000000e-06	3.000000000000000e-05
1.454511e+06	3.369066520616404e-01	1.785838677752831e-01	3.000000000000000e-06	3.000000000000000e-05
1.480708e+06	3.385572366336298e-01	1.794643285454074e-01	3.000000000000000e-06	3.000000000000000e-05
1.507378e+06	3.402159048187356e-01	1.803490696209832e-01	3.000000000000000e-06	3.000000000000000e-05
1.534531e+06	3.418826961889140e-01	1.812381121131181e-01	3.000000000000000e-06	3.000000000000000e-05
1.562174e+06	3.435576505098465e-01	1.821314772355535e-01	3.000000000000000e-06	3.000000000000000e-05
1.590317e+06	3.452408077418885e-01	1.830291863051678e-01	3.000000000000000e-06	3.000000000000000e-05
1.618969e+06	3.469322080410215e-01	1.839312607424824e-01	3.000000000000000e-06	3.000000000000000e-05
1.648139e+06	3.486318917598110e-01	1.848377220721697e-01	3.000000000000000e-06	3.000000000000000e-05
1.677836e+06	3.503398994483682e-01	1.857485919235644e-01	3.000000000000000e-06	3.000000000000000e-05
1.708071e+06	3.520562718553174e-01	1.866638920311766e-01	3.000000000000000e-06	3.000000000000000e-05
1.738852e+06	3.537810499287669e-01	1.875836442352081e-01	3.000000000000000e-06	3.000000000000000e-05
1.770191e+06	3.555142748172854e-01	1.885078704820707e-01	3.000000000000000e-06	3.000000000000000e-05
1.802096e+06	3.572559878708838e-01	1.894365928249075e-01	3.000000000000000e-06	3.000000000000000e-05
1.834579e+06	3.590062306420000e-01	1.903698334241171e-01	3.000000000000000e-06	3.000000000000000e-05
1.867649e+06	3.607650448864905e-01	1.913076145478793e-01	3.000000000000000e-06	3.000000000000000e-05
1.901318e+06	3.625324725646253e-01	1.922499585726848e-01	3.000000000000000e-06	3.000000000000000e-05
1.935597e+06	3.643085558420889e-01	1.931968879838665e-01	3.000000000000000e-06	3.000000000000000e-05
1.970495e+06	3.660933370909852e-01	1.941484253761341e-01	3.000000000000000e-06	3.000000000000000e-05
2.006026e+06	3.678868588908480e-01	1.951045934541109e-01	3.000000000000000e-06	3.000000000000000e-05
2.042200e+06	3.696891640296561e-01	1.960654150328737e-01	3.000000000000000e-06	3.000000000000000e-05
2.079029e+06	3.715002955048534e-01	1.970309130384948e-01	3.000000000000000e-06	3.000000000000000e-05
2.116525e+06	3.733202965243740e-01	1.980011105085875e-01	3.000000000000000e-06	3.000000000000000e-05
2.154700e+06	3.751492105076729e-01	1.989760305928535e-01	3.000000000000000e-06	3.000000000000000e-05
2.193566e+06	3.769870810867604e-01	1.999556965536338e-01	3.000000000000000e-06	3.000000000000000e-05
2.233137e+06	3.788339521072429e-01	2.009401317664612e-01	3.000000000000000e-06	3.000000000000000e-05
2.273424e+06	3.806898676293681e-01	2.019293597206172e-01	3.000000000000000e-06	3.000000000000000e-05
2.314441e+06	3.825548719290758e-01	2.029234040196900e-01	3.000000000000000e-06	3.000000000000000e-05
2.356202e+06	3.844290094990530e-01	2.039222883821361e-01	3.000000000000000e-06	3.000000000000000e-05
2.398719e+06	3.863123250497951e-01	2.049260366418449e-01	3.000000000000000e-06	3.000000000000000e-05
2.442007e+06	3.882048635106717e-01	2.059346727487054e-01	3.000000000000000e-06	3.000000000000000e-05
2.486079e+06	3.901066700309979e-01	2.069482207691762e-01	3.000000000000000e-06	3.000000000000000e-05
2.530950e+06	3.920177899811108e-01	2.079667048868584e-01	3.000000000000000e-06	3.000000000000000e-05
2.576635e+06	3.939382689534510e-01	2.089901494030704e-01	3.000000000000000e-06	3.000000000000000e-05
2.623148e+06	3.958681527636498e-01	2.100185787374272e-01	3.000000000000000e-06	3.000000000000000e-05
2.670505e+06	3.978074874516215e-01	2.110520174284209e-01	3.000000000000000e-06	3.000000000000000e-05
2.718720e+06	3.997563192826612e-01	2.120904901340051e-01	3.000000000000000e-06	3.000000000000000e-05
2.767810e+06	4.017146947485474e-01	2.131340216321815e-01	3.000000000000000e-06	3.000000000000000e-05
2.817791e+06	4.036826605686510e-01	2.141826368215904e-01	3.000000000000000e-06	3.000000000000000e-05
2.868678e+06	4.056602636910489e-01	2.152363607221027e-01	3.000000000000000e-06	3.000000000000000e-05
2.920488e+06	4.076475512936434e-01	2.162952184754162e-01	3.000000000000000e-06	3.000000000000000e-05
2.973238e+06	4.096445707852868e-01	2.173592353456538e-01	3.000000000000000e-06	3.000000000000000e-05
3.026945e+06	4.116513698069121e-01	2.184284367199653e-01	3.000000000000000e-06	3.000000000000000e-05
3.081627e+06	4.136679962326685e-01	2.195028481091316e-01	3.000000000000000e-06	3.000000000000000e-05
3.137302e+06	4.156944981710631e-01	2.205824951481728e-01	3.000000000000000e-06	3.000000000000000e-05
3.193987e+06	4.177309239661075e-01	2.216674035969579e-01	3.000000000000000e-06	3.000000000000000e-05
3.251701e+06	4.197773221984707e-01	2.227575993408191e-01	3.000000000000000e-06	3.000000000000000e-05
3.310463e+06	4.218337416866373e-01	2.238531083911675e-01	3.000000000000000e-06	3.000000000000000e-05
3.370292e+06	4.239002314880715e-01	2.249539568861131e-01	3.000000000000000e-06	3.000000000000000e-05
3.431208e+06	4.259768409003863e-01	2.260601710910875e-01	3.000000000000000e-06	3.000000000000000e-05
3.493229e+06	4.280636194625195e-01	2.271717773994691e-01	3.000000000000000e-06	3.000000000000000e-05
3.556377e+06	4.301606169559139e-01	2.282888023332122e-01	3.000000000000000e-06	3.000000000000000e-05
3.620672e+06	4.322678834057052e-01	2.294112725434786e-01	3.000000000000000e-06	3.000000000000000e-05
3.686136e+06	4.343854690819139e-01	2.305392148112722e-01	3.000000000000000e-06	3.000000000000000e-05
3.752788e+06	4.365134245006442e-01	2.316726560480779e-01	3.000000000000000e-06	3.000000000000000e-05
3.820652e+06	4.386518004252879e-01	2.328116232965015e-01	3.000000000000000e-06	3.000000000000000e-05
3.889748e+06	4.408006478677355e-01	2.339561437309153e-01	3.000000000000000e-06	3.000000000000000e-05
3.960101e+06	4.429600180895916e-01	2.351062446581045e-01	3.000000000000000e-06	3.000000000000000e-05
4.031732e+06	4.451299626033974e-01	2.362619535179184e-01	3.000000000000000e-06	3.000000000000000e-05
4.104666e+06	4.473105331738590e-01	2.374232978839239e-01	3.000000000000000e-06	3.000000000000000e-05
4.178925e+06	4.495017818190811e-01	2.385903054640626e-01	3.000000000000000e-06	3.000000000000000e-05
4.254534e+06	4.517037608118075e-01	2.397630041013114e-01	3.000000000000000e-06	3.000000000000000e-05
4.331518e+06	4.539165226806675e-01	2.409414217743454e-01	3.000000000000000e-06	3.000000000000000e-05
4.409902e+06	4.561401202114276e-01	2.421255865982048e-01	3.000000000000000e-06	3.000000000000000e-05
4.489712e+06	4.583746064482507e-01	2.433155268249653e-01	3.000000000000000e-06	3.000000000000000e-05
4.570973e+06	4.606200346949604e-01	2.445112708444107e-01	3.000000000000000e-06	3.000000000000000e-05
4.653712e+06	4.628764585163119e-01	2.457128471847100e-01	3.000000000000000e-06	3.000000000000000e-05
4.737957e+06	4.651439317392690e-01	2.469202845130971e-01	3.000000000000000e-06	3.000000000000000e-05
4.823734e+06	4.674225084542875e-01	2.481336116365537e-01	3.000000000000000e-06	3.000000000000000e-05
4.911072e+06	4.697122430166044e-01	2.493528575024966e-01	3.000000000000000e-06	3.000000000000000e-05
5.000000e+06	4.720131900475345e-01	2.505780511994667e-01	3.000000000000000e-06	3.000000000000000e-05
5.090545e+06	4.743254044357721e-01	2.518092219578232e-01	3.000000000000000e-06	3.000000000000000e-05
5.182739e+06	4.766489413386997e-01	2.530463991504395e-01	3.000000000000000e-06	3.000000000000000e-05
5.276611e+06	4.789838561837030e-01	2.542896122934038e-01	3.000000000000000e-06	3.000000000000000e-05
5.372192e+06	4.813302046694926e-01	2.555388910467223e-01	3.000000000000000e-06	3.000000000000000e-05
5.469514e+06	4.836880427674314e-01	2.567942652150264e-01	3.000000000000000e-06	3.000000000000000e-05
5.568607e+06	4.860574267228699e-01	2.580557647482830e-01	3.000000000000000e-06	3.000000000000000e-05
5.669505e+06	4.884384130564859e-01	2.593234197425084e-01	3.000000000000000e-06	3.000000000000000e-05
5.772240e+06	4.908310585656332e-01	2.605972604404857e-01	3.000000000000000e-06	3.000000000000000e-05
5.876847e+06	4.932354203256951e-01	2.618773172324858e-01	3.000000000000000e-06	3.000000000000000e-05
5.983359e+06	4.956515556914449e-01	2.631636206569914e-01	3.000000000000000e-06	3.000000000000000e-05
6.091812e+06	4.980795222984141e-01	2.644562014014257e-01	3.000000000000000e-06	3.000000000000000e-05
6.202240e+06	5.005193780642658e-01	2.657550903028830e-01	3.000000000000000e-06	3.000000000000000e-05
6.314681e+06	5.029711811901755e-01	2.670603183488647e-01	3.000000000000000e-06	3.000000000000000e-05
6.429170e+06	5.054349901622192e-01	2.683719166780172e-01	3.000000000000000e-06	3.000000000000000e-05
6.545746e+06	5.079108637527673e-01	2.696899165808750e-01	3.000000000000000e-06	3.000000000000000e-05
6.664447e+06	5.103988610218860e-01	2.710143495006056e-01	3.000000000000000e-06	3.000000000000000e-05
6.785312e+06	5.128990413187451e-01	2.723452470337602e-01	3.000000000000000e-06	3.000000000000000e-05
6.908380e+06	5.154114642830332e-01	2.736826409310261e-01	3.000000000000000e-06	3.000000000000000e-05
7.033692e+06	5.179361898463796e-01	2.750265630979840e-01	3.000000000000000e-06	3.000000000000000e-05
7.161289e+06	5.204732782337825e-01	2.763770455958685e-01	3.000000000000000e-06	3.000000000000000e-05
7.291212e+06	5.230227899650459e-01	2.777341206423325e-01	3.000000000000000e-06	3.000000000000000e-05
7.423505e+06	5.255847858562213e-01	2.790978206122153e-01	3.000000000000000e-06	3.000000000000000e-05
7.558211e+06	5.281593270210582e-01	2.804681780383141e-01	3.000000000000000e-06	3.000000000000000e-05
7.695374e+06	5.307464748724611e-01	2.818452256121603e-01	3.000000000000000e-06	3.000000000000000e-05
7.835039e+06	5.333462911239536e-01	2.832289961847979e-01	3.000000000000000e-06	3.000000000000000e-05
7.977253e+06	5.359588377911493e-01	2.846195227675675e-01	3.000000000000000e-06	3.000000000000000e-05
8.122061e+06	5.385841771932309e-01	2.860168385328931e-01	3.000000000000000e-06	3.000000000000000e-05
8.269512e+06	5.412223719544355e-01	2.874209768150727e-01	3.000000000000000e-06	3.000000000000000e-05
8.419654e+06	5.438734850055477e-01	2.888319711110732e-01	3.000000000000000e-06	3.000000000000000e-05
8.572536e+06	5.465375795853998e-01	2.902498550813293e-01	3.000000000000000e-06	3.000000000000000e-05
8.728209e+06	5.492147192423799e-01	2.916746625505455e-01	3.000000000000000e-06	3.000000000000000e-05
8.886723e+06	5.519049678359461e-01	2.931064275085027e-01	3.000000000000000e-06	3.000000000000000e-05
9.048132e+06	5.546083895381499e-01	2.945451841108689e-01	3.000000000000000e-06	3.000000000000000e-05
9.212487e+06	5.573250488351656e-01	2.959909666800129e-01	3.000000000000000e-06	3.000000000000000e-05
9.379844e+06	5.600550105288273e-01	2.974438097058232e-01	3.000000000000000e-06	3.000000000000000e-05
9.550258e+06	5.627983397381744e-01	2.989037478465298e-01	3.000000000000000e-06	3.000000000000000e-05
9.723783e+06	5.655551019010041e-01	3.003708159295312e-01	3.000000000000000e-06	3.000000000000000e-05
9.900479e+06	5.683253627754309e-01	3.018450489522238e-01	3.000000000000000e-06	3.000000000000000e-05
1.000000e+07	5.698668708131034e-01	3.026653754503323e-01	3.000000000000000e-06	3.000000000000000e-05
1.018321e+07	5.726808026697415e-01	3.041628194299207e-01	3.000000000000000e-06	3.000000000000000e-05
1.036827e+07	5.754855466189092e-01	3.056553555028282e-01	3.000000000000000e-06	3.000000000000000e-05
1.055674e+07	5.783044399812932e-01	3.071554027978265e-01	3.000000000000000e-06	3.000000000000000e-05
1.074865e+07	5.811371286752424e-01	3.086627728921569e-01	3.000000000000000e-06	3.000000000000000e-05
1.094406e+07	5.839836878987039e-01	3.101775058040052e-01	3.000000000000000e-06	3.000000000000000e-05
1.114305e+07	5.868441854128781e-01	3.116996375936873e-01	3.000000000000000e-06	3.000000000000000e-05
1.134568e+07	5.897186894520009e-01	3.132292045727911e-01	3.000000000000000e-06	3.000000000000000e-05
1.155201e+07	5.926072685817542e-01	3.147662432288301e-01	3.000000000000000e-06	3.000000000000000e-05
1.176211e+07	5.955099917034936e-01	3.163107902274925e-01	3.000000000000000e-06	3.000000000000000e-05
1.197606e+07	5.984269280558446e-01	3.178628824134895e-01	3.000000000000000e-06	3.000000000000000e-05
1.219392e+07	6.013581472163525e-01	3.194225568114336e-01	3.000000000000000e-06	3.000000000000000e-05
1.241576e+07	6.043037191031421e-01	3.209898506267205e-01	3.000000000000000e-06	3.000000000000000e-05
1.264166e+07	6.072637139765835e-01	3.225648012464162e-01	3.000000000000000e-06	3.000000000000000e-05
1.287169e+07	6.102382024409679e-01	3.241474462401475e-01	3.000000000000000e-06	3.000000000000000e-05
1.310593e+07	6.132272554461899e-01	3.257378233609978e-01	3.000000000000000e-06	3.000000000000000e-05
1.334445e+07	6.162309442894394e-01	3.273359705464071e-01	3.000000000000000e-06	3.000000000000000e-05
1.358734e+07	6.192493406169008e-01	3.289419259190761e-01	3.000000000000000e-06	3.000000000000000e-05
1.383467e+07	6.222825164254615e-01	3.305557277878751e-01	3.000000000000000e-06	3.000000000000000e-05
1.408653e+07	6.253305440644279e-01	3.321774146487574e-01	3.000000000000000e-06	3.000000000000000e-05
1.434300e+07	6.283934962372504e-01	3.338070251856770e-01	3.000000000000000e-06	3.000000000000000e-05
1.460416e+07	6.314714460032566e-01	3.354445982715106e-01	3.000000000000000e-06	3.000000000000000e-05
1.487010e+07	6.345644667793927e-01	3.370901729689850e-01	3.000000000000000e-06	3.000000000000000e-05
1.514091e+07	6.376726323419742e-01	3.387437885316076e-01	3.000000000000000e-06	3.000000000000000e-05
1.541668e+07	6.407960168284446e-01	3.404054844046032e-01	3.000000000000000e-06	3.000000000000000e-05
1.569750e+07	6.439346947391424e-01	3.420753002258535e-01	3.000000000000000e-06	3.000000000000000e-05
1.598346e+07	6.470887409390780e-01	3.437532758268431e-01	3.000000000000000e-06	3.000000000000000e-05
1.627466e+07	6.502582306597174e-01	3.454394512336084e-01	3.000000000000000e-06	3.000000000000000e-05
1.657119e+07	6.534432395007769e-01	3.471338666676922e-01	3.000000000000000e-06	3.000000000000000e-05
1.687315e+07	6.566438434320241e-01	3.488365625471030e-01	3.000000000000000e-06	3.000000000000000e-05
1.718065e+07	6.598601187950901e-01	3.505475794872781e-01	3.000000000000000e-06	3.000000000000000e-05
1.749377e+07	6.630921423052890e-01	3.522669583020523e-01	3.000000000000000e-06	3.000000000000000e-05
1.781264e+07	6.663399910534468e-01	3.539947400046310e-01	3.000000000000000e-06	3.000000000000000e-05
1.813735e+07	6.696037425077389e-01	3.557309658085681e-01	3.000000000000000e-06	3.000000000000000e-05
1.846800e+07	6.728834745155378e-01	3.574756771287481e-01	3.000000000000000e-06	3.000000000000000e-05
1.880472e+07	6.761792653052678e-01	3.592289155823746e-01	3.000000000000000e-06	3.000000000000000e-05
1.914761e+07	6.794911934882710e-01	3.609907229899613e-01	3.000000000000000e-06	3.000000000000000e-05
1.949678e+07	6.828193380606808e-01	3.627611413763303e-01	3.000000000000000e-06	3.000000000000000e-05
1.985236e+07	6.861637784053052e-01	3.645402129716129e-01	3.000000000000000e-06	3.000000000000000e-05
2.021445e+07	6.895245942935193e-01	3.663279802122577e-01	3.000000000000000e-06	3.000000000000000e-05
2.058319e+07	6.929018658871670e-01	3.681244857420410e-01	3.000000000000000e-06	3.000000000000000e-05
2.095868e+07	6.962956737404720e-01	3.699297724130851e-01	3.000000000000000e-06	3.000000000000000e-05
2.134106e+07	6.997060988019583e-01	3.717438832868783e-01	3.000000000000000e-06	3.000000000000000e-05
2.173046e+07	7.031332224163802e-01	3.735668616353031e-01	3.000000000000000e-06	3.000000000000000e-05
2.212699e+07	7.065771263266607e-01	3.753987509416669e-01	3.000000000000000e-06	3.000000000000000e-05
2.253080e+07	7.100378926758409e-01	3.772395949017393e-01	3.000000000000000e-06	3.000000000000000e-05
2.294202e+07	7.135156040090382e-01	3.790894374247933e-01	3.000000000000000e-06	3.000000000000000e-05
2.336078e+07	7.170103432754140e-01	3.809483226346529e-01	3.000000000000000e-06	3.000000000000000e-05
2.378723e+07	7.205221938301510e-01	3.828162948707446e-01	3.000000000000000e-06	3.000000000000000e-05
2.422150e+07	7.240512394364407e-01	3.846933986891549e-01	3.000000000000000e-06	3.000000000000000e-05
2.466374e+07	7.275975642674798e-01	3.865796788636919e-01	3.000000000000000e-06	3.000000000000000e-05
2.511410e+07	7.311612529084776e-01	3.884751803869539e-01	3.000000000000000e-06	3.000000000000000e-05
2.557272e+07	7.347423903586712e-01	3.903799484714012e-01	3.000000000000000e-06	3.000000000000000e-05
2.603977e+07	7.383410620333534e-01	3.922940285504344e-01	3.000000000000000e-06	3.000000000000000e-05
2.651538e+07	7.419573537659078e-01	3.942174662794775e-01	3.000000000000000e-06	3.000000000000000e-05
2.699973e+07	7.455913518098550e-01	3.961503075370666e-01	3.000000000000000e-06	3.000000000000000e-05
2.749298e+07	7.492431428409098e-01	3.980925984259435e-01	3.000000000000000e-06	3.000000000000000e-05
2.799528e+07	7.529128139590463e-01	4.000443852741551e-01	3.000000000000000e-06	3.000000000000000e-05
2.850680e+07	7.566004526905753e-01	4.020057146361576e-01	3.000000000000000e-06	3.000000000000000e-05
2.902772e+07	7.603061469902299e-01	4.039766332939269e-01	3.000000000000000e-06	3.000000000000000e-05
2.955821e+07	7.640299852432634e-01	4.059571882580735e-01	3.000000000000000e-06	3.000000000000000e-05
3.009844e+07	7.677720562675550e-01	4.079474267689636e-01	3.000000000000000e-06	3.000000000000000e-05
3.064860e+07	7.715324493157284e-01	4.099473962978452e-01	3.000000000000000e-06	3.000000000000000e-05
3.120887e+07	7.753112540772789e-01	4.119571445479800e-01	3.000000000000000e-06	3.000000000000000e-05
3.177943e+07	7.791085606807112e-01	4.139767194557809e-01	3.000000000000000e-06	3.000000000000000e-05
3.236047e+07	7.829244596956890e-01	4.160061691919542e-01	3.000000000000000e-06	3.000000000000000e-05
3.295220e+07	7.867590421351928e-01	4.180455421626488e-01	3.000000000000000e-06	3.000000000000000e-05
3.355480e+07	7.906123994576907e-01	4.200948870106101e-01	3.000000000000000e-06	3.000000000000000e-05
3.416847e+07	7.944846235693179e-01	4.221542526163394e-01	3.000000000000000e-06	3.000000000000000e-05
3.479343e+07	7.983758068260683e-01	4.242236880992594e-01	3.000000000000000e-06	3.000000000000000e-05
3.542987e+07	8.022860420359956e-01	4.263032428188854e-01	3.000000000000000e-06	3.000000000000000e-05
3.607802e+07	8.062154224614262e-01	4.283929663760020e-01	3.000000000000000e-06	3.000000000000000e-05
3.673808e+07	8.101640418211818e-01	4.304929086138458e-01	3.000000000000000e-06	3.000000000000000e-05
3.741028e+07	8.141319942928149e-01	4.326031196192933e-01	3.000000000000000e-06	3.000000000000000e-05
3.809485e+07	8.181193745148521e-01	4.347236497240554e-01	3.000000000000000e-06	3.000000000000000e-05
3.879200e+07	8.221262775890518e-01	4.368545495058772e-01	3.000000000000000e-06	3.000000000000000e-05
3.950198e+07	8.261527990826701e-01	4.389958697897439e-01	3.000000000000000e-06	3.000000000000000e-05
4.022502e+07	8.301990350307403e-01	4.411476616490925e-01	3.000000000000000e-06	3.000000000000000e-05
4.096136e+07	8.342650819383607e-01	4.433099764070294e-01	3.000000000000000e-06	3.000000000000000e-05
4.171124e+07	8.383510367829965e-01	4.454828656375540e-01	3.000000000000000e-06	3.000000000000000e-05
4.247493e+07	8.424569970167910e-01	4.476663811667883e-01	3.000000000000000e-06	3.000000000000000e-05
4.325267e+07	8.465830605688889e-01	4.498605750742123e-01	3.000000000000000e-06	3.000000000000000e-05
4.404472e+07	8.507293258477707e-01	4.520654996939059e-01	3.000000000000000e-06	3.000000000000000e-05
4.485134e+07	8.548958917435989e-01	4.542812076157964e-01	3.000000000000000e-06	3.000000000000000e-05
4.567282e+07	8.590828576305750e-01	4.565077516869122e-01	3.000000000000000e-06	3.000000000000000e-05
4.650941e+07	8.632903233693090e-01	4.587451850126430e-01	3.000000000000000e-06	3.000000000000000e-05
4.736141e+07	8.675183893091993e-01	4.609935609580056e-01	3.000000000000000e-06	3.000000000000000e-05
4.822909e+07	8.717671562908257e-01	4.632529331489161e-01	3.000000000000000e-06	3.000000000000000e-05
4.911275e+07	8.760367256483524e-01	4.655233554734687e-01	3.000000000000000e-06	3.000000000000000e-05
5.001268e+07	8.803271992119447e-01	4.678048820832201e-01	3.000000000000000e-06	3.000000000000000e-05
5.092918e+07	8.846386793101952e-01	4.700975673944806e-01	3.000000000000000e-06	3.000000000000000e-05
5.186256e+07	8.889712687725647e-01	4.724014660896114e-01	3.000000000000000e-06	3.000000000000000e-05
5.281313e+07	8.933250709318321e-01	4.747166331183283e-01	3.000000000000000e-06	3.000000000000000e-05
5.378121e+07	8.977001896265586e-01	4.770431236990118e-01	3.000000000000000e-06	3.000000000000000e-05
5.476712e+07	9.020967292035630e-01	4.793809933200230e-01	3.000000000000000e-06	3.000000000000000e-05
5.577120e+07	9.065147945204086e-01	4.817302977410274e-01	3.000000000000000e-06	3.000000000000000e-05
5.679378e+07	9.109544909479035e-01	4.840910929943232e-01	3.000000000000000e-06	3.000000000000000e-05
5.783520e+07	9.154159243726121e-01	4.864634353861779e-01	3.000000000000000e-06	3.000000000000000e-05
5.889581e+07	9.198992011993794e-01	4.888473814981701e-01	3.000000000000000e-06	3.000000000000000e-05
5.997596e+07	9.244044283538677e-01	4.912429881885388e-01	3.000000000000000e-06	3.000000000000000e-05
6.107603e+07	9.289317132851053e-01	4.936503125935388e-01	3.000000000000000e-06	3.000000000000000e-05
6.219637e+07	9.334811639680478e-01	4.960694121288025e-01	3.000000000000000e-06	3.000000000000000e-05
6.333736e+07	9.380528889061526e-01	4.985003444907093e-01	3.000000000000000e-06	3.000000000000000e-05
6.449938e+07	9.426469971339647e-01	5.009431676577605e-01	3.000000000000000e-06	3.000000000000000e-05
6.568283e+07	9.472635982197170e-01	5.033979398919619e-01	3.000000000000000e-06	3.000000000000000e-05
6.688810e+07	9.519028022679408e-01	5.058647197402125e-01	3.000000000000000e-06	3.000000000000000e-05
6.811560e+07	9.565647199220919e-01	5.083435660357003e-01	3.000000000000000e-06	3.000000000000000e-05
6.936573e+07	9.612494623671870e-01	5.108345378993052e-01	3.000000000000000e-06	3.000000000000000e-05
7.063891e+07	9.659571413324550e-01	5.133376947410078e-01	3.000000000000000e-06	3.000000000000000e-05
7.193558e+07	9.706878690940004e-01	5.158530962613062e-01	3.000000000000000e-06	3.000000000000000e-05
7.325617e+07	9.754417584774789e-01	5.183808024526391e-01	3.000000000000000e-06	3.000000000000000e-05
7.460111e+07	9.802189228607882e-01	5.209208736008160e-01	3.000000000000000e-06	3.000000000000000e-05
7.597087e+07	9.850194761767694e-01	5.234733702864545e-01	3.000000000000000e-06	3.000000000000000e-05
7.736590e+07	9.898435329159248e-01	5.260383533864241e-01	3.000000000000000e-06	3.000000000000000e-05
7.878667e+07	9.946912081291448e-01	5.286158840752981e-01	3.000000000000000e-06	3.000000000000000e-05
8.023366e+07	9.995626174304526e-01	5.312060238268117e-01	3.000000000000000e-06	3.000000000000000e-05
8.170735e+07	1.004457876999759e+00	5.338088344153270e-01	3.000000000000000e-06	3.000000000000000e-05
8.320824e+07	1.009377103585633e+00	5.364243779173066e-01	3.000000000000000e-06	3.000000000000000e-05
8.473683e+07	1.014320414508082e+00	5.390527167127926e-01	3.000000000000000e-06	3.000000000000000e-05
8.629363e+07	1.019287927661354e+00	5.416939134868946e-01	3.000000000000000e-06	3.000000000000000e-05
8.787918e+07	1.024279761516742e+00	5.443480312312829e-01	3.000000000000000e-06	3.000000000000000e-05
8.949399e+07	1.029296035125413e+00	5.470151332456916e-01	3.000000000000000e-06	3.000000000000000e-05
9.113862e+07	1.034336868121241e+00	5.496952831394261e-01	3.000000000000000e-06	3.000000000000000e-05
9.281362e+07	1.039402380723663e+00	5.523885448328808e-01	3.000000000000000e-06	3.000000000000000e-05
9.451955e+07	1.044492693740544e+00	5.550949825590621e-01	3.000000000000000e-06	3.000000000000000e-05
9.625698e+07	1.049607928571056e+00	5.578146608651200e-01	3.000000000000000e-06	3.000000000000000e-05
9.802650e+07	1.054748207208572e+00	5.605476446138867e-01	3.000000000000000e-06	3.000000000000000e-05
9.982870e+07	1.059913652243573e+00	5.632939989854231e-01	3.000000000000000e-06	3.000000000000000e-05
1.000000e+08	1.060399151787723e+00	5.635521278190285e-01	3.000000000000000e-06	3.000000000000000e-05
1.018694e+08	1.065678913501586e+00	5.663592509316348e-01	3.000000000000000e-06	3.000000000000000e-05
1.037420e+08	1.070896288351031e+00	5.691331945807819e-01	3.000000000000000e-06	3.000000000000000e-05
1.056498e+08	1.076140822005487e+00	5.719215681706645e-01	3.000000000000000e-06	3.000000000000000e-05
1.075928e+08	1.081411002823651e+00	5.747235679994439e-01	3.000000000000000e-06	3.000000000000000e-05
1.095717e+08	1.086706986456353e+00	5.775392768232702e-01	3.000000000000000e-06	3.000000000000000e-05
1.115872e+08	1.092028898657899e+00	5.803687615028666e-01	3.000000000000000e-06	3.000000000000000e-05
1.136400e+08	1.097376866359409e+00	5.832120895244010e-01	3.000000000000000e-06	3.000000000000000e-05
1.157307e+08	1.102751017103006e+00	5.860693286986557e-01	3.000000000000000e-06	3.000000000000000e-05
1.178600e+08	1.108151479055265e+00	5.889405471681826e-01	3.000000000000000e-06	3.000000000000000e-05
1.200287e+08	1.113578381010078e+00	5.918258134088240e-01	3.000000000000000e-06	3.000000000000000e-05
1.222374e+08	1.119031852391730e+00	5.947251962313483e-01	3.000000000000000e-06	3.000000000000000e-05
1.244870e+08	1.124512023257984e+00	5.976387647830895e-01	3.000000000000000e-06	3.000000000000000e-05
1.267782e+08	1.130019024303179e+00	6.005665885495954e-01	3.000000000000000e-06	3.000000000000000e-05
1.291118e+08	1.135552986861346e+00	6.035087373562841e-01	3.000000000000000e-06	3.000000000000000e-05
1.314885e+08	1.141114042909341e+00	6.064652813701085e-01	3.000000000000000e-06	3.000000000000000e-05
1.339092e+08	1.146702325069989e+00	6.094362911012290e-01	3.000000000000000e-06	3.000000000000000e-05
1.363746e+08	1.152317966615245e+00	6.124218374046941e-01	3.000000000000000e-06	3.000000000000000e-05
1.388857e+08	1.157961101469373e+00	6.154219914821297e-01	3.000000000000000e-06	3.000000000000000e-05
1.414431e+08	1.163631864212135e+00	6.184368248834362e-01	3.000000000000000e-06	3.000000000000000e-05
1.440479e+08	1.169330390082002e+00	6.214664095084943e-01	3.000000000000000e-06	3.000000000000000e-05
1.467009e+08	1.175056814979380e+00	6.245108176088787e-01	3.000000000000000e-06	3.000000000000000e-05
1.494030e+08	1.180811275469842e+00	6.275701217895810e-01	3.000000000000000e-06	3.000000000000000e-05
1.521550e+08	1.186593908787391e+00	6.306443950107400e-01	3.000000000000000e-06	3.000000000000000e-05
1.549580e+08	1.192404852837726e+00	6.337337105893809e-01	3.000000000000000e-06	3.000000000000000e-05
1.578129e+08	1.198244246201533e+00	6.368381422011633e-01	3.000000000000000e-06	3.000000000000000e-05
1.607206e+08	1.204112228137788e+00	6.399577638821375e-01	3.000000000000000e-06	3.000000000000000e-05
1.636821e+08	1.210008938587073e+00	6.430926500305095e-01	3.000000000000000e-06	3.000000000000000e-05
1.666984e+08	1.215934518174916e+00	6.462428754084141e-01	3.000000000000000e-06	3.000000000000000e-05
1.697705e+08	1.221889108215142e+00	6.494085151436974e-01	3.000000000000000e-06	3.000000000000000e-05
1.728996e+08	1.227872850713240e+00	6.525896447317078e-01	3.000000000000000e-06	3.000000000000000e-05
1.760865e+08	1.233885888369750e+00	6.557863400370953e-01	3.000000000000000e-06	3.000000000000000e-05
1.793325e+08	1.239928364583664e+00	6.589986772956207e-01	3.000000000000000e-06	3.000000000000000e-05
1.826385e+08	1.246000423455845e+00	6.622267331159719e-01	3.000000000000000e-06	3.000000000000000e-05
1.860058e+08	1.252102209792458e+00	6.654705844815910e-01	3.000000000000000e-06	3.000000000000000e-05
1.894355e+08	1.258233869108429e+00	6.687303087525091e-01	3.000000000000000e-06	3.000000000000000e-05
1.929286e+08	1.264395547630906e+00	6.720059836671900e-01	3.000000000000000e-06	3.000000000000000e-05
1.964865e+08	1.270587392302752e+00	6.752976873443843e-01	3.000000000000000e-06	3.000000000000000e-05
2.001102e+08	1.276809550786041e+00	6.786054982849908e-01	3.000000000000000e-06	3.000000000000000e-05
2.038011e+08	1.283062171465583e+00	6.819294953739281e-01	3.000000000000000e-06	3.000000000000000e-05
2.075604e+08	1.289345403452458e+00	6.852697578820149e-01	3.000000000000000e-06	3.000000000000000e-05
2.113893e+08	1.295659396587571e+00	6.886263654678598e-01	3.000000000000000e-06	3.000000000000000e-05
2.152892e+08	1.302004301445226e+00	6.919993981797603e-01	3.000000000000000e-06	3.000000000000000e-05
2.192613e+08	1.308380269336712e+00	6.953889364576108e-01	3.000000000000000e-06	3.000000000000000e-05
2.233070e+08	1.314787452313913e+00	6.987950611348199e-01	3.000000000000000e-06	3.000000000000000e-05
2.274277e+08	1.321226003172930e+00	7.022178534402380e-01	3.000000000000000e-06	3.000000000000000e-05
2.316248e+08	1.327696075457724e+00	7.056573950000931e-01	3.000000000000000e-06	3.000000000000000e-05
2.358997e+08	1.334197823463776e+00	7.091137678399362e-01	3.000000000000000e-06	3.000000000000000e-05
2.402538e+08	1.340731402241767e+00	7.125870543865978e-01	3.000000000000000e-06	3.000000000000000e-05
2.446886e+08	1.347296967601270e+00	7.160773374701513e-01	3.000000000000000e-06	3.000000000000000e-05
2.492056e+08	1.353894676114468e+00	7.195847003258891e-01	3.000000000000000e-06	3.000000000000000e-05
2.538064e+08	1.360524685119883e+00	7.231092265963051e-01	3.000000000000000e-06	3.000000000000000e-05
2.584925e+08	1.367187152726131e+00	7.266510003330897e-01	3.000000000000000e-06	3.000000000000000e-05
2.632655e+08	1.373882237815683e+00	7.302101059991331e-01	3.000000000000000e-06	3.000000000000000e-05
2.681270e+08	1.380610100048663e+00	7.337866284705382e-01	3.000000000000000e-06	3.000000000000000e-05
2.730786e+08	1.387370899866643e+00	7.373806530386450e-01	3.000000000000000e-06	3.000000000000000e-05
2.781221e+08	1.394164798496476e+00	7.409922654120623e-01	3.000000000000000e-06	3.000000000000000e-05
2.832591e+08	1.400991957954133e+00	7.446215517187117e-01	3.000000000000000e-06	3.000000000000000e-05
2.884914e+08	1.407852541048570e+00	7.482685985078806e-01	3.000000000000000e-06	3.000000000000000e-05
2.938208e+08	1.414746711385606e+00	7.519334927522853e-01	3.000000000000000e-06	3.000000000000000e-05
2.992491e+08	1.421674633371823e+00	7.556163218501437e-01	3.000000000000000e-06	3.000000000000000e-05
3.047780e+08	1.428636472218484e+00	7.593171736272595e-01	3.000000000000000e-06	3.000000000000000e-05
3.104096e+08	1.435632393945477e+00	7.630361363391149e-01	3.000000000000000e-06	3.000000000000000e-05
3.161456e+08	1.442662565385262e+00	7.667732986729752e-01	3.000000000000000e-06	3.000000000000000e-05
3.219881e+08	1.449727154186860e+00	7.705287497500022e-01	3.000000000000000e-06	3.000000000000000e-05
3.279390e+08	1.456826328819838e+00	7.743025791273790e-01	3.000000000000000e-06	3.000000000000000e-05
3.340004e+08	1.463960258578332e+00	7.780948768004445e-01	3.000000000000000e-06	3.000000000000000e-05
3.401742e+08	1.471129113585082e+00	7.819057332048394e-01	3.000000000000000e-06	3.000000000000000e-05
3.464627e+08	1.478333064795481e+00	7.857352392186607e-01	3.000000000000000e-06	3.000000000000000e-05
3.528679e+08	1.485572284001659e+00	7.895834861646291e-01	3.000000000000000e-06	3.000000000000000e-05
3.593920e+08	1.492846943836571e+00	7.934505658122654e-01	3.000000000000000e-06	3.000000000000000e-05
3.660372e+08	1.500157217778115e+00	7.973365703800781e-01	3.000000000000000e-06	3.000000000000000e-05
3.728058e+08	1.507503280153269e+00	8.012415925377615e-01	3.000000000000000e-06	3.000000000000000e-05
3.797001e+08	1.514885306142240e+00	8.051657254084051e-01	3.000000000000000e-06	3.000000000000000e-05
3.867224e+08	1.522303471782647e+00	8.091090625707131e-01	3.000000000000000e-06	3.000000000000000e-05
3.938752e+08	1.529757953973713e+00	8.130716980612348e-01	3.000000000000000e-06	3.000000000000000e-05
4.011607e+08	1.537248930480484e+00	8.170537263766067e-01	3.000000000000000e-06	3.000000000000000e-05
4.085816e+08	1.544776579938063e+00	8.210552424758046e-01	3.000000000000000e-06	3.000000000000000e-05
4.161403e+08	1.552341081855873e+00	8.250763417824076e-01	3.000000000000000e-06	3.000000000000000e-05
4.238395e+08	1.559942616621930e+00	8.291171201868723e-01	3.000000000000000e-06	3.000000000000000e-05
4.316816e+08	1.567581365507148e+00	8.331776740488186e-01	3.000000000000000e-06	3.000000000000000e-05
4.396695e+08	1.575257510669658e+00	8.372581001993270e-01	3.000000000000000e-06	3.000000000000000e-05
4.478057e+08	1.582971235159149e+00	8.413584959432461e-01	3.000000000000000e-06	3.000000000000000e-05
4.560932e+08	1.590722722921233e+00	8.454789590615129e-01	3.000000000000000e-06	3.000000000000000e-05
4.645346e+08	1.598512158801829e+00	8.496195878134829e-01	3.000000000000000e-06	3.000000000000000e-05
4.731329e+08	1.606339728551568e+00	8.537804809392726e-01	3.000000000000000e-06	3.000000000000000e-05
4.818910e+08	1.614205618830224e+00	8.579617376621131e-01	3.000000000000000e-06	3.000000000000000e-05
4.908118e+08	1.622110017211159e+00	8.621634576907157e-01	3.000000000000000e-06	3.000000000000000e-05
4.998985e+08	1.630053112185796e+00	8.663857412216476e-01	3.000000000000000e-06	3.000000000000000e-05
5.091541e+08	1.638035093168114e+00	8.706286889417215e-01	3.000000000000000e-06	3.000000000000000e-05
5.185817e+08	1.646056150499160e+00	8.748924020303949e-01	3.000000000000000e-06	3.000000000000000e-05
5.281846e+08	1.654116475451587e+00	8.791769821621821e-01	3.000000000000000e-06	3.000000000000000e-05
5.379660e+08	1.662216260234215e+00	8.834825315090777e-01	3.000000000000000e-06	3.000000000000000e-05
5.479293e+08	1.670355697996609e+00	8.878091527429925e-01	3.000000000000000e-06	3.000000000000000e-05
5.580779e+08	1.678534982833687e+00	8.921569490382003e-01	3.000000000000000e-06	3.000000000000000e-05
5.684151e+08	1.686754309790344e+00	8.965260240737974e-01	3.000000000000000e-06	3.000000000000000e-05
5.789446e+08	1.695013874866101e+00	9.009164820361742e-01	3.000000000000000e-06	3.000000000000000e-05
5.896699e+08	1.703313875019780e+00	9.053284276214987e-01	3.000000000000000e-06	3.000000000000000e-05
6.005947e+08	1.711654508174194e+00	9.097619660382114e-01	3.000000000000000e-06	3.000000000000000e-05
6.117227e+08	1.720035973220871e+00	9.142172030095342e-01	3.000000000000000e-06	3.000000000000000e-05
6.230577e+08	1.728458470024786e+00	9.186942447759896e-01	3.000000000000000e-06	3.000000000000000e-05
6.346036e+08	1.736922199429136e+00	9.231931980979339e-01	3.000000000000000e-06	3.000000000000000e-05
6.463642e+08	1.745427363260119e+00	9.277141702581010e-01	3.000000000000000e-06	3.000000000000000e-05
6.583437e+08	1.753974164331746e+00	9.322572690641606e-01	3.000000000000000e-06	3.000000000000000e-05
6.705460e+08	1.762562806450680e+00	9.368226028512878e-01	3.000000000000000e-06	3.000000000000000e-05
6.829754e+08	1.771193494421090e+00	9.414102804847448e-01	3.000000000000000e-06	3.000000000000000e-05
6.956361e+08	1.779866434049532e+00	9.460204113624768e-01	3.000000000000000e-06	3.000000000000000e-05
7.085324e+08	1.788581832149859e+00	9.506531054177189e-01	3.000000000000000e-06	3.000000000000000e-05
7.216686e+08	1.797339896548146e+00	9.553084731216170e-01	3.000000000000000e-06	3.000000000000000e-05
7.350494e+08	1.806140836087647e+00	9.599866254858608e-01	3.000000000000000e-06	3.000000000000000e-05
7.486793e+08	1.814984860633771e+00	9.646876740653301e-01	3.000000000000000e-06	3.000000000000000e-05
7.625628e+08	1.823872181079087e+00	9.694117309607536e-01	3.000000000000000e-06	3.000000000000000e-05
7.767048e+08	1.832803009348347e+00	9.741589088213816e-01	3.000000000000000e-06	3.000000000000000e-05
7.911101e+08	1.841777558403541e+00	9.789293208476703e-01	3.000000000000000e-06	3.000000000000000e-05
8.057835e+08	1.850796042248973e+00	9.837230807939809e-01	3.000000000000000e-06	3.000000000000000e-05
8.207302e+08	1.859858675936359e+00	9.885403029712905e-01	3.000000000000000e-06	3.000000000000000e-05
8.359551e+08	1.868965675569956e+00	9.933811022499173e-01	3.000000000000000e-06	3.000000000000000e-05
8.514636e+08	1.878117258311712e+00	9.982455940622584e-01	3.000000000000000e-06	3.000000000000000e-05
8.672609e+08	1.887313642386443e+00	1.003133894405541e+00	3.000000000000000e-06	3.000000000000000e-05
8.833523e+08	1.896555047087032e+00	1.008046119844589e+00	3.000000000000000e-06	3.000000000000000e-05
8.997435e+08	1.905841692779661e+00	1.012982387514599e+00	3.000000000000000e-06	3.000000000000000e-05
9.164399e+08	1.915173800909060e+00	1.017942815123934e+00	3.000000000000000e-06	3.000000000000000e-05
9.334474e+08	1.924551594003784e+00	1.022927520956928e+00	3.000000000000000e-06	3.000000000000000e-05
9.507717e+08	1.933975295681523e+00	1.027936623876708e+00	3.000000000000000e-06	3.000000000000000e-05
9.684187e+08	1.943445130654425e+00	1.032970243328024e+00	3.000000000000000e-06	3.000000000000000e-05
9.863944e+08	1.952961324734460e+00	1.038028499340097e+00	3.000000000000000e-06	3.000000000000000e-05
1.000000e+09	1.960071306337444e+00	1.041807748782540e+00	3.000000000000000e-06	3.000000000000000e-05
