#t[yr]	ecc	inc	eachmass	totalmass
0.000000e+00	5.000000000000000e-02	2.500000000000000e-02	3.000000000000000e-06	3.000000000000000e-06
1.000000e-03	5.000007352863243e-02	2.500003083264866e-02	3.000000000000000e-06	3.000000000000000e-06
1.000000e-02	5.000073527742285e-02	2.500030832380594e-02	3.000000000000000e-06	3.000000000000000e-06
1.000000e-01	5.000735192054340e-02	2.500308297875627e-02	3.000000000000000e-06	3.000000000000000e-06
1.000000e+00	5.007343400636124e-02	2.503080389931258e-02	3.000000000000000e-06	3.000000000000000e-06
4.403108e+00	5.032116045209686e-02	2.513501933738068e-02	3.000000000000000e-06	3.000000000000000e-06
7.834006e+00	5.056459208060839e-02	2.523841966207858e-02	3.000000000000000e-06	3.000000000000000e-06
1.000000e+01	5.071455660058176e-02	2.530271614566640e-02	3.000000000000000e-06	3.000000000000000e-06
1.364621e+01	5.096281883739933e-02	2.540979101440762e-02	3.000000000000000e-06	3.000000000000000e-06
1.736132e+01	5.120922283192813e-02	2.551709307682453e-02	3.000000000000000e-06	3.000000000000000e-06
2.119397e+01	5.145683006585974e-02	2.562595394258110e-02	3.000000000000000e-06	3.000000000000000e-06
2.514768e+01	5.170554995955733e-02	2.573635719303527e-02	3.000000000000000e-06	3.000000000000000e-06
2.922767e+01	5.195538857732602e-02	2.584832847352034e-02	3.000000000000000e-06	3.000000000000000e-06
3.343939e+01	5.220634897683931e-02	2.596189242847109e-02	3.000000000000000e-06	3.000000000000000e-06
3.778856e+01	5.245843430318234e-02	2.607707403351716e-02	3.000000000000000e-06	3.000000000000000e-06
4.228124e+01	5.271164769723236e-02	2.619389853432596e-02	3.000000000000000e-06	3.000000000000000e-06
4.692379e+01	5.296599230482660e-02	2.631239142597228e-02	3.000000000000000e-06	3.000000000000000e-06
5.172294e+01	5.322147128379567e-02	2.643257842701385e-02	3.000000000000000e-06	3.000000000000000e-06
5.668579e+01	5.347808781225533e-02	2.655448544925729e-02	3.000000000000000e-06	3.000000000000000e-06
6.181980e+01	5.373584509819273e-02	2.667813856265295e-02	3.000000000000000e-06	3.000000000000000e-06
6.713288e+01	5.399474639050510e-02	2.680356395475510e-02	3.000000000000000e-06	3.000000000000000e-06
7.263337e+01	5.425479499165959e-02	2.693078788412976e-02	3.000000000000000e-06	3.000000000000000e-06
7.833007e+01	5.451599427215822e-02	2.705983662703655e-02	3.000000000000000e-06	3.000000000000000e-06
8.423229e+01	5.477834768700691e-02	2.719073641665439e-02	3.000000000000000e-06	3.000000000000000e-06
9.034987e+01	5.504185879440245e-02	2.732351337406211e-02	3.000000000000000e-06	3.000000000000000e-06
9.669318e+01	5.530653127686587e-02	2.745819343012771e-02	3.000000000000000e-06	3.000000000000000e-06
1.000000e+02	5.544028873389437e-02	2.752693164430511e-02	3.000000000000000e-06	3.000000000000000e-06
1.068283e+02	5.571166518772209e-02	2.766707098625840e-02	3.000000000000000e-06	3.000000000000000e-06
1.137862e+02	5.597909872241207e-02	2.780656124010896e-02	3.000000000000000e-06	3.000000000000000e-06
1.210162e+02	5.624789993438282e-02	2.794814223179827e-02	3.000000000000000e-06	3.000000000000000e-06
1.285265e+02	5.651787415531254e-02	2.809173477979905e-02	3.000000000000000e-06	3.000000000000000e-06
1.363315e+02	5.678903383645781e-02	2.823736581094270e-02	3.000000000000000e-06	3.000000000000000e-06
1.444460e+02	5.706138391036631e-02	2.838505715970157e-02	3.000000000000000e-06	3.000000000000000e-06
1.528857e+02	5.733492999859967e-02	2.853482965244327e-02	3.000000000000000e-06	3.000000000000000e-06
1.616672e+02	5.760967815018350e-02	2.868670274662938e-02	3.000000000000000e-06	3.000000000000000e-06
1.708081e+02	5.788563491037153e-02	2.884069432364368e-02	3.000000000000000e-06	3.000000000000000e-06
1.803266e+02	5.816280738131972e-02	2.899682045606852e-02	3.000000000000000e-06	3.000000000000000e-06
1.902423e+02	5.844120328772227e-02	2.915509515614311e-02	3.000000000000000e-06	3.000000000000000e-06
2.005756e+02	5.872083104664022e-02	2.931553010521651e-02	3.000000000000000e-06	3.000000000000000e-06
2.113479e+02	5.900169984110512e-02	2.947813436477136e-02	3.000000000000000e-06	3.000000000000000e-06
2.225818e+02	5.928381969683171e-02	2.964291407017983e-02	3.000000000000000e-06	3.000000000000000e-06
2.343009e+02	5.956720156110177e-02	2.980987210908497e-02	3.000000000000000e-06	3.000000000000000e-06
2.465300e+02	5.985185738256107e-02	2.997900778718052e-02	3.000000000000000e-06	3.000000000000000e-06
2.592947e+02	6.013780019030433e-02	3.015031648519718e-02	3.000000000000000e-06	3.000000000000000e-06
2.726221e+02	6.042504417021304e-02	3.032378931209419e-02	3.000000000000000e-06	3.000000000000000e-06
2.865400e+02	6.071360473606698e-02	3.049941276079205e-02	3.000000000000000e-06	3.000000000000000e-06
3.010775e+02	6.100349859248683e-02	3.067716837424242e-02	3.000000000000000e-06	3.000000000000000e-06
3.162645e+02	6.129474378630598e-02	3.085703243117291e-02	3.000000000000000e-06	3.000000000000000e-06
3.321317e+02	6.158735974254521e-02	3.103897566240574e-02	3.000000000000000e-06	3.000000000000000e-06
3.487108e+02	6.188136728081604e-02	3.122296301014203e-02	3.000000000000000e-06	3.000000000000000e-06
3.660341e+02	6.217678860775736e-02	3.140895344391352e-02	3.000000000000000e-06	3.000000000000000e-06
3.841342e+02	6.247364728107382e-02	3.159689984789016e-02	3.000000000000000e-06	3.000000000000000e-06
4.030443e+02	6.277196814095619e-02	3.178674899473067e-02	3.000000000000000e-06	3.000000000000000e-06
4.227978e+02	6.307177720518505e-02	3.197844162099675e-02	3.000000000000000e-06	3.000000000000000e-06
4.434277e+02	6.337310152510359e-02	3.217191261814008e-02	3.000000000000000e-06	3.000000000000000e-06
4.649670e+02	6.367596900092588e-02	3.236709135105519e-02	3.000000000000000e-06	3.000000000000000e-06
4.874481e+02	6.398040815652990e-02	3.256390211305402e-02	3.000000000000000e-06	3.000000000000000e-06
5.109026e+02	6.428644787593142e-02	3.276226472181532e-02	3.000000000000000e-06	3.000000000000000e-06
5.353610e+02	6.459411710595940e-02	3.296209525544874e-02	3.000000000000000e-06	3.000000000000000e-06
5.608524e+02	6.490344453211411e-02	3.316330692146972e-02	3.000000000000000e-06	3.000000000000000e-06
5.874047e+02	6.521445823699393e-02	3.336581104451982e-02	3.000000000000000e-06	3.000000000000000e-06
6.150435e+02	6.552718535279399e-02	3.356951815153494e-02	3.000000000000000e-06	3.000000000000000e-06
6.437929e+02	6.584165172096564e-02	3.377433912631288e-02	3.000000000000000e-06	3.000000000000000e-06
6.736745e+02	6.615788157294974e-02	3.398018639967042e-02	3.000000000000000e-06	3.000000000000000e-06
7.047080e+02	6.647589724578214e-02	3.418697513721130e-02	3.000000000000000e-06	3.000000000000000e-06
7.369107e+02	6.679571894522662e-02	3.439462438466022e-02	3.000000000000000e-06	3.000000000000000e-06
7.702974e+02	6.711736456694059e-02	3.460305813110284e-02	3.000000000000000e-06	3.000000000000000e-06
8.048811e+02	6.744084958316202e-02	3.481220625342404e-02	3.000000000000000e-06	3.000000000000000e-06
8.406723e+02	6.776618699877870e-02	3.502200531061368e-02	3.000000000000000e-06	3.000000000000000e-06
8.776797e+02	6.809338737673180e-02	3.523239916400839e-02	3.000000000000000e-06	3.000000000000000e-06
9.159103e+02	6.842245892888631e-02	3.544333940834619e-02	3.000000000000000e-06	3.000000000000000e-06
9.553694e+02	6.875340766511991e-02	3.565478560797657e-02	3.000000000000000e-06	3.000000000000000e-06
9.960455e+02	6.908610984699821e-02	3.586662404927206e-02	3.000000000000000e-06	3.000000000000000e-06
1.000000e+03	6.911774879957744e-02	3.588670809228150e-02	3.000000000000000e-06	3.000000000000000e-06
1.042139e+03	6.945340173818743e-02	3.609960117807035e-02	3.000000000000000e-06	3.000000000000000e-06
1.084350e+03	6.978185310868935e-02	3.630718271653612e-02	3.000000000000000e-06	3.000000000000000e-06
1.127335e+03	7.010902126875691e-02	3.651323012986910e-02	3.000000000000000e-06	3.000000000000000e-06
1.171098e+03	7.043511880956248e-02	3.671789533181345e-02	3.000000000000000e-06	3.000000000000000e-06
1.215656e+03	7.076042752161484e-02	3.692137660801912e-02	3.000000000000000e-06	3.000000000000000e-06
1.261026e+03	7.108520017272489e-02	3.712385570209444e-02	3.000000000000000e-06	3.000000000000000e-06
1.307224e+03	7.140966530633844e-02	3.732550029507985e-02	3.000000000000000e-06	3.000000000000000e-06
1.354267e+03	7.173402983161650e-02	3.752646518357143e-02	3.000000000000000e-06	3.000000000000000e-06
1.402173e+03	7.205848132499730e-02	3.772689335412473e-02	3.000000000000000e-06	3.000000000000000e-06
1.450958e+03	7.238319005560515e-02	3.792691694975877e-02	3.000000000000000e-06	3.000000000000000e-06
1.500640e+03	7.270831077317913e-02	3.812665814290118e-02	3.000000000000000e-06	3.000000000000000e-06
1.551237e+03	7.303398429051387e-02	3.832622992651101e-02	3.000000000000000e-06	3.000000000000000e-06
1.602768e+03	7.336033888744040e-02	3.852573683329496e-02	3.000000000000000e-06	3.000000000000000e-06
1.655249e+03	7.368749155927841e-02	3.872527559142717e-02	3.000000000000000e-06	3.000000000000000e-06
1.708699e+03	7.401554912930179e-02	3.892493572393723e-02	3.000000000000000e-06	3.000000000000000e-06
1.763138e+03	7.434460924194033e-02	3.912480009789705e-02	3.000000000000000e-06	3.000000000000000e-06
1.818583e+03	7.467476125108574e-02	3.932494542867580e-02	3.000000000000000e-06	3.000000000000000e-06
1.875055e+03	7.500608701589287e-02	3.952544274381253e-02	3.000000000000000e-06	3.000000000000000e-06
1.932573e+03	7.533866161480100e-02	3.972635781045192e-02	3.000000000000000e-06	3.000000000000000e-06
1.991156e+03	7.567255398708826e-02	3.992775152978137e-02	3.000000000000000e-06	3.000000000000000e-06
2.050826e+03	7.600782751007377e-02	4.012968030147860e-02	3.000000000000000e-06	3.000000000000000e-06
2.111601e+03	7.634454051905754e-02	4.033219636081713e-02	3.000000000000000e-06	3.000000000000000e-06
2.173504e+03	7.668274677621177e-02	4.053534809076795e-02	3.000000000000000e-06	3.000000000000000e-06
2.236555e+03	7.702249589388367e-02	4.073918031117434e-02	3.000000000000000e-06	3.000000000000000e-06
2.300775e+03	7.736383371711844e-02	4.094373454685152e-02	3.000000000000000e-06	3.000000000000000e-06
2.366187e+03	7.770680266964965e-02	4.114904927627074e-02	3.000000000000000e-06	3.000000000000000e-06
2.432813e+03	7.805144206711460e-02	4.135516016232125e-02	3.000000000000000e-06	3.000000000000000e-06
2.500675e+03	7.839778840082705e-02	4.156210026649983e-02	3.000000000000000e-06	3.000000000000000e-06
2.569795e+03	7.874587559506803e-02	4.176990024775307e-02	3.000000000000000e-06	3.000000000000000e-06
2.640198e+03	7.909573524053046e-02	4.197858854708815e-02	3.000000000000000e-06	3.000000000000000e-06
2.711907e+03	7.944739680626690e-02	4.218819155897255e-02	3.000000000000000e-06	3.000000000000000e-06
2.784946e+03	7.980088783223963e-02	4.239873379045873e-02	3.000000000000000e-06	3.000000000000000e-06
2.859339e+03	8.015623410434929e-02	4.261023800889487e-02	3.000000000000000e-06	3.000000000000000e-06
2.935112e+03	8.051345981362401e-02	4.282272537901630e-02	3.000000000000000e-06	3.000000000000000e-06
3.012290e+03	8.087258770107601e-02	4.303621559015264e-02	3.000000000000000e-06	3.000000000000000e-06
3.090898e+03	8.123363918958007e-02	4.325072697423180e-02	3.000000000000000e-06	3.000000000000000e-06
3.170962e+03	8.159663450399089e-02	4.346627661521338e-02	3.000000000000000e-06	3.000000000000000e-06
3.252510e+03	8.196159278059485e-02	4.368288045054012e-02	3.000000000000000e-06	3.000000000000000e-06
3.335568e+03	8.232853216688309e-02	4.390055336515521e-02	3.000000000000000e-06	3.000000000000000e-06
3.420164e+03	8.269746991253629e-02	4.411930927859665e-02	3.000000000000000e-06	3.000000000000000e-06
3.506326e+03	8.306842245242445e-02	4.433916122564549e-02	3.000000000000000e-06	3.000000000000000e-06
3.594082e+03	8.344140548234771e-02	4.456012143097354e-02	3.000000000000000e-06	3.000000000000000e-06
3.683461e+03	8.381643402817487e-02	4.478220137820654e-02	3.000000000000000e-06	3.000000000000000e-06
3.774494e+03	8.419352250897344e-02	4.500541187379199e-02	3.000000000000000e-06	3.000000000000000e-06
3.867209e+03	8.457268479466967e-02	4.522976310603527e-02	3.000000000000000e-06	3.000000000000000e-06
3.961638e+03	8.495393425872597e-02	4.545526469964421e-02	3.000000000000000e-06	3.000000000000000e-06
4.057811e+03	8.533728382627817e-02	4.568192576609992e-02	3.000000000000000e-06	3.000000000000000e-06
4.155760e+03	8.572274601813408e-02	4.590975495015120e-02	3.000000000000000e-06	3.000000000000000e-06
4.255518e+03	8.611033299099795e-02	4.613876047271034e-02	3.000000000000000e-06	3.000000000000000e-06
4.357116e+03	8.650005657425196e-02	4.636895017040965e-02	3.000000000000000e-06	3.000000000000000e-06
4.460588e+03	8.689192830359622e-02	4.660033153206129e-02	3.000000000000000e-06	3.000000000000000e-06
4.565969e+03	8.728595945182109e-02	4.683291173224663e-02	3.000000000000000e-06	3.000000000000000e-06
4.673292e+03	8.768216105696119e-02	4.706669766224622e-02	3.000000000000000e-06	3.000000000000000e-06
4.782592e+03	8.808054394805841e-02	4.730169595850733e-02	3.000000000000000e-06	3.000000000000000e-06
4.893906e+03	8.848111876874058e-02	4.753791302883265e-02	3.000000000000000e-06	3.000000000000000e-06
5.007269e+03	8.888389599880463e-02	4.777535507646103e-02	3.000000000000000e-06	3.000000000000000e-06
5.122719e+03	8.928888597397584e-02	4.801402812219967e-02	3.000000000000000e-06	3.000000000000000e-06
5.240292e+03	8.969609890400040e-02	4.825393802475564e-02	3.000000000000000e-06	3.000000000000000e-06
5.360028e+03	9.010554488921405e-02	4.849509049940472e-02	3.000000000000000e-06	3.000000000000000e-06
5.481964e+03	9.051723393571759e-02	4.873749113512547e-02	3.000000000000000e-06	3.000000000000000e-06
5.606142e+03	9.093117596927855e-02	4.898114541031737e-02	3.000000000000000e-06	3.000000000000000e-06
5.732600e+03	9.134738084806776e-02	4.922605870721361e-02	3.000000000000000e-06	3.000000000000000e-06
5.861380e+03	9.176585837433057e-02	4.947223632509062e-02	3.000000000000000e-06	3.000000000000000e-06
5.992523e+03	9.218661830508341e-02	4.971968349236944e-02	3.000000000000000e-06	3.000000000000000e-06
6.126073e+03	9.260967036191897e-02	4.996840537769675e-02	3.000000000000000e-06	3.000000000000000e-06
6.262071e+03	9.303502423999581e-02	5.021840710008704e-02	3.000000000000000e-06	3.000000000000000e-06
6.400563e+03	9.346268961628190e-02	5.046969373820102e-02	3.000000000000000e-06	3.000000000000000e-06
6.541592e+03	9.389267615711577e-02	5.072227033883030e-02	3.000000000000000e-06	3.000000000000000e-06
6.685205e+03	9.432499352514295e-02	5.097614192465224e-02	3.000000000000000e-06	3.000000000000000e-06
6.831447e+03	9.475965138568124e-02	5.123131350131478e-02	3.000000000000000e-06	3.000000000000000e-06
6.980366e+03	9.519665941256310e-02	5.148779006390600e-02	3.000000000000000e-06	3.000000000000000e-06
7.132009e+03	9.563602729349979e-02	5.174557660285899e-02	3.000000000000000e-06	3.000000000000000e-06
7.286425e+03	9.607776473500781e-02	5.200467810933885e-02	3.000000000000000e-06	3.000000000000000e-06
7.443665e+03	9.652188146693494e-02	5.226509958015466e-02	3.000000000000000e-06	3.000000000000000e-06
7.603778e+03	9.696838724661971e-02	5.252684602223628e-02	3.000000000000000e-06	3.000000000000000e-06
7.766815e+03	9.741729186271580e-02	5.278992245671226e-02	3.000000000000000e-06	3.000000000000000e-06
7.932830e+03	9.786860513870953e-02	5.305433392262261e-02	3.000000000000000e-06	3.000000000000000e-06
8.101876e+03	9.832233693615662e-02	5.332008548029716e-02	3.000000000000000e-06	3.000000000000000e-06
8.274005e+03	9.877849715766218e-02	5.358718221442799e-02	3.000000000000000e-06	3.000000000000000e-06
8.449275e+03	9.923709574962558e-02	5.385562923686208e-02	3.000000000000000e-06	3.000000000000000e-06
8.627740e+03	9.969814270477034e-02	5.412543168913788e-02	3.000000000000000e-06	3.000000000000000e-06
8.809458e+03	1.001616480644771e-01	5.439659474478820e-02	3.000000000000000e-06	3.000000000000000e-06
8.994486e+03	1.006276219209368e-01	5.466912361142924e-02	3.000000000000000e-06	3.000000000000000e-06
9.182885e+03	1.010960744191384e-01	5.494302353265445e-02	3.000000000000000e-06	3.000000000000000e-06
9.374714e+03	1.015670157587068e-01	5.521829978975024e-02	3.000000000000000e-06	3.000000000000000e-06
9.570034e+03	1.020404561956019e-01	5.549495770324901e-02	3.000000000000000e-06	3.000000000000000e-06
9.768908e+03	1.025164060436920e-01	5.577300263433378e-02	3.000000000000000e-06	3.000000000000000e-06
9.971399e+03	1.029948756762108e-01	5.605243998610760e-02	3.000000000000000e-06	3.000000000000000e-06
1.000000e+04	1.030617357910670e-01	5.609148244252363e-02	3.000000000000000e-06	3.000000000000000e-06
1.020992e+04	1.035505912363912e-01	5.637689233614210e-02	3.000000000000000e-06	3.000000000000000e-06
1.042037e+04	1.040343908211381e-01	5.665926983650341e-02	3.000000000000000e-06	3.000000000000000e-06
1.063470e+04	1.045208802198668e-01	5.694313697966912e-02	3.000000000000000e-06	3.000000000000000e-06
1.085292e+04	1.050099307217390e-01	5.722841801876602e-02	3.000000000000000e-06	3.000000000000000e-06
1.107510e+04	1.055015555311875e-01	5.751512005444883e-02	3.000000000000000e-06	3.000000000000000e-06
1.130132e+04	1.059957653649368e-01	5.780324874380002e-02	3.000000000000000e-06	3.000000000000000e-06
1.153164e+04	1.064925710533902e-01	5.809280981856326e-02	3.000000000000000e-06	3.000000000000000e-06
1.176614e+04	1.069919834945470e-01	5.838380905838834e-02	3.000000000000000e-06	3.000000000000000e-06
1.200489e+04	1.074940136555426e-01	5.867625229182060e-02	3.000000000000000e-06	3.000000000000000e-06
1.224797e+04	1.079986725732948e-01	5.897014539673481e-02	3.000000000000000e-06	3.000000000000000e-06
1.249546e+04	1.085059713551305e-01	5.926549430072835e-02	3.000000000000000e-06	3.000000000000000e-06
1.274742e+04	1.090159211793802e-01	5.956230498146917e-02	3.000000000000000e-06	3.000000000000000e-06
1.300395e+04	1.095285332959437e-01	5.986058346700324e-02	3.000000000000000e-06	3.000000000000000e-06
1.326513e+04	1.100438190268262e-01	6.016033583602545e-02	3.000000000000000e-06	3.000000000000000e-06
1.353103e+04	1.105617897666506e-01	6.046156821811760e-02	3.000000000000000e-06	3.000000000000000e-06
1.380175e+04	1.110824569831445e-01	6.076428679395678e-02	3.000000000000000e-06	3.000000000000000e-06
1.407736e+04	1.116058322176058e-01	6.106849779549706e-02	3.000000000000000e-06	3.000000000000000e-06
1.435795e+04	1.121319270853470e-01	6.137420750612737e-02	3.000000000000000e-06	3.000000000000000e-06
1.464362e+04	1.126607532761217e-01	6.168142226080778e-02	3.000000000000000e-06	3.000000000000000e-06
1.493445e+04	1.131923225545326e-01	6.199014844618675e-02	3.000000000000000e-06	3.000000000000000e-06
1.523054e+04	1.137266467604237e-01	6.230039250070113e-02	3.000000000000000e-06	3.000000000000000e-06
1.553198e+04	1.142637378092580e-01	6.261216091466079e-02	3.000000000000000e-06	3.000000000000000e-06
1.583886e+04	1.148036076924809e-01	6.292546023031977e-02	3.000000000000000e-06	3.000000000000000e-06
1.615128e+04	1.153462684778715e-01	6.324029704193516e-02	3.000000000000000e-06	3.000000000000000e-06
1.646934e+04	1.158917323098825e-01	6.355667799581549e-02	3.000000000000000e-06	3.000000000000000e-06
1.679314e+04	1.164400114099690e-01	6.387460979036523e-02	3.000000000000000e-06	3.000000000000000e-06
1.712278e+04	1.169911180769085e-01	6.419409917609743e-02	3.000000000000000e-06	3.000000000000000e-06
1.745837e+04	1.175450646871110e-01	6.451515295567589e-02	3.000000000000000e-06	3.000000000000000e-06
1.780001e+04	1.181018636949221e-01	6.483777798392563e-02	3.000000000000000e-06	3.000000000000000e-06
1.814781e+04	1.186615276329183e-01	6.516198116784461e-02	3.000000000000000e-06	3.000000000000000e-06
1.850188e+04	1.192240691121959e-01	6.548776946661088e-02	3.000000000000000e-06	3.000000000000000e-06
1.886233e+04	1.197895008226538e-01	6.581514989158578e-02	3.000000000000000e-06	3.000000000000000e-06
1.922927e+04	1.203578355332711e-01	6.614412950631407e-02	3.000000000000000e-06	3.000000000000000e-06
1.960283e+04	1.209290860923794e-01	6.647471542652128e-02	3.000000000000000e-06	3.000000000000000e-06
1.998311e+04	1.215032654279312e-01	6.680691482010914e-02	3.000000000000000e-06	3.000000000000000e-06
2.037023e+04	1.220803865477646e-01	6.714073490714942e-02	3.000000000000000e-06	3.000000000000000e-06
2.076433e+04	1.226604625398639e-01	6.747618295987665e-02	3.000000000000000e-06	3.000000000000000e-06
2.116552e+04	1.232435065726178e-01	6.781326630268014e-02	3.000000000000000e-06	3.000000000000000e-06
2.157393e+04	1.238295318950746e-01	6.815199231209589e-02	3.000000000000000e-06	3.000000000000000e-06
2.198968e+04	1.244185518371958e-01	6.849236841679822e-02	3.000000000000000e-06	3.000000000000000e-06
2.241291e+04	1.250105798101066e-01	6.883440209759203e-02	3.000000000000000e-06	3.000000000000000e-06
2.284376e+04	1.256056293063461e-01	6.917810088740566e-02	3.000000000000000e-06	3.000000000000000e-06
2.328235e+04	1.262037139001153e-01	6.952347237128453e-02	3.000000000000000e-06	3.000000000000000e-06
2.372882e+04	1.268048472475244e-01	6.987052418638616e-02	3.000000000000000e-06	3.000000000000000e-06
2.418332e+04	1.274090430868393e-01	7.021926402197638e-02	3.000000000000000e-06	3.000000000000000e-06
2.464599e+04	1.280163152387274e-01	7.056969961942719e-02	3.000000000000000e-06	3.000000000000000e-06
2.511697e+04	1.286266776065035e-01	7.092183877221636e-02	3.000000000000000e-06	3.000000000000000e-06
2.559641e+04	1.292401441763751e-01	7.127568932592901e-02	3.000000000000000e-06	3.000000000000000e-06
2.608446e+04	1.298567290176880e-01	7.163125917826113e-02	3.000000000000000e-06	3.000000000000000e-06
2.658128e+04	1.304764462831725e-01	7.198855627902549e-02	3.000000000000000e-06	3.000000000000000e-06
2.708701e+04	1.310993102091893e-01	7.234758863015972e-02	3.000000000000000e-06	3.000000000000000e-06
2.760183e+04	1.317253351159770e-01	7.270836428573692e-02	3.000000000000000e-06	3.000000000000000e-06
2.812589e+04	1.323545354078998e-01	7.307089135197882e-02	3.000000000000000e-06	3.000000000000000e-06
2.865935e+04	1.329869255736957e-01	7.343517798727155e-02	3.000000000000000e-06	3.000000000000000e-06
2.920238e+04	1.336225201867272e-01	7.380123240218417e-02	3.000000000000000e-06	3.000000000000000e-06
2.975516e+04	1.342613339052316e-01	7.416906285948997e-02	3.000000000000000e-06	3.000000000000000e-06
3.031785e+04	1.349033814725736e-01	7.453867767419070e-02	3.000000000000000e-06	3.000000000000000e-06
3.089063e+04	1.355486777174991e-01	7.491008521354360e-02	3.000000000000000e-06	3.000000000000000e-06
3.147369e+04	1.361972375543906e-01	7.528329389709160e-02	3.000000000000000e-06	3.000000000000000e-06
3.206720e+04	1.368490759835241e-01	7.565831219669641e-02	3.000000000000000e-06	3.000000000000000e-06
3.267136e+04	1.375042080913278e-01	7.603514863657476e-02	3.000000000000000e-06	3.000000000000000e-06
3.328634e+04	1.381626490506427e-01	7.641381179333771e-02	3.000000000000000e-06	3.000000000000000e-06
3.391235e+04	1.388244141209854e-01	7.679431029603323e-02	3.000000000000000e-06	3.000000000000000e-06
3.454958e+04	1.394895186488125e-01	7.717665282619175e-02	3.000000000000000e-06	3.000000000000000e-06
3.519823e+04	1.401579780677870e-01	7.756084811787513e-02	3.000000000000000e-06	3.000000000000000e-06
3.585850e+04	1.408298078990478e-01	7.794690495772875e-02	3.000000000000000e-06	3.000000000000000e-06
3.653060e+04	1.415050237514799e-01	7.833483218503687e-02	3.000000000000000e-06	3.000000000000000e-06
3.721474e+04	1.421836413219887e-01	7.872463869178128e-02	3.000000000000000e-06	3.000000000000000e-06
3.791113e+04	1.428656763957750e-01	7.911633342270319e-02	3.000000000000000e-06	3.000000000000000e-06
3.862000e+04	1.435511448466139e-01	7.950992537536840e-02	3.000000000000000e-06	3.000000000000000e-06
3.934157e+04	1.442400626371347e-01	7.990542360023585e-02	3.000000000000000e-06	3.000000000000000e-06
4.007605e+04	1.449324458191050e-01	8.030283720072939e-02	3.000000000000000e-06	3.000000000000000e-06
4.082369e+04	1.456283105337158e-01	8.070217533331289e-02	3.000000000000000e-06	3.000000000000000e-06
4.158471e+04	1.463276730118705e-01	8.110344720756864e-02	3.000000000000000e-06	3.000000000000000e-06
4.235935e+04	1.470305495744757e-01	8.150666208627907e-02	3.000000000000000e-06	3.000000000000000e-06
4.314787e+04	1.477369566327353e-01	8.191182928551179e-02	3.000000000000000e-06	3.000000000000000e-06
4.395049e+04	1.484469106884473e-01	8.231895817470788e-02	3.000000000000000e-06	3.000000000000000e-06
4.476749e+04	1.491604283343029e-01	8.272805817677363e-02	3.000000000000000e-06	3.000000000000000e-06
4.559910e+04	1.498775262541892e-01	8.313913876817527e-02	3.000000000000000e-06	3.000000000000000e-06
4.644560e+04	1.505982212234940e-01	8.355220947903737e-02	3.000000000000000e-06	3.000000000000000e-06
4.730724e+04	1.513225301094147e-01	8.396727989324416e-02	3.000000000000000e-06	3.000000000000000e-06
4.818430e+04	1.520504698712683e-01	8.438435964854443e-02	3.000000000000000e-06	3.000000000000000e-06
4.907705e+04	1.527820575608066e-01	8.480345843665939e-02	3.000000000000000e-06	3.000000000000000e-06
4.998577e+04	1.535173103225322e-01	8.522458600339401e-02	3.000000000000000e-06	3.000000000000000e-06
5.091075e+04	1.542562453940194e-01	8.564775214875150e-02	3.000000000000000e-06	3.000000000000000e-06
5.185227e+04	1.549988801062371e-01	8.607296672705106e-02	3.000000000000000e-06	3.000000000000000e-06
5.281064e+04	1.557452318838746e-01	8.650023964704866e-02	3.000000000000000e-06	3.000000000000000e-06
5.378615e+04	1.564953182456717e-01	8.692958087206132e-02	3.000000000000000e-06	3.000000000000000e-06
5.477910e+04	1.572491568047503e-01	8.736100042009431e-02	3.000000000000000e-06	3.000000000000000e-06
5.578981e+04	1.580067652689508e-01	8.779450836397167e-02	3.000000000000000e-06	3.000000000000000e-06
5.681860e+04	1.587681614411703e-01	8.823011483146972e-02	3.000000000000000e-06	3.000000000000000e-06
5.786578e+04	1.595333632197046e-01	8.866783000545402e-02	3.000000000000000e-06	3.000000000000000e-06
5.893169e+04	1.603023885985936e-01	8.910766412401898e-02	3.000000000000000e-06	3.000000000000000e-06
6.001666e+04	1.610752556679690e-01	8.954962748063106e-02	3.000000000000000e-06	3.000000000000000e-06
6.112102e+04	1.618519826144068e-01	8.999373042427471e-02	3.000000000000000e-06	3.000000000000000e-06
6.224514e+04	1.626325877212812e-01	9.043998335960156e-02	3.000000000000000e-06	3.000000000000000e-06
6.338934e+04	1.634170893691229e-01	9.088839674708257e-02	3.000000000000000e-06	3.000000000000000e-06
6.455401e+04	1.642055060359807e-01	9.133898110316330e-02	3.000000000000000e-06	3.000000000000000e-06
6.573950e+04	1.649978562977857e-01	9.179174700042213e-02	3.000000000000000e-06	3.000000000000000e-06
6.694618e+04	1.657941588287192e-01	9.224670506773154e-02	3.000000000000000e-06	3.000000000000000e-06
6.817443e+04	1.665944324015840e-01	9.270386599042232e-02	3.000000000000000e-06	3.000000000000000e-06
6.942463e+04	1.673986958881787e-01	9.316324051045080e-02	3.000000000000000e-06	3.000000000000000e-06
7.069719e+04	1.682069682596754e-01	9.362483942656898e-02	3.000000000000000e-06	3.000000000000000e-06
7.199249e+04	1.690192685870011e-01	9.408867359449766e-02	3.000000000000000e-06	3.000000000000000e-06
7.331094e+04	1.698356160412217e-01	9.455475392710243e-02	3.000000000000000e-06	3.000000000000000e-06
7.465296e+04	1.706560298939300e-01	9.502309139457260e-02	3.000000000000000e-06	3.000000000000000e-06
7.601897e+04	1.714805295176365e-01	9.549369702460297e-02	3.000000000000000e-06	3.000000000000000e-06
7.740939e+04	1.723091343861642e-01	9.596658190257852e-02	3.000000000000000e-06	3.000000000000000e-06
7.882466e+04	1.731418640750461e-01	9.644175717176187e-02	3.000000000000000e-06	3.000000000000000e-06
8.026523e+04	1.739787382619264e-01	9.691923403348369e-02	3.000000000000000e-06	3.000000000000000e-06
8.173155e+04	1.748197767269651e-01	9.739902374733578e-02	3.000000000000000e-06	3.000000000000000e-06
8.322408e+04	1.756649993532456e-01	9.788113763136709e-02	3.000000000000000e-06	3.000000000000000e-06
8.474328e+04	1.765144261271865e-01	9.836558706228242e-02	3.000000000000000e-06	3.000000000000000e-06
8.628963e+04	1.773680771389553e-01	9.885238347564394e-02	3.000000000000000e-06	3.000000000000000e-06
8.786362e+04	1.782259725828876e-01	9.934153836607541e-02	3.000000000000000e-06	3.000000000000000e-06
8.946574e+04	1.790881327579074e-01	9.983306328746921e-02	3.000000000000000e-06	3.000000000000000e-06
9.109650e+04	1.799545780679524e-01	1.003269698531960e-01	3.000000000000000e-06	3.000000000000000e-06
9.275640e+04	1.808253290224023e-01	1.008232697363172e-01	3.000000000000000e-06	3.000000000000000e-06
9.444597e+04	1.817004062365101e-01	1.013219746698000e-01	3.000000000000000e-06	3.000000000000000e-06
9.616574e+04	1.825798304318372e-01	1.018230964467352e-01	3.000000000000000e-06	3.000000000000000e-06
9.791624e+04	1.834636224366915e-01	1.023266469205574e-01	3.000000000000000e-06	3.000000000000000e-06
9.969803e+04	1.843518031865699e-01	1.028326380052686e-01	3.000000000000000e-06	3.000000000000000e-06
1.000000e+05	1.845007184059397e-01	1.029174677488534e-01	3.000000000000000e-06	3.000000000000000e-06
1.018461e+05	1.854072936284537e-01	1.034338671114493e-01	3.000000000000000e-06	3.000000000000000e-06
1.036976e+05	1.863048889826362e-01	1.039450915894529e-01	3.000000000000000e-06	3.000000000000000e-06
1.055827e+05	1.872071780689217e-01	1.044589303450785e-01	3.000000000000000e-06	3.000000000000000e-06
1.075015e+05	1.881139404156731e-01	1.049752577906424e-01	3.000000000000000e-06	3.000000000000000e-06
1.094546e+05	1.890252018044098e-01	1.054940885989093e-01	3.000000000000000e-06	3.000000000000000e-06
1.114426e+05	1.899409837659609e-01	1.060154350208434e-01	3.000000000000000e-06	3.000000000000000e-06
1.134662e+05	1.908613080191521e-01	1.065393094135444e-01	3.000000000000000e-06	3.000000000000000e-06
1.155259e+05	1.917861963925881e-01	1.070657241957308e-01	3.000000000000000e-06	3.000000000000000e-06
1.176224e+05	1.927156708264776e-01	1.075946918487951e-01	3.000000000000000e-06	3.000000000000000e-06
1.197564e+05	1.936497533730517e-01	1.081262249170518e-01	3.000000000000000e-06	3.000000000000000e-06
1.219286e+05	1.945884661970167e-01	1.086603360079996e-01	3.000000000000000e-06	3.000000000000000e-06
1.241396e+05	1.955318315760154e-01	1.091970377925843e-01	3.000000000000000e-06	3.000000000000000e-06
1.263901e+05	1.964798719010961e-01	1.097363430054626e-01	3.000000000000000e-06	3.000000000000000e-06
1.286809e+05	1.974326096771889e-01	1.102782644452674e-01	3.000000000000000e-06	3.000000000000000e-06
1.310126e+05	1.983900675235869e-01	1.108228149748737e-01	3.000000000000000e-06	3.000000000000000e-06
1.333860e+05	1.993522681744347e-01	1.113700075216674e-01	3.000000000000000e-06	3.000000000000000e-06
1.358019e+05	2.003192344792209e-01	1.119198550778148e-01	3.000000000000000e-06	3.000000000000000e-06
1.382609e+05	2.012909894032767e-01	1.124723707005344e-01	3.000000000000000e-06	3.000000000000000e-06
1.407639e+05	2.022675560282781e-01	1.130275675123704e-01	3.000000000000000e-06	3.000000000000000e-06
1.433117e+05	2.032489575527530e-01	1.135854587014688e-01	3.000000000000000e-06	3.000000000000000e-06
1.459050e+05	2.042352172925926e-01	1.141460575218545e-01	3.000000000000000e-06	3.000000000000000e-06
1.485447e+05	2.052263586815669e-01	1.147093772937117e-01	3.000000000000000e-06	3.000000000000000e-06
1.512316e+05	2.062224052718442e-01	1.152754314036655e-01	3.000000000000000e-06	3.000000000000000e-06
1.539666e+05	2.072233807345139e-01	1.158442333050664e-01	3.000000000000000e-06	3.000000000000000e-06
1.567505e+05	2.082293088601142e-01	1.164157965182762e-01	3.000000000000000e-06	3.000000000000000e-06
1.595841e+05	2.092402135591627e-01	1.169901346309571e-01	3.000000000000000e-06	3.000000000000000e-06
1.624685e+05	2.102561188626908e-01	1.175672612983623e-01	3.000000000000000e-06	3.000000000000000e-06
1.654045e+05	2.112770489227822e-01	1.181471902436290e-01	3.000000000000000e-06	3.000000000000000e-06
1.683929e+05	2.123030280131145e-01	1.187299352580739e-01	3.000000000000000e-06	3.000000000000000e-06
1.714349e+05	2.133340805295049e-01	1.193155102014904e-01	3.000000000000000e-06	3.000000000000000e-06
1.745312e+05	2.143702309904588e-01	1.199039290024490e-01	3.000000000000000e-06	3.000000000000000e-06
1.776830e+05	2.154115040377230e-01	1.204952056585988e-01	3.000000000000000e-06	3.000000000000000e-06
1.808911e+05	2.164579244368412e-01	1.210893542369723e-01	3.000000000000000e-06	3.000000000000000e-06
1.841567e+05	2.175095170777142e-01	1.216863888742920e-01	3.000000000000000e-06	3.000000000000000e-06
1.874807e+05	2.185663069751633e-01	1.222863237772790e-01	3.000000000000000e-06	3.000000000000000e-06
1.908641e+05	2.196283192694964e-01	1.228891732229643e-01	3.000000000000000e-06	3.000000000000000e-06
1.943081e+05	2.206955792270792e-01	1.234949515590024e-01	3.000000000000000e-06	3.000000000000000e-06
1.978138e+05	2.217681122409087e-01	1.241036732039866e-01	3.000000000000000e-06	3.000000000000000e-06
2.013822e+05	2.228459438311905e-01	1.247153526477674e-01	3.000000000000000e-06	3.000000000000000e-06
2.050144e+05	2.239290996459204e-01	1.253300044517722e-01	3.000000000000000e-06	3.000000000000000e-06
2.087117e+05	2.250176054614685e-01	1.259476432493283e-01	3.000000000000000e-06	3.000000000000000e-06
2.124752e+05	2.261114871831673e-01	1.265682837459871e-01	3.000000000000000e-06	3.000000000000000e-06
2.163060e+05	2.272107708459041e-01	1.271919407198513e-01	3.000000000000000e-06	3.000000000000000e-06
2.202054e+05	2.283154826147153e-01	1.278186290219042e-01	3.000000000000000e-06	3.000000000000000e-06
2.241747e+05	2.294256487853860e-01	1.284483635763407e-01	3.000000000000000e-06	3.000000000000000e-06
2.282150e+05	2.305412957850521e-01	1.290811593809018e-01	3.000000000000000e-06	3.000000000000000e-06
2.323276e+05	2.316624501728064e-01	1.297170315072096e-01	3.000000000000000e-06	3.000000000000000e-06
2.365139e+05	2.327891386403083e-01	1.303559951011062e-01	3.000000000000000e-06	3.000000000000000e-06
2.407752e+05	2.339213880123969e-01	1.309980653829939e-01	3.000000000000000e-06	3.000000000000000e-06
2.451128e+05	2.350592252477079e-01	1.316432576481777e-01	3.000000000000000e-06	3.000000000000000e-06
2.495281e+05	2.362026774392940e-01	1.322915872672105e-01	3.000000000000000e-06	3.000000000000000e-06
2.540224e+05	2.373517718152492e-01	1.329430696862400e-01	3.000000000000000e-06	3.000000000000000e-06
2.585973e+05	2.385065357393359e-01	1.335977204273583e-01	3.000000000000000e-06	3.000000000000000e-06
2.632541e+05	2.396669967116171e-01	1.342555550889531e-01	3.000000000000000e-06	3.000000000000000e-06
2.679944e+05	2.408331823690906e-01	1.349165893460623e-01	3.000000000000000e-06	3.000000000000000e-06
2.728196e+05	2.420051204863282e-01	1.355808389507294e-01	3.000000000000000e-06	3.000000000000000e-06
2.777312e+05	2.431828389761176e-01	1.362483197323620e-01	3.000000000000000e-06	3.000000000000000e-06
2.827309e+05	2.443663658901088e-01	1.369190475980926e-01	3.000000000000000e-06	3.000000000000000e-06
2.878202e+05	2.455557294194632e-01	1.375930385331413e-01	3.000000000000000e-06	3.000000000000000e-06
2.930006e+05	2.467509578955077e-01	1.382703086011807e-01	3.000000000000000e-06	3.000000000000000e-06
2.982740e+05	2.479520797903910e-01	1.389508739447033e-01	3.000000000000000e-06	3.000000000000000e-06
3.036418e+05	2.491591237177448e-01	1.396347507853911e-01	3.000000000000000e-06	3.000000000000000e-06
3.091059e+05	2.503721184333482e-01	1.403219554244872e-01	3.000000000000000e-06	3.000000000000000e-06
3.146679e+05	2.515910928357959e-01	1.410125042431700e-01	3.000000000000000e-06	3.000000000000000e-06
3.203297e+05	2.528160759671700e-01	1.417064137029290e-01	3.000000000000000e-06	3.000000000000000e-06
3.260930e+05	2.540470970137159e-01	1.424037003459442e-01	3.000000000000000e-06	3.000000000000000e-06
3.319596e+05	2.552841853065219e-01	1.431043807954657e-01	3.000000000000000e-06	3.000000000000000e-06
3.379314e+05	2.565273703222017e-01	1.438084717561978e-01	3.000000000000000e-06	3.000000000000000e-06
3.440103e+05	2.577766816835825e-01	1.445159900146833e-01	3.000000000000000e-06	3.000000000000000e-06
3.501983e+05	2.590321491603947e-01	1.452269524396919e-01	3.000000000000000e-06	3.000000000000000e-06
3.564972e+05	2.602938026699673e-01	1.459413759826091e-01	3.000000000000000e-06	3.000000000000000e-06
3.629092e+05	2.615616722779259e-01	1.466592776778288e-01	3.000000000000000e-06	3.000000000000000e-06
3.694362e+05	2.628357881988950e-01	1.473806746431474e-01	3.000000000000000e-06	3.000000000000000e-06
3.760802e+05	2.641161807972042e-01	1.481055840801605e-01	3.000000000000000e-06	3.000000000000000e-06
3.828435e+05	2.654028805875981e-01	1.488340232746615e-01	3.000000000000000e-06	3.000000000000000e-06
3.897282e+05	2.666959182359497e-01	1.495660095970428e-01	3.000000000000000e-06	3.000000000000000e-06
3.967364e+05	2.679953245599787e-01	1.503015605026992e-01	3.000000000000000e-06	3.000000000000000e-06
4.038704e+05	2.693011305299723e-01	1.510406935324335e-01	3.000000000000000e-06	3.000000000000000e-06
4.111324e+05	2.706133672695114e-01	1.517834263128646e-01	3.000000000000000e-06	3.000000000000000e-06
4.185248e+05	2.719320660561993e-01	1.525297765568376e-01	3.000000000000000e-06	3.000000000000000e-06
4.260499e+05	2.732572583223952e-01	1.532797620638364e-01	3.000000000000000e-06	3.000000000000000e-06
4.337101e+05	2.745889756559514e-01	1.540334007203985e-01	3.000000000000000e-06	3.000000000000000e-06
4.415079e+05	2.759272498009545e-01	1.547907105005319e-01	3.000000000000000e-06	3.000000000000000e-06
4.494456e+05	2.772721126584702e-01	1.555517094661351e-01	3.000000000000000e-06	3.000000000000000e-06
4.575259e+05	2.786235962872930e-01	1.563164157674184e-01	3.000000000000000e-06	3.000000000000000e-06
4.657514e+05	2.799817329046982e-01	1.570848476433281e-01	3.000000000000000e-06	3.000000000000000e-06
4.741245e+05	2.813465548872002e-01	1.578570234219729e-01	3.000000000000000e-06	3.000000000000000e-06
4.826481e+05	2.827180947713126e-01	1.586329615210528e-01	3.000000000000000e-06	3.000000000000000e-06
4.913248e+05	2.840963852543138e-01	1.594126804482897e-01	3.000000000000000e-06	3.000000000000000e-06
5.001574e+05	2.854814591950159e-01	1.601961988018615e-01	3.000000000000000e-06	3.000000000000000e-06
5.091487e+05	2.868733496145380e-01	1.609835352708371e-01	3.000000000000000e-06	3.000000000000000e-06
5.183015e+05	2.882720896970837e-01	1.617747086356153e-01	3.000000000000000e-06	3.000000000000000e-06
5.276188e+05	2.896777127907219e-01	1.625697377683645e-01	3.000000000000000e-06	3.000000000000000e-06
5.371036e+05	2.910902524081728e-01	1.633686416334661e-01	3.000000000000000e-06	3.000000000000000e-06
5.467589e+05	2.925097422275972e-01	1.641714392879594e-01	3.000000000000000e-06	3.000000000000000e-06
5.565877e+05	2.939362160933902e-01	1.649781498819894e-01	3.000000000000000e-06	3.000000000000000e-06
5.665932e+05	2.953697080169791e-01	1.657887926592565e-01	3.000000000000000e-06	3.000000000000000e-06
5.767786e+05	2.968102521776256e-01	1.666033869574692e-01	3.000000000000000e-06	3.000000000000000e-06
5.871472e+05	2.982578829232317e-01	1.674219522087985e-01	3.000000000000000e-06	3.000000000000000e-06
5.977022e+05	2.997126347711501e-01	1.682445079403357e-01	3.000000000000000e-06	3.000000000000000e-06
6.084470e+05	3.011745424089990e-01	1.690710737745509e-01	3.000000000000000e-06	3.000000000000000e-06
6.193850e+05	3.026436406954809e-01	1.699016694297563e-01	3.000000000000000e-06	3.000000000000000e-06
6.305198e+05	3.041199646612054e-01	1.707363147205698e-01	3.000000000000000e-06	3.000000000000000e-06
6.418550e+05	3.056035495095168e-01	1.715750295583819e-01	3.000000000000000e-06	3.000000000000000e-06
6.533940e+05	3.070944306173254e-01	1.724178339518255e-01	3.000000000000000e-06	3.000000000000000e-06
6.651406e+05	3.085926435359441e-01	1.732647480072473e-01	3.000000000000000e-06	3.000000000000000e-06
6.770987e+05	3.100982239919273e-01	1.741157919291821e-01	3.000000000000000e-06	3.000000000000000e-06
6.892719e+05	3.116112078879168e-01	1.749709860208296e-01	3.000000000000000e-06	3.000000000000000e-06
7.016642e+05	3.131316313034898e-01	1.758303506845336e-01	3.000000000000000e-06	3.000000000000000e-06
7.142795e+05	3.146595304960125e-01	1.766939064222636e-01	3.000000000000000e-06	3.000000000000000e-06
7.271219e+05	3.161949419014974e-01	1.775616738360989e-01	3.000000000000000e-06	3.000000000000000e-06
7.401956e+05	3.177379021354657e-01	1.784336736287156e-01	3.000000000000000e-06	3.000000000000000e-06
7.535046e+05	3.192884479938134e-01	1.793099266038752e-01	3.000000000000000e-06	3.000000000000000e-06
7.670532e+05	3.208466164536821e-01	1.801904536669169e-01	3.000000000000000e-06	3.000000000000000e-06
7.808458e+05	3.224124446743347e-01	1.810752758252517e-01	3.000000000000000e-06	3.000000000000000e-06
7.948868e+05	3.239859699980345e-01	1.819644141888588e-01	3.000000000000000e-06	3.000000000000000e-06
8.091807e+05	3.255672299509304e-01	1.828578899707855e-01	3.000000000000000e-06	3.000000000000000e-06
8.237321e+05	3.271562622439446e-01	1.837557244876488e-01	3.000000000000000e-06	3.000000000000000e-06
8.385457e+05	3.287531047736665e-01	1.846579391601396e-01	3.000000000000000e-06	3.000000000000000e-06
8.536261e+05	3.303577956232506e-01	1.855645555135305e-01	3.000000000000000e-06	3.000000000000000e-06
8.689782e+05	3.319703730633182e-01	1.864755951781844e-01	3.000000000000000e-06	3.000000000000000e-06
8.846070e+05	3.335908755528654e-01	1.873910798900676e-01	3.000000000000000e-06	3.000000000000000e-06
9.005174e+05	3.352193417401737e-01	1.883110314912642e-01	3.000000000000000e-06	3.000000000000000e-06
9.167146e+05	3.368558104637267e-01	1.892354719304939e-01	3.000000000000000e-06	3.000000000000000e-06
9.332037e+05	3.385003207531309e-01	1.901644232636313e-01	3.000000000000000e-06	3.000000000000000e-06
9.499901e+05	3.401529118300408e-01	1.910979076542297e-01	3.000000000000000e-06	3.000000000000000e-06
9.670791e+05	3.418136231090896e-01	1.920359473740457e-01	3.000000000000000e-06	3.000000000000000e-06
9.844763e+05	3.434824941988239e-01	1.929785648035673e-01	3.000000000000000e-06	3.000000000000000e-06
1.000000e+06	3.449529010836311e-01	1.938090590242462e-01	3.000000000000000e-06	3.000000000000000e-06
1.018030e+06	3.466408929796594e-01	1.947624177907849e-01	3.000000000000000e-06	3.000000000000000e-06
1.036345e+06	3.483334148791529e-01	1.957183041692262e-01	3.000000000000000e-06	3.000000000000000e-06
1.054992e+06	3.500343190384047e-01	1.966788939187360e-01	3.000000000000000e-06	3.000000000000000e-06
1.073974e+06	3.517435778837806e-01	1.976441714738568e-01	3.000000000000000e-06	3.000000000000000e-06
1.093299e+06	3.534612334006120e-01	1.986141605536937e-01	3.000000000000000e-06	3.000000000000000e-06
1.112973e+06	3.551873265348445e-01	1.995888842893996e-01	3.000000000000000e-06	3.000000000000000e-06
1.133002e+06	3.569218984561549e-01	2.005683659375663e-01	3.000000000000000e-06	3.000000000000000e-06
1.153392e+06	3.586649905363374e-01	2.015526288680423e-01	3.000000000000000e-06	3.000000000000000e-06
1.174150e+06	3.604166443506701e-01	2.025416965647255e-01	3.000000000000000e-06	3.000000000000000e-06
1.195283e+06	3.621769016788798e-01	2.035355926261237e-01	3.000000000000000e-06	3.000000000000000e-06
1.216797e+06	3.639458045061227e-01	2.045343407659217e-01	3.000000000000000e-06	3.000000000000000e-06
1.238700e+06	3.657233950239715e-01	2.055379648135499e-01	3.000000000000000e-06	3.000000000000000e-06
1.260998e+06	3.675097156314105e-01	2.065464887147550e-01	3.000000000000000e-06	3.000000000000000e-06
1.283699e+06	3.693048089358366e-01	2.075599365321721e-01	3.000000000000000e-06	3.000000000000000e-06
1.306810e+06	3.711087177540668e-01	2.085783324458999e-01	3.000000000000000e-06	3.000000000000000e-06
1.330338e+06	3.729214851133519e-01	2.096017007540782e-01	3.000000000000000e-06	3.000000000000000e-06
1.354292e+06	3.747431542523962e-01	2.106300658734671e-01	3.000000000000000e-06	3.000000000000000e-06
1.378678e+06	3.765737686223825e-01	2.116634523400296e-01	3.000000000000000e-06	3.000000000000000e-06
1.403504e+06	3.784133718880034e-01	2.127018848095161e-01	3.000000000000000e-06	3.000000000000000e-06
1.428779e+06	3.802620079284973e-01	2.137453880580522e-01	3.000000000000000e-06	3.000000000000000e-06
1.454511e+06	3.821197208386908e-01	2.147939869827288e-01	3.000000000000000e-06	3.000000000000000e-06
1.480708e+06	3.839865549300459e-01	2.158477066021951e-01	3.000000000000000e-06	3.000000000000000e-06
1.507378e+06	3.858625547317128e-01	2.169065720572544e-01	3.000000000000000e-06	3.000000000000000e-06
1.534531e+06	3.877477649915884e-01	2.179706086114628e-01	3.000000000000000e-06	3.000000000000000e-06
1.562174e+06	3.896422306773799e-01	2.190398416517301e-01	3.000000000000000e-06	3.000000000000000e-06
1.590317e+06	3.915459969776733e-01	2.201142966889253e-01	3.000000000000000e-06	3.000000000000000e-06
1.618969e+06	3.934591093030089e-01	2.211939993584827e-01	3.000000000000000e-06	3.000000000000000e-06
1.648139e+06	3.953816132869601e-01	2.222789754210132e-01	3.000000000000000e-06	3.000000000000000e-06
1.677836e+06	3.973135547872191e-01	2.233692507629165e-01	3.000000000000000e-06	3.000000000000000e-06
1.708071e+06	3.992549798866876e-01	2.244648513969983e-01	3.000000000000000e-06	3.000000000000000e-06
1.738852e+06	4.012059348945729e-01	2.255658034630886e-01	3.000000000000000e-06	3.000000000000000e-06
1.770191e+06	4.031664663474893e-01	2.266721332286648e-01	3.000000000000000e-06	3.000000000000000e-06
1.802096e+06	4.051366210105652e-01	2.277838670894764e-01	3.000000000000000e-06	3.000000000000000e-06
1.834579e+06	4.071164458785561e-01	2.289010315701736e-01	3.000000000000000e-06	3.000000000000000e-06
1.867649e+06	4.091059881769620e-01	2.300236533249385e-01	3.000000000000000e-06	3.000000000000000e-06
1.901318e+06	4.111052953631515e-01	2.311517591381202e-01	3.000000000000000e-06	3.000000000000000e-06
1.935597e+06	4.131144151274911e-01	2.322853759248720e-01	3.000000000000000e-06	3.000000000000000e-06
1.970495e+06	4.151333953944795e-01	2.334245307317921e-01	3.000000000000000e-06	3.000000000000000e-06
2.006026e+06	4.171622843238886e-01	2.345692507375682e-01	3.000000000000000e-06	3.000000000000000e-06
2.042200e+06	4.192011303119093e-01	2.357195632536238e-01	3.000000000000000e-06	3.000000000000000e-06
2.079029e+06	4.212499819923035e-01	2.368754957247691e-01	3.000000000000000e-06	3.000000000000000e-06
2.116525e+06	4.233088882375612e-01	2.380370757298544e-01	3.000000000000000e-06	3.000000000000000e-06
2.154700e+06	4.253778981600640e-01	2.392043309824265e-01	3.000000000000000e-06	3.000000000000000e-06
2.193566e+06	4.274570611132542e-01	2.403772893313892e-01	3.000000000000000e-06	3.000000000000000e-06
2.233137e+06	4.295464266928091e-01	2.415559787616659e-01	3.000000000000000e-06	3.000000000000000e-06
2.273424e+06	4.316460447378219e-01	2.427404273948665e-01	3.000000000000000e-06	3.000000000000000e-06
2.314441e+06	4.337559653319881e-01	2.439306634899568e-01	3.000000000000000e-06	3.000000000000000e-06
2.356202e+06	4.358762388047974e-01	2.451267154439320e-01	3.000000000000000e-06	3.000000000000000e-06
2.398719e+06	4.380069157327323e-01	2.463286117924925e-01	3.000000000000000e-06	3.000000000000000e-06
2.442007e+06	4.401480469404722e-01	2.475363812107240e-01	3.000000000000000e-06	3.000000000000000e-06
2.486079e+06	4.422996835021027e-01	2.487500525137803e-01	3.000000000000000e-06	3.000000000000000e-06
2.530950e+06	4.444618767423328e-01	2.499696546575695e-01	3.000000000000000e-06	3.000000000000000e-06
2.576635e+06	4.466346782377156e-01	2.511952167394442e-01	3.000000000000000e-06	3.000000000000000e-06
2.623148e+06	4.488181398178775e-01	2.524267679988944e-01	3.000000000000000e-06	3.000000000000000e-06
2.670505e+06	4.510123135667516e-01	2.536643378182437e-01	3.000000000000000e-06	3.000000000000000e-06
2.718720e+06	4.532172518238180e-01	2.549079557233500e-01	3.000000000000000e-06	3.000000000000000e-06
2.767810e+06	4.554330071853503e-01	2.561576513843081e-01	3.000000000000000e-06	3.000000000000000e-06
2.817791e+06	4.576596325056682e-01	2.574134546161573e-01	3.000000000000000e-06	3.000000000000000e-06
2.868678e+06	4.598971808983957e-01	2.586753953795911e-01	3.000000000000000e-06	3.000000000000000e-06
2.920488e+06	4.621457057377263e-01	2.599435037816712e-01	3.000000000000000e-06	3.000000000000000e-06
2.973238e+06	4.644052606596942e-01	2.612178100765453e-01	3.000000000000000e-06	3.000000000000000e-06
3.026945e+06	4.666758995634513e-01	2.624983446661672e-01	3.000000000000000e-06	3.000000000000000e-06
3.081627e+06	4.689576766125511e-01	2.637851381010217e-01	3.000000000000000e-06	3.000000000000000e-06
3.137302e+06	4.712506462362387e-01	2.650782210808522e-01	3.000000000000000e-06	3.000000000000000e-06
3.193987e+06	4.735548631307473e-01	2.663776244553925e-01	3.000000000000000e-06	3.000000000000000e-06
3.251701e+06	4.758703822606006e-01	2.676833792251017e-01	3.000000000000000e-06	3.000000000000000e-06
3.310463e+06	4.781972588599220e-01	2.689955165419032e-01	3.000000000000000e-06	3.000000000000000e-06
3.370292e+06	4.805355484337507e-01	2.703140677099264e-01	3.000000000000000e-06	3.000000000000000e-06
3.431208e+06	4.828853067593634e-01	2.716390641862534e-01	3.000000000000000e-06	3.000000000000000e-06
3.493229e+06	4.852465898876026e-01	2.729705375816682e-01	3.000000000000000e-06	3.000000000000000e-06
3.556377e+06	4.876194541442128e-01	2.743085196614101e-01	3.000000000000000e-06	3.000000000000000e-06
3.620672e+06	4.900039561311810e-01	2.756530423459307e-01	3.000000000000000e-06	3.000000000000000e-06
3.686136e+06	4.924001527280859e-01	2.770041377116547e-01	3.000000000000000e-06	3.000000000000000e-06
3.752788e+06	4.948081010934525e-01	2.783618379917442e-01	3.000000000000000e-06	3.000000000000000e-06
3.820652e+06	4.972278586661138e-01	2.797261755768669e-01	3.000000000000000e-06	3.000000000000000e-06
3.889748e+06	4.996594831665793e-01	2.810971830159683e-01	3.000000000000000e-06	3.000000000000000e-06
3.960101e+06	5.021030325984099e-01	2.824748930170470e-01	3.000000000000000e-06	3.000000000000000e-06
4.031732e+06	5.045585652496000e-01	2.838593384479345e-01	3.000000000000000e-06	3.000000000000000e-06
4.104666e+06	5.070261396939657e-01	2.852505523370788e-01	3.000000000000000e-06	3.000000000000000e-06
4.178925e+06	5.095058147925405e-01	2.866485678743311e-01	3.000000000000000e-06	3.000000000000000e-06
4.254534e+06	5.119976496949782e-01	2.880534184117370e-01	3.000000000000000e-06	3.000000000000000e-06
4.331518e+06	5.145017038409613e-01	2.894651374643318e-01	3.000000000000000e-06	3.000000000000000e-06
4.409902e+06	5.170180369616174e-01	2.908837587109389e-01	3.000000000000000e-06	3.000000000000000e-06
4.489712e+06	5.195467090809429e-01	2.923093159949727e-01	3.000000000000000e-06	3.000000000000000e-06
4.570973e+06	5.220877805172325e-01	2.937418433252450e-01	3.000000000000000e-06	3.000000000000000e-06
4.653712e+06	5.246413118845165e-01	2.951813748767763e-01	3.000000000000000e-06	3.000000000000000e-06
4.737957e+06	5.272073640940053e-01	2.966279449916096e-01	3.000000000000000e-06	3.000000000000000e-06
4.823734e+06	5.297859983555403e-01	2.980815881796295e-01	3.000000000000000e-06	3.000000000000000e-06
4.911072e+06	5.323772761790532e-01	2.995423391193846e-01	3.000000000000000e-06	3.000000000000000e-06
5.000000e+06	5.349812593760306e-01	3.010102326589140e-01	3.000000000000000e-06	3.000000000000000e-06
5.090545e+06	5.375980100609875e-01	3.024853038165782e-01	3.000000000000000e-06	3.000000000000000e-06
5.182739e+06	5.402275906529472e-01	3.039675877818938e-01	3.000000000000000e-06	3.000000000000000e-06
5.276611e+06	5.428700638769288e-01	3.054571199163720e-01	3.000000000000000e-06	3.000000000000000e-06
5.372192e+06	5.455254927654417e-01	3.069539357543619e-01	3.000000000000000e-06	3.000000000000000e-06
5.469514e+06	5.481939406599876e-01	3.084580710038974e-01	3.000000000000000e-06	3.000000000000000e-06
5.568607e+06	5.508754712125699e-01	3.099695615475485e-01	3.000000000000000e-06	3.000000000000000e-06
5.669505e+06	5.535701483872107e-01	3.114884434432761e-01	3.000000000000000e-06	3.000000000000000e-06
5.772240e+06	5.562780364614749e-01	3.130147529252925e-01	3.000000000000000e-06	3.000000000000000e-06
5.876847e+06	5.589992000280019e-01	3.145485264049245e-01	3.000000000000000e-06	3.000000000000000e-06
5.983359e+06	5.617337039960449e-01	3.160898004714814e-01	3.000000000000000e-06	3.000000000000000e-06
6.091812e+06	5.644816135930177e-01	3.176386118931274e-01	3.000000000000000e-06	3.000000000000000e-06
6.202240e+06	5.672429943660495e-01	3.191949976177582e-01	3.000000000000000e-06	3.000000000000000e-06
6.314681e+06	5.700179121835461e-01	3.207589947738814e-01	3.000000000000000e-06	3.000000000000000e-06
6.429170e+06	5.728064332367606e-01	3.223306406715020e-01	3.000000000000000e-06	3.000000000000000e-06
6.545746e+06	5.756086240413699e-01	3.239099728030115e-01	3.000000000000000e-06	3.000000000000000e-06
6.664447e+06	5.784245514390610e-01	3.254970288440822e-01	3.000000000000000e-06	3.000000000000000e-06
6.785312e+06	5.812542825991227e-01	3.270918466545644e-01	3.000000000000000e-06	3.000000000000000e-06
6.908380e+06	5.840978850200472e-01	3.286944642793901e-01	3.000000000000000e-06	3.000000000000000e-06
7.033692e+06	5.869554265311387e-01	3.303049199494790e-01	3.000000000000000e-06	3.000000000000000e-06
7.161289e+06	5.898269752941296e-01	3.319232520826506e-01	3.000000000000000e-06	3.000000000000000e-06
7.291212e+06	5.927125998048051e-01	3.335494992845394e-01	3.000000000000000e-06	3.000000000000000e-06
7.423505e+06	5.956123688946355e-01	3.351837003495159e-01	3.000000000000000e-06	3.000000000000000e-06
7.558211e+06	5.985263517324173e-01	3.368258942616110e-01	3.000000000000000e-06	3.000000000000000e-06
7.695374e+06	6.014546178259206e-01	3.384761201954454e-01	3.000000000000000e-06	3.000000000000000e-06
7.835039e+06	6.043972370235468e-01	3.401344175171637e-01	3.000000000000000e-06	3.000000000000000e-06
7.977253e+06	6.073542795159924e-01	3.418008257853729e-01	3.000000000000000e-06	3.000000000000000e-06
8.122061e+06	6.103258158379226e-01	3.434753847520851e-01	3.000000000000000e-06	3.000000000000000e-06
8.269512e+06	6.133119168696520e-01	3.451581343636655e-01	3.000000000000000e-06	3.000000000000000e-06
8.419654e+06	6.163126538388342e-01	3.468491147617849e-01	3.000000000000000e-06	3.000000000000000e-06
8.572536e+06	6.193280983221587e-01	3.485483662843761e-01	3.000000000000000e-06	3.000000000000000e-06
8.728209e+06	6.223583222470582e-01	3.502559294665961e-01	3.000000000000000e-06	3.000000000000000e-06
8.886723e+06	6.254033978934217e-01	3.519718450417922e-01	3.000000000000000e-06	3.000000000000000e-06
9.048132e+06	6.284633978953177e-01	3.536961539424731e-01	3.000000000000000e-06	3.000000000000000e-06
9.212487e+06	6.315383952427254e-01	3.554288973012848e-01	3.000000000000000e-06	3.000000000000000e-06
9.379844e+06	6.346284632832745e-01	3.571701164519913e-01	3.000000000000000e-06	3.000000000000000e-06
9.550258e+06	6.377336757239930e-01	3.589198529304596e-01	3.000000000000000e-06	3.000000000000000e-06
9.723783e+06	6.408541066330646e-01	3.606781484756506e-01	3.000000000000000e-06	3.000000000000000e-06
9.900479e+06	6.439898304415935e-01	3.624450450306134e-01	3.000000000000000e-06	3.000000000000000e-06
1.000000e+07	6.457347052418000e-01	3.634282276588354e-01	3.000000000000000e-06	3.000000000000000e-06
1.018321e+07	6.489198823032374e-01	3.652229645860762e-01	3.000000000000000e-06	3.000000000000000e-06
1.036827e+07	6.520946726138340e-01	3.670118328332777e-01	3.000000000000000e-06	3.000000000000000e-06
1.055674e+07	6.552854923728100e-01	3.688097171069727e-01	3.000000000000000e-06	3.000000000000000e-06
1.074865e+07	6.584919407804480e-01	3.706163915752060e-01	3.000000000000000e-06	3.000000000000000e-06
1.094406e+07	6.617141029540218e-01	3.724319042017386e-01	3.000000000000000e-06	3.000000000000000e-06
1.114305e+07	6.649520555934463e-01	3.742562982067877e-01	3.000000000000000e-06	3.000000000000000e-06
1.134568e+07	6.682058759346166e-01	3.760896171119192e-01	3.000000000000000e-06	3.000000000000000e-06
1.155201e+07	6.714756415890927e-01	3.779319046497641e-01	3.000000000000000e-06	3.000000000000000e-06
1.176211e+07	6.747614305488515e-01	3.797832047667346e-01	3.000000000000000e-06	3.000000000000000e-06
1.197606e+07	6.780633211880656e-01	3.816435616240570e-01	3.000000000000000e-06	3.000000000000000e-06
1.219392e+07	6.813813922649503e-01	3.835130195988385e-01	3.000000000000000e-06	3.000000000000000e-06
1.241576e+07	6.847157229236255e-01	3.853916232851354e-01	3.000000000000000e-06	3.000000000000000e-06
1.264166e+07	6.880663926959871e-01	3.872794174950261e-01	3.000000000000000e-06	3.000000000000000e-06
1.287169e+07	6.914334815035945e-01	3.891764472596868e-01	3.000000000000000e-06	3.000000000000000e-06
1.310593e+07	6.948170696595658e-01	3.910827578304714e-01	3.000000000000000e-06	3.000000000000000e-06
1.334445e+07	6.982172378704874e-01	3.929983946799961e-01	3.000000000000000e-06	3.000000000000000e-06
1.358734e+07	7.016340672383319e-01	3.949234035032282e-01	3.000000000000000e-06	3.000000000000000e-06
1.383467e+07	7.050676392623886e-01	3.968578302185792e-01	3.000000000000000e-06	3.000000000000000e-06
1.408653e+07	7.085180358412024e-01	3.988017209690032e-01	3.000000000000000e-06	3.000000000000000e-06
1.434300e+07	7.119853392745247e-01	4.007551221230993e-01	3.000000000000000e-06	3.000000000000000e-06
1.460416e+07	7.154696322652730e-01	4.027180802762200e-01	3.000000000000000e-06	3.000000000000000e-06
1.487010e+07	7.189709979215015e-01	4.046906422515842e-01	3.000000000000000e-06	3.000000000000000e-06
1.514091e+07	7.224895197583810e-01	4.066728551013949e-01	3.000000000000000e-06	3.000000000000000e-06
1.541668e+07	7.260252817001895e-01	4.086647661079629e-01	3.000000000000000e-06	3.000000000000000e-06
1.569750e+07	7.295783680823116e-01	4.106664227848350e-01	3.000000000000000e-06	3.000000000000000e-06
1.598346e+07	7.331488636532490e-01	4.126778728779281e-01	3.000000000000000e-06	3.000000000000000e-06
1.627466e+07	7.367368535766409e-01	4.146991643666688e-01	3.000000000000000e-06	3.000000000000000e-06
1.657119e+07	7.403424234332928e-01	4.167303454651372e-01	3.000000000000000e-06	3.000000000000000e-06
1.687315e+07	7.439656592232177e-01	4.187714646232181e-01	3.000000000000000e-06	3.000000000000000e-06
1.718065e+07	7.476066473676853e-01	4.208225705277562e-01	3.000000000000000e-06	3.000000000000000e-06
1.749377e+07	7.512654747112828e-01	4.228837121037176e-01	3.000000000000000e-06	3.000000000000000e-06
1.781264e+07	7.549422285239841e-01	4.249549385153563e-01	3.000000000000000e-06	3.000000000000000e-06
1.813735e+07	7.586369965032312e-01	4.270362991673869e-01	3.000000000000000e-06	3.000000000000000e-06
1.846800e+07	7.623498667760243e-01	4.291278437061635e-01	3.000000000000000e-06	3.000000000000000e-06
1.880472e+07	7.660809279010223e-01	4.312296220208622e-01	3.000000000000000e-06	3.000000000000000e-06
1.914761e+07	7.698302688706546e-01	4.333416842446722e-01	3.000000000000000e-06	3.000000000000000e-06
1.949678e+07	7.735979791132418e-01	4.354640807559901e-01	3.000000000000000e-06	3.000000000000000e-06
1.985236e+07	7.773841484951279e-01	4.375968621796221e-01	3.000000000000000e-06	3.000000000000000e-06
2.021445e+07	7.811888673228228e-01	4.397400793879904e-01	3.000000000000000e-06	3.000000000000000e-06
2.058319e+07	7.850122263451543e-01	4.418937835023465e-01	3.000000000000000e-06	3.000000000000000e-06
2.095868e+07	7.888543167554322e-01	4.440580258939900e-01	3.000000000000000e-06	3.000000000000000e-06
2.134106e+07	7.927152301936217e-01	4.462328581854935e-01	3.000000000000000e-06	3.000000000000000e-06
2.173046e+07	7.965950587485280e-01	4.484183322519335e-01	3.000000000000000e-06	3.000000000000000e-06
2.212699e+07	8.004938949599916e-01	4.506145002221269e-01	3.000000000000000e-06	3.000000000000000e-06
2.253080e+07	8.044118318210941e-01	4.528214144798743e-01	3.000000000000000e-06	3.000000000000000e-06
2.294202e+07	8.083489627803754e-01	4.550391276652084e-01	3.000000000000000e-06	3.000000000000000e-06
2.336078e+07	8.123053817440608e-01	4.572676926756495e-01	3.000000000000000e-06	3.000000000000000e-06
2.378723e+07	8.162811830782996e-01	4.595071626674663e-01	3.000000000000000e-06	3.000000000000000e-06
2.422150e+07	8.202764616114150e-01	4.617575910569434e-01	3.000000000000000e-06	3.000000000000000e-06
2.466374e+07	8.242913126361643e-01	4.640190315216547e-01	3.000000000000000e-06	3.000000000000000e-06
2.511410e+07	8.283258319120105e-01	4.662915380017434e-01	3.000000000000000e-06	3.000000000000000e-06
2.557272e+07	8.323801156674048e-01	4.685751647012073e-01	3.000000000000000e-06	3.000000000000000e-06
2.603977e+07	8.364542606020809e-01	4.708699660891919e-01	3.000000000000000e-06	3.000000000000000e-06
2.651538e+07	8.405483638893601e-01	4.731759969012883e-01	3.000000000000000e-06	3.000000000000000e-06
2.699973e+07	8.446625231784669e-01	4.754933121408387e-01	3.000000000000000e-06	3.000000000000000e-06
2.749298e+07	8.487968365968580e-01	4.778219670802470e-01	3.000000000000000e-06	3.000000000000000e-06
2.799528e+07	8.529514027525607e-01	4.801620172622973e-01	3.000000000000000e-06	3.000000000000000e-06
2.850680e+07	8.571263207365230e-01	4.825135185014774e-01	3.000000000000000e-06	3.000000000000000e-06
2.902772e+07	8.613216901249769e-01	4.848765268853099e-01	3.000000000000000e-06	3.000000000000000e-06
2.955821e+07	8.655376109818115e-01	4.872510987756891e-01	3.000000000000000e-06	3.000000000000000e-06
3.009844e+07	8.697741838609578e-01	4.896372908102246e-01	3.000000000000000e-06	3.000000000000000e-06
3.064860e+07	8.740315098087867e-01	4.920351599035917e-01	3.000000000000000e-06	3.000000000000000e-06
3.120887e+07	8.783096903665170e-01	4.944447632488884e-01	3.000000000000000e-06	3.000000000000000e-06
3.177943e+07	8.826088275726358e-01	4.968661583189984e-01	3.000000000000000e-06	3.000000000000000e-06
3.236047e+07	8.869290239653317e-01	4.992994028679619e-01	3.000000000000000e-06	3.000000000000000e-06
3.295220e+07	8.912703825849384e-01	5.017445549323516e-01	3.000000000000000e-06	3.000000000000000e-06
3.355480e+07	8.956330069763909e-01	5.042016728326574e-01	3.000000000000000e-06	3.000000000000000e-06
3.416847e+07	9.000170011916943e-01	5.066708151746755e-01	3.000000000000000e-06	3.000000000000000e-06
3.479343e+07	9.044224697924039e-01	5.091520408509067e-01	3.000000000000000e-06	3.000000000000000e-06
3.542987e+07	9.088495178521174e-01	5.116454090419597e-01	3.000000000000000e-06	3.000000000000000e-06
3.607802e+07	9.132982509589804e-01	5.141509792179619e-01	3.000000000000000e-06	3.000000000000000e-06
3.673808e+07	9.177687752182025e-01	5.166688111399778e-01	3.000000000000000e-06	3.000000000000000e-06
3.741028e+07	9.222611972545874e-01	5.191989648614327e-01	3.000000000000000e-06	3.000000000000000e-06
3.809485e+07	9.267756242150740e-01	5.217415007295456e-01	3.000000000000000e-06	3.000000000000000e-06
3.879200e+07	9.313121637712909e-01	5.242964793867667e-01	3.000000000000000e-06	3.000000000000000e-06
3.950198e+07	9.358709241221231e-01	5.268639617722235e-01	3.000000000000000e-06	3.000000000000000e-06
4.022502e+07	9.404520139962909e-01	5.294440091231739e-01	3.000000000000000e-06	3.000000000000000e-06
4.096136e+07	9.450555426549420e-01	5.320366829764658e-01	3.000000000000000e-06	3.000000000000000e-06
4.171124e+07	9.496816198942559e-01	5.346420451700039e-01	3.000000000000000e-06	3.000000000000000e-06
4.247493e+07	9.543303560480618e-01	5.372601578442241e-01	3.000000000000000e-06	3.000000000000000e-06
4.325267e+07	9.590018619904676e-01	5.398910834435751e-01	3.000000000000000e-06	3.000000000000000e-06
4.404472e+07	9.636962491385039e-01	5.425348847180066e-01	3.000000000000000e-06	3.000000000000000e-06
4.485134e+07	9.684136294547795e-01	5.451916247244656e-01	3.000000000000000e-06	3.000000000000000e-06
4.567282e+07	9.731541154501505e-01	5.478613668283993e-01	3.000000000000000e-06	3.000000000000000e-06
4.650941e+07	9.779178201864019e-01	5.505441747052662e-01	3.000000000000000e-06	3.000000000000000e-06
4.736141e+07	9.827048572789436e-01	5.532401123420534e-01	3.000000000000000e-06	3.000000000000000e-06
4.822909e+07	9.875153408995180e-01	5.559492440388026e-01	3.000000000000000e-06	3.000000000000000e-06
4.911275e+07	9.923493857789215e-01	5.586716344101427e-01	3.000000000000000e-06	3.000000000000000e-06
5.001268e+07	9.972071072097405e-01	5.614073483868300e-01	3.000000000000000e-06	3.000000000000000e-06
5.092918e+07	1.002088621049098e+00	5.641564512172967e-01	3.000000000000000e-06	3.000000000000000e-06
5.186256e+07	1.006994043721418e+00	5.669190084692057e-01	3.000000000000000e-06	3.000000000000000e-06
5.281313e+07	1.011923492221197e+00	5.696950860310139e-01	3.000000000000000e-06	3.000000000000000e-06
5.378121e+07	1.016877084115798e+00	5.724847501135431e-01	3.000000000000000e-06	3.000000000000000e-06
5.476712e+07	1.021854937548247e+00	5.752880672515583e-01	3.000000000000000e-06	3.000000000000000e-06
5.577120e+07	1.026857171240054e+00	5.781051043053539e-01	3.000000000000000e-06	3.000000000000000e-06
5.679378e+07	1.031883904494041e+00	5.809359284623472e-01	3.000000000000000e-06	3.000000000000000e-06
5.783520e+07	1.036935257197189e+00	5.837806072386807e-01	3.000000000000000e-06	3.000000000000000e-06
5.889581e+07	1.042011349823488e+00	5.866392084808314e-01	3.000000000000000e-06	3.000000000000000e-06
5.997596e+07	1.047112303436819e+00	5.895118003672277e-01	3.000000000000000e-06	3.000000000000000e-06
6.107603e+07	1.052238239693833e+00	5.923984514098755e-01	3.000000000000000e-06	3.000000000000000e-06
6.219637e+07	1.057389280846853e+00	5.952992304559909e-01	3.000000000000000e-06	3.000000000000000e-06
6.333736e+07	1.062565549746787e+00	5.982142066896416e-01	3.000000000000000e-06	3.000000000000000e-06
6.449938e+07	1.067767169846061e+00	6.011434496333964e-01	3.000000000000000e-06	3.000000000000000e-06
6.568283e+07	1.072994265201555e+00	6.040870291499821e-01	3.000000000000000e-06	3.000000000000000e-06
6.688810e+07	1.078246960477567e+00	6.070450154439494e-01	3.000000000000000e-06	3.000000000000000e-06
6.811560e+07	1.083525380948779e+00	6.100174790633460e-01	3.000000000000000e-06	3.000000000000000e-06
6.936573e+07	1.088829652503247e+00	6.130044909013991e-01	3.000000000000000e-06	3.000000000000000e-06
7.063891e+07	1.094159901645401e+00	6.160061221982046e-01	3.000000000000000e-06	3.000000000000000e-06
7.193558e+07	1.099516255499058e+00	6.190224445424258e-01	3.000000000000000e-06	3.000000000000000e-06
7.325617e+07	1.104898841810459e+00	6.220535298730003e-01	3.000000000000000e-06	3.000000000000000e-06
7.460111e+07	1.110307788951305e+00	6.250994504808541e-01	3.000000000000000e-06	3.000000000000000e-06
7.597087e+07	1.115743225921826e+00	6.281602790106259e-01	3.000000000000000e-06	3.000000000000000e-06
7.736590e+07	1.121205282353848e+00	6.312360884623978e-01	3.000000000000000e-06	3.000000000000000e-06
7.878667e+07	1.126694088513891e+00	6.343269521934366e-01	3.000000000000000e-06	3.000000000000000e-06
8.023366e+07	1.132209775306267e+00	6.374329439199417e-01	3.000000000000000e-06	3.000000000000000e-06
8.170735e+07	1.137752474276206e+00	6.405541377188029e-01	3.000000000000000e-06	3.000000000000000e-06
8.320824e+07	1.143322317612990e+00	6.436906080293661e-01	3.000000000000000e-06	3.000000000000000e-06
8.473683e+07	1.148919438153101e+00	6.468424296552077e-01	3.000000000000000e-06	3.000000000000000e-06
8.629363e+07	1.154543969383392e+00	6.500096777659181e-01	3.000000000000000e-06	3.000000000000000e-06
8.787918e+07	1.160196045444267e+00	6.531924278988934e-01	3.000000000000000e-06	3.000000000000000e-06
8.949399e+07	1.165875801132880e+00	6.563907559611363e-01	3.000000000000000e-06	3.000000000000000e-06
9.113862e+07	1.171583371906343e+00	6.596047382310654e-01	3.000000000000000e-06	3.000000000000000e-06
9.281362e+07	1.177318893884964e+00	6.628344513603336e-01	3.000000000000000e-06	3.000000000000000e-06
9.451955e+07	1.183082503855484e+00	6.660799723756555e-01	3.000000000000000e-06	3.000000000000000e-06
9.625698e+07	1.188874339274340e+00	6.693413786806437e-01	3.000000000000000e-06	3.000000000000000e-06
9.802650e+07	1.194694538270944e+00	6.726187480576533e-01	3.000000000000000e-06	3.000000000000000e-06
9.982870e+07	1.200543239650973e+00	6.759121586696371e-01	3.000000000000000e-06	3.000000000000000e-06
1.000000e+08	1.201092958606086e+00	6.762217053793677e-01	3.000000000000000e-06	3.000000000000000e-06
1.018694e+08	1.207071105836739e+00	6.795879976707896e-01	3.000000000000000e-06	3.000000000000000e-06
1.037420e+08	1.212978621028166e+00	6.829145085199022e-01	3.000000000000000e-06	3.000000000000000e-06
1.056498e+08	1.218916894560119e+00	6.862583309323623e-01	3.000000000000000e-06	3.000000000000000e-06
1.075928e+08	1.224884214835584e+00	6.896185011102789e-01	3.000000000000000e-06	3.000000000000000e-06
1.095717e+08	1.230880758094381e+00	6.929951182950874e-01	3.000000000000000e-06	3.000000000000000e-06
1.115872e+08	1.236906666725380e+00	6.963882626665366e-01	3.000000000000000e-06	3.000000000000000e-06
1.136400e+08	1.242962084450153e+00	6.997980151545456e-01	3.000000000000000e-06	3.000000000000000e-06
1.157307e+08	1.249047155682301e+00	7.032244570784544e-01	3.000000000000000e-06	3.000000000000000e-06
1.178600e+08	1.255162025542681e+00	7.066676701556073e-01	3.000000000000000e-06	3.000000000000000e-06
1.200287e+08	1.261306839862644e+00	7.101277365031842e-01	3.000000000000000e-06	3.000000000000000e-06
1.222374e+08	1.267481745187506e+00	7.136047386401633e-01	3.000000000000000e-06	3.000000000000000e-06
1.244870e+08	1.273686888780041e+00	7.170987594892910e-01	3.000000000000000e-06	3.000000000000000e-06
1.267782e+08	1.279922418623984e+00	7.206098823790619e-01	3.000000000000000e-06	3.000000000000000e-06
1.291118e+08	1.286188483427562e+00	7.241381910457058e-01	3.000000000000000e-06	3.000000000000000e-06
1.314885e+08	1.292485232627030e+00	7.276837696351870e-01	3.000000000000000e-06	3.000000000000000e-06
1.339092e+08	1.298812816390237e+00	7.312467027052107e-01	3.000000000000000e-06	3.000000000000000e-06
1.363746e+08	1.305171385620201e+00	7.348270752272407e-01	3.000000000000000e-06	3.000000000000000e-06
1.388857e+08	1.311561091958708e+00	7.384249725885250e-01	3.000000000000000e-06	3.000000000000000e-06
1.414431e+08	1.317982087789924e+00	7.420404805941333e-01	3.000000000000000e-06	3.000000000000000e-06
1.440479e+08	1.324434526244029e+00	7.456736854690023e-01	3.000000000000000e-06	3.000000000000000e-06
1.467009e+08	1.330918561200865e+00	7.493246738599924e-01	3.000000000000000e-06	3.000000000000000e-06
1.494030e+08	1.337434347293603e+00	7.529935328379533e-01	3.000000000000000e-06	3.000000000000000e-06
1.521550e+08	1.343982039912432e+00	7.566803498998006e-01	3.000000000000000e-06	3.000000000000000e-06
1.549580e+08	1.350561795208262e+00	7.603852129706012e-01	3.000000000000000e-06	3.000000000000000e-06
1.578129e+08	1.357173770096445e+00	7.641082104056706e-01	3.000000000000000e-06	3.000000000000000e-06
1.607206e+08	1.363818122260513e+00	7.678494309926782e-01	3.000000000000000e-06	3.000000000000000e-06
1.636821e+08	1.370495010155944e+00	7.716089639537654e-01	3.000000000000000e-06	3.000000000000000e-06
1.666984e+08	1.377204593013933e+00	7.753868989476718e-01	3.000000000000000e-06	3.000000000000000e-06
1.697705e+08	1.383947030845188e+00	7.791833260718728e-01	3.000000000000000e-06	3.000000000000000e-06
1.728996e+08	1.390722484443748e+00	7.829983358647278e-01	3.000000000000000e-06	3.000000000000000e-06
1.760865e+08	1.397531115390813e+00	7.868320193076382e-01	3.000000000000000e-06	3.000000000000000e-06
1.793325e+08	1.404373086058596e+00	7.906844678272169e-01	3.000000000000000e-06	3.000000000000000e-06
1.826385e+08	1.411248559614193e+00	7.945557732974671e-01	3.000000000000000e-06	3.000000000000000e-06
1.860058e+08	1.418157700023475e+00	7.984460280419731e-01	3.000000000000000e-06	3.000000000000000e-06
1.894355e+08	1.425100672054993e+00	8.023553248361004e-01	3.000000000000000e-06	3.000000000000000e-06
1.929286e+08	1.432077641283911e+00	8.062837569092085e-01	3.000000000000000e-06	3.000000000000000e-06
1.964865e+08	1.439088774095945e+00	8.102314179468720e-01	3.000000000000000e-06	3.000000000000000e-06
2.001102e+08	1.446134237691336e+00	8.141984020931152e-01	3.000000000000000e-06	3.000000000000000e-06
2.038011e+08	1.453214200088833e+00	8.181848039526551e-01	3.000000000000000e-06	3.000000000000000e-06
2.075604e+08	1.460328830129699e+00	8.221907185931574e-01	3.000000000000000e-06	3.000000000000000e-06
2.113893e+08	1.467478297481734e+00	8.262162415475026e-01	3.000000000000000e-06	3.000000000000000e-06
2.152892e+08	1.474662772643320e+00	8.302614688160631e-01	3.000000000000000e-06	3.000000000000000e-06
2.192613e+08	1.481882426947487e+00	8.343264968689915e-01	3.000000000000000e-06	3.000000000000000e-06
2.233070e+08	1.489137432565996e+00	8.384114226485209e-01	3.000000000000000e-06	3.000000000000000e-06
2.274277e+08	1.496427962513441e+00	8.425163435712750e-01	3.000000000000000e-06	3.000000000000000e-06
2.316248e+08	1.503754190651377e+00	8.466413575305910e-01	3.000000000000000e-06	3.000000000000000e-06
2.358997e+08	1.511116291692461e+00	8.507865628988526e-01	3.000000000000000e-06	3.000000000000000e-06
2.402538e+08	1.518514441204620e+00	8.549520585298350e-01	3.000000000000000e-06	3.000000000000000e-06
2.446886e+08	1.525948815615232e+00	8.591379437610617e-01	3.000000000000000e-06	3.000000000000000e-06
2.492056e+08	1.533419592215334e+00	8.633443184161721e-01	3.000000000000000e-06	3.000000000000000e-06
2.538064e+08	1.540926949163850e+00	8.675712828073016e-01	3.000000000000000e-06	3.000000000000000e-06
2.584925e+08	1.548471065491832e+00	8.718189377374715e-01	3.000000000000000e-06	3.000000000000000e-06
2.632655e+08	1.556052121106734e+00	8.760873845029939e-01	3.000000000000000e-06	3.000000000000000e-06
2.681270e+08	1.563670296796696e+00	8.803767248958844e-01	3.000000000000000e-06	3.000000000000000e-06
2.730786e+08	1.571325774234856e+00	8.846870612062894e-01	3.000000000000000e-06	3.000000000000000e-06
2.781221e+08	1.579018735983678e+00	8.890184962249248e-01	3.000000000000000e-06	3.000000000000000e-06
2.832591e+08	1.586749365499307e+00	8.933711332455255e-01	3.000000000000000e-06	3.000000000000000e-06
2.884914e+08	1.594517847135941e+00	8.977450760673082e-01	3.000000000000000e-06	3.000000000000000e-06
2.938208e+08	1.602324366150221e+00	9.021404289974455e-01	3.000000000000000e-06	3.000000000000000e-06
2.992491e+08	1.610169108705655e+00	9.065572968535520e-01	3.000000000000000e-06	3.000000000000000e-06
3.047780e+08	1.618052261877048e+00	9.109957849661835e-01	3.000000000000000e-06	3.000000000000000e-06
3.104096e+08	1.625974013654967e+00	9.154559991813470e-01	3.000000000000000e-06	3.000000000000000e-06
3.161456e+08	1.633934552950218e+00	9.199380458630244e-01	3.000000000000000e-06	3.000000000000000e-06
3.219881e+08	1.641934069598352e+00	9.244420318957079e-01	3.000000000000000e-06	3.000000000000000e-06
3.279390e+08	1.649972754364188e+00	9.289680646869476e-01	3.000000000000000e-06	3.000000000000000e-06
3.340004e+08	1.658050798946362e+00	9.335162521699114e-01	3.000000000000000e-06	3.000000000000000e-06
3.401742e+08	1.666168395981894e+00	9.380867028059586e-01	3.000000000000000e-06	3.000000000000000e-06
3.464627e+08	1.674325739050782e+00	9.426795255872250e-01	3.000000000000000e-06	3.000000000000000e-06
3.528679e+08	1.682523022680616e+00	9.472948300392207e-01	3.000000000000000e-06	3.000000000000000e-06
3.593920e+08	1.690760442351215e+00	9.519327262234411e-01	3.000000000000000e-06	3.000000000000000e-06
3.660372e+08	1.699038194499285e+00	9.565933247399904e-01	3.000000000000000e-06	3.000000000000000e-06
3.728058e+08	1.707356476523104e+00	9.612767367302180e-01	3.000000000000000e-06	3.000000000000000e-06
3.797001e+08	1.715715486787226e+00	9.659830738793677e-01	3.000000000000000e-06	3.000000000000000e-06
3.867224e+08	1.724115424627207e+00	9.707124484192402e-01	3.000000000000000e-06	3.000000000000000e-06
3.938752e+08	1.732556490354362e+00	9.754649731308679e-01	3.000000000000000e-06	3.000000000000000e-06
4.011607e+08	1.741038885260535e+00	9.802407613472036e-01	3.000000000000000e-06	3.000000000000000e-06
4.085816e+08	1.749562811622899e+00	9.850399269558219e-01	3.000000000000000e-06	3.000000000000000e-06
4.161403e+08	1.758128472708777e+00	9.898625844016340e-01	3.000000000000000e-06	3.000000000000000e-06
4.238395e+08	1.766736072780488e+00	9.947088486896156e-01	3.000000000000000e-06	3.000000000000000e-06
4.316816e+08	1.775385817100215e+00	9.995788353875484e-01	3.000000000000000e-06	3.000000000000000e-06
4.396695e+08	1.784077911934900e+00	1.004472660628775e+00	3.000000000000000e-06	3.000000000000000e-06
4.478057e+08	1.792812564561156e+00	1.009390441114966e+00	3.000000000000000e-06	3.000000000000000e-06
4.560932e+08	1.801589983270214e+00	1.014332294118904e+00	3.000000000000000e-06	3.000000000000000e-06
4.645346e+08	1.810410377372882e+00	1.019298337487277e+00	3.000000000000000e-06	3.000000000000000e-06
4.731329e+08	1.819273957204538e+00	1.024288689643489e+00	3.000000000000000e-06	3.000000000000000e-06
4.818910e+08	1.828180934130144e+00	1.029303469590480e+00	3.000000000000000e-06	3.000000000000000e-06
4.908118e+08	1.837131520549281e+00	1.034342796913568e+00	3.000000000000000e-06	3.000000000000000e-06
4.998985e+08	1.846125929901214e+00	1.039406791783293e+00	3.000000000000000e-06	3.000000000000000e-06
5.091541e+08	1.855164376669980e+00	1.044495574958287e+00	3.000000000000000e-06	3.000000000000000e-06
5.185817e+08	1.864247076389499e+00	1.049609267788149e+00	3.000000000000000e-06	3.000000000000000e-06
5.281846e+08	1.873374245648713e+00	1.054747992216339e+00	3.000000000000000e-06	3.000000000000000e-06
5.379660e+08	1.882546102096750e+00	1.059911870783085e+00	3.000000000000000e-06	3.000000000000000e-06
5.479293e+08	1.891762864448107e+00	1.065101026628303e+00	3.000000000000000e-06	3.000000000000000e-06
5.580779e+08	1.901024752487869e+00	1.070315583494532e+00	3.000000000000000e-06	3.000000000000000e-06
5.684151e+08	1.910331987076944e+00	1.075555665729886e+00	3.000000000000000e-06	3.000000000000000e-06
5.789446e+08	1.919684790157329e+00	1.080821398291015e+00	3.000000000000000e-06	3.000000000000000e-06
5.896699e+08	1.929083384757402e+00	1.086112906746085e+00	3.000000000000000e-06	3.000000000000000e-06
6.005947e+08	1.938527994997236e+00	1.091430317277772e+00	3.000000000000000e-06	3.000000000000000e-06
6.117227e+08	1.948018846093940e+00	1.096773756686267e+00	3.000000000000000e-06	3.000000000000000e-06
6.230577e+08	1.957556164367031e+00	1.102143352392302e+00	3.000000000000000e-06	3.000000000000000e-06
6.346036e+08	1.967140177243825e+00	1.107539232440183e+00	3.000000000000000e-06	3.000000000000000e-06
6.463642e+08	1.976771113264862e+00	1.112961525500849e+00	3.000000000000000e-06	3.000000000000000e-06
6.583437e+08	1.986449202089350e+00	1.118410360874930e+00	3.000000000000000e-06	3.000000000000000e-06
6.705460e+08	1.996174674500640e+00	1.123885868495836e+00	3.000000000000000e-06	3.000000000000000e-06
6.829754e+08	2.005947762411728e+00	1.129388178932852e+00	3.000000000000000e-06	3.000000000000000e-06
6.956361e+08	2.015768698870784e+00	1.134917423394250e+00	3.000000000000000e-06	3.000000000000000e-06
7.085324e+08	2.025637718066704e+00	1.140473733730416e+00	3.000000000000000e-06	3.000000000000000e-06
7.216686e+08	2.035555055334694e+00	1.146057242436995e+00	3.000000000000000e-06	3.000000000000000e-06
7.350494e+08	2.045520947161878e+00	1.151668082658047e+00	3.000000000000000e-06	3.000000000000000e-06
7.486793e+08	2.055535631192940e+00	1.157306388189220e+00	3.000000000000000e-06	3.000000000000000e-06
7.625628e+08	2.065599346235781e+00	1.162972293480944e+00	3.000000000000000e-06	3.000000000000000e-06
7.767048e+08	2.075712332267215e+00	1.168665933641630e+00	3.000000000000000e-06	3.000000000000000e-06
7.911101e+08	2.085874830438692e+00	1.174387444440893e+00	3.000000000000000e-06	3.000000000000000e-06
8.057835e+08	2.096087083082042e+00	1.180136962312791e+00	3.000000000000000e-06	3.000000000000000e-06
8.207302e+08	2.106349333715252e+00	1.185914624359070e+00	3.000000000000000e-06	3.000000000000000e-06
8.359551e+08	2.116661827048270e+00	1.191720568352439e+00	3.000000000000000e-06	3.000000000000000e-06
8.514636e+08	2.127024808988843e+00	1.197554932739851e+00	3.000000000000000e-06	3.000000000000000e-06
8.672609e+08	2.137438526648369e+00	1.203417856645804e+00	3.000000000000000e-06	3.000000000000000e-06
8.833523e+08	2.147903228347798e+00	1.209309479875655e+00	3.000000000000000e-06	3.000000000000000e-06
8.997435e+08	2.158419163623543e+00	1.215229942918954e+00	3.000000000000000e-06	3.000000000000000e-06
9.164399e+08	2.168986583233430e+00	1.221179386952795e+00	3.000000000000000e-06	3.000000000000000e-06
9.334474e+08	2.179605739162678e+00	1.227157953845176e+00	3.000000000000000e-06	3.000000000000000e-06
9.507717e+08	2.190276884629901e+00	1.233165786158386e+00	3.000000000000000e-06	3.000000000000000e-06
9.684187e+08	2.201000274093147e+00	1.239203027152398e+00	3.000000000000000e-06	3.000000000000000e-06
9.863944e+08	2.211776163255962e+00	1.245269820788288e+00	3.000000000000000e-06	3.000000000000000e-06
1.000000e+09	2.219827322577850e+00	1.249802596128115e+00	3.000000000000000e-06	3.000000000000000e-06
