#t[yr]	ecc	inc	eachmass	totalmass
0.000000e+00	5.000000000000000e-02	2.500000000000000e-02	3.000000000000000e-06	3.000000000000000e-06
1.000000e-03	4.999998421940163e-02	2.499999438720767e-02	3.000000000000000e-06	3.000000000000000e-06
1.000000e-02	4.999984219391725e-02	2.499994387205555e-02	3.000000000000000e-06	3.000000000000000e-06
1.000000e-01	4.999842192814721e-02	2.499943871812066e-02	3.000000000000000e-06	3.000000000000000e-06
1.000000e+00	4.998421817744537e-02	2.499438693734795e-02	3.000000000000000e-06	3.000000000000000e-06
1.000000e+01	4.984207099317699e-02	2.494384492449528e-02	3.000000000000000e-06	3.000000000000000e-06
2.079651e+01	4.967236864683858e-02	2.488346326880501e-02	3.000000000000000e-06	3.000000000000000e-06
3.174660e+01	4.950129606701283e-02	2.482253756856494e-02	3.000000000000000e-06	3.000000000000000e-06
4.288190e+01	4.932839665464282e-02	2.476090349879437e-02	3.000000000000000e-06	3.000000000000000e-06
5.420600e+01	4.915365923377923e-02	2.469855493946979e-02	3.000000000000000e-06	3.000000000000000e-06
6.572310e+01	4.897706506083248e-02	2.463548301263544e-02	3.000000000000000e-06	3.000000000000000e-06
7.743749e+01	4.879859543739938e-02	2.457167878791433e-02	3.000000000000000e-06	3.000000000000000e-06
8.935358e+01	4.861823158923303e-02	2.450713323735610e-02	3.000000000000000e-06	3.000000000000000e-06
1.000000e+02	4.845818394580197e-02	2.444979649068067e-02	3.000000000000000e-06	3.000000000000000e-06
1.123333e+02	4.827382359480245e-02	2.438369487560834e-02	3.000000000000000e-06	3.000000000000000e-06
1.248558e+02	4.808790406532777e-02	2.431696481748552e-02	3.000000000000000e-06	3.000000000000000e-06
1.375989e+02	4.790001010242478e-02	2.424945505722437e-02	3.000000000000000e-06	3.000000000000000e-06
1.505671e+02	4.771012962288084e-02	2.418115858913763e-02	3.000000000000000e-06	3.000000000000000e-06
1.637657e+02	4.751824347782011e-02	2.411206579156555e-02	3.000000000000000e-06	3.000000000000000e-06
1.772000e+02	4.732433263613620e-02	2.404216699868374e-02	3.000000000000000e-06	3.000000000000000e-06
1.908755e+02	4.712837807126055e-02	2.397145245729687e-02	3.000000000000000e-06	3.000000000000000e-06
2.047979e+02	4.693036077707108e-02	2.389991232989405e-02	3.000000000000000e-06	3.000000000000000e-06
2.189731e+02	4.673026178246976e-02	2.382753669715874e-02	3.000000000000000e-06	3.000000000000000e-06
2.334072e+02	4.652806216698838e-02	2.375431556077994e-02	3.000000000000000e-06	3.000000000000000e-06
2.481062e+02	4.632374307743681e-02	2.368023884656976e-02	3.000000000000000e-06	3.000000000000000e-06
2.630766e+02	4.611728574565267e-02	2.360529640790849e-02	3.000000000000000e-06	3.000000000000000e-06
2.783251e+02	4.590867150741332e-02	2.352947802953924e-02	3.000000000000000e-06	3.000000000000000e-06
2.938583e+02	4.569788182257398e-02	2.345277343173566e-02	3.000000000000000e-06	3.000000000000000e-06
3.096832e+02	4.548489829649891e-02	2.337517227486736e-02	3.000000000000000e-06	3.000000000000000e-06
3.258071e+02	4.526970270285539e-02	2.329666416438927e-02	3.000000000000000e-06	3.000000000000000e-06
3.422374e+02	4.505227700784384e-02	2.321723865628241e-02	3.000000000000000e-06	3.000000000000000e-06
3.589818e+02	4.483260339594018e-02	2.313688526297535e-02	3.000000000000000e-06	3.000000000000000e-06
3.760480e+02	4.461066429723012e-02	2.305559345977696e-02	3.000000000000000e-06	3.000000000000000e-06
3.933281e+02	4.438794479848692e-02	2.297390333825206e-02	3.000000000000000e-06	3.000000000000000e-06
4.106773e+02	4.416634585784259e-02	2.289251056936938e-02	3.000000000000000e-06	3.000000000000000e-06
4.280967e+02	4.394585428798974e-02	2.281141117684441e-02	3.000000000000000e-06	3.000000000000000e-06
4.455867e+02	4.372646459879923e-02	2.273060399377581e-02	3.000000000000000e-06	3.000000000000000e-06
4.631475e+02	4.350817129699887e-02	2.265008784425050e-02	3.000000000000000e-06	3.000000000000000e-06
4.807797e+02	4.329096891692345e-02	2.256986155465606e-02	3.000000000000000e-06	3.000000000000000e-06
4.984835e+02	4.307485202025457e-02	2.248992395362618e-02	3.000000000000000e-06	3.000000000000000e-06
5.162593e+02	4.285981519588576e-02	2.241027387203139e-02	3.000000000000000e-06	3.000000000000000e-06
5.341076e+02	4.264585305978780e-02	2.233091014296915e-02	3.000000000000000e-06	3.000000000000000e-06
5.520288e+02	4.243296025487464e-02	2.225183160175353e-02	3.000000000000000e-06	3.000000000000000e-06
5.700231e+02	4.222113145087014e-02	2.217303708590438e-02	3.000000000000000e-06	3.000000000000000e-06
5.880912e+02	4.201036134417543e-02	2.209452543513606e-02	3.000000000000000e-06	3.000000000000000e-06
6.062332e+02	4.180064465773694e-02	2.201629549134571e-02	3.000000000000000e-06	3.000000000000000e-06
6.244498e+02	4.159197614091513e-02	2.193834609860111e-02	3.000000000000000e-06	3.000000000000000e-06
6.427412e+02	4.138435056935395e-02	2.186067610312799e-02	3.000000000000000e-06	3.000000000000000e-06
6.611079e+02	4.117776274485085e-02	2.178328435329694e-02	3.000000000000000e-06	3.000000000000000e-06
6.795503e+02	4.097220749522765e-02	2.170616969960986e-02	3.000000000000000e-06	3.000000000000000e-06
6.980688e+02	4.076767967420187e-02	2.162933099468592e-02	3.000000000000000e-06	3.000000000000000e-06
7.166640e+02	4.056417416125888e-02	2.155276709324701e-02	3.000000000000000e-06	3.000000000000000e-06
7.353361e+02	4.036168586152467e-02	2.147647685210289e-02	3.000000000000000e-06	3.000000000000000e-06
7.540858e+02	4.016020970563924e-02	2.140045913013561e-02	3.000000000000000e-06	3.000000000000000e-06
7.729133e+02	3.995974064963075e-02	2.132471278828367e-02	3.000000000000000e-06	3.000000000000000e-06
7.918192e+02	3.976027367479019e-02	2.124923668952561e-02	3.000000000000000e-06	3.000000000000000e-06
8.108040e+02	3.956180378754687e-02	2.117402969886315e-02	3.000000000000000e-06	3.000000000000000e-06
8.298680e+02	3.936432601934435e-02	2.109909068330376e-02	3.000000000000000e-06	3.000000000000000e-06
8.490118e+02	3.916783542651725e-02	2.102441851184290e-02	3.000000000000000e-06	3.000000000000000e-06
8.682358e+02	3.897232709016856e-02	2.095001205544561e-02	3.000000000000000e-06	3.000000000000000e-06
8.875405e+02	3.877779611604760e-02	2.087587018702770e-02	3.000000000000000e-06	3.000000000000000e-06
9.069264e+02	3.858423763442870e-02	2.080199178143643e-02	3.000000000000000e-06	3.000000000000000e-06
9.263941e+02	3.839164679999044e-02	2.072837571543060e-02	3.000000000000000e-06	3.000000000000000e-06
9.459438e+02	3.820001879169559e-02	2.065502086766028e-02	3.000000000000000e-06	3.000000000000000e-06
9.655763e+02	3.800934881267160e-02	2.058192611864590e-02	3.000000000000000e-06	3.000000000000000e-06
9.852920e+02	3.781963209009186e-02	2.050909035075684e-02	3.000000000000000e-06	3.000000000000000e-06
1.000000e+03	3.767949571319749e-02	2.045520036183277e-02	3.000000000000000e-06	3.000000000000000e-06
1.019884e+03	3.749122211718670e-02	2.038273390748142e-02	3.000000000000000e-06	3.000000000000000e-06
1.039830e+03	3.730409673319921e-02	2.031060323272022e-02	3.000000000000000e-06	3.000000000000000e-06
1.059862e+03	3.711790607239929e-02	2.023872703294060e-02	3.000000000000000e-06	3.000000000000000e-06
1.079979e+03	3.693264635822059e-02	2.016710453891142e-02	3.000000000000000e-06	3.000000000000000e-06
1.100183e+03	3.674831294991387e-02	2.009573464173775e-02	3.000000000000000e-06	3.000000000000000e-06
1.120474e+03	3.656490123375540e-02	2.002461623566547e-02	3.000000000000000e-06	3.000000000000000e-06
1.140851e+03	3.638240661915247e-02	1.995374821659942e-02	3.000000000000000e-06	3.000000000000000e-06
1.161317e+03	3.620082453854609e-02	1.988312948208345e-02	3.000000000000000e-06	3.000000000000000e-06
1.181871e+03	3.602015044729816e-02	1.981275893127358e-02	3.000000000000000e-06	3.000000000000000e-06
1.202515e+03	3.584037982357927e-02	1.974263546491065e-02	3.000000000000000e-06	3.000000000000000e-06
1.223248e+03	3.566150816825724e-02	1.967275798529233e-02	3.000000000000000e-06	3.000000000000000e-06
1.244071e+03	3.548353100478605e-02	1.960312539624457e-02	3.000000000000000e-06	3.000000000000000e-06
1.264985e+03	3.530644387909564e-02	1.953373660309236e-02	3.000000000000000e-06	3.000000000000000e-06
1.285990e+03	3.513024235948205e-02	1.946459051262993e-02	3.000000000000000e-06	3.000000000000000e-06
1.307088e+03	3.495492203649841e-02	1.939568603309026e-02	3.000000000000000e-06	3.000000000000000e-06
1.328278e+03	3.478047852284629e-02	1.932702207411393e-02	3.000000000000000e-06	3.000000000000000e-06
1.349561e+03	3.460690745326789e-02	1.925859754671739e-02	3.000000000000000e-06	3.000000000000000e-06
1.370939e+03	3.443420448443859e-02	1.919041136326044e-02	3.000000000000000e-06	3.000000000000000e-06
1.392411e+03	3.426236529486033e-02	1.912246243741313e-02	3.000000000000000e-06	3.000000000000000e-06
1.413979e+03	3.409138558475539e-02	1.905474968412186e-02	3.000000000000000e-06	3.000000000000000e-06
1.435642e+03	3.392126107596086e-02	1.898727201957488e-02	3.000000000000000e-06	3.000000000000000e-06
1.457402e+03	3.375198751182373e-02	1.892002836116694e-02	3.000000000000000e-06	3.000000000000000e-06
1.479259e+03	3.358356065709645e-02	1.885301762746333e-02	3.000000000000000e-06	3.000000000000000e-06
1.501214e+03	3.341597629783327e-02	1.878623873816309e-02	3.000000000000000e-06	3.000000000000000e-06
1.523268e+03	3.324923024128694e-02	1.871969061406143e-02	3.000000000000000e-06	3.000000000000000e-06
1.545422e+03	3.308331831580623e-02	1.865337217701143e-02	3.000000000000000e-06	3.000000000000000e-06
1.567675e+03	3.291823637073385e-02	1.858728234988492e-02	3.000000000000000e-06	3.000000000000000e-06
1.590030e+03	3.275398027630507e-02	1.852142005653252e-02	3.000000000000000e-06	3.000000000000000e-06
1.612486e+03	3.259054592354690e-02	1.845578422174286e-02	3.000000000000000e-06	3.000000000000000e-06
1.635045e+03	3.242792922417784e-02	1.839037377120097e-02	3.000000000000000e-06	3.000000000000000e-06
1.657706e+03	3.226612611050821e-02	1.832518763144574e-02	3.000000000000000e-06	3.000000000000000e-06
1.680472e+03	3.210513253534111e-02	1.826022472982657e-02	3.000000000000000e-06	3.000000000000000e-06
1.703342e+03	3.194494447187393e-02	1.819548399445904e-02	3.000000000000000e-06	3.000000000000000e-06
1.726318e+03	3.178555791360044e-02	1.813096435417967e-02	3.000000000000000e-06	3.000000000000000e-06
1.749400e+03	3.162696887421346e-02	1.806666473849977e-02	3.000000000000000e-06	3.000000000000000e-06
1.772589e+03	3.146917338750821e-02	1.800258407755823e-02	3.000000000000000e-06	3.000000000000000e-06
1.795887e+03	3.131216750728607e-02	1.793872130207341e-02	3.000000000000000e-06	3.000000000000000e-06
1.819293e+03	3.115594730725908e-02	1.787507534329391e-02	3.000000000000000e-06	3.000000000000000e-06
1.842808e+03	3.100050888095497e-02	1.781164513294837e-02	3.000000000000000e-06	3.000000000000000e-06
1.866435e+03	3.084584834162274e-02	1.774842960319415e-02	3.000000000000000e-06	3.000000000000000e-06
1.890173e+03	3.069196182213890e-02	1.768542768656493e-02	3.000000000000000e-06	3.000000000000000e-06
1.914023e+03	3.053884547491422e-02	1.762263831591719e-02	3.000000000000000e-06	3.000000000000000e-06
1.937986e+03	3.038649547180115e-02	1.756006042437549e-02	3.000000000000000e-06	3.000000000000000e-06
1.962064e+03	3.023490800400177e-02	1.749769294527661e-02	3.000000000000000e-06	3.000000000000000e-06
1.986257e+03	3.008407928197630e-02	1.743553481211250e-02	3.000000000000000e-06	3.000000000000000e-06
2.010566e+03	2.993400553535234e-02	1.737358495847183e-02	3.000000000000000e-06	3.000000000000000e-06
2.034992e+03	2.978468301283452e-02	1.731184231798046e-02	3.000000000000000e-06	3.000000000000000e-06
2.059536e+03	2.963610798211490e-02	1.725030582424046e-02	3.000000000000000e-06	3.000000000000000e-06
2.084199e+03	2.948827672978386e-02	1.718897441076777e-02	3.000000000000000e-06	3.000000000000000e-06
2.108982e+03	2.934118556124167e-02	1.712784701092858e-02	3.000000000000000e-06	3.000000000000000e-06
2.133887e+03	2.919483080061055e-02	1.706692255787414e-02	3.000000000000000e-06	3.000000000000000e-06
2.158913e+03	2.904920879064750e-02	1.700619998447420e-02	3.000000000000000e-06	3.000000000000000e-06
2.184063e+03	2.890431589265752e-02	1.694567822324891e-02	3.000000000000000e-06	3.000000000000000e-06
2.209337e+03	2.876014848640768e-02	1.688535620629913e-02	3.000000000000000e-06	3.000000000000000e-06
2.234736e+03	2.861670297004156e-02	1.682523286523518e-02	3.000000000000000e-06	3.000000000000000e-06
2.260262e+03	2.847397575999449e-02	1.676530713110397e-02	3.000000000000000e-06	3.000000000000000e-06
2.285916e+03	2.833196329090927e-02	1.670557793431431e-02	3.000000000000000e-06	3.000000000000000e-06
2.311699e+03	2.819066201555267e-02	1.664604420456064e-02	3.000000000000000e-06	3.000000000000000e-06
2.337611e+03	2.805006840473234e-02	1.658670487074485e-02	3.000000000000000e-06	3.000000000000000e-06
2.363655e+03	2.791017894721455e-02	1.652755886089628e-02	3.000000000000000e-06	3.000000000000000e-06
2.389832e+03	2.777099014964243e-02	1.646860510208981e-02	3.000000000000000e-06	3.000000000000000e-06
2.416142e+03	2.763249853645491e-02	1.640984252036199e-02	3.000000000000000e-06	3.000000000000000e-06
2.442587e+03	2.749470064980629e-02	1.635127004062514e-02	3.000000000000000e-06	3.000000000000000e-06
2.469168e+03	2.735759304948644e-02	1.629288658657935e-02	3.000000000000000e-06	3.000000000000000e-06
2.495887e+03	2.722117231284166e-02	1.623469108062231e-02	3.000000000000000e-06	3.000000000000000e-06
2.522745e+03	2.708543503469619e-02	1.617668244375698e-02	3.000000000000000e-06	3.000000000000000e-06
2.549743e+03	2.695037782727443e-02	1.611885959549686e-02	3.000000000000000e-06	3.000000000000000e-06
2.576882e+03	2.681599732012375e-02	1.606122145376899e-02	3.000000000000000e-06	3.000000000000000e-06
2.604165e+03	2.668229016003805e-02	1.600376693481444e-02	3.000000000000000e-06	3.000000000000000e-06
2.631592e+03	2.654925301098198e-02	1.594649495308630e-02	3.000000000000000e-06	3.000000000000000e-06
2.659165e+03	2.641688255401582e-02	1.588940442114505e-02	3.000000000000000e-06	3.000000000000000e-06
2.686885e+03	2.628517548722112e-02	1.583249424955121e-02	3.000000000000000e-06	3.000000000000000e-06
2.714754e+03	2.615412852562698e-02	1.577576334675526e-02	3.000000000000000e-06	3.000000000000000e-06
2.742774e+03	2.602373840113715e-02	1.571921061898464e-02	3.000000000000000e-06	3.000000000000000e-06
2.770946e+03	2.589400186245773e-02	1.566283497012775e-02	3.000000000000000e-06	3.000000000000000e-06
2.799271e+03	2.576491567502570e-02	1.560663530161493e-02	3.000000000000000e-06	3.000000000000000e-06
2.827752e+03	2.563647662093820e-02	1.555061051229617e-02	3.000000000000000e-06	3.000000000000000e-06
2.856389e+03	2.550868149888248e-02	1.549475949831561e-02	3.000000000000000e-06	3.000000000000000e-06
2.885185e+03	2.538152712406675e-02	1.543908115298256e-02	3.000000000000000e-06	3.000000000000000e-06
2.914141e+03	2.525501032815171e-02	1.538357436663900e-02	3.000000000000000e-06	3.000000000000000e-06
2.943259e+03	2.512912795918292e-02	1.532823802652346e-02	3.000000000000000e-06	3.000000000000000e-06
2.972541e+03	2.500387688152401e-02	1.527307101663102e-02	3.000000000000000e-06	3.000000000000000e-06
3.001989e+03	2.487925397579068e-02	1.521807221756950e-02	3.000000000000000e-06	3.000000000000000e-06
3.031604e+03	2.475525613878551e-02	1.516324050641147e-02	3.000000000000000e-06	3.000000000000000e-06
3.061388e+03	2.463188028343373e-02	1.510857475654209e-02	3.000000000000000e-06	3.000000000000000e-06
3.091344e+03	2.450912333871976e-02	1.505407383750259e-02	3.000000000000000e-06	3.000000000000000e-06
3.121473e+03	2.438698224962476e-02	1.499973661482916e-02	3.000000000000000e-06	3.000000000000000e-06
3.151778e+03	2.426545397706492e-02	1.494556194988718e-02	3.000000000000000e-06	3.000000000000000e-06
3.182259e+03	2.414453549783092e-02	1.489154869970056e-02	3.000000000000000e-06	3.000000000000000e-06
3.212921e+03	2.402422380452810e-02	1.483769571677594e-02	3.000000000000000e-06	3.000000000000000e-06
3.243763e+03	2.390451590551783e-02	1.478400184892169e-02	3.000000000000000e-06	3.000000000000000e-06
3.274790e+03	2.378540882485970e-02	1.473046593906148e-02	3.000000000000000e-06	3.000000000000000e-06
3.306002e+03	2.366689960225488e-02	1.467708682504203e-02	3.000000000000000e-06	3.000000000000000e-06
3.337403e+03	2.354898529299047e-02	1.462386333943507e-02	3.000000000000000e-06	3.000000000000000e-06
3.368995e+03	2.343166296788488e-02	1.457079430933311e-02	3.000000000000000e-06	3.000000000000000e-06
3.400779e+03	2.331492971323447e-02	1.451787855613889e-02	3.000000000000000e-06	3.000000000000000e-06
3.432759e+03	2.319878263076116e-02	1.446511489534806e-02	3.000000000000000e-06	3.000000000000000e-06
3.464936e+03	2.308321883756139e-02	1.441250213632509e-02	3.000000000000000e-06	3.000000000000000e-06
3.497314e+03	2.296823546605612e-02	1.436003908207193e-02	3.000000000000000e-06	3.000000000000000e-06
3.529895e+03	2.285382966394225e-02	1.430772452898915e-02	3.000000000000000e-06	3.000000000000000e-06
3.562682e+03	2.273999859414518e-02	1.425555726662938e-02	3.000000000000000e-06	3.000000000000000e-06
3.595677e+03	2.262673943477280e-02	1.420353607744251e-02	3.000000000000000e-06	3.000000000000000e-06
3.628883e+03	2.251404937907079e-02	1.415165973651258e-02	3.000000000000000e-06	3.000000000000000e-06
3.662303e+03	2.240192563537940e-02	1.409992701128566e-02	3.000000000000000e-06	3.000000000000000e-06
3.695940e+03	2.229036542709166e-02	1.404833666128875e-02	3.000000000000000e-06	3.000000000000000e-06
3.729797e+03	2.217936599261307e-02	1.399688743783887e-02	3.000000000000000e-06	3.000000000000000e-06
3.763877e+03	2.206892458532298e-02	1.394557808374236e-02	3.000000000000000e-06	3.000000000000000e-06
3.798182e+03	2.195903847353747e-02	1.389440733298353e-02	3.000000000000000e-06	3.000000000000000e-06
3.832717e+03	2.184970494047402e-02	1.384337391040257e-02	3.000000000000000e-06	3.000000000000000e-06
3.867484e+03	2.174092128421790e-02	1.379247653136194e-02	3.000000000000000e-06	3.000000000000000e-06
3.902487e+03	2.163268481769038e-02	1.374171390140096e-02	3.000000000000000e-06	3.000000000000000e-06
3.937729e+03	2.152499286861884e-02	1.369108471587789e-02	3.000000000000000e-06	3.000000000000000e-06
3.973213e+03	2.141784277950892e-02	1.364058765959905e-02	3.000000000000000e-06	3.000000000000000e-06
4.008944e+03	2.131123190761859e-02	1.359022140643425e-02	3.000000000000000e-06	3.000000000000000e-06
4.044924e+03	2.120515762493453e-02	1.353998461891812e-02	3.000000000000000e-06	3.000000000000000e-06
4.081159e+03	2.109961731815064e-02	1.348987594783640e-02	3.000000000000000e-06	3.000000000000000e-06
4.117650e+03	2.099460838864891e-02	1.343989403179668e-02	3.000000000000000e-06	3.000000000000000e-06
4.154403e+03	2.089012825248275e-02	1.339003749678283e-02	3.000000000000000e-06	3.000000000000000e-06
4.191422e+03	2.078617434036284e-02	1.334030495569219e-02	3.000000000000000e-06	3.000000000000000e-06
4.228710e+03	2.068274409764571e-02	1.329069500785489e-02	3.000000000000000e-06	3.000000000000000e-06
4.266272e+03	2.057983498432504e-02	1.324120623853427e-02	3.000000000000000e-06	3.000000000000000e-06
4.304113e+03	2.047744447502592e-02	1.319183721840754e-02	3.000000000000000e-06	3.000000000000000e-06
4.342236e+03	2.037557005900220e-02	1.314258650302565e-02	3.000000000000000e-06	3.000000000000000e-06
4.380647e+03	2.027420924013707e-02	1.309345263225141e-02	3.000000000000000e-06	3.000000000000000e-06
4.419350e+03	2.017335953694695e-02	1.304443412967464e-02	3.000000000000000e-06	3.000000000000000e-06
4.458350e+03	2.007301848258901e-02	1.299552950200326e-02	3.000000000000000e-06	3.000000000000000e-06
4.497652e+03	1.997318362487244e-02	1.294673723842903e-02	3.000000000000000e-06	3.000000000000000e-06
4.537262e+03	1.987385252627360e-02	1.289805580996665e-02	3.000000000000000e-06	3.000000000000000e-06
4.577184e+03	1.977502276395533e-02	1.284948366876482e-02	3.000000000000000e-06	3.000000000000000e-06
4.617424e+03	1.967669192979070e-02	1.280101924738764e-02	3.000000000000000e-06	3.000000000000000e-06
4.657987e+03	1.957885763039129e-02	1.275266095806504e-02	3.000000000000000e-06	3.000000000000000e-06
4.698880e+03	1.948151748714039e-02	1.270440719191019e-02	3.000000000000000e-06	3.000000000000000e-06
4.740108e+03	1.938466913623134e-02	1.265625631810238e-02	3.000000000000000e-06	3.000000000000000e-06
4.781678e+03	1.928831022871128e-02	1.260820668303336e-02	3.000000000000000e-06	3.000000000000000e-06
4.823595e+03	1.919243843053075e-02	1.256025660941494e-02	3.000000000000000e-06	3.000000000000000e-06
4.865866e+03	1.909705142259928e-02	1.251240439534599e-02	3.000000000000000e-06	3.000000000000000e-06
4.908498e+03	1.900214690084751e-02	1.246464831333614e-02	3.000000000000000e-06	3.000000000000000e-06
4.951498e+03	1.890772257629619e-02	1.241698660928402e-02	3.000000000000000e-06	3.000000000000000e-06
4.994873e+03	1.881377617513242e-02	1.236941750140707e-02	3.000000000000000e-06	3.000000000000000e-06
5.038630e+03	1.872030543879366e-02	1.232193917912037e-02	3.000000000000000e-06	3.000000000000000e-06
5.082776e+03	1.862730812405993e-02	1.227454980186119e-02	3.000000000000000e-06	3.000000000000000e-06
5.127320e+03	1.853478200315484e-02	1.222724749785614e-02	3.000000000000000e-06	3.000000000000000e-06
5.172270e+03	1.844272486385589e-02	1.218003036282733e-02	3.000000000000000e-06	3.000000000000000e-06
5.217633e+03	1.835113450961477e-02	1.213289645863384e-02	3.000000000000000e-06	3.000000000000000e-06
5.263419e+03	1.826000875968821e-02	1.208584381184443e-02	3.000000000000000e-06	3.000000000000000e-06
5.309636e+03	1.816934544928023e-02	1.203887041223713e-02	3.000000000000000e-06	3.000000000000000e-06
5.356293e+03	1.807914242969649e-02	1.199197421122105e-02	3.000000000000000e-06	3.000000000000000e-06
5.403401e+03	1.798939756851155e-02	1.194515312017542e-02	3.000000000000000e-06	3.000000000000000e-06
5.450968e+03	1.790010874975012e-02	1.189840500870036e-02	3.000000000000000e-06	3.000000000000000e-06
5.499004e+03	1.781127387408307e-02	1.185172770277363e-02	3.000000000000000e-06	3.000000000000000e-06
5.547522e+03	1.772289085903946e-02	1.180511898280692e-02	3.000000000000000e-06	3.000000000000000e-06
5.596530e+03	1.763495763923573e-02	1.175857658159505e-02	3.000000000000000e-06	3.000000000000000e-06
5.646041e+03	1.754747216662324e-02	1.171209818215047e-02	3.000000000000000e-06	3.000000000000000e-06
5.696066e+03	1.746043241075566e-02	1.166568141541533e-02	3.000000000000000e-06	3.000000000000000e-06
5.746617e+03	1.737383635907773e-02	1.161932385784224e-02	3.000000000000000e-06	3.000000000000000e-06
5.797708e+03	1.728768201723698e-02	1.157302302883451e-02	3.000000000000000e-06	3.000000000000000e-06
5.849350e+03	1.720196740942029e-02	1.152677638803560e-02	3.000000000000000e-06	3.000000000000000e-06
5.901558e+03	1.711669057871727e-02	1.148058133245667e-02	3.000000000000000e-06	3.000000000000000e-06
5.954345e+03	1.703184958751266e-02	1.143443519343034e-02	3.000000000000000e-06	3.000000000000000e-06
6.007727e+03	1.694744251791013e-02	1.138833523337728e-02	3.000000000000000e-06	3.000000000000000e-06
6.061718e+03	1.686346747219008e-02	1.134227864237158e-02	3.000000000000000e-06	3.000000000000000e-06
6.116334e+03	1.677992257330441e-02	1.129626253448904e-02	3.000000000000000e-06	3.000000000000000e-06
6.171592e+03	1.669680596541144e-02	1.125028394392142e-02	3.000000000000000e-06	3.000000000000000e-06
6.227510e+03	1.661411581445445e-02	1.120433982083785e-02	3.000000000000000e-06	3.000000000000000e-06
6.284104e+03	1.653185030878773e-02	1.115842702697297e-02	3.000000000000000e-06	3.000000000000000e-06
6.341394e+03	1.645000765985455e-02	1.111254233091918e-02	3.000000000000000e-06	3.000000000000000e-06
6.399399e+03	1.636858610292169e-02	1.106668240309832e-02	3.000000000000000e-06	3.000000000000000e-06
6.458140e+03	1.628758389787587e-02	1.102084381038549e-02	3.000000000000000e-06	3.000000000000000e-06
6.517638e+03	1.620699933008801e-02	1.097502301035498e-02	3.000000000000000e-06	3.000000000000000e-06
6.577914e+03	1.612683071135172e-02	1.092921634511527e-02	3.000000000000000e-06	3.000000000000000e-06
6.638994e+03	1.604707638090350e-02	1.088342003469616e-02	3.000000000000000e-06	3.000000000000000e-06
6.700900e+03	1.596773470653262e-02	1.083763016994780e-02	3.000000000000000e-06	3.000000000000000e-06
6.763659e+03	1.588880408578993e-02	1.079184270490632e-02	3.000000000000000e-06	3.000000000000000e-06
6.827297e+03	1.581028294730567e-02	1.074605344857603e-02	3.000000000000000e-06	3.000000000000000e-06
6.891842e+03	1.573216975222789e-02	1.070025805607273e-02	3.000000000000000e-06	3.000000000000000e-06
6.957324e+03	1.565446299579431e-02	1.065445201906570e-02	3.000000000000000e-06	3.000000000000000e-06
7.023775e+03	1.557716120905207e-02	1.060863065544925e-02	3.000000000000000e-06	3.000000000000000e-06
7.091226e+03	1.550026296074205e-02	1.056278909816588e-02	3.000000000000000e-06	3.000000000000000e-06
7.159713e+03	1.542376685936600e-02	1.051692228309422e-02	3.000000000000000e-06	3.000000000000000e-06
7.229271e+03	1.534767155545794e-02	1.047102493590353e-02	3.000000000000000e-06	3.000000000000000e-06
7.299939e+03	1.527197574408353e-02	1.042509155776456e-02	3.000000000000000e-06	3.000000000000000e-06
7.371758e+03	1.519667816759501e-02	1.037911640979221e-02	3.000000000000000e-06	3.000000000000000e-06
7.444770e+03	1.512177761867274e-02	1.033309349607896e-02	3.000000000000000e-06	3.000000000000000e-06
7.519020e+03	1.504727294368931e-02	1.028701654515920e-02	3.000000000000000e-06	3.000000000000000e-06
7.594557e+03	1.497316304643741e-02	1.024087898972253e-02	3.000000000000000e-06	3.000000000000000e-06
7.671431e+03	1.489944689226863e-02	1.019467394436875e-02	3.000000000000000e-06	3.000000000000000e-06
7.749697e+03	1.482612351269836e-02	1.014839418116722e-02	3.000000000000000e-06	3.000000000000000e-06
7.829412e+03	1.475319201053983e-02	1.010203210274895e-02	3.000000000000000e-06	3.000000000000000e-06
7.910637e+03	1.468065156564156e-02	1.005557971261846e-02	3.000000000000000e-06	3.000000000000000e-06
7.993439e+03	1.460850144131403e-02	1.000902858232477e-02	3.000000000000000e-06	3.000000000000000e-06
8.077886e+03	1.453674099154648e-02	9.962369815073936e-03	3.000000000000000e-06	3.000000000000000e-06
8.164053e+03	1.446536966913235e-02	9.915594005298208e-03	3.000000000000000e-06	3.000000000000000e-06
8.252020e+03	1.439438703484296e-02	9.868691193616582e-03	3.000000000000000e-06	3.000000000000000e-06
8.341874e+03	1.432379276781482e-02	9.821650816525583e-03	3.000000000000000e-06	3.000000000000000e-06
8.433707e+03	1.425358667734718e-02	9.774461650043757e-03	3.000000000000000e-06	3.000000000000000e-06
8.527618e+03	1.418376871634473e-02	9.727111746394113e-03	3.000000000000000e-06	3.000000000000000e-06
8.623714e+03	1.411433899668703e-02	9.679588362639900e-03	3.000000000000000e-06	3.000000000000000e-06
8.722113e+03	1.404529780686426e-02	9.631877879983271e-03	3.000000000000000e-06	3.000000000000000e-06
8.822939e+03	1.397664563229088e-02	9.583965712183959e-03	3.000000000000000e-06	3.000000000000000e-06
8.926330e+03	1.390838317879844e-02	9.535836201244079e-03	3.000000000000000e-06	3.000000000000000e-06
9.032436e+03	1.384051139992176e-02	9.487472498119232e-03	3.000000000000000e-06	3.000000000000000e-06
9.141418e+03	1.377303152873575e-02	9.438856425734547e-03	3.000000000000000e-06	3.000000000000000e-06
9.253455e+03	1.370594511518231e-02	9.389968320978975e-03	3.000000000000000e-06	3.000000000000000e-06
9.368744e+03	1.363925407006077e-02	9.340786851585042e-03	3.000000000000000e-06	3.000000000000000e-06
9.487500e+03	1.357296071715888e-02	9.291288802824002e-03	3.000000000000000e-06	3.000000000000000e-06
9.609962e+03	1.350706785539691e-02	9.241448827689481e-03	3.000000000000000e-06	3.000000000000000e-06
9.736397e+03	1.344157883338016e-02	9.191239152612199e-03	3.000000000000000e-06	3.000000000000000e-06
9.867099e+03	1.337649763944987e-02	9.140629228612956e-03	3.000000000000000e-06	3.000000000000000e-06
1.000000e+04	1.331297841757982e-02	9.090492895277941e-03	3.000000000000000e-06	3.000000000000000e-06
1.014027e+04	1.324867857076120e-02	9.038952703446471e-03	3.000000000000000e-06	3.000000000000000e-06
1.028584e+04	1.318484723868475e-02	8.986934697062368e-03	3.000000000000000e-06	3.000000000000000e-06
1.043727e+04	1.312144687603533e-02	8.934356270887903e-03	3.000000000000000e-06	3.000000000000000e-06
1.059510e+04	1.305848864073879e-02	8.881166204874294e-03	3.000000000000000e-06	3.000000000000000e-06
1.075998e+04	1.299598373086519e-02	8.827304753346378e-03	3.000000000000000e-06	3.000000000000000e-06
1.093262e+04	1.293394569473662e-02	8.772703724776568e-03	3.000000000000000e-06	3.000000000000000e-06
1.111388e+04	1.287239091850185e-02	8.717284591510870e-03	3.000000000000000e-06	3.000000000000000e-06
1.130476e+04	1.281133937831406e-02	8.660956124890656e-03	3.000000000000000e-06	3.000000000000000e-06
1.150648e+04	1.275081565336635e-02	8.603611280717242e-03	3.000000000000000e-06	3.000000000000000e-06
1.172047e+04	1.269085032319217e-02	8.545123028745742e-03	3.000000000000000e-06	3.000000000000000e-06
1.194852e+04	1.263148193744463e-02	8.485338653633885e-03	3.000000000000000e-06	3.000000000000000e-06
1.219284e+04	1.257275986344402e-02	8.424071783829196e-03	3.000000000000000e-06	3.000000000000000e-06
1.245623e+04	1.251474852431786e-02	8.361090937602579e-03	3.000000000000000e-06	3.000000000000000e-06
1.274230e+04	1.245753392589689e-02	8.296102534514479e-03	3.000000000000000e-06	3.000000000000000e-06
1.304009e+04	1.240407600829777e-02	8.232131679251013e-03	3.000000000000000e-06	3.000000000000000e-06
1.334361e+04	1.235558001130425e-02	8.170628164245118e-03	3.000000000000000e-06	3.000000000000000e-06
1.365305e+04	1.231187637497249e-02	8.111547238020758e-03	3.000000000000000e-06	3.000000000000000e-06
1.396851e+04	1.227281921003815e-02	8.054870184472688e-03	3.000000000000000e-06	3.000000000000000e-06
1.429009e+04	1.223826191380577e-02	8.000575977370805e-03	3.000000000000000e-06	3.000000000000000e-06
1.461789e+04	1.220805810171995e-02	7.948641899728387e-03	3.000000000000000e-06	3.000000000000000e-06
1.495200e+04	1.218206206214591e-02	7.899043625267142e-03	3.000000000000000e-06	3.000000000000000e-06
1.529254e+04	1.216012918702416e-02	7.851755310182234e-03	3.000000000000000e-06	3.000000000000000e-06
1.563960e+04	1.214211636935613e-02	7.806749684919595e-03	3.000000000000000e-06	3.000000000000000e-06
1.599328e+04	1.212788236696883e-02	7.763998146002841e-03	3.000000000000000e-06	3.000000000000000e-06
1.635371e+04	1.211728813227620e-02	7.723470847751403e-03	3.000000000000000e-06	3.000000000000000e-06
1.672098e+04	1.211019710813725e-02	7.685136793728258e-03	3.000000000000000e-06	3.000000000000000e-06
1.709522e+04	1.210647549025577e-02	7.648963927748488e-03	3.000000000000000e-06	3.000000000000000e-06
1.747653e+04	1.210599245687479e-02	7.614919224272690e-03	3.000000000000000e-06	3.000000000000000e-06
1.786504e+04	1.210862036678693e-02	7.582968778002784e-03	3.000000000000000e-06	3.000000000000000e-06
1.826087e+04	1.211423492690954e-02	7.553077892492127e-03	3.000000000000000e-06	3.000000000000000e-06
1.866413e+04	1.212271533086160e-02	7.525211167577688e-03	3.000000000000000e-06	3.000000000000000e-06
1.907495e+04	1.213394437012730e-02	7.499332585439518e-03	3.000000000000000e-06	3.000000000000000e-06
1.949347e+04	1.214780851950322e-02	7.475405595092121e-03	3.000000000000000e-06	3.000000000000000e-06
1.991981e+04	1.216419799860234e-02	7.453393195113832e-03	3.000000000000000e-06	3.000000000000000e-06
2.035410e+04	1.218300681123349e-02	7.433258014423917e-03	3.000000000000000e-06	3.000000000000000e-06
2.079647e+04	1.220413276449110e-02	7.414962390922906e-03	3.000000000000000e-06	3.000000000000000e-06
2.124708e+04	1.222747746938190e-02	7.398468447819589e-03	3.000000000000000e-06	3.000000000000000e-06
2.170605e+04	1.225294632478487e-02	7.383738167478053e-03	3.000000000000000e-06	3.000000000000000e-06
2.217353e+04	1.228044848649242e-02	7.370733462629910e-03	3.000000000000000e-06	3.000000000000000e-06
2.264966e+04	1.230989682301738e-02	7.359416244810357e-03	3.000000000000000e-06	3.000000000000000e-06
2.313460e+04	1.234120785977512e-02	7.349748489891578e-03	3.000000000000000e-06	3.000000000000000e-06
2.362850e+04	1.237430171316543e-02	7.341692300603106e-03	3.000000000000000e-06	3.000000000000000e-06
2.413151e+04	1.240910201598830e-02	7.335209965945699e-03	3.000000000000000e-06	3.000000000000000e-06
2.464378e+04	1.244553583553184e-02	7.330264017422980e-03	3.000000000000000e-06	3.000000000000000e-06
2.516549e+04	1.248353358557381e-02	7.326817282033015e-03	3.000000000000000e-06	3.000000000000000e-06
2.569678e+04	1.252302893343947e-02	7.324832931980131e-03	3.000000000000000e-06	3.000000000000000e-06
2.623784e+04	1.256395870316180e-02	7.324274531085174e-03	3.000000000000000e-06	3.000000000000000e-06
2.678882e+04	1.260626277569496e-02	7.325106077889995e-03	3.000000000000000e-06	3.000000000000000e-06
2.734991e+04	1.264988398703966e-02	7.327292045468829e-03	3.000000000000000e-06	3.000000000000000e-06
2.792128e+04	1.269476802505124e-02	7.330797417975428e-03	3.000000000000000e-06	3.000000000000000e-06
2.850310e+04	1.274086332561726e-02	7.335587723969997e-03	3.000000000000000e-06	3.000000000000000e-06
2.909556e+04	1.278812096881237e-02	7.341629066584111e-03	3.000000000000000e-06	3.000000000000000e-06
2.969886e+04	1.283649457556438e-02	7.348888150594714e-03	3.000000000000000e-06	3.000000000000000e-06
3.031317e+04	1.288594020529647e-02	7.357332306490019e-03	3.000000000000000e-06	3.000000000000000e-06
3.093868e+04	1.293641625494691e-02	7.366929511620456e-03	3.000000000000000e-06	3.000000000000000e-06
3.157561e+04	1.298788335970922e-02	7.377648408536913e-03	3.000000000000000e-06	3.000000000000000e-06
3.222415e+04	1.304030429578220e-02	7.389458320626167e-03	3.000000000000000e-06	3.000000000000000e-06
3.288449e+04	1.309364388537068e-02	7.402329265159820e-03	3.000000000000000e-06	3.000000000000000e-06
3.355686e+04	1.314786890413397e-02	7.416231963878169e-03	3.000000000000000e-06	3.000000000000000e-06
3.424146e+04	1.320294799123940e-02	7.431137851234264e-03	3.000000000000000e-06	3.000000000000000e-06
3.493851e+04	1.325885156214309e-02	7.447019080426174e-03	3.000000000000000e-06	3.000000000000000e-06
3.564823e+04	1.331555172418838e-02	7.463848527347016e-03	3.000000000000000e-06	3.000000000000000e-06
3.637083e+04	1.337302219508494e-02	7.481599792582955e-03	3.000000000000000e-06	3.000000000000000e-06
3.710656e+04	1.343123822430655e-02	7.500247201588951e-03	3.000000000000000e-06	3.000000000000000e-06
3.785563e+04	1.349017651742448e-02	7.519765803170930e-03	3.000000000000000e-06	3.000000000000000e-06
3.861830e+04	1.354981516337466e-02	7.540131366401024e-03	3.000000000000000e-06	3.000000000000000e-06
3.939479e+04	1.361013356464061e-02	7.561320376089944e-03	3.000000000000000e-06	3.000000000000000e-06
4.018536e+04	1.367111237032059e-02	7.583310026937372e-03	3.000000000000000e-06	3.000000000000000e-06
4.099024e+04	1.373273341203571e-02	7.606078216477529e-03	3.000000000000000e-06	3.000000000000000e-06
4.180971e+04	1.379497964262564e-02	7.629603536932999e-03	3.000000000000000e-06	3.000000000000000e-06
4.264400e+04	1.385783507757116e-02	7.653865266085463e-03	3.000000000000000e-06	3.000000000000000e-06
4.349340e+04	1.392128473907533e-02	7.678843357267256e-03	3.000000000000000e-06	3.000000000000000e-06
4.435816e+04	1.398531460273062e-02	7.704518428572827e-03	3.000000000000000e-06	3.000000000000000e-06
4.523856e+04	1.404991154669466e-02	7.730871751384066e-03	3.000000000000000e-06	3.000000000000000e-06
4.613487e+04	1.411506330329454e-02	7.757885238298421e-03	3.000000000000000e-06	3.000000000000000e-06
4.704738e+04	1.418075841297732e-02	7.785541430543533e-03	3.000000000000000e-06	3.000000000000000e-06
4.797638e+04	1.424698618052317e-02	7.813823484956999e-03	3.000000000000000e-06	3.000000000000000e-06
4.892216e+04	1.431373663343673e-02	7.842715160604785e-03	3.000000000000000e-06	3.000000000000000e-06
4.988502e+04	1.438100048243238e-02	7.872200805106847e-03	3.000000000000000e-06	3.000000000000000e-06
5.086525e+04	1.444876908392942e-02	7.902265340733338e-03	3.000000000000000e-06	3.000000000000000e-06
5.186318e+04	1.451703440447401e-02	7.932894250330787e-03	3.000000000000000e-06	3.000000000000000e-06
5.287911e+04	1.458578898700609e-02	7.964073563131989e-03	3.000000000000000e-06	3.000000000000000e-06
5.391337e+04	1.465502591889078e-02	7.995789840499713e-03	3.000000000000000e-06	3.000000000000000e-06
5.496628e+04	1.472473880163568e-02	8.028030161649746e-03	3.000000000000000e-06	3.000000000000000e-06
5.603818e+04	1.479492172221748e-02	8.060782109394843e-03	3.000000000000000e-06	3.000000000000000e-06
5.712939e+04	1.486556922594318e-02	8.094033755947222e-03	3.000000000000000e-06	3.000000000000000e-06
5.824028e+04	1.493667629077386e-02	8.127773648813634e-03	3.000000000000000e-06	3.000000000000000e-06
5.937117e+04	1.500823830304069e-02	8.161990796813593e-03	3.000000000000000e-06	3.000000000000000e-06
6.052245e+04	1.508025103448593e-02	8.196674656248036e-03	3.000000000000000e-06	3.000000000000000e-06
6.169445e+04	1.515271062056356e-02	8.231815117242726e-03	3.000000000000000e-06	3.000000000000000e-06
6.288757e+04	1.522561353993685e-02	8.267402490287771e-03	3.000000000000000e-06	3.000000000000000e-06
6.410216e+04	1.529895659511270e-02	8.303427492992004e-03	3.000000000000000e-06	3.000000000000000e-06
6.533862e+04	1.537273689415485e-02	8.339881237068535e-03	3.000000000000000e-06	3.000000000000000e-06
6.659733e+04	1.544695183342049e-02	8.376755215565393e-03	3.000000000000000e-06	3.000000000000000e-06
6.787870e+04	1.552159908126739e-02	8.414041290353147e-03	3.000000000000000e-06	3.000000000000000e-06
6.918311e+04	1.559667656268062e-02	8.451731679879395e-03	3.000000000000000e-06	3.000000000000000e-06
7.051100e+04	1.567218244477056e-02	8.489818947198215e-03	3.000000000000000e-06	3.000000000000000e-06
7.186277e+04	1.574811512309589e-02	8.528295988281016e-03	3.000000000000000e-06	3.000000000000000e-06
7.323885e+04	1.582447320876748e-02	8.567156020613753e-03	3.000000000000000e-06	3.000000000000000e-06
7.463968e+04	1.590125551629119e-02	8.606392572084063e-03	3.000000000000000e-06	3.000000000000000e-06
7.606569e+04	1.597846105210961e-02	8.645999470160651e-03	3.000000000000000e-06	3.000000000000000e-06
7.751734e+04	1.605608900380461e-02	8.685970831366113e-03	3.000000000000000e-06	3.000000000000000e-06
7.899508e+04	1.613413872992472e-02	8.726301051043411e-03	3.000000000000000e-06	3.000000000000000e-06
8.049938e+04	1.621260975040274e-02	8.766984793415235e-03	3.000000000000000e-06	3.000000000000000e-06
8.203071e+04	1.629150173753124e-02	8.808016981934730e-03	3.000000000000000e-06	3.000000000000000e-06
8.358956e+04	1.637081450746467e-02	8.849392789925315e-03	3.000000000000000e-06	3.000000000000000e-06
8.517641e+04	1.645054801221900e-02	8.891107631506677e-03	3.000000000000000e-06	3.000000000000000e-06
8.679177e+04	1.653070233214088e-02	8.933157152803467e-03	3.000000000000000e-06	3.000000000000000e-06
8.843615e+04	1.661127766881994e-02	8.975537223432712e-03	3.000000000000000e-06	3.000000000000000e-06
9.011007e+04	1.669227433841936e-02	9.018243928265581e-03	3.000000000000000e-06	3.000000000000000e-06
9.181404e+04	1.677369276540085e-02	9.061273559458669e-03	3.000000000000000e-06	3.000000000000000e-06
9.354861e+04	1.685553347662179e-02	9.104622608749766e-03	3.000000000000000e-06	3.000000000000000e-06
9.531433e+04	1.693779709578328e-02	9.148287760012740e-03	3.000000000000000e-06	3.000000000000000e-06
9.711175e+04	1.702048433820903e-02	9.192265882065957e-03	3.000000000000000e-06	3.000000000000000e-06
9.894144e+04	1.710359600593614e-02	9.236554021728495e-03	3.000000000000000e-06	3.000000000000000e-06
1.000000e+05	1.715112349823477e-02	9.261925790809660e-03	3.000000000000000e-06	3.000000000000000e-06
1.018960e+05	1.723554547055945e-02	9.307037841815477e-03	3.000000000000000e-06	3.000000000000000e-06
1.038112e+05	1.731974368219251e-02	9.352105998507859e-03	3.000000000000000e-06	3.000000000000000e-06
1.057612e+05	1.740438141342471e-02	9.397481170507142e-03	3.000000000000000e-06	3.000000000000000e-06
1.077461e+05	1.748944802597305e-02	9.443154839985686e-03	3.000000000000000e-06	3.000000000000000e-06
1.097666e+05	1.757494493739797e-02	9.489125041524663e-03	3.000000000000000e-06	3.000000000000000e-06
1.118234e+05	1.766087341295465e-02	9.535389833601518e-03	3.000000000000000e-06	3.000000000000000e-06
1.139170e+05	1.774723477966844e-02	9.581947409571846e-03	3.000000000000000e-06	3.000000000000000e-06
1.160483e+05	1.783403041959441e-02	9.628796090530580e-03	3.000000000000000e-06	3.000000000000000e-06
1.182178e+05	1.792126176718454e-02	9.675934320471093e-03	3.000000000000000e-06	3.000000000000000e-06
1.204262e+05	1.800893030675064e-02	9.723360661590642e-03	3.000000000000000e-06	3.000000000000000e-06
1.226742e+05	1.809703757008434e-02	9.771073789774503e-03	3.000000000000000e-06	3.000000000000000e-06
1.249625e+05	1.818558513422391e-02	9.819072490252406e-03	3.000000000000000e-06	3.000000000000000e-06
1.272919e+05	1.827457461935903e-02	9.867355653421631e-03	3.000000000000000e-06	3.000000000000000e-06
1.296631e+05	1.836400768686558e-02	9.915922270831205e-03	3.000000000000000e-06	3.000000000000000e-06
1.320768e+05	1.845388603746257e-02	9.964771431321830e-03	3.000000000000000e-06	3.000000000000000e-06
1.345338e+05	1.854421140948409e-02	1.001390231731617e-02	3.000000000000000e-06	3.000000000000000e-06
1.370348e+05	1.863498557725941e-02	1.006331420125440e-02	3.000000000000000e-06	3.000000000000000e-06
1.395807e+05	1.872621034959479e-02	1.011300644216984e-02	3.000000000000000e-06	3.000000000000000e-06
1.421723e+05	1.881788756835099e-02	1.016297848239994e-02	3.000000000000000e-06	3.000000000000000e-06
1.448103e+05	1.891001910711066e-02	1.021322984442756e-02	3.000000000000000e-06	3.000000000000000e-06
1.474956e+05	1.900260686993049e-02	1.026376012784812e-02	3.000000000000000e-06	3.000000000000000e-06
1.502291e+05	1.909565279017272e-02	1.031456900645788e-02	3.000000000000000e-06	3.000000000000000e-06
1.530116e+05	1.918915882941159e-02	1.036565622545914e-02	3.000000000000000e-06	3.000000000000000e-06
1.558440e+05	1.928312697641000e-02	1.041702159877782e-02	3.000000000000000e-06	3.000000000000000e-06
1.587272e+05	1.937755924616231e-02	1.046866500648956e-02	3.000000000000000e-06	3.000000000000000e-06
1.616620e+05	1.947245767899927e-02	1.052058639235005e-02	3.000000000000000e-06	3.000000000000000e-06
1.646495e+05	1.956782433975135e-02	1.057278576142591e-02	3.000000000000000e-06	3.000000000000000e-06
1.676906e+05	1.966366131696690e-02	1.062526317782214e-02	3.000000000000000e-06	3.000000000000000e-06
1.707861e+05	1.975997072218203e-02	1.067801876250265e-02	3.000000000000000e-06	3.000000000000000e-06
1.739372e+05	1.985675468923881e-02	1.073105269120023e-02	3.000000000000000e-06	3.000000000000000e-06
1.771447e+05	1.995401537364916e-02	1.078436519241266e-02	3.000000000000000e-06	3.000000000000000e-06
1.804098e+05	2.005175495200147e-02	1.083795654548145e-02	3.000000000000000e-06	3.000000000000000e-06
1.837334e+05	2.014997562140749e-02	1.089182707875030e-02	3.000000000000000e-06	3.000000000000000e-06
1.871166e+05	2.024867959898703e-02	1.094597716779989e-02	3.000000000000000e-06	3.000000000000000e-06
1.905604e+05	2.034786912138813e-02	1.100040723375636e-02	3.000000000000000e-06	3.000000000000000e-06
1.940659e+05	2.044754644434066e-02	1.105511774167029e-02	3.000000000000000e-06	3.000000000000000e-06
1.976344e+05	2.054771384224121e-02	1.111010919896367e-02	3.000000000000000e-06	3.000000000000000e-06
2.012667e+05	2.064837360776750e-02	1.116538215394204e-02	3.000000000000000e-06	3.000000000000000e-06
2.049642e+05	2.074952805152042e-02	1.122093719436929e-02	3.000000000000000e-06	3.000000000000000e-06
2.087280e+05	2.085117950169208e-02	1.127677494610261e-02	3.000000000000000e-06	3.000000000000000e-06
2.125593e+05	2.095333030375831e-02	1.133289607178531e-02	3.000000000000000e-06	3.000000000000000e-06
2.164592e+05	2.105598282019408e-02	1.138930126959500e-02	3.000000000000000e-06	3.000000000000000e-06
2.204291e+05	2.115913943021045e-02	1.144599127204517e-02	3.000000000000000e-06	3.000000000000000e-06
2.244702e+05	2.126280252951186e-02	1.150296684483788e-02	3.000000000000000e-06	3.000000000000000e-06
2.285836e+05	2.136697453007236e-02	1.156022878576548e-02	3.000000000000000e-06	3.000000000000000e-06
2.327709e+05	2.147165785992975e-02	1.161777792365961e-02	3.000000000000000e-06	3.000000000000000e-06
2.370332e+05	2.157685496299652e-02	1.167561511738527e-02	3.000000000000000e-06	3.000000000000000e-06
2.413719e+05	2.168256829888655e-02	1.173374125487843e-02	3.000000000000000e-06	3.000000000000000e-06
2.457884e+05	2.178880034275662e-02	1.179215725222523e-02	3.000000000000000e-06	3.000000000000000e-06
2.502841e+05	2.189555358516192e-02	1.185086405278117e-02	3.000000000000000e-06	3.000000000000000e-06
2.548604e+05	2.200283053192454e-02	1.190986262632866e-02	3.000000000000000e-06	3.000000000000000e-06
2.595188e+05	2.211063370401432e-02	1.196915396827135e-02	3.000000000000000e-06	3.000000000000000e-06
2.642607e+05	2.221896563744127e-02	1.202873909886376e-02	3.000000000000000e-06	3.000000000000000e-06
2.690876e+05	2.232782888315879e-02	1.208861906247477e-02	3.000000000000000e-06	3.000000000000000e-06
2.740011e+05	2.243722600697718e-02	1.214879492688363e-02	3.000000000000000e-06	3.000000000000000e-06
2.790026e+05	2.254715958948662e-02	1.220926778260705e-02	3.000000000000000e-06	3.000000000000000e-06
2.840939e+05	2.265763222598930e-02	1.227003874225622e-02	3.000000000000000e-06	3.000000000000000e-06
2.892765e+05	2.276864652643995e-02	1.233110893992248e-02	3.000000000000000e-06	3.000000000000000e-06
2.945520e+05	2.288020511539436e-02	1.239247953059046e-02	3.000000000000000e-06	3.000000000000000e-06
2.999221e+05	2.299231063196538e-02	1.245415168957757e-02	3.000000000000000e-06	3.000000000000000e-06
3.053885e+05	2.310496572978601e-02	1.251612661199878e-02	3.000000000000000e-06	3.000000000000000e-06
3.109530e+05	2.321817307697907e-02	1.257840551225563e-02	3.000000000000000e-06	3.000000000000000e-06
3.166173e+05	2.333193535613315e-02	1.264098962354844e-02	3.000000000000000e-06	3.000000000000000e-06
3.223832e+05	2.344625526428439e-02	1.270388019741085e-02	3.000000000000000e-06	3.000000000000000e-06
3.282525e+05	2.356113551290384e-02	1.276707850326569e-02	3.000000000000000e-06	3.000000000000000e-06
3.342270e+05	2.367657882788995e-02	1.283058582800133e-02	3.000000000000000e-06	3.000000000000000e-06
3.403088e+05	2.379258794956604e-02	1.289440347556765e-02	3.000000000000000e-06	3.000000000000000e-06
3.464996e+05	2.390916563268226e-02	1.295853276659090e-02	3.000000000000000e-06	3.000000000000000e-06
3.528016e+05	2.402631464642205e-02	1.302297503800651e-02	3.000000000000000e-06	3.000000000000000e-06
3.592165e+05	2.414403777441258e-02	1.308773164270926e-02	3.000000000000000e-06	3.000000000000000e-06
3.657466e+05	2.426233781473906e-02	1.315280394922005e-02	3.000000000000000e-06	3.000000000000000e-06
3.723938e+05	2.438121757996273e-02	1.321819334136850e-02	3.000000000000000e-06	3.000000000000000e-06
3.791603e+05	2.450067989714230e-02	1.328390121799083e-02	3.000000000000000e-06	3.000000000000000e-06
3.860483e+05	2.462072760785849e-02	1.334992899264239e-02	3.000000000000000e-06	3.000000000000000e-06
3.930598e+05	2.474136356824186e-02	1.341627809332411e-02	3.000000000000000e-06	3.000000000000000e-06
4.001971e+05	2.486259064900330e-02	1.348294996222245e-02	3.000000000000000e-06	3.000000000000000e-06
4.074625e+05	2.498441173546738e-02	1.354994605546216e-02	3.000000000000000e-06	3.000000000000000e-06
4.148584e+05	2.510682972760825e-02	1.361726784287142e-02	3.000000000000000e-06	3.000000000000000e-06
4.223869e+05	2.522984754008797e-02	1.368491680775877e-02	3.000000000000000e-06	3.000000000000000e-06
4.300506e+05	2.535346810229714e-02	1.375289444670142e-02	3.000000000000000e-06	3.000000000000000e-06
4.378519e+05	2.547769435839775e-02	1.382120226934439e-02	3.000000000000000e-06	3.000000000000000e-06
4.457932e+05	2.560252926736809e-02	1.388984179821006e-02	3.000000000000000e-06	3.000000000000000e-06
4.538770e+05	2.572797580304957e-02	1.395881456851772e-02	3.000000000000000e-06	3.000000000000000e-06
4.621060e+05	2.585403695419550e-02	1.402812212801272e-02	3.000000000000000e-06	3.000000000000000e-06
4.704827e+05	2.598071572452154e-02	1.409776603680474e-02	3.000000000000000e-06	3.000000000000000e-06
4.790099e+05	2.610801513275795e-02	1.416774786721490e-02	3.000000000000000e-06	3.000000000000000e-06
4.876901e+05	2.623593821270325e-02	1.423806920363126e-02	3.000000000000000e-06	3.000000000000000e-06
4.965262e+05	2.636448801327966e-02	1.430873164237250e-02	3.000000000000000e-06	3.000000000000000e-06
5.055210e+05	2.649366759858970e-02	1.437973679155919e-02	3.000000000000000e-06	3.000000000000000e-06
5.146773e+05	2.662348004797445e-02	1.445108627099267e-02	3.000000000000000e-06	3.000000000000000e-06
5.239981e+05	2.675392845607289e-02	1.452278171204092e-02	3.000000000000000e-06	3.000000000000000e-06
5.334863e+05	2.688501593288266e-02	1.459482475753134e-02	3.000000000000000e-06	3.000000000000000e-06
5.431449e+05	2.701674560382194e-02	1.466721706165003e-02	3.000000000000000e-06	3.000000000000000e-06
5.529770e+05	2.714912060979254e-02	1.473996028984740e-02	3.000000000000000e-06	3.000000000000000e-06
5.629857e+05	2.728214410724401e-02	1.481305611874978e-02	3.000000000000000e-06	3.000000000000000e-06
5.731743e+05	2.741581926823890e-02	1.488650623607676e-02	3.000000000000000e-06	3.000000000000000e-06
5.835459e+05	2.755014928051899e-02	1.496031234056420e-02	3.000000000000000e-06	3.000000000000000e-06
5.941039e+05	2.768513734757246e-02	1.503447614189240e-02	3.000000000000000e-06	3.000000000000000e-06
6.048515e+05	2.782078668870211e-02	1.510899936061948e-02	3.000000000000000e-06	3.000000000000000e-06
6.157924e+05	2.795710053909434e-02	1.518388372811957e-02	3.000000000000000e-06	3.000000000000000e-06
6.269298e+05	2.809408214988915e-02	1.525913098652578e-02	3.000000000000000e-06	3.000000000000000e-06
6.382674e+05	2.823173478825085e-02	1.533474288867757e-02	3.000000000000000e-06	3.000000000000000e-06
6.498088e+05	2.837006173743968e-02	1.541072119807252e-02	3.000000000000000e-06	3.000000000000000e-06
6.615577e+05	2.850906629688419e-02	1.548706768882219e-02	3.000000000000000e-06	3.000000000000000e-06
6.735177e+05	2.864875178225438e-02	1.556378414561198e-02	3.000000000000000e-06	3.000000000000000e-06
6.856928e+05	2.878912152553556e-02	1.564087236366480e-02	3.000000000000000e-06	3.000000000000000e-06
6.980868e+05	2.893017887510300e-02	1.571833414870839e-02	3.000000000000000e-06	3.000000000000000e-06
7.107036e+05	2.907192719579721e-02	1.579617131694621e-02	3.000000000000000e-06	3.000000000000000e-06
7.235473e+05	2.921436986899992e-02	1.587438569503160e-02	3.000000000000000e-06	3.000000000000000e-06
7.366219e+05	2.935751029271079e-02	1.595297912004530e-02	3.000000000000000e-06	3.000000000000000e-06
7.499317e+05	2.950135188162469e-02	1.603195343947599e-02	3.000000000000000e-06	3.000000000000000e-06
7.634809e+05	2.964589806720964e-02	1.611131051120388e-02	3.000000000000000e-06	3.000000000000000e-06
7.772738e+05	2.979115229778540e-02	1.619105220348711e-02	3.000000000000000e-06	3.000000000000000e-06
7.913147e+05	2.993711803860268e-02	1.627118039495098e-02	3.000000000000000e-06	3.000000000000000e-06
8.056083e+05	3.008379877192285e-02	1.635169697457978e-02	3.000000000000000e-06	3.000000000000000e-06
8.201591e+05	3.023119799709840e-02	1.643260384171117e-02	3.000000000000000e-06	3.000000000000000e-06
8.349716e+05	3.037931923065383e-02	1.651390290603302e-02	3.000000000000000e-06	3.000000000000000e-06
8.500507e+05	3.052816600636721e-02	1.659559608758263e-02	3.000000000000000e-06	3.000000000000000e-06
8.654011e+05	3.067774187535225e-02	1.667768531674813e-02	3.000000000000000e-06	3.000000000000000e-06
8.810277e+05	3.082805040614090e-02	1.676017253427215e-02	3.000000000000000e-06	3.000000000000000e-06
8.969356e+05	3.097909518476663e-02	1.684305969125753e-02	3.000000000000000e-06	3.000000000000000e-06
9.131299e+05	3.113087981484805e-02	1.692634874917507e-02	3.000000000000000e-06	3.000000000000000e-06
9.296156e+05	3.128340791767324e-02	1.701004167987315e-02	3.000000000000000e-06	3.000000000000000e-06
9.463982e+05	3.143668313228451e-02	1.709414046558934e-02	3.000000000000000e-06	3.000000000000000e-06
9.634828e+05	3.159070911556371e-02	1.717864709896368e-02	3.000000000000000e-06	3.000000000000000e-06
9.808751e+05	3.174548954231807e-02	1.726356358305378e-02	3.000000000000000e-06	3.000000000000000e-06
9.985806e+05	3.190102810536655e-02	1.734889193135152e-02	3.000000000000000e-06	3.000000000000000e-06
1.000000e+06	3.191336454859132e-02	1.735565950775722e-02	3.000000000000000e-06	3.000000000000000e-06
1.018349e+06	3.207231034417018e-02	1.744285257648016e-02	3.000000000000000e-06	3.000000000000000e-06
1.036724e+06	3.222940357646221e-02	1.752902529594708e-02	3.000000000000000e-06	3.000000000000000e-06
1.055435e+06	3.238731322604708e-02	1.761564181547829e-02	3.000000000000000e-06	3.000000000000000e-06
1.074483e+06	3.254599549063187e-02	1.770267809671902e-02	3.000000000000000e-06	3.000000000000000e-06
1.093875e+06	3.270545500536756e-02	1.779013667245580e-02	3.000000000000000e-06	3.000000000000000e-06
1.113615e+06	3.286569555959624e-02	1.787801961191621e-02	3.000000000000000e-06	3.000000000000000e-06
1.133712e+06	3.302672097673035e-02	1.796632900338795e-02	3.000000000000000e-06	3.000000000000000e-06
1.154170e+06	3.318853509863619e-02	1.805506694563164e-02	3.000000000000000e-06	3.000000000000000e-06
1.174997e+06	3.335114178600523e-02	1.814423554806412e-02	3.000000000000000e-06	3.000000000000000e-06
1.196200e+06	3.351454491844051e-02	1.823383693078613e-02	3.000000000000000e-06	3.000000000000000e-06
1.217784e+06	3.367874839454865e-02	1.832387322461417e-02	3.000000000000000e-06	3.000000000000000e-06
1.239758e+06	3.384375613203223e-02	1.841434657111316e-02	3.000000000000000e-06	3.000000000000000e-06
1.262128e+06	3.400957206778268e-02	1.850525912263032e-02	3.000000000000000e-06	3.000000000000000e-06
1.284901e+06	3.417620015797362e-02	1.859661304232999e-02	3.000000000000000e-06	3.000000000000000e-06
1.308085e+06	3.434364437815478e-02	1.868841050422942e-02	3.000000000000000e-06	3.000000000000000e-06
1.331686e+06	3.451190872334634e-02	1.878065369323558e-02	3.000000000000000e-06	3.000000000000000e-06
1.355714e+06	3.468099720813376e-02	1.887334480518284e-02	3.000000000000000e-06	3.000000000000000e-06
1.380174e+06	3.485091386676314e-02	1.896648604687155e-02	3.000000000000000e-06	3.000000000000000e-06
1.405076e+06	3.502166275323707e-02	1.906007963610754e-02	3.000000000000000e-06	3.000000000000000e-06
1.430427e+06	3.519324794141094e-02	1.915412780174239e-02	3.000000000000000e-06	3.000000000000000e-06
1.456235e+06	3.536567352508978e-02	1.924863278371460e-02	3.000000000000000e-06	3.000000000000000e-06
1.482509e+06	3.553894361812557e-02	1.934359683309146e-02	3.000000000000000e-06	3.000000000000000e-06
1.509257e+06	3.571306235451509e-02	1.943902221211182e-02	3.000000000000000e-06	3.000000000000000e-06
1.536487e+06	3.588803388849818e-02	1.953491119422950e-02	3.000000000000000e-06	3.000000000000000e-06
1.564209e+06	3.606386239465662e-02	1.963126606415746e-02	3.000000000000000e-06	3.000000000000000e-06
1.592431e+06	3.624055206801338e-02	1.972808911791276e-02	3.000000000000000e-06	3.000000000000000e-06
1.621162e+06	3.641810712413253e-02	1.982538266286212e-02	3.000000000000000e-06	3.000000000000000e-06
1.650413e+06	3.659653179921944e-02	1.992314901776820e-02	3.000000000000000e-06	3.000000000000000e-06
1.680191e+06	3.677583035022170e-02	2.002139051283653e-02	3.000000000000000e-06	3.000000000000000e-06
1.710506e+06	3.695600705493041e-02	2.012010948976314e-02	3.000000000000000e-06	3.000000000000000e-06
1.741369e+06	3.713706621208206e-02	2.021930830178269e-02	3.000000000000000e-06	3.000000000000000e-06
1.772790e+06	3.731901214146080e-02	2.031898931371739e-02	3.000000000000000e-06	3.000000000000000e-06
1.804777e+06	3.750184918400138e-02	2.041915490202638e-02	3.000000000000000e-06	3.000000000000000e-06
1.837343e+06	3.768558170189249e-02	2.051980745485575e-02	3.000000000000000e-06	3.000000000000000e-06
1.870497e+06	3.787021407868064e-02	2.062094937208916e-02	3.000000000000000e-06	3.000000000000000e-06
1.904249e+06	3.805575071937458e-02	2.072258306539900e-02	3.000000000000000e-06	3.000000000000000e-06
1.938611e+06	3.824219605055024e-02	2.082471095829810e-02	3.000000000000000e-06	3.000000000000000e-06
1.973594e+06	3.842955452045612e-02	2.092733548619198e-02	3.000000000000000e-06	3.000000000000000e-06
2.009209e+06	3.861783059911933e-02	2.103045909643167e-02	3.000000000000000e-06	3.000000000000000e-06
2.045468e+06	3.880702877845203e-02	2.113408424836700e-02	3.000000000000000e-06	3.000000000000000e-06
2.082382e+06	3.899715357235848e-02	2.123821341340046e-02	3.000000000000000e-06	3.000000000000000e-06
2.119963e+06	3.918820951684256e-02	2.134284907504147e-02	3.000000000000000e-06	3.000000000000000e-06
2.158223e+06	3.938020117011590e-02	2.144799372896131e-02	3.000000000000000e-06	3.000000000000000e-06
2.197176e+06	3.957313311270645e-02	2.155364988304834e-02	3.000000000000000e-06	3.000000000000000e-06
2.236832e+06	3.976700994756766e-02	2.165982005746389e-02	3.000000000000000e-06	3.000000000000000e-06
2.277205e+06	3.996183630018814e-02	2.176650678469847e-02	3.000000000000000e-06	3.000000000000000e-06
2.318308e+06	4.015761681870195e-02	2.187371260962854e-02	3.000000000000000e-06	3.000000000000000e-06
2.360155e+06	4.035435617399930e-02	2.198144008957372e-02	3.000000000000000e-06	3.000000000000000e-06
2.402758e+06	4.055205905983795e-02	2.208969179435446e-02	3.000000000000000e-06	3.000000000000000e-06
2.446132e+06	4.075073019295499e-02	2.219847030635011e-02	3.000000000000000e-06	3.000000000000000e-06
2.490290e+06	4.095037431317936e-02	2.230777822055753e-02	3.000000000000000e-06	3.000000000000000e-06
2.535247e+06	4.115099618354472e-02	2.241761814465007e-02	3.000000000000000e-06	3.000000000000000e-06
2.581018e+06	4.135260059040308e-02	2.252799269903694e-02	3.000000000000000e-06	3.000000000000000e-06
2.627617e+06	4.155519234353879e-02	2.263890451692318e-02	3.000000000000000e-06	3.000000000000000e-06
2.675059e+06	4.175877627628326e-02	2.275035624436985e-02	3.000000000000000e-06	3.000000000000000e-06
2.723360e+06	4.196335724563013e-02	2.286235054035479e-02	3.000000000000000e-06	3.000000000000000e-06
2.772534e+06	4.216894013235107e-02	2.297489007683374e-02	3.000000000000000e-06	3.000000000000000e-06
2.822599e+06	4.237552984111211e-02	2.308797753880186e-02	3.000000000000000e-06	3.000000000000000e-06
2.873571e+06	4.258313130059057e-02	2.320161562435571e-02	3.000000000000000e-06	3.000000000000000e-06
2.925465e+06	4.279174946359253e-02	2.331580704475562e-02	3.000000000000000e-06	3.000000000000000e-06
2.978298e+06	4.300138930717091e-02	2.343055452448843e-02	3.000000000000000e-06	3.000000000000000e-06
3.032088e+06	4.321205583274412e-02	2.354586080133068e-02	3.000000000000000e-06	3.000000000000000e-06
3.086853e+06	4.342375406621529e-02	2.366172862641218e-02	3.000000000000000e-06	3.000000000000000e-06
3.142609e+06	4.363648905809206e-02	2.377816076427997e-02	3.000000000000000e-06	3.000000000000000e-06
3.199375e+06	4.385026588360701e-02	2.389515999296273e-02	3.000000000000000e-06	3.000000000000000e-06
3.257170e+06	4.406508964283864e-02	2.401272910403550e-02	3.000000000000000e-06	3.000000000000000e-06
3.316011e+06	4.428096546083293e-02	2.413087090268487e-02	3.000000000000000e-06	3.000000000000000e-06
3.375919e+06	4.449789848772558e-02	2.424958820777448e-02	3.000000000000000e-06	3.000000000000000e-06
3.436912e+06	4.471589389886473e-02	2.436888385191103e-02	3.000000000000000e-06	3.000000000000000e-06
3.499010e+06	4.493495689493436e-02	2.448876068151054e-02	3.000000000000000e-06	3.000000000000000e-06
3.562234e+06	4.515509270207829e-02	2.460922155686510e-02	3.000000000000000e-06	3.000000000000000e-06
3.626604e+06	4.537630657202477e-02	2.473026935220998e-02	3.000000000000000e-06	3.000000000000000e-06
3.692140e+06	4.559860378221165e-02	2.485190695579107e-02	3.000000000000000e-06	3.000000000000000e-06
3.758865e+06	4.582198963591226e-02	2.497413726993281e-02	3.000000000000000e-06	3.000000000000000e-06
3.826799e+06	4.604646946236177e-02	2.509696321110641e-02	3.000000000000000e-06	3.000000000000000e-06
3.895965e+06	4.627204861688432e-02	2.522038770999849e-02	3.000000000000000e-06	3.000000000000000e-06
3.966386e+06	4.649873248102063e-02	2.534441371158012e-02	3.000000000000000e-06	3.000000000000000e-06
4.038083e+06	4.672652646265633e-02	2.546904417517622e-02	3.000000000000000e-06	3.000000000000000e-06
4.111081e+06	4.695543599615089e-02	2.559428207453533e-02	3.000000000000000e-06	3.000000000000000e-06
4.185403e+06	4.718546654246718e-02	2.572013039789980e-02	3.000000000000000e-06	3.000000000000000e-06
4.261074e+06	4.741662358930167e-02	2.584659214807633e-02	3.000000000000000e-06	3.000000000000000e-06
4.338117e+06	4.764891265121524e-02	2.597367034250692e-02	3.000000000000000e-06	3.000000000000000e-06
4.416558e+06	4.788233926976467e-02	2.610136801334018e-02	3.000000000000000e-06	3.000000000000000e-06
4.496423e+06	4.811690901363478e-02	2.622968820750300e-02	3.000000000000000e-06	3.000000000000000e-06
4.577737e+06	4.835262747877114e-02	2.635863398677268e-02	3.000000000000000e-06	3.000000000000000e-06
4.660526e+06	4.858950028851352e-02	2.648820842784938e-02	3.000000000000000e-06	3.000000000000000e-06
4.744819e+06	4.882753309372998e-02	2.661841462242895e-02	3.000000000000000e-06	3.000000000000000e-06
4.830641e+06	4.906673157295154e-02	2.674925567727617e-02	3.000000000000000e-06	3.000000000000000e-06
4.918022e+06	4.930710143250758e-02	2.688073471429838e-02	3.000000000000000e-06	3.000000000000000e-06
5.006990e+06	4.954864840666194e-02	2.701285487061947e-02	3.000000000000000e-06	3.000000000000000e-06
5.097572e+06	4.979137825774956e-02	2.714561929865428e-02	3.000000000000000e-06	3.000000000000000e-06
5.189800e+06	5.003529677631387e-02	2.727903116618335e-02	3.000000000000000e-06	3.000000000000000e-06
5.283703e+06	5.028040978124492e-02	2.741309365642812e-02	3.000000000000000e-06	3.000000000000000e-06
5.379312e+06	5.052672311991802e-02	2.754780996812644e-02	3.000000000000000e-06	3.000000000000000e-06
5.476657e+06	5.077424266833317e-02	2.768318331560851e-02	3.000000000000000e-06	3.000000000000000e-06
5.575771e+06	5.102297433125521e-02	2.781921692887326e-02	3.000000000000000e-06	3.000000000000000e-06
5.676685e+06	5.127292404235453e-02	2.795591405366500e-02	3.000000000000000e-06	3.000000000000000e-06
5.779434e+06	5.152409776434855e-02	2.809327795155058e-02	3.000000000000000e-06	3.000000000000000e-06
5.884049e+06	5.177650148914392e-02	2.823131189999687e-02	3.000000000000000e-06	3.000000000000000e-06
5.990566e+06	5.203014123797932e-02	2.837001919244865e-02	3.000000000000000e-06	3.000000000000000e-06
6.099019e+06	5.228502306156905e-02	2.850940313840693e-02	3.000000000000000e-06	3.000000000000000e-06
6.209444e+06	5.254115304024728e-02	2.864946706350763e-02	3.000000000000000e-06	3.000000000000000e-06
6.321876e+06	5.279853728411302e-02	2.879021430960063e-02	3.000000000000000e-06	3.000000000000000e-06
6.436352e+06	5.305718193317575e-02	2.893164823482932e-02	3.000000000000000e-06	3.000000000000000e-06
6.552909e+06	5.331709315750188e-02	2.907377221371042e-02	3.000000000000000e-06	3.000000000000000e-06
6.671587e+06	5.357827715736178e-02	2.921658963721431e-02	3.000000000000000e-06	3.000000000000000e-06
6.792422e+06	5.384074016337765e-02	2.936010391284572e-02	3.000000000000000e-06	3.000000000000000e-06
6.915456e+06	5.410448843667204e-02	2.950431846472479e-02	3.000000000000000e-06	3.000000000000000e-06
7.040727e+06	5.436952826901716e-02	2.964923673366859e-02	3.000000000000000e-06	3.000000000000000e-06
7.168277e+06	5.463586598298480e-02	2.979486217727302e-02	3.000000000000000e-06	3.000000000000000e-06
7.298149e+06	5.490350793209718e-02	2.994119826999515e-02	3.000000000000000e-06	3.000000000000000e-06
7.430383e+06	5.517246050097836e-02	3.008824850323591e-02	3.000000000000000e-06	3.000000000000000e-06
7.565023e+06	5.544273010550645e-02	3.023601638542324e-02	3.000000000000000e-06	3.000000000000000e-06
7.702114e+06	5.571432319296658e-02	3.038450544209566e-02	3.000000000000000e-06	3.000000000000000e-06
7.841700e+06	5.598724624220466e-02	3.053371921598620e-02	3.000000000000000e-06	3.000000000000000e-06
7.983827e+06	5.626150576378177e-02	3.068366126710681e-02	3.000000000000000e-06	3.000000000000000e-06
8.128541e+06	5.653710830012942e-02	3.083433517283314e-02	3.000000000000000e-06	3.000000000000000e-06
8.275890e+06	5.681406042570553e-02	3.098574452798978e-02	3.000000000000000e-06	3.000000000000000e-06
8.425921e+06	5.709236874715115e-02	3.113789294493590e-02	3.000000000000000e-06	3.000000000000000e-06
8.578685e+06	5.737203990344800e-02	3.129078405365128e-02	3.000000000000000e-06	3.000000000000000e-06
8.734231e+06	5.765308056607672e-02	3.144442150182286e-02	3.000000000000000e-06	3.000000000000000e-06
8.892610e+06	5.793549743917594e-02	3.159880895493161e-02	3.000000000000000e-06	3.000000000000000e-06
9.053873e+06	5.821929725970212e-02	3.175395009633989e-02	3.000000000000000e-06	3.000000000000000e-06
9.218075e+06	5.850448679759015e-02	3.190984862737924e-02	3.000000000000000e-06	3.000000000000000e-06
9.385268e+06	5.879107285591476e-02	3.206650826743858e-02	3.000000000000000e-06	3.000000000000000e-06
9.555507e+06	5.907906227105271e-02	3.222393275405283e-02	3.000000000000000e-06	3.000000000000000e-06
9.728848e+06	5.936846191284579e-02	3.238212584299206e-02	3.000000000000000e-06	3.000000000000000e-06
9.905348e+06	5.965927868476458e-02	3.254109130835092e-02	3.000000000000000e-06	3.000000000000000e-06
1.000000e+07	5.981337172822201e-02	3.262532024428209e-02	3.000000000000000e-06	3.000000000000000e-06
1.018299e+07	6.010887030319450e-02	3.278684139109226e-02	3.000000000000000e-06	3.000000000000000e-06
1.036774e+07	6.040326747504361e-02	3.294775825980557e-02	3.000000000000000e-06	3.000000000000000e-06
1.055588e+07	6.069915227534430e-02	3.310948604122388e-02	3.000000000000000e-06	3.000000000000000e-06
1.074745e+07	6.099648512081567e-02	3.327200309942171e-02	3.000000000000000e-06	3.000000000000000e-06
1.094252e+07	6.129527394676224e-02	3.343531377217745e-02	3.000000000000000e-06	3.000000000000000e-06
1.114114e+07	6.159552586532629e-02	3.359942194727669e-02	3.000000000000000e-06	3.000000000000000e-06
1.134339e+07	6.189724803903982e-02	3.376433153999086e-02	3.000000000000000e-06	3.000000000000000e-06
1.154932e+07	6.220044766521469e-02	3.393004648454515e-02	3.000000000000000e-06	3.000000000000000e-06
1.175901e+07	6.250513197639933e-02	3.409657073436810e-02	3.000000000000000e-06	3.000000000000000e-06
1.197253e+07	6.281130824054602e-02	3.426390826218310e-02	3.000000000000000e-06	3.000000000000000e-06
1.218994e+07	6.311898376118426e-02	3.443206306010314e-02	3.000000000000000e-06	3.000000000000000e-06
1.241131e+07	6.342816587759488e-02	3.460103913972597e-02	3.000000000000000e-06	3.000000000000000e-06
1.263673e+07	6.373886196498507e-02	3.477084053222980e-02	3.000000000000000e-06	3.000000000000000e-06
1.286626e+07	6.405107943466411e-02	3.494147128846939e-02	3.000000000000000e-06	3.000000000000000e-06
1.309998e+07	6.436482573422017e-02	3.511293547907267e-02	3.000000000000000e-06	3.000000000000000e-06
1.333797e+07	6.468010834769775e-02	3.528523719453774e-02	3.000000000000000e-06	3.000000000000000e-06
1.358029e+07	6.499693479577620e-02	3.545838054533049e-02	3.000000000000000e-06	3.000000000000000e-06
1.382705e+07	6.531531263594899e-02	3.563236966198254e-02	3.000000000000000e-06	3.000000000000000e-06
1.407831e+07	6.563524946270384e-02	3.580720869518982e-02	3.000000000000000e-06	3.000000000000000e-06
1.433415e+07	6.595675290770385e-02	3.598290181591144e-02	3.000000000000000e-06	3.000000000000000e-06
1.459467e+07	6.627983063996938e-02	3.615945321546924e-02	3.000000000000000e-06	3.000000000000000e-06
1.485995e+07	6.660449036606092e-02	3.633686710564771e-02	3.000000000000000e-06	3.000000000000000e-06
1.513007e+07	6.693073983026279e-02	3.651514771879437e-02	3.000000000000000e-06	3.000000000000000e-06
1.540513e+07	6.725858681476779e-02	3.669429930792080e-02	3.000000000000000e-06	3.000000000000000e-06
1.568521e+07	6.758803913986275e-02	3.687432614680397e-02	3.000000000000000e-06	3.000000000000000e-06
1.597040e+07	6.791910466411488e-02	3.705523253008819e-02	3.000000000000000e-06	3.000000000000000e-06
1.626081e+07	6.825179128455927e-02	3.723702277338752e-02	3.000000000000000e-06	3.000000000000000e-06
1.655653e+07	6.858610693688701e-02	3.741970121338869e-02	3.000000000000000e-06	3.000000000000000e-06
1.685765e+07	6.892205959563442e-02	3.760327220795448e-02	3.000000000000000e-06	3.000000000000000e-06
1.716427e+07	6.925965727437328e-02	3.778774013622770e-02	3.000000000000000e-06	3.000000000000000e-06
1.747649e+07	6.959890802590168e-02	3.797310939873556e-02	3.000000000000000e-06	3.000000000000000e-06
1.779443e+07	6.993981994243618e-02	3.815938441749465e-02	3.000000000000000e-06	3.000000000000000e-06
1.811818e+07	7.028240115580461e-02	3.834656963611636e-02	3.000000000000000e-06	3.000000000000000e-06
1.844784e+07	7.062665983763999e-02	3.853466951991288e-02	3.000000000000000e-06	3.000000000000000e-06
1.878354e+07	7.097260419957535e-02	3.872368855600364e-02	3.000000000000000e-06	3.000000000000000e-06
1.912537e+07	7.132024249343943e-02	3.891363125342234e-02	3.000000000000000e-06	3.000000000000000e-06
1.947345e+07	7.166958301145351e-02	3.910450214322449e-02	3.000000000000000e-06	3.000000000000000e-06
1.982790e+07	7.202063408642903e-02	3.929630577859541e-02	3.000000000000000e-06	3.000000000000000e-06
2.018884e+07	7.237340409196623e-02	3.948904673495889e-02	3.000000000000000e-06	3.000000000000000e-06
2.055638e+07	7.272790144265381e-02	3.968272961008620e-02	3.000000000000000e-06	3.000000000000000e-06
2.093064e+07	7.308413459426959e-02	3.987735902420581e-02	3.000000000000000e-06	3.000000000000000e-06
2.131175e+07	7.344211204398193e-02	4.007293962011352e-02	3.000000000000000e-06	3.000000000000000e-06
2.169983e+07	7.380184233055249e-02	4.026947606328320e-02	3.000000000000000e-06	3.000000000000000e-06
2.209501e+07	7.416333403453972e-02	4.046697304197806e-02	3.000000000000000e-06	3.000000000000000e-06
2.249743e+07	7.452659577850333e-02	4.066543526736239e-02	3.000000000000000e-06	3.000000000000000e-06
2.290721e+07	7.489163622721003e-02	4.086486747361395e-02	3.000000000000000e-06	3.000000000000000e-06
2.332450e+07	7.525846408783993e-02	4.106527441803685e-02	3.000000000000000e-06	3.000000000000000e-06
2.374942e+07	7.562708811019427e-02	4.126666088117503e-02	3.000000000000000e-06	3.000000000000000e-06
2.418212e+07	7.599751708690385e-02	4.146903166692616e-02	3.000000000000000e-06	3.000000000000000e-06
2.462275e+07	7.636975985363879e-02	4.167239160265632e-02	3.000000000000000e-06	3.000000000000000e-06
2.507145e+07	7.674382528931911e-02	4.187674553931502e-02	3.000000000000000e-06	3.000000000000000e-06
2.552836e+07	7.711972231632640e-02	4.208209835155092e-02	3.000000000000000e-06	3.000000000000000e-06
2.599364e+07	7.749745990071651e-02	4.228845493782803e-02	3.000000000000000e-06	3.000000000000000e-06
2.646744e+07	7.787704705243335e-02	4.249582022054259e-02	3.000000000000000e-06	3.000000000000000e-06
2.694992e+07	7.825849282552368e-02	4.270419914614036e-02	3.000000000000000e-06	3.000000000000000e-06
2.744125e+07	7.864180631835288e-02	4.291359668523465e-02	3.000000000000000e-06	3.000000000000000e-06
2.794157e+07	7.902699667382196e-02	4.312401783272479e-02	3.000000000000000e-06	3.000000000000000e-06
2.845106e+07	7.941407307958545e-02	4.333546760791526e-02	3.000000000000000e-06	3.000000000000000e-06
2.896989e+07	7.980304476827046e-02	4.354795105463538e-02	3.000000000000000e-06	3.000000000000000e-06
2.949822e+07	8.019392101769679e-02	4.376147324135959e-02	3.000000000000000e-06	3.000000000000000e-06
3.003624e+07	8.058671115109808e-02	4.397603926132827e-02	3.000000000000000e-06	3.000000000000000e-06
3.058413e+07	8.098142453734410e-02	4.419165423266923e-02	3.000000000000000e-06	3.000000000000000e-06
3.114205e+07	8.137807059116409e-02	4.440832329851974e-02	3.000000000000000e-06	3.000000000000000e-06
3.171021e+07	8.177665877337123e-02	4.462605162714915e-02	3.000000000000000e-06	3.000000000000000e-06
3.228878e+07	8.217719859108812e-02	4.484484441208215e-02	3.000000000000000e-06	3.000000000000000e-06
3.287796e+07	8.257969959797348e-02	4.506470687222261e-02	3.000000000000000e-06	3.000000000000000e-06
3.347794e+07	8.298417139444991e-02	4.528564425197801e-02	3.000000000000000e-06	3.000000000000000e-06
3.408893e+07	8.339062362793273e-02	4.550766182138448e-02	3.000000000000000e-06	3.000000000000000e-06
3.471113e+07	8.379906599305996e-02	4.573076487623250e-02	3.000000000000000e-06	3.000000000000000e-06
3.534473e+07	8.420950823192348e-02	4.595495873819311e-02	3.000000000000000e-06	3.000000000000000e-06
3.598997e+07	8.462196013430126e-02	4.618024875494491e-02	3.000000000000000e-06	3.000000000000000e-06
3.664704e+07	8.503643153789070e-02	4.640664030030144e-02	3.000000000000000e-06	3.000000000000000e-06
3.731616e+07	8.545293232854323e-02	4.663413877433943e-02	3.000000000000000e-06	3.000000000000000e-06
3.799756e+07	8.587147244049990e-02	4.686274960352747e-02	3.000000000000000e-06	3.000000000000000e-06
3.869147e+07	8.629206185662833e-02	4.709247824085546e-02	3.000000000000000e-06	3.000000000000000e-06
3.939812e+07	8.671471060866051e-02	4.732333016596461e-02	3.000000000000000e-06	3.000000000000000e-06
4.011773e+07	8.713942877743218e-02	4.755531088527810e-02	3.000000000000000e-06	3.000000000000000e-06
4.085055e+07	8.756622649312291e-02	4.778842593213233e-02	3.000000000000000e-06	3.000000000000000e-06
4.159683e+07	8.799511393549780e-02	4.802268086690896e-02	3.000000000000000e-06	3.000000000000000e-06
4.235681e+07	8.842610133415005e-02	4.825808127716736e-02	3.000000000000000e-06	3.000000000000000e-06
4.313074e+07	8.885919896874483e-02	4.849463277777794e-02	3.000000000000000e-06	3.000000000000000e-06
4.391888e+07	8.929441716926440e-02	4.873234101105599e-02	3.000000000000000e-06	3.000000000000000e-06
4.472149e+07	8.973176631625430e-02	4.897121164689618e-02	3.000000000000000e-06	3.000000000000000e-06
4.553885e+07	9.017125684107087e-02	4.921125038290781e-02	3.000000000000000e-06	3.000000000000000e-06
4.637122e+07	9.061289922612989e-02	4.945246294455063e-02	3.000000000000000e-06	3.000000000000000e-06
4.721888e+07	9.105670400515647e-02	4.969485508527131e-02	3.000000000000000e-06	3.000000000000000e-06
4.808211e+07	9.150268176343623e-02	4.993843258664071e-02	3.000000000000000e-06	3.000000000000000e-06
4.896120e+07	9.195084313806753e-02	5.018320125849167e-02	3.000000000000000e-06	3.000000000000000e-06
4.985644e+07	9.240119881821515e-02	5.042916693905752e-02	3.000000000000000e-06	3.000000000000000e-06
5.076813e+07	9.285375954536509e-02	5.067633549511134e-02	3.000000000000000e-06	3.000000000000000e-06
5.169658e+07	9.330853611358060e-02	5.092471282210577e-02	3.000000000000000e-06	3.000000000000000e-06
5.264209e+07	9.376553936975952e-02	5.117430484431362e-02	3.000000000000000e-06	3.000000000000000e-06
5.360498e+07	9.422478021389288e-02	5.142511751496914e-02	3.000000000000000e-06	3.000000000000000e-06
5.458557e+07	9.468626959932472e-02	5.167715681640988e-02	3.000000000000000e-06	3.000000000000000e-06
5.558418e+07	9.515001853301323e-02	5.193042876021939e-02	3.000000000000000e-06	3.000000000000000e-06
5.660115e+07	9.561603807579315e-02	5.218493938737053e-02	3.000000000000000e-06	3.000000000000000e-06
5.763682e+07	9.608433934263938e-02	5.244069476836952e-02	3.000000000000000e-06	3.000000000000000e-06
5.869154e+07	9.655493350293204e-02	5.269770100340063e-02	3.000000000000000e-06	3.000000000000000e-06
5.976565e+07	9.702783178072272e-02	5.295596422247166e-02	3.000000000000000e-06	3.000000000000000e-06
6.085951e+07	9.750304545500196e-02	5.321549058556008e-02	3.000000000000000e-06	3.000000000000000e-06
6.197350e+07	9.798058585996830e-02	5.347628628275990e-02	3.000000000000000e-06	3.000000000000000e-06
6.310797e+07	9.846046438529829e-02	5.373835753442926e-02	3.000000000000000e-06	3.000000000000000e-06
6.426332e+07	9.894269247641814e-02	5.400171059133869e-02	3.000000000000000e-06	3.000000000000000e-06
6.543991e+07	9.942728163477649e-02	5.426635173482021e-02	3.000000000000000e-06	3.000000000000000e-06
6.663816e+07	9.991424341811864e-02	5.453228727691704e-02	3.000000000000000e-06	3.000000000000000e-06
6.785845e+07	1.004035894407621e-01	5.479952356053410e-02	3.000000000000000e-06	3.000000000000000e-06
6.910120e+07	1.008953313738732e-01	5.506806695958925e-02	3.000000000000000e-06	3.000000000000000e-06
7.036682e+07	1.013894809457459e-01	5.533792387916523e-02	3.000000000000000e-06	3.000000000000000e-06
7.165574e+07	1.018860499420807e-01	5.560910075566239e-02	3.000000000000000e-06	3.000000000000000e-06
7.296838e+07	1.023850502062661e-01	5.588160405695211e-02	3.000000000000000e-06	3.000000000000000e-06
7.430518e+07	1.028864936396606e-01	5.615544028253106e-02	3.000000000000000e-06	3.000000000000000e-06
7.566659e+07	1.033903922018767e-01	5.643061596367608e-02	3.000000000000000e-06	3.000000000000000e-06
7.705306e+07	1.038967579110656e-01	5.670713766359997e-02	3.000000000000000e-06	3.000000000000000e-06
7.846507e+07	1.044056028442043e-01	5.698501197760791e-02	3.000000000000000e-06	3.000000000000000e-06
7.990307e+07	1.049169391373830e-01	5.726424553325473e-02	3.000000000000000e-06	3.000000000000000e-06
8.136756e+07	1.054307789860945e-01	5.754484499050289e-02	3.000000000000000e-06	3.000000000000000e-06
8.285901e+07	1.059471346455249e-01	5.782681704188130e-02	3.000000000000000e-06	3.000000000000000e-06
8.437794e+07	1.064660184308462e-01	5.811016841264484e-02	3.000000000000000e-06	3.000000000000000e-06
8.592485e+07	1.069874427175092e-01	5.839490586093470e-02	3.000000000000000e-06	3.000000000000000e-06
8.750025e+07	1.075114199415389e-01	5.868103617793954e-02	3.000000000000000e-06	3.000000000000000e-06
8.910468e+07	1.080379625998308e-01	5.896856618805733e-02	3.000000000000000e-06	3.000000000000000e-06
9.073866e+07	1.085670832504492e-01	5.925750274905812e-02	3.000000000000000e-06	3.000000000000000e-06
9.240276e+07	1.090987945129259e-01	5.954785275224747e-02	3.000000000000000e-06	3.000000000000000e-06
9.409752e+07	1.096331090685616e-01	5.983962312263079e-02	3.000000000000000e-06	3.000000000000000e-06
9.582351e+07	1.101700396607278e-01	6.013282081907841e-02	3.000000000000000e-06	3.000000000000000e-06
9.758132e+07	1.107095990951710e-01	6.042745283449149e-02	3.000000000000000e-06	3.000000000000000e-06
9.937152e+07	1.112518002403177e-01	6.072352619596874e-02	3.000000000000000e-06	3.000000000000000e-06
1.000000e+08	1.114399193675351e-01	6.082624984387559e-02	3.000000000000000e-06	3.000000000000000e-06
1.018568e+08	1.119922412864462e-01	6.112784812580609e-02	3.000000000000000e-06	3.000000000000000e-06
1.037254e+08	1.125406027447227e-01	6.142728259374317e-02	3.000000000000000e-06	3.000000000000000e-06
1.056288e+08	1.130917707434652e-01	6.172824841430360e-02	3.000000000000000e-06	3.000000000000000e-06
1.075674e+08	1.136456350536089e-01	6.203068539651491e-02	3.000000000000000e-06	3.000000000000000e-06
1.095417e+08	1.142022111386942e-01	6.233460198439101e-02	3.000000000000000e-06	3.000000000000000e-06
1.115524e+08	1.147615122316934e-01	6.264000540390978e-02	3.000000000000000e-06	3.000000000000000e-06
1.136001e+08	1.153235516724882e-01	6.294690293939811e-02	3.000000000000000e-06	3.000000000000000e-06
1.156857e+08	1.158883428654844e-01	6.325530191038757e-02	3.000000000000000e-06	3.000000000000000e-06
1.178097e+08	1.164558992807119e-01	6.356520967221485e-02	3.000000000000000e-06	3.000000000000000e-06
1.199729e+08	1.170262344541316e-01	6.387663361618946e-02	3.000000000000000e-06	3.000000000000000e-06
1.221760e+08	1.175993619879580e-01	6.418958116977000e-02	3.000000000000000e-06	3.000000000000000e-06
1.244198e+08	1.181752955509836e-01	6.450405979674126e-02	3.000000000000000e-06	3.000000000000000e-06
1.267049e+08	1.187540488789052e-01	6.482007699739213e-02	3.000000000000000e-06	3.000000000000000e-06
1.290322e+08	1.193356357746504e-01	6.513764030869448e-02	3.000000000000000e-06	3.000000000000000e-06
1.314025e+08	1.199200701087075e-01	6.545675730448273e-02	3.000000000000000e-06	3.000000000000000e-06
1.338165e+08	1.205073658194559e-01	6.577743559563454e-02	3.000000000000000e-06	3.000000000000000e-06
1.362751e+08	1.210975369134979e-01	6.609968283025211e-02	3.000000000000000e-06	3.000000000000000e-06
1.387791e+08	1.216905974659932e-01	6.642350669384464e-02	3.000000000000000e-06	3.000000000000000e-06
1.413292e+08	1.222865616209943e-01	6.674891490951146e-02	3.000000000000000e-06	3.000000000000000e-06
1.439265e+08	1.228854435917835e-01	6.707591523812620e-02	3.000000000000000e-06	3.000000000000000e-06
1.465717e+08	1.234872576612116e-01	6.740451547852178e-02	3.000000000000000e-06	3.000000000000000e-06
1.492658e+08	1.240920181820388e-01	6.773472346767632e-02	3.000000000000000e-06	3.000000000000000e-06
1.520096e+08	1.246997395772764e-01	6.806654708090003e-02	3.000000000000000e-06	3.000000000000000e-06
1.548041e+08	1.253104363405311e-01	6.839999423202288e-02	3.000000000000000e-06	3.000000000000000e-06
1.576502e+08	1.259241230363500e-01	6.873507287358331e-02	3.000000000000000e-06	3.000000000000000e-06
1.605488e+08	1.265408143005680e-01	6.907179099701780e-02	3.000000000000000e-06	3.000000000000000e-06
1.635010e+08	1.271605248406568e-01	6.941015663285137e-02	3.000000000000000e-06	3.000000000000000e-06
1.665077e+08	1.277832694360754e-01	6.975017785088905e-02	3.000000000000000e-06	3.000000000000000e-06
1.695700e+08	1.284090629386223e-01	7.009186276040824e-02	3.000000000000000e-06	3.000000000000000e-06
1.726889e+08	1.290379202727898e-01	7.043521951035200e-02	3.000000000000000e-06	3.000000000000000e-06
1.758654e+08	1.296698564361196e-01	7.078025628952339e-02	3.000000000000000e-06	3.000000000000000e-06
1.791006e+08	1.303048864995602e-01	7.112698132678061e-02	3.000000000000000e-06	3.000000000000000e-06
1.823956e+08	1.309430256078264e-01	7.147540289123323e-02	3.000000000000000e-06	3.000000000000000e-06
1.857514e+08	1.315842889797601e-01	7.182552929243925e-02	3.000000000000000e-06	3.000000000000000e-06
1.891693e+08	1.322286919086933e-01	7.217736888060326e-02	3.000000000000000e-06	3.000000000000000e-06
1.926504e+08	1.328762497628126e-01	7.253093004677548e-02	3.000000000000000e-06	3.000000000000000e-06
1.961959e+08	1.335269779855253e-01	7.288622122305174e-02	3.000000000000000e-06	3.000000000000000e-06
1.998068e+08	1.341808920958280e-01	7.324325088277460e-02	3.000000000000000e-06	3.000000000000000e-06
2.034846e+08	1.348380076886760e-01	7.360202754073522e-02	3.000000000000000e-06	3.000000000000000e-06
2.072303e+08	1.354983404353555e-01	7.396255975337647e-02	3.000000000000000e-06	3.000000000000000e-06
2.110453e+08	1.361619060838569e-01	7.432485611899678e-02	3.000000000000000e-06	3.000000000000000e-06
2.149309e+08	1.368287204592505e-01	7.468892527795522e-02	3.000000000000000e-06	3.000000000000000e-06
2.188883e+08	1.374987994640632e-01	7.505477591287743e-02	3.000000000000000e-06	3.000000000000000e-06
2.229189e+08	1.381721590786582e-01	7.542241674886258e-02	3.000000000000000e-06	3.000000000000000e-06
2.270241e+08	1.388488153616155e-01	7.579185655369142e-02	3.000000000000000e-06	3.000000000000000e-06
2.312052e+08	1.395287844501149e-01	7.616310413803525e-02	3.000000000000000e-06	3.000000000000000e-06
2.354636e+08	1.402120825603204e-01	7.653616835566593e-02	3.000000000000000e-06	3.000000000000000e-06
2.398009e+08	1.408987259877674e-01	7.691105810366705e-02	3.000000000000000e-06	3.000000000000000e-06
2.442184e+08	1.415887311077503e-01	7.728778232264591e-02	3.000000000000000e-06	3.000000000000000e-06
2.487176e+08	1.422821143757136e-01	7.766634999694669e-02	3.000000000000000e-06	3.000000000000000e-06
2.533001e+08	1.429788923276435e-01	7.804677015486462e-02	3.000000000000000e-06	3.000000000000000e-06
2.579674e+08	1.436790815804627e-01	7.842905186886126e-02	3.000000000000000e-06	3.000000000000000e-06
2.627210e+08	1.443826988324260e-01	7.881320425578066e-02	3.000000000000000e-06	3.000000000000000e-06
2.675627e+08	1.450897608635187e-01	7.919923647706677e-02	3.000000000000000e-06	3.000000000000000e-06
2.724940e+08	1.458002845358565e-01	7.958715773898184e-02	3.000000000000000e-06	3.000000000000000e-06
2.775165e+08	1.465142867940872e-01	7.997697729282582e-02	3.000000000000000e-06	3.000000000000000e-06
2.826321e+08	1.472317846657950e-01	8.036870443515698e-02	3.000000000000000e-06	3.000000000000000e-06
2.878424e+08	1.479527952619061e-01	8.076234850801343e-02	3.000000000000000e-06	3.000000000000000e-06
2.931491e+08	1.486773357770968e-01	8.115791889913591e-02	3.000000000000000e-06	3.000000000000000e-06
2.985541e+08	1.494054234902032e-01	8.155542504219150e-02	3.000000000000000e-06	3.000000000000000e-06
3.040592e+08	1.501370757646333e-01	8.195487641699854e-02	3.000000000000000e-06	3.000000000000000e-06
3.096663e+08	1.508723100487807e-01	8.235628254975262e-02	3.000000000000000e-06	3.000000000000000e-06
3.153772e+08	1.516111438764404e-01	8.275965301325365e-02	3.000000000000000e-06	3.000000000000000e-06
3.211939e+08	1.523535948672272e-01	8.316499742713405e-02	3.000000000000000e-06	3.000000000000000e-06
3.271183e+08	1.530996807269954e-01	8.357232545808808e-02	3.000000000000000e-06	3.000000000000000e-06
3.331525e+08	1.538494192482609e-01	8.398164682010228e-02	3.000000000000000e-06	3.000000000000000e-06
3.392985e+08	1.546028283106252e-01	8.439297127468701e-02	3.000000000000000e-06	3.000000000000000e-06
3.455583e+08	1.553599258812021e-01	8.480630863110915e-02	3.000000000000000e-06	3.000000000000000e-06
3.519341e+08	1.561207300150453e-01	8.522166874662596e-02	3.000000000000000e-06	3.000000000000000e-06
3.584281e+08	1.568852588555792e-01	8.563906152672000e-02	3.000000000000000e-06	3.000000000000000e-06
3.650425e+08	1.576535306350314e-01	8.605849692533536e-02	3.000000000000000e-06	3.000000000000000e-06
3.717794e+08	1.584255636748671e-01	8.647998494511482e-02	3.000000000000000e-06	3.000000000000000e-06
3.786412e+08	1.592013763862262e-01	8.690353563763832e-02	3.000000000000000e-06	3.000000000000000e-06
3.856301e+08	1.599809872703615e-01	8.732915910366269e-02	3.000000000000000e-06	3.000000000000000e-06
3.927487e+08	1.607644149190806e-01	8.775686549336224e-02	3.000000000000000e-06	3.000000000000000e-06
3.999992e+08	1.615516780151883e-01	8.818666500657087e-02	3.000000000000000e-06	3.000000000000000e-06
4.073841e+08	1.623427953329324e-01	8.861856789302511e-02	3.000000000000000e-06	3.000000000000000e-06
4.149059e+08	1.631377857384510e-01	8.905258445260852e-02	3.000000000000000e-06	3.000000000000000e-06
4.225672e+08	1.639366681902225e-01	8.948872503559720e-02	3.000000000000000e-06	3.000000000000000e-06
4.303706e+08	1.647394617395171e-01	8.992700004290648e-02	3.000000000000000e-06	3.000000000000000e-06
4.383187e+08	1.655461855308514e-01	9.036741992633887e-02	3.000000000000000e-06	3.000000000000000e-06
4.464142e+08	1.663568588024441e-01	9.080999518883325e-02	3.000000000000000e-06	3.000000000000000e-06
4.546599e+08	1.671715008866755e-01	9.125473638471518e-02	3.000000000000000e-06	3.000000000000000e-06
4.630585e+08	1.679901312105474e-01	9.170165411994853e-02	3.000000000000000e-06	3.000000000000000e-06
4.716129e+08	1.688127692961469e-01	9.215075905238825e-02	3.000000000000000e-06	3.000000000000000e-06
4.803259e+08	1.696394347611111e-01	9.260206189203449e-02	3.000000000000000e-06	3.000000000000000e-06
4.892007e+08	1.704701473190955e-01	9.305557340128784e-02	3.000000000000000e-06	3.000000000000000e-06
4.982401e+08	1.713049267802431e-01	9.351130439520593e-02	3.000000000000000e-06	3.000000000000000e-06
5.074472e+08	1.721437930516574e-01	9.396926574176118e-02	3.000000000000000e-06	3.000000000000000e-06
5.168252e+08	1.729867661378761e-01	9.442946836209994e-02	3.000000000000000e-06	3.000000000000000e-06
5.263772e+08	1.738338661413487e-01	9.489192323080274e-02	3.000000000000000e-06	3.000000000000000e-06
5.361065e+08	1.746851132629152e-01	9.535664137614594e-02	3.000000000000000e-06	3.000000000000000e-06
5.460163e+08	1.755405278022880e-01	9.582363388036463e-02	3.000000000000000e-06	3.000000000000000e-06
5.561101e+08	1.764001301585353e-01	9.629291187991676e-02	3.000000000000000e-06	3.000000000000000e-06
5.663913e+08	1.772639408305677e-01	9.676448656574861e-02	3.000000000000000e-06	3.000000000000000e-06
5.768633e+08	1.781319804176268e-01	9.723836918356160e-02	3.000000000000000e-06	3.000000000000000e-06
5.875298e+08	1.790042696197764e-01	9.771457103408029e-02	3.000000000000000e-06	3.000000000000000e-06
5.983943e+08	1.798808292383953e-01	9.819310347332182e-02	3.000000000000000e-06	3.000000000000000e-06
6.094605e+08	1.807616801766737e-01	9.867397791286654e-02	3.000000000000000e-06	3.000000000000000e-06
6.207322e+08	1.816468434401115e-01	9.915720582013011e-02	3.000000000000000e-06	3.000000000000000e-06
6.322132e+08	1.825363401370185e-01	9.964279871863677e-02	3.000000000000000e-06	3.000000000000000e-06
6.439074e+08	1.834301914790181e-01	1.001307681882941e-01	3.000000000000000e-06	3.000000000000000e-06
6.558188e+08	1.843284187815526e-01	1.006211258656690e-01	3.000000000000000e-06	3.000000000000000e-06
6.679515e+08	1.852310434643914e-01	1.011138834442651e-01	3.000000000000000e-06	3.000000000000000e-06
6.803096e+08	1.861380870521415e-01	1.016090526748014e-01	3.000000000000000e-06	3.000000000000000e-06
6.928972e+08	1.870495711747608e-01	1.021066453654927e-01	3.000000000000000e-06	3.000000000000000e-06
7.057186e+08	1.879655175680733e-01	1.026066733823306e-01	3.000000000000000e-06	3.000000000000000e-06
7.187783e+08	1.888859480742875e-01	1.031091486493667e-01	3.000000000000000e-06	3.000000000000000e-06
7.320806e+08	1.898108846425172e-01	1.036140831489967e-01	3.000000000000000e-06	3.000000000000000e-06
7.456300e+08	1.907403493293043e-01	1.041214889222460e-01	3.000000000000000e-06	3.000000000000000e-06
7.594313e+08	1.916743642991446e-01	1.046313780690569e-01	3.000000000000000e-06	3.000000000000000e-06
7.734890e+08	1.926129518250164e-01	1.051437627485768e-01	3.000000000000000e-06	3.000000000000000e-06
7.878080e+08	1.935561342889114e-01	1.056586551794481e-01	3.000000000000000e-06	3.000000000000000e-06
8.023932e+08	1.945039341823679e-01	1.061760676400995e-01	3.000000000000000e-06	3.000000000000000e-06
8.172494e+08	1.954563741070071e-01	1.066960124690388e-01	3.000000000000000e-06	3.000000000000000e-06
8.323818e+08	1.964134767750720e-01	1.072185020651467e-01	3.000000000000000e-06	3.000000000000000e-06
8.477955e+08	1.973752650099686e-01	1.077435488879726e-01	3.000000000000000e-06	3.000000000000000e-06
8.634957e+08	1.983417617468098e-01	1.082711654580315e-01	3.000000000000000e-06	3.000000000000000e-06
8.794879e+08	1.993129900329625e-01	1.088013643571027e-01	3.000000000000000e-06	3.000000000000000e-06
8.957774e+08	2.002889730285966e-01	1.093341582285291e-01	3.000000000000000e-06	3.000000000000000e-06
9.123698e+08	2.012697340072372e-01	1.098695597775192e-01	3.000000000000000e-06	3.000000000000000e-06
9.292707e+08	2.022552963563194e-01	1.104075817714497e-01	3.000000000000000e-06	3.000000000000000e-06
9.464860e+08	2.032456835777456e-01	1.109482370401698e-01	3.000000000000000e-06	3.000000000000000e-06
9.640214e+08	2.042409192884461e-01	1.114915384763071e-01	3.000000000000000e-06	3.000000000000000e-06
9.818830e+08	2.052410272209416e-01	1.120374990355749e-01	3.000000000000000e-06	3.000000000000000e-06
1.000000e+09	2.062418001218745e-01	1.125838219743906e-01	3.000000000000000e-06	3.000000000000000e-06
