#t[yr]	ecc	inc	eachmass	totalmass
0.000000e+00	5.000000000000000e-02	2.500000000000000e-02	3.000000000000000e-08	3.000000000000000e-06
1.000000e-03	5.000002319210354e-02	2.500000957304006e-02	3.000000000000000e-08	3.000000000000000e-06
1.000000e-02	5.000023192041625e-02	2.500009573019664e-02	3.000000000000000e-08	3.000000000000000e-06
1.000000e-01	5.000231914347333e-02	2.500095728192667e-02	3.000000000000000e-08	3.000000000000000e-06
1.000000e+00	5.002318536985552e-02	2.500957081641740e-02	3.000000000000000e-08	3.000000000000000e-06
1.000000e+01	5.023125001222942e-02	2.509550864373759e-02	3.000000000000000e-08	3.000000000000000e-06
2.079651e+01	5.047827618628038e-02	2.519779791309423e-02	3.000000000000000e-08	3.000000000000000e-06
3.174660e+01	5.072586249216398e-02	2.530061982920600e-02	3.000000000000000e-08	3.000000000000000e-06
4.288190e+01	5.097465295216194e-02	2.540424529919191e-02	3.000000000000000e-08	3.000000000000000e-06
5.420600e+01	5.122464229076262e-02	2.550867708125074e-02	3.000000000000000e-08	3.000000000000000e-06
6.572310e+01	5.147583608917899e-02	2.561392252291560e-02	3.000000000000000e-08	3.000000000000000e-06
7.743749e+01	5.172823976524163e-02	2.571998899660754e-02	3.000000000000000e-08	3.000000000000000e-06
8.935358e+01	5.198185875833941e-02	2.582688397818238e-02	3.000000000000000e-08	3.000000000000000e-06
1.000000e+02	5.220573773704941e-02	2.592152249228352e-02	3.000000000000000e-08	3.000000000000000e-06
1.123333e+02	5.246219046820088e-02	2.603022163102694e-02	3.000000000000000e-08	3.000000000000000e-06
1.248558e+02	5.271933188106091e-02	2.613954208654545e-02	3.000000000000000e-08	3.000000000000000e-06
1.375989e+02	5.297771932109063e-02	2.624972505817153e-02	3.000000000000000e-08	3.000000000000000e-06
1.505671e+02	5.323734872980541e-02	2.636077447887028e-02	3.000000000000000e-08	3.000000000000000e-06
1.637657e+02	5.349822582445093e-02	2.647269853165968e-02	3.000000000000000e-08	3.000000000000000e-06
1.772000e+02	5.376035617096901e-02	2.658550544119275e-02	3.000000000000000e-08	3.000000000000000e-06
1.908755e+02	5.402374535759907e-02	2.669920354927739e-02	3.000000000000000e-08	3.000000000000000e-06
2.047979e+02	5.428839899199634e-02	2.681380131530126e-02	3.000000000000000e-08	3.000000000000000e-06
2.189731e+02	5.455432270146874e-02	2.692930731796448e-02	3.000000000000000e-08	3.000000000000000e-06
2.334072e+02	5.482152213317844e-02	2.704573025696924e-02	3.000000000000000e-08	3.000000000000000e-06
2.481062e+02	5.509000295436541e-02	2.716307895468537e-02	3.000000000000000e-08	3.000000000000000e-06
2.630766e+02	5.535977085259346e-02	2.728136235778607e-02	3.000000000000000e-08	3.000000000000000e-06
2.783251e+02	5.563083153602066e-02	2.740058953884832e-02	3.000000000000000e-08	3.000000000000000e-06
2.938583e+02	5.590319073369580e-02	2.752076969791166e-02	3.000000000000000e-08	3.000000000000000e-06
3.096832e+02	5.617685419588297e-02	2.764191216398860e-02	3.000000000000000e-08	3.000000000000000e-06
3.258071e+02	5.645182769441619e-02	2.776402639651961e-02	3.000000000000000e-08	3.000000000000000e-06
3.422374e+02	5.672811702308629e-02	2.788712198676464e-02	3.000000000000000e-08	3.000000000000000e-06
3.589818e+02	5.700572799806223e-02	2.801120865912288e-02	3.000000000000000e-08	3.000000000000000e-06
3.760480e+02	5.728466645834943e-02	2.813629627237160e-02	3.000000000000000e-08	3.000000000000000e-06
3.933281e+02	5.756306955535790e-02	2.826155388893993e-02	3.000000000000000e-08	3.000000000000000e-06
4.106773e+02	5.783860040637543e-02	2.838592562224281e-02	3.000000000000000e-08	3.000000000000000e-06
4.280967e+02	5.811132726800908e-02	2.850943125116372e-02	3.000000000000000e-08	3.000000000000000e-06
4.455867e+02	5.838130714330753e-02	2.863208588923147e-02	3.000000000000000e-08	3.000000000000000e-06
4.631475e+02	5.864859547812720e-02	2.875390431627982e-02	3.000000000000000e-08	3.000000000000000e-06
4.807797e+02	5.891324618670411e-02	2.887490097320359e-02	3.000000000000000e-08	3.000000000000000e-06
4.984835e+02	5.917531171248789e-02	2.899508997354888e-02	3.000000000000000e-08	3.000000000000000e-06
5.162593e+02	5.943484308572471e-02	2.911448511453839e-02	3.000000000000000e-08	3.000000000000000e-06
5.341076e+02	5.969188997813727e-02	2.923309988762806e-02	3.000000000000000e-08	3.000000000000000e-06
5.520288e+02	5.994650075488071e-02	2.935094748861931e-02	3.000000000000000e-08	3.000000000000000e-06
5.700231e+02	6.019872252394112e-02	2.946804082735012e-02	3.000000000000000e-08	3.000000000000000e-06
5.880912e+02	6.044860118313090e-02	2.958439253698667e-02	3.000000000000000e-08	3.000000000000000e-06
6.062332e+02	6.069618146482493e-02	2.970001498293594e-02	3.000000000000000e-08	3.000000000000000e-06
6.244498e+02	6.094150697857065e-02	2.981492027139848e-02	3.000000000000000e-08	3.000000000000000e-06
6.427412e+02	6.118462025169674e-02	2.992912025757950e-02	3.000000000000000e-08	3.000000000000000e-06
6.611079e+02	6.142556276803580e-02	3.004262655357519e-02	3.000000000000000e-08	3.000000000000000e-06
6.795503e+02	6.166437500486927e-02	3.015545053595033e-02	3.000000000000000e-08	3.000000000000000e-06
6.980688e+02	6.190109646819493e-02	3.026760335302241e-02	3.000000000000000e-08	3.000000000000000e-06
7.166640e+02	6.213576572641120e-02	3.037909593186632e-02	3.000000000000000e-08	3.000000000000000e-06
7.353361e+02	6.236842044250592e-02	3.048993898505317e-02	3.000000000000000e-08	3.000000000000000e-06
7.540858e+02	6.259909740483179e-02	3.060014301713595e-02	3.000000000000000e-08	3.000000000000000e-06
7.729133e+02	6.282783255654516e-02	3.070971833089390e-02	3.000000000000000e-08	3.000000000000000e-06
7.918192e+02	6.305466102378017e-02	3.081867503334708e-02	3.000000000000000e-08	3.000000000000000e-06
8.108040e+02	6.327961714262573e-02	3.092702304155169e-02	3.000000000000000e-08	3.000000000000000e-06
8.298680e+02	6.350273448496820e-02	3.103477208818641e-02	3.000000000000000e-08	3.000000000000000e-06
8.490118e+02	6.372404588325943e-02	3.114193172693926e-02	3.000000000000000e-08	3.000000000000000e-06
8.682358e+02	6.394358345426548e-02	3.124851133770413e-02	3.000000000000000e-08	3.000000000000000e-06
8.875405e+02	6.416137862184847e-02	3.135452013159554e-02	3.000000000000000e-08	3.000000000000000e-06
9.069264e+02	6.437746213883064e-02	3.145996715578982e-02	3.000000000000000e-08	3.000000000000000e-06
9.263941e+02	6.459186410798685e-02	3.156486129820044e-02	3.000000000000000e-08	3.000000000000000e-06
9.459438e+02	6.480461400220894e-02	3.166921129199485e-02	3.000000000000000e-08	3.000000000000000e-06
9.655763e+02	6.501574068388301e-02	3.177302571995975e-02	3.000000000000000e-08	3.000000000000000e-06
9.852920e+02	6.522527242351814e-02	3.187631301872145e-02	3.000000000000000e-08	3.000000000000000e-06
1.000000e+03	6.537982228710208e-02	3.195268626907993e-02	3.000000000000000e-08	3.000000000000000e-06
1.019884e+03	6.558686707862280e-02	3.205518655317872e-02	3.000000000000000e-08	3.000000000000000e-06
1.039830e+03	6.579216331199758e-02	3.215706940454972e-02	3.000000000000000e-08	3.000000000000000e-06
1.059862e+03	6.599596643048562e-02	3.225845595638303e-02	3.000000000000000e-08	3.000000000000000e-06
1.079979e+03	6.619830116217137e-02	3.235935352620675e-02	3.000000000000000e-08	3.000000000000000e-06
1.100183e+03	6.639919270948996e-02	3.245976978834682e-02	3.000000000000000e-08	3.000000000000000e-06
1.120474e+03	6.659866578751708e-02	3.255971229405086e-02	3.000000000000000e-08	3.000000000000000e-06
1.140851e+03	6.679674464202044e-02	3.265918847682762e-02	3.000000000000000e-08	3.000000000000000e-06
1.161317e+03	6.699345306287212e-02	3.275820565562850e-02	3.000000000000000e-08	3.000000000000000e-06
1.181871e+03	6.718881439700974e-02	3.285677103794298e-02	3.000000000000000e-08	3.000000000000000e-06
1.202515e+03	6.738285156094986e-02	3.295489172280266e-02	3.000000000000000e-08	3.000000000000000e-06
1.223248e+03	6.757558705287370e-02	3.305257470369809e-02	3.000000000000000e-08	3.000000000000000e-06
1.244071e+03	6.776704296430407e-02	3.314982687141169e-02	3.000000000000000e-08	3.000000000000000e-06
1.264985e+03	6.795724099139153e-02	3.324665501677027e-02	3.000000000000000e-08	3.000000000000000e-06
1.285990e+03	6.814620244582699e-02	3.334306583332056e-02	3.000000000000000e-08	3.000000000000000e-06
1.307088e+03	6.833394826539672e-02	3.343906591993055e-02	3.000000000000000e-08	3.000000000000000e-06
1.328278e+03	6.852049902419549e-02	3.353466178332001e-02	3.000000000000000e-08	3.000000000000000e-06
1.349561e+03	6.870587494251230e-02	3.362985984052273e-02	3.000000000000000e-08	3.000000000000000e-06
1.370939e+03	6.889009589640274e-02	3.372466642128347e-02	3.000000000000000e-08	3.000000000000000e-06
1.392411e+03	6.907318142696134e-02	3.381908777039212e-02	3.000000000000000e-08	3.000000000000000e-06
1.413979e+03	6.925515074930635e-02	3.391313004995766e-02	3.000000000000000e-08	3.000000000000000e-06
1.435642e+03	6.943602276128931e-02	3.400679934162419e-02	3.000000000000000e-08	3.000000000000000e-06
1.457402e+03	6.961581605194059e-02	3.410010164873172e-02	3.000000000000000e-08	3.000000000000000e-06
1.479259e+03	6.979454890966208e-02	3.419304289842346e-02	3.000000000000000e-08	3.000000000000000e-06
1.501214e+03	6.997223933017740e-02	3.428562894370216e-02	3.000000000000000e-08	3.000000000000000e-06
1.523268e+03	7.014890502424964e-02	3.437786556543742e-02	3.000000000000000e-08	3.000000000000000e-06
1.545422e+03	7.032456342517604e-02	3.446975847432588e-02	3.000000000000000e-08	3.000000000000000e-06
1.567675e+03	7.049923169606896e-02	3.456131331280635e-02	3.000000000000000e-08	3.000000000000000e-06
1.590030e+03	7.067292673693162e-02	3.465253565693164e-02	3.000000000000000e-08	3.000000000000000e-06
1.612486e+03	7.084566519153707e-02	3.474343101819883e-02	3.000000000000000e-08	3.000000000000000e-06
1.635045e+03	7.101746345411823e-02	3.483400484533985e-02	3.000000000000000e-08	3.000000000000000e-06
1.657706e+03	7.118833767587689e-02	3.492426252607380e-02	3.000000000000000e-08	3.000000000000000e-06
1.680472e+03	7.135830377131859e-02	3.501420938882283e-02	3.000000000000000e-08	3.000000000000000e-06
1.703342e+03	7.152737742442072e-02	3.510385070439299e-02	3.000000000000000e-08	3.000000000000000e-06
1.726318e+03	7.169557409464047e-02	3.519319168762152e-02	3.000000000000000e-08	3.000000000000000e-06
1.749400e+03	7.186290902276886e-02	3.528223749899220e-02	3.000000000000000e-08	3.000000000000000e-06
1.772589e+03	7.202939723663741e-02	3.537099324621992e-02	3.000000000000000e-08	3.000000000000000e-06
1.795887e+03	7.219505355668313e-02	3.545946398580607e-02	3.000000000000000e-08	3.000000000000000e-06
1.819293e+03	7.235989260137750e-02	3.554765472456590e-02	3.000000000000000e-08	3.000000000000000e-06
1.842808e+03	7.252392879252523e-02	3.563557042112911e-02	3.000000000000000e-08	3.000000000000000e-06
1.866435e+03	7.268717636043767e-02	3.572321598741515e-02	3.000000000000000e-08	3.000000000000000e-06
1.890173e+03	7.284964934898640e-02	3.581059629008411e-02	3.000000000000000e-08	3.000000000000000e-06
1.914023e+03	7.301136162054150e-02	3.589771615196469e-02	3.000000000000000e-08	3.000000000000000e-06
1.937986e+03	7.317232686079950e-02	3.598458035346010e-02	3.000000000000000e-08	3.000000000000000e-06
1.962064e+03	7.333255858350543e-02	3.607119363393335e-02	3.000000000000000e-08	3.000000000000000e-06
1.986257e+03	7.349207013507349e-02	3.615756069307265e-02	3.000000000000000e-08	3.000000000000000e-06
2.010566e+03	7.365087469911039e-02	3.624368619223836e-02	3.000000000000000e-08	3.000000000000000e-06
2.034992e+03	7.380898530084577e-02	3.632957475579220e-02	3.000000000000000e-08	3.000000000000000e-06
2.059536e+03	7.396641481147331e-02	3.641523097241005e-02	3.000000000000000e-08	3.000000000000000e-06
2.084199e+03	7.412317595240678e-02	3.650065939637907e-02	3.000000000000000e-08	3.000000000000000e-06
2.108982e+03	7.427928129945445e-02	3.658586454888043e-02	3.000000000000000e-08	3.000000000000000e-06
2.133887e+03	7.443474328691561e-02	3.667085091925827e-02	3.000000000000000e-08	3.000000000000000e-06
2.158913e+03	7.458957421160278e-02	3.675562296627623e-02	3.000000000000000e-08	3.000000000000000e-06
2.184063e+03	7.474378623679287e-02	3.684018511936216e-02	3.000000000000000e-08	3.000000000000000e-06
2.209337e+03	7.489739139611082e-02	3.692454177984216e-02	3.000000000000000e-08	3.000000000000000e-06
2.234736e+03	7.505040159734870e-02	3.700869732216483e-02	3.000000000000000e-08	3.000000000000000e-06
2.260262e+03	7.520282862622377e-02	3.709265609511655e-02	3.000000000000000e-08	3.000000000000000e-06
2.285916e+03	7.535468415007819e-02	3.717642242302884e-02	3.000000000000000e-08	3.000000000000000e-06
2.311699e+03	7.550597972152376e-02	3.726000060697860e-02	3.000000000000000e-08	3.000000000000000e-06
2.337611e+03	7.565672678203438e-02	3.734339492598214e-02	3.000000000000000e-08	3.000000000000000e-06
2.363655e+03	7.580693666548920e-02	3.742660963818397e-02	3.000000000000000e-08	3.000000000000000e-06
2.389832e+03	7.595662060166943e-02	3.750964898204111e-02	3.000000000000000e-08	3.000000000000000e-06
2.416142e+03	7.610578971971124e-02	3.759251717750399e-02	3.000000000000000e-08	3.000000000000000e-06
2.442587e+03	7.625445505151793e-02	3.767521842719456e-02	3.000000000000000e-08	3.000000000000000e-06
2.469168e+03	7.640262753513362e-02	3.775775691758289e-02	3.000000000000000e-08	3.000000000000000e-06
2.495887e+03	7.655031801808154e-02	3.784013682016272e-02	3.000000000000000e-08	3.000000000000000e-06
2.522745e+03	7.669753726066912e-02	3.792236229262725e-02	3.000000000000000e-08	3.000000000000000e-06
2.549743e+03	7.684429593926284e-02	3.800443748004578e-02	3.000000000000000e-08	3.000000000000000e-06
2.576882e+03	7.699060464953512e-02	3.808636651604234e-02	3.000000000000000e-08	3.000000000000000e-06
2.604165e+03	7.713647390968600e-02	3.816815352397707e-02	3.000000000000000e-08	3.000000000000000e-06
2.631592e+03	7.728191416364201e-02	3.824980261813139e-02	3.000000000000000e-08	3.000000000000000e-06
2.659165e+03	7.742693578423476e-02	3.833131790489785e-02	3.000000000000000e-08	3.000000000000000e-06
2.686885e+03	7.757154907636188e-02	3.841270348397565e-02	3.000000000000000e-08	3.000000000000000e-06
2.714754e+03	7.771576428013262e-02	3.849396344957284e-02	3.000000000000000e-08	3.000000000000000e-06
2.742774e+03	7.785959157400081e-02	3.857510189161604e-02	3.000000000000000e-08	3.000000000000000e-06
2.770946e+03	7.800304107788744e-02	3.865612289696897e-02	3.000000000000000e-08	3.000000000000000e-06
2.799271e+03	7.814612285629570e-02	3.873703055066050e-02	3.000000000000000e-08	3.000000000000000e-06
2.827752e+03	7.828884692142070e-02	3.881782893712354e-02	3.000000000000000e-08	3.000000000000000e-06
2.856389e+03	7.843122323625662e-02	3.889852214144578e-02	3.000000000000000e-08	3.000000000000000e-06
2.885185e+03	7.857326171770374e-02	3.897911425063316e-02	3.000000000000000e-08	3.000000000000000e-06
2.914141e+03	7.871497223967805e-02	3.905960935488767e-02	3.000000000000000e-08	3.000000000000000e-06
2.943259e+03	7.885636463622589e-02	3.914001154890018e-02	3.000000000000000e-08	3.000000000000000e-06
2.972541e+03	7.899744870464655e-02	3.922032493315975e-02	3.000000000000000e-08	3.000000000000000e-06
3.001989e+03	7.913823420862520e-02	3.930055361528067e-02	3.000000000000000e-08	3.000000000000000e-06
3.031604e+03	7.927873088137921e-02	3.938070171134832e-02	3.000000000000000e-08	3.000000000000000e-06
3.061388e+03	7.941894842882039e-02	3.946077334728540e-02	3.000000000000000e-08	3.000000000000000e-06
3.091344e+03	7.955889653273625e-02	3.954077266023964e-02	3.000000000000000e-08	3.000000000000000e-06
3.121473e+03	7.969858485399299e-02	3.962070379999462e-02	3.000000000000000e-08	3.000000000000000e-06
3.151778e+03	7.983802303576328e-02	3.970057093040501e-02	3.000000000000000e-08	3.000000000000000e-06
3.182259e+03	7.997722070678191e-02	3.978037823085778e-02	3.000000000000000e-08	3.000000000000000e-06
3.212921e+03	8.011618748463249e-02	3.986012989776092e-02	3.000000000000000e-08	3.000000000000000e-06
3.243763e+03	8.025493297906824e-02	3.993983014606128e-02	3.000000000000000e-08	3.000000000000000e-06
3.274790e+03	8.039346679537039e-02	4.001948321079336e-02	3.000000000000000e-08	3.000000000000000e-06
3.306002e+03	8.053179853774754e-02	4.009909334866050e-02	3.000000000000000e-08	3.000000000000000e-06
3.337403e+03	8.066993781277947e-02	4.017866483965058e-02	3.000000000000000e-08	3.000000000000000e-06
3.368995e+03	8.080789423290904e-02	4.025820198868800e-02	3.000000000000000e-08	3.000000000000000e-06
3.400779e+03	8.094567741998616e-02	4.033770912732388e-02	3.000000000000000e-08	3.000000000000000e-06
3.432759e+03	8.108329700886734e-02	4.041719061546668e-02	3.000000000000000e-08	3.000000000000000e-06
3.464936e+03	8.122076265107524e-02	4.049665084315517e-02	3.000000000000000e-08	3.000000000000000e-06
3.497314e+03	8.135808401852236e-02	4.057609423237628e-02	3.000000000000000e-08	3.000000000000000e-06
3.529895e+03	8.149527080730302e-02	4.065552523892998e-02	3.000000000000000e-08	3.000000000000000e-06
3.562682e+03	8.163233274155844e-02	4.073494835434362e-02	3.000000000000000e-08	3.000000000000000e-06
3.595677e+03	8.176927957741956e-02	4.081436810783855e-02	3.000000000000000e-08	3.000000000000000e-06
3.628883e+03	8.190612110703248e-02	4.089378906835147e-02	3.000000000000000e-08	3.000000000000000e-06
3.662303e+03	8.204286716267191e-02	4.097321584661343e-02	3.000000000000000e-08	3.000000000000000e-06
3.695940e+03	8.217952762094763e-02	4.105265309728950e-02	3.000000000000000e-08	3.000000000000000e-06
3.729797e+03	8.231611240711001e-02	4.113210552118213e-02	3.000000000000000e-08	3.000000000000000e-06
3.763877e+03	8.245263149946021e-02	4.121157786750159e-02	3.000000000000000e-08	3.000000000000000e-06
3.798182e+03	8.258909493387134e-02	4.129107493620676e-02	3.000000000000000e-08	3.000000000000000e-06
3.832717e+03	8.272551280842708e-02	4.137060158042013e-02	3.000000000000000e-08	3.000000000000000e-06
3.867484e+03	8.286189528818448e-02	4.145016270892057e-02	3.000000000000000e-08	3.000000000000000e-06
3.902487e+03	8.299825261006813e-02	4.152976328871805e-02	3.000000000000000e-08	3.000000000000000e-06
3.937729e+03	8.313459508790319e-02	4.160940834771448e-02	3.000000000000000e-08	3.000000000000000e-06
3.973213e+03	8.327093311759520e-02	4.168910297745506e-02	3.000000000000000e-08	3.000000000000000e-06
4.008944e+03	8.340727718246486e-02	4.176885233597503e-02	3.000000000000000e-08	3.000000000000000e-06
4.044924e+03	8.354363785874665e-02	4.184866165074651e-02	3.000000000000000e-08	3.000000000000000e-06
4.081159e+03	8.368002582126047e-02	4.192853622173093e-02	3.000000000000000e-08	3.000000000000000e-06
4.117650e+03	8.381645184926599e-02	4.200848142454233e-02	3.000000000000000e-08	3.000000000000000e-06
4.154403e+03	8.395292683251003e-02	4.208850271372772e-02	3.000000000000000e-08	3.000000000000000e-06
4.191422e+03	8.408946177747767e-02	4.216860562617027e-02	3.000000000000000e-08	3.000000000000000e-06
4.228710e+03	8.422606781385887e-02	4.224879578462223e-02	3.000000000000000e-08	3.000000000000000e-06
4.266272e+03	8.436275620124230e-02	4.232907890137438e-02	3.000000000000000e-08	3.000000000000000e-06
4.304113e+03	8.449953833604958e-02	4.240946078206938e-02	3.000000000000000e-08	3.000000000000000e-06
4.342236e+03	8.463642575872334e-02	4.248994732966677e-02	3.000000000000000e-08	3.000000000000000e-06
4.380647e+03	8.477343016118356e-02	4.257054454856803e-02	3.000000000000000e-08	3.000000000000000e-06
4.419350e+03	8.491056339456750e-02	4.265125854891036e-02	3.000000000000000e-08	3.000000000000000e-06
4.458350e+03	8.504783747726935e-02	4.273209555103861e-02	3.000000000000000e-08	3.000000000000000e-06
4.497652e+03	8.518526460329705e-02	4.281306189016519e-02	3.000000000000000e-08	3.000000000000000e-06
4.537262e+03	8.532285715096438e-02	4.289416402122862e-02	3.000000000000000e-08	3.000000000000000e-06
4.577184e+03	8.546062769193796e-02	4.297540852396191e-02	3.000000000000000e-08	3.000000000000000e-06
4.617424e+03	8.559858900065982e-02	4.305680210818269e-02	3.000000000000000e-08	3.000000000000000e-06
4.657987e+03	8.573675406416773e-02	4.313835161931800e-02	3.000000000000000e-08	3.000000000000000e-06
4.698880e+03	8.587513609233673e-02	4.322006404417710e-02	3.000000000000000e-08	3.000000000000000e-06
4.740108e+03	8.601374852856718e-02	4.330194651698707e-02	3.000000000000000e-08	3.000000000000000e-06
4.781678e+03	8.615260506094581e-02	4.338400632570651e-02	3.000000000000000e-08	3.000000000000000e-06
4.823595e+03	8.629171963390894e-02	4.346625091863404e-02	3.000000000000000e-08	3.000000000000000e-06
4.865866e+03	8.643110646043788e-02	4.354868791132922e-02	3.000000000000000e-08	3.000000000000000e-06
4.908498e+03	8.657078003481979e-02	4.363132509386480e-02	3.000000000000000e-08	3.000000000000000e-06
4.951498e+03	8.671075514600883e-02	4.371417043843080e-02	3.000000000000000e-08	3.000000000000000e-06
4.994873e+03	8.685104689162516e-02	4.379723210731195e-02	3.000000000000000e-08	3.000000000000000e-06
5.038630e+03	8.699167069263219e-02	4.388051846126188e-02	3.000000000000000e-08	3.000000000000000e-06
5.082776e+03	8.713264230873521e-02	4.396403806829917e-02	3.000000000000000e-08	3.000000000000000e-06
5.127320e+03	8.727397785454793e-02	4.404779971295202e-02	3.000000000000000e-08	3.000000000000000e-06
5.172270e+03	8.741569381657668e-02	4.413181240598056e-02	3.000000000000000e-08	3.000000000000000e-06
5.217633e+03	8.755780707107608e-02	4.421608539460776e-02	3.000000000000000e-08	3.000000000000000e-06
5.263419e+03	8.770033490283383e-02	4.430062817329251e-02	3.000000000000000e-08	3.000000000000000e-06
5.309636e+03	8.784329502494699e-02	4.438545049508091e-02	3.000000000000000e-08	3.000000000000000e-06
5.356293e+03	8.798670559965673e-02	4.447056238357465e-02	3.000000000000000e-08	3.000000000000000e-06
5.403401e+03	8.813058526031409e-02	4.455597414555840e-02	3.000000000000000e-08	3.000000000000000e-06
5.450968e+03	8.827495313455502e-02	4.464169638433176e-02	3.000000000000000e-08	3.000000000000000e-06
5.499004e+03	8.841982886876926e-02	4.472774001379454e-02	3.000000000000000e-08	3.000000000000000e-06
5.547522e+03	8.856523265395459e-02	4.481411627333875e-02	3.000000000000000e-08	3.000000000000000e-06
5.596530e+03	8.871118525305596e-02	4.490083674360450e-02	3.000000000000000e-08	3.000000000000000e-06
5.646041e+03	8.885770802989668e-02	4.498791336316253e-02	3.000000000000000e-08	3.000000000000000e-06
5.696066e+03	8.900482297981871e-02	4.507535844619065e-02	3.000000000000000e-08	3.000000000000000e-06
5.746617e+03	8.915255276215908e-02	4.516318470121811e-02	3.000000000000000e-08	3.000000000000000e-06
5.797708e+03	8.930092073470013e-02	4.525140525101752e-02	3.000000000000000e-08	3.000000000000000e-06
5.849350e+03	8.944995099024408e-02	4.534003365373173e-02	3.000000000000000e-08	3.000000000000000e-06
5.901558e+03	8.959966839547602e-02	4.542908392533051e-02	3.000000000000000e-08	3.000000000000000e-06
5.954345e+03	8.975009863229373e-02	4.551857056350078e-02	3.000000000000000e-08	3.000000000000000e-06
6.007727e+03	8.990126824180004e-02	4.560850857308366e-02	3.000000000000000e-08	3.000000000000000e-06
6.061718e+03	9.005320467117142e-02	4.569891349318218e-02	3.000000000000000e-08	3.000000000000000e-06
6.116334e+03	9.020593632363703e-02	4.578980142607547e-02	3.000000000000000e-08	3.000000000000000e-06
6.171592e+03	9.035949261182481e-02	4.588118906808820e-02	3.000000000000000e-08	3.000000000000000e-06
6.227510e+03	9.051390401475679e-02	4.597309374257875e-02	3.000000000000000e-08	3.000000000000000e-06
6.284104e+03	9.066920213880347e-02	4.606553343522571e-02	3.000000000000000e-08	3.000000000000000e-06
6.341394e+03	9.082541978293887e-02	4.615852683181072e-02	3.000000000000000e-08	3.000000000000000e-06
6.399399e+03	9.098259100867233e-02	4.625209335871561e-02	3.000000000000000e-08	3.000000000000000e-06
6.458140e+03	9.114075121507294e-02	4.634625322637483e-02	3.000000000000000e-08	3.000000000000000e-06
6.517638e+03	9.129993721934604e-02	4.644102747594948e-02	3.000000000000000e-08	3.000000000000000e-06
6.577914e+03	9.146018734347092e-02	4.653643802951783e-02	3.000000000000000e-08	3.000000000000000e-06
6.638994e+03	9.162154150746421e-02	4.663250774410968e-02	3.000000000000000e-08	3.000000000000000e-06
6.700900e+03	9.178404132989662e-02	4.672926046994801e-02	3.000000000000000e-08	3.000000000000000e-06
6.763659e+03	9.194773023636106e-02	4.682672111330248e-02	3.000000000000000e-08	3.000000000000000e-06
6.827297e+03	9.211265357667082e-02	4.692491570440598e-02	3.000000000000000e-08	3.000000000000000e-06
6.891842e+03	9.227885875165738e-02	4.702387147093787e-02	3.000000000000000e-08	3.000000000000000e-06
6.957324e+03	9.244639535054083e-02	4.712361691763779e-02	3.000000000000000e-08	3.000000000000000e-06
7.023775e+03	9.261531529996392e-02	4.722418191268181e-02	3.000000000000000e-08	3.000000000000000e-06
7.091226e+03	9.278567302591520e-02	4.732559778153111e-02	3.000000000000000e-08	3.000000000000000e-06
7.159713e+03	9.295752562992095e-02	4.742789740905202e-02	3.000000000000000e-08	3.000000000000000e-06
7.229271e+03	9.313093308106218e-02	4.753111535080907e-02	3.000000000000000e-08	3.000000000000000e-06
7.299939e+03	9.330595842557624e-02	4.763528795454999e-02	3.000000000000000e-08	3.000000000000000e-06
7.371758e+03	9.348266801603695e-02	4.774045349303756e-02	3.000000000000000e-08	3.000000000000000e-06
7.444770e+03	9.366113176237843e-02	4.784665230953981e-02	3.000000000000000e-08	3.000000000000000e-06
7.519020e+03	9.384142340734121e-02	4.795392697747210e-02	3.000000000000000e-08	3.000000000000000e-06
7.594557e+03	9.402362082928541e-02	4.806232247589582e-02	3.000000000000000e-08	3.000000000000000e-06
7.671431e+03	9.420780637574099e-02	4.817188638282541e-02	3.000000000000000e-08	3.000000000000000e-06
7.749697e+03	9.439406723156422e-02	4.828266908858325e-02	3.000000000000000e-08	3.000000000000000e-06
7.829412e+03	9.458249582615381e-02	4.839472403178113e-02	3.000000000000000e-08	3.000000000000000e-06
7.910637e+03	9.477319028487000e-02	4.850810796090532e-02	3.000000000000000e-08	3.000000000000000e-06
7.993439e+03	9.496625493061356e-02	4.862288122495376e-02	3.000000000000000e-08	3.000000000000000e-06
8.077886e+03	9.516180084248897e-02	4.873910809713281e-02	3.000000000000000e-08	3.000000000000000e-06
8.164053e+03	9.535994647962563e-02	4.885685713628705e-02	3.000000000000000e-08	3.000000000000000e-06
8.252020e+03	9.556081837960873e-02	4.897620159153145e-02	3.000000000000000e-08	3.000000000000000e-06
8.341874e+03	9.576455194262307e-02	4.909721985651203e-02	3.000000000000000e-08	3.000000000000000e-06
8.433707e+03	9.597129231440837e-02	4.921999598087389e-02	3.000000000000000e-08	3.000000000000000e-06
8.527618e+03	9.618119538354078e-02	4.934462024791408e-02	3.000000000000000e-08	3.000000000000000e-06
8.623714e+03	9.639442891149984e-02	4.947118982909904e-02	3.000000000000000e-08	3.000000000000000e-06
8.722113e+03	9.661117381758512e-02	4.959980952821146e-02	3.000000000000000e-08	3.000000000000000e-06
8.822939e+03	9.683162564518448e-02	4.973059263045752e-02	3.000000000000000e-08	3.000000000000000e-06
8.926330e+03	9.705599624139200e-02	4.986366187504340e-02	3.000000000000000e-08	3.000000000000000e-06
9.032436e+03	9.728451568882093e-02	4.999915057368919e-02	3.000000000000000e-08	3.000000000000000e-06
9.141418e+03	9.751743453704351e-02	5.013720390251204e-02	3.000000000000000e-08	3.000000000000000e-06
9.253455e+03	9.775502639193172e-02	5.027798040097900e-02	3.000000000000000e-08	3.000000000000000e-06
9.368744e+03	9.799759093496366e-02	5.042165371960079e-02	3.000000000000000e-08	3.000000000000000e-06
9.487500e+03	9.824545746223812e-02	5.056841466825661e-02	3.000000000000000e-08	3.000000000000000e-06
9.609962e+03	9.849898905579015e-02	5.071847363024564e-02	3.000000000000000e-08	3.000000000000000e-06
9.736397e+03	9.875858752959933e-02	5.087206342438293e-02	3.000000000000000e-08	3.000000000000000e-06
9.867099e+03	9.902469933191609e-02	5.102944272012800e-02	3.000000000000000e-08	3.000000000000000e-06
1.000000e+04	9.929298629893001e-02	5.118804169634479e-02	3.000000000000000e-08	3.000000000000000e-06
1.014027e+04	9.957372273136529e-02	5.135392754593888e-02	3.000000000000000e-08	3.000000000000000e-06
1.028584e+04	9.986246268039986e-02	5.152446403074388e-02	3.000000000000000e-08	3.000000000000000e-06
1.043727e+04	1.001601092033026e-01	5.170017648072293e-02	3.000000000000000e-08	3.000000000000000e-06
1.059510e+04	1.004674655845567e-01	5.188153004116677e-02	3.000000000000000e-08	3.000000000000000e-06
1.075998e+04	1.007854625245540e-01	5.206906368155982e-02	3.000000000000000e-08	3.000000000000000e-06
1.093262e+04	1.011151754411926e-01	5.226340009457640e-02	3.000000000000000e-08	3.000000000000000e-06
1.111388e+04	1.014578576809957e-01	5.246526489801596e-02	3.000000000000000e-08	3.000000000000000e-06
1.130476e+04	1.018149834401032e-01	5.267551144158580e-02	3.000000000000000e-08	3.000000000000000e-06
1.150648e+04	1.021883047659664e-01	5.289515374719986e-02	3.000000000000000e-08	3.000000000000000e-06
1.172047e+04	1.025799286222516e-01	5.312541103654009e-02	3.000000000000000e-08	3.000000000000000e-06
1.194852e+04	1.029924232626110e-01	5.336776918302718e-02	3.000000000000000e-08	3.000000000000000e-06
1.219284e+04	1.034289685957147e-01	5.362406756243474e-02	3.000000000000000e-08	3.000000000000000e-06
1.245623e+04	1.038935746821786e-01	5.389662523308510e-02	3.000000000000000e-08	3.000000000000000e-06
1.274230e+04	1.043914096898547e-01	5.418843028980911e-02	3.000000000000000e-08	3.000000000000000e-06
1.304009e+04	1.049022838211729e-01	5.448761222294411e-02	3.000000000000000e-08	3.000000000000000e-06
1.334361e+04	1.054154877742185e-01	5.478788711295815e-02	3.000000000000000e-08	3.000000000000000e-06
1.365305e+04	1.059312416237591e-01	5.508938096991260e-02	3.000000000000000e-08	3.000000000000000e-06
1.396851e+04	1.064495526118033e-01	5.539209550363836e-02	3.000000000000000e-08	3.000000000000000e-06
1.429009e+04	1.069704321961840e-01	5.569603527255940e-02	3.000000000000000e-08	3.000000000000000e-06
1.461789e+04	1.074938918406643e-01	5.600120519534586e-02	3.000000000000000e-08	3.000000000000000e-06
1.495200e+04	1.080199430977978e-01	5.630761057611385e-02	3.000000000000000e-08	3.000000000000000e-06
1.529254e+04	1.085485976085608e-01	5.661525708164230e-02	3.000000000000000e-08	3.000000000000000e-06
1.563960e+04	1.090798671033664e-01	5.692415072014307e-02	3.000000000000000e-08	3.000000000000000e-06
1.599328e+04	1.096137634028529e-01	5.723429782068513e-02	3.000000000000000e-08	3.000000000000000e-06
1.635371e+04	1.101502984184941e-01	5.754570501333287e-02	3.000000000000000e-08	3.000000000000000e-06
1.672098e+04	1.106894841530511e-01	5.785837921003085e-02	3.000000000000000e-08	3.000000000000000e-06
1.709522e+04	1.112313327008824e-01	5.817232758625879e-02	3.000000000000000e-08	3.000000000000000e-06
1.747653e+04	1.117758562481272e-01	5.848755756347263e-02	3.000000000000000e-08	3.000000000000000e-06
1.786504e+04	1.123230670727790e-01	5.880407679234076e-02	3.000000000000000e-08	3.000000000000000e-06
1.826087e+04	1.128729775446621e-01	5.912189313677832e-02	3.000000000000000e-08	3.000000000000000e-06
1.866413e+04	1.134256001253250e-01	5.944101465877692e-02	3.000000000000000e-08	3.000000000000000e-06
1.907495e+04	1.139809473678618e-01	5.976144960402257e-02	3.000000000000000e-08	3.000000000000000e-06
1.949347e+04	1.145390319166734e-01	6.008320638829058e-02	3.000000000000000e-08	3.000000000000000e-06
1.991981e+04	1.150998665071792e-01	6.040629358460271e-02	3.000000000000000e-08	3.000000000000000e-06
2.035410e+04	1.156634639654861e-01	6.073071991112891e-02	3.000000000000000e-08	3.000000000000000e-06
2.079647e+04	1.162298372080265e-01	6.105649421981386e-02	3.000000000000000e-08	3.000000000000000e-06
2.124708e+04	1.167989992411695e-01	6.138362548570612e-02	3.000000000000000e-08	3.000000000000000e-06
2.170605e+04	1.173709631608148e-01	6.171212279696690e-02	3.000000000000000e-08	3.000000000000000e-06
2.217353e+04	1.179457421519728e-01	6.204199534553342e-02	3.000000000000000e-08	3.000000000000000e-06
2.264966e+04	1.185233494883390e-01	6.237325241841191e-02	3.000000000000000e-08	3.000000000000000e-06
2.313460e+04	1.191037985318647e-01	6.270590338957395e-02	3.000000000000000e-08	3.000000000000000e-06
2.362850e+04	1.196871027323300e-01	6.303995771243016e-02	3.000000000000000e-08	3.000000000000000e-06
2.413151e+04	1.202732756269215e-01	6.337542491285479e-02	3.000000000000000e-08	3.000000000000000e-06
2.464378e+04	1.208623308398199e-01	6.371231458273507e-02	3.000000000000000e-08	3.000000000000000e-06
2.516549e+04	1.214542820817968e-01	6.405063637401928e-02	3.000000000000000e-08	3.000000000000000e-06
2.569678e+04	1.220491431498268e-01	6.439039999323805e-02	3.000000000000000e-08	3.000000000000000e-06
2.623784e+04	1.226469279267136e-01	6.473161519647386e-02	3.000000000000000e-08	3.000000000000000e-06
2.678882e+04	1.232476503807344e-01	6.507429178475428e-02	3.000000000000000e-08	3.000000000000000e-06
2.734991e+04	1.238513245653019e-01	6.541843959984506e-02	3.000000000000000e-08	3.000000000000000e-06
2.792128e+04	1.244579646186460e-01	6.576406852042031e-02	3.000000000000000e-08	3.000000000000000e-06
2.850310e+04	1.250675847635163e-01	6.611118845858725e-02	3.000000000000000e-08	3.000000000000000e-06
2.909556e+04	1.256801993069048e-01	6.645980935674424e-02	3.000000000000000e-08	3.000000000000000e-06
2.969886e+04	1.262958226397910e-01	6.680994118475157e-02	3.000000000000000e-08	3.000000000000000e-06
3.031317e+04	1.269144692369078e-01	6.716159393739504e-02	3.000000000000000e-08	3.000000000000000e-06
3.093868e+04	1.275361536565302e-01	6.751477763212375e-02	3.000000000000000e-08	3.000000000000000e-06
3.157561e+04	1.281608905402855e-01	6.786950230704378e-02	3.000000000000000e-08	3.000000000000000e-06
3.222415e+04	1.287886946129854e-01	6.822577801915085e-02	3.000000000000000e-08	3.000000000000000e-06
3.288449e+04	1.294195806824800e-01	6.858361484278550e-02	3.000000000000000e-08	3.000000000000000e-06
3.355686e+04	1.300535636395331e-01	6.894302286829533e-02	3.000000000000000e-08	3.000000000000000e-06
3.424146e+04	1.306906584577192e-01	6.930401220088957e-02	3.000000000000000e-08	3.000000000000000e-06
3.493851e+04	1.313308801933408e-01	6.966659295967206e-02	3.000000000000000e-08	3.000000000000000e-06
3.564823e+04	1.319742439853661e-01	7.003077527683968e-02	3.000000000000000e-08	3.000000000000000e-06
3.637083e+04	1.326207650553874e-01	7.039656929703349e-02	3.000000000000000e-08	3.000000000000000e-06
3.710656e+04	1.332704587075984e-01	7.076398517683125e-02	3.000000000000000e-08	3.000000000000000e-06
3.785563e+04	1.339233403287904e-01	7.113303308436991e-02	3.000000000000000e-08	3.000000000000000e-06
3.861830e+04	1.345794253883678e-01	7.150372319908822e-02	3.000000000000000e-08	3.000000000000000e-06
3.939479e+04	1.352387294383807e-01	7.187606571157916e-02	3.000000000000000e-08	3.000000000000000e-06
4.018536e+04	1.359012681135758e-01	7.225007082354350e-02	3.000000000000000e-08	3.000000000000000e-06
4.099024e+04	1.365670571314634e-01	7.262574874783577e-02	3.000000000000000e-08	3.000000000000000e-06
4.180971e+04	1.372361122924013e-01	7.300310970859467e-02	3.000000000000000e-08	3.000000000000000e-06
4.264400e+04	1.379084494796946e-01	7.338216394145033e-02	3.000000000000000e-08	3.000000000000000e-06
4.349340e+04	1.385840846597103e-01	7.376292169380166e-02	3.000000000000000e-08	3.000000000000000e-06
4.435816e+04	1.392630338820074e-01	7.414539322515690e-02	3.000000000000000e-08	3.000000000000000e-06
4.523856e+04	1.399453132794806e-01	7.452958880753177e-02	3.000000000000000e-08	3.000000000000000e-06
4.613487e+04	1.406309390685183e-01	7.491551872589912e-02	3.000000000000000e-08	3.000000000000000e-06
4.704738e+04	1.413199275491735e-01	7.530319327868505e-02	3.000000000000000e-08	3.000000000000000e-06
4.797638e+04	1.420122951053476e-01	7.569262277830655e-02	3.000000000000000e-08	3.000000000000000e-06
4.892216e+04	1.427080582049869e-01	7.608381755174611e-02	3.000000000000000e-08	3.000000000000000e-06
4.988502e+04	1.434072334002903e-01	7.647678794115918e-02	3.000000000000000e-08	3.000000000000000e-06
5.086525e+04	1.441098373279288e-01	7.687154430451043e-02	3.000000000000000e-08	3.000000000000000e-06
5.186318e+04	1.448158867092763e-01	7.726809701623534e-02	3.000000000000000e-08	3.000000000000000e-06
5.287911e+04	1.455253983506503e-01	7.766645646792372e-02	3.000000000000000e-08	3.000000000000000e-06
5.391337e+04	1.462383891435633e-01	7.806663306902223e-02	3.000000000000000e-08	3.000000000000000e-06
5.496628e+04	1.469548760649842e-01	7.846863724755283e-02	3.000000000000000e-08	3.000000000000000e-06
5.603818e+04	1.476748761776083e-01	7.887247945084487e-02	3.000000000000000e-08	3.000000000000000e-06
5.712939e+04	1.483984066301374e-01	7.927817014627817e-02	3.000000000000000e-08	3.000000000000000e-06
5.824028e+04	1.491254846575682e-01	7.968571982203507e-02	3.000000000000000e-08	3.000000000000000e-06
5.937117e+04	1.498561275814888e-01	8.009513898785947e-02	3.000000000000000e-08	3.000000000000000e-06
6.052245e+04	1.505903528103842e-01	8.050643817582087e-02	3.000000000000000e-08	3.000000000000000e-06
6.169445e+04	1.513281778399486e-01	8.091962794108193e-02	3.000000000000000e-08	3.000000000000000e-06
6.288757e+04	1.520696202534063e-01	8.133471886266798e-02	3.000000000000000e-08	3.000000000000000e-06
6.410216e+04	1.528146977218391e-01	8.175172154423706e-02	3.000000000000000e-08	3.000000000000000e-06
6.533862e+04	1.535634280045211e-01	8.217064661484934e-02	3.000000000000000e-08	3.000000000000000e-06
6.659733e+04	1.543158289492600e-01	8.259150472973477e-02	3.000000000000000e-08	3.000000000000000e-06
6.787870e+04	1.550719184927457e-01	8.301430657105791e-02	3.000000000000000e-08	3.000000000000000e-06
6.918311e+04	1.558317146609038e-01	8.343906284867918e-02	3.000000000000000e-08	3.000000000000000e-06
7.051100e+04	1.565952355692570e-01	8.386578430091152e-02	3.000000000000000e-08	3.000000000000000e-06
7.186277e+04	1.573624994232912e-01	8.429448169527198e-02	3.000000000000000e-08	3.000000000000000e-06
7.323885e+04	1.581335245188273e-01	8.472516582922750e-02	3.000000000000000e-08	3.000000000000000e-06
7.463968e+04	1.589083292423996e-01	8.515784753093418e-02	3.000000000000000e-08	3.000000000000000e-06
7.606569e+04	1.596869320716383e-01	8.559253765997006e-02	3.000000000000000e-08	3.000000000000000e-06
7.751734e+04	1.604693515756581e-01	8.602924710806026e-02	3.000000000000000e-08	3.000000000000000e-06
7.899508e+04	1.612556064154517e-01	8.646798679979487e-02	3.000000000000000e-08	3.000000000000000e-06
8.049938e+04	1.620457153442878e-01	8.690876769333870e-02	3.000000000000000e-08	3.000000000000000e-06
8.203071e+04	1.628396972081144e-01	8.735160078113317e-02	3.000000000000000e-08	3.000000000000000e-06
8.358956e+04	1.636375709459666e-01	8.779649709058963e-02	3.000000000000000e-08	3.000000000000000e-06
8.517641e+04	1.644393555903789e-01	8.824346768477428e-02	3.000000000000000e-08	3.000000000000000e-06
8.679177e+04	1.652450702678014e-01	8.869252366308462e-02	3.000000000000000e-08	3.000000000000000e-06
8.843615e+04	1.660547341990216e-01	8.914367616191710e-02	3.000000000000000e-08	3.000000000000000e-06
9.011007e+04	1.668683666995892e-01	8.959693635532599e-02	3.000000000000000e-08	3.000000000000000e-06
9.181404e+04	1.676859871802454e-01	9.005231545567378e-02	3.000000000000000e-08	3.000000000000000e-06
9.354861e+04	1.685076151473563e-01	9.050982471427255e-02	3.000000000000000e-08	3.000000000000000e-06
9.531433e+04	1.693332702033504e-01	9.096947542201682e-02	3.000000000000000e-08	3.000000000000000e-06
9.711175e+04	1.701629720471592e-01	9.143127891000780e-02	3.000000000000000e-08	3.000000000000000e-06
9.894144e+04	1.709967404746629e-01	9.189524655016890e-02	3.000000000000000e-08	3.000000000000000e-06
1.000000e+05	1.714734308879405e-01	9.216046457790149e-02	3.000000000000000e-08	3.000000000000000e-06
1.018960e+05	1.723200650975241e-01	9.263143588067874e-02	3.000000000000000e-08	3.000000000000000e-06
1.038112e+05	1.731642912125667e-01	9.310097000185098e-02	3.000000000000000e-08	3.000000000000000e-06
1.057612e+05	1.740127716118348e-01	9.357277386670640e-02	3.000000000000000e-08	3.000000000000000e-06
1.077461e+05	1.748654083867410e-01	9.404679332058699e-02	3.000000000000000e-08	3.000000000000000e-06
1.097666e+05	1.757222239838846e-01	9.452304114287408e-02	3.000000000000000e-08	3.000000000000000e-06
1.118234e+05	1.765832388107399e-01	9.500152896802953e-02	3.000000000000000e-08	3.000000000000000e-06
1.139170e+05	1.774484734132639e-01	9.548226849688771e-02	3.000000000000000e-08	3.000000000000000e-06
1.160483e+05	1.783179484376472e-01	9.596527147567237e-02	3.000000000000000e-08	3.000000000000000e-06
1.182178e+05	1.791916846314813e-01	9.645054969691989e-02	3.000000000000000e-08	3.000000000000000e-06
1.204262e+05	1.800697028442270e-01	9.693811500000574e-02	3.000000000000000e-08	3.000000000000000e-06
1.226742e+05	1.809520240276996e-01	9.742797927167106e-02	3.000000000000000e-08	3.000000000000000e-06
1.249625e+05	1.818386692365561e-01	9.792015444654253e-02	3.000000000000000e-08	3.000000000000000e-06
1.272919e+05	1.827296596287865e-01	9.841465250764589e-02	3.000000000000000e-08	3.000000000000000e-06
1.296631e+05	1.836250164662074e-01	9.891148548691300e-02	3.000000000000000e-08	3.000000000000000e-06
1.320768e+05	1.845247611149587e-01	9.941066546568314e-02	3.000000000000000e-08	3.000000000000000e-06
1.345338e+05	1.854289150460042e-01	9.991220457519823e-02	3.000000000000000e-08	3.000000000000000e-06
1.370348e+05	1.863374998356341e-01	1.004161149970925e-01	3.000000000000000e-08	3.000000000000000e-06
1.395807e+05	1.872505371659715e-01	1.009224089638769e-01	3.000000000000000e-08	3.000000000000000e-06
1.421723e+05	1.881680488254812e-01	1.014310987594175e-01	3.000000000000000e-08	3.000000000000000e-06
1.448103e+05	1.890900567094817e-01	1.019421967194102e-01	3.000000000000000e-08	3.000000000000000e-06
1.474956e+05	1.900165828206607e-01	1.024557152318489e-01	3.000000000000000e-08	3.000000000000000e-06
1.502291e+05	1.909476492695923e-01	1.029716667374902e-01	3.000000000000000e-08	3.000000000000000e-06
1.530116e+05	1.918832782752589e-01	1.034900637303130e-01	3.000000000000000e-08	3.000000000000000e-06
1.558440e+05	1.928234921655743e-01	1.040109187579742e-01	3.000000000000000e-08	3.000000000000000e-06
1.587272e+05	1.937683133779106e-01	1.045342444222596e-01	3.000000000000000e-08	3.000000000000000e-06
1.616620e+05	1.947177644596286e-01	1.050600533795315e-01	3.000000000000000e-08	3.000000000000000e-06
1.646495e+05	1.956718680686097e-01	1.055883583411720e-01	3.000000000000000e-08	3.000000000000000e-06
1.676906e+05	1.966306469737919e-01	1.061191720740230e-01	3.000000000000000e-08	3.000000000000000e-06
1.707861e+05	1.975941240557081e-01	1.066525074008225e-01	3.000000000000000e-08	3.000000000000000e-06
1.739372e+05	1.985623223070276e-01	1.071883772006380e-01	3.000000000000000e-08	3.000000000000000e-06
1.771447e+05	1.995352648331006e-01	1.077267944092959e-01	3.000000000000000e-08	3.000000000000000e-06
1.804098e+05	2.005129748525050e-01	1.082677720198090e-01	3.000000000000000e-08	3.000000000000000e-06
1.837334e+05	2.014954756975969e-01	1.088113230828002e-01	3.000000000000000e-08	3.000000000000000e-06
1.871166e+05	2.024827908150636e-01	1.093574607069245e-01	3.000000000000000e-08	3.000000000000000e-06
1.905604e+05	2.034749437664793e-01	1.099061980592874e-01	3.000000000000000e-08	3.000000000000000e-06
1.940659e+05	2.044719582288645e-01	1.104575483658617e-01	3.000000000000000e-08	3.000000000000000e-06
1.976344e+05	2.054738579952470e-01	1.110115249119017e-01	3.000000000000000e-08	3.000000000000000e-06
2.012667e+05	2.064806669752275e-01	1.115681410423553e-01	3.000000000000000e-08	3.000000000000000e-06
2.049642e+05	2.074924091955467e-01	1.121274101622745e-01	3.000000000000000e-08	3.000000000000000e-06
2.087280e+05	2.085091088006561e-01	1.126893457372233e-01	3.000000000000000e-08	3.000000000000000e-06
2.125593e+05	2.095307900532913e-01	1.132539612936843e-01	3.000000000000000e-08	3.000000000000000e-06
2.164592e+05	2.105574773350488e-01	1.138212704194639e-01	3.000000000000000e-08	3.000000000000000e-06
2.204291e+05	2.115891951469650e-01	1.143912867640959e-01	3.000000000000000e-08	3.000000000000000e-06
2.244702e+05	2.126259681100990e-01	1.149640240392432e-01	3.000000000000000e-08	3.000000000000000e-06
2.285836e+05	2.136678209661177e-01	1.155394960190987e-01	3.000000000000000e-08	3.000000000000000e-06
2.327709e+05	2.147147785778841e-01	1.161177165407854e-01	3.000000000000000e-08	3.000000000000000e-06
2.370332e+05	2.157668659300486e-01	1.166986995047543e-01	3.000000000000000e-08	3.000000000000000e-06
2.413719e+05	2.168241081296435e-01	1.172824588751830e-01	3.000000000000000e-08	3.000000000000000e-06
2.457884e+05	2.178865304066800e-01	1.178690086803715e-01	3.000000000000000e-08	3.000000000000000e-06
2.502841e+05	2.189541581147487e-01	1.184583630131392e-01	3.000000000000000e-08	3.000000000000000e-06
2.548604e+05	2.200270167316228e-01	1.190505360312197e-01	3.000000000000000e-08	3.000000000000000e-06
2.595188e+05	2.211051318598645e-01	1.196455419576557e-01	3.000000000000000e-08	3.000000000000000e-06
2.642607e+05	2.221885292274343e-01	1.202433950811938e-01	3.000000000000000e-08	3.000000000000000e-06
2.690876e+05	2.232772346883037e-01	1.208441097566780e-01	3.000000000000000e-08	3.000000000000000e-06
2.740011e+05	2.243712742230704e-01	1.214477004054435e-01	3.000000000000000e-08	3.000000000000000e-06
2.790026e+05	2.254706739395769e-01	1.220541815157102e-01	3.000000000000000e-08	3.000000000000000e-06
2.840939e+05	2.265754600735325e-01	1.226635676429757e-01	3.000000000000000e-08	3.000000000000000e-06
2.892765e+05	2.276856589891376e-01	1.232758734104089e-01	3.000000000000000e-08	3.000000000000000e-06
2.945520e+05	2.288012971797120e-01	1.238911135092427e-01	3.000000000000000e-08	3.000000000000000e-06
2.999221e+05	2.299224012683253e-01	1.245093026991678e-01	3.000000000000000e-08	3.000000000000000e-06
3.053885e+05	2.310489980084320e-01	1.251304558087253e-01	3.000000000000000e-08	3.000000000000000e-06
3.109530e+05	2.321811142845076e-01	1.257545877357012e-01	3.000000000000000e-08	3.000000000000000e-06
3.166173e+05	2.333187771126900e-01	1.263817134475194e-01	3.000000000000000e-08	3.000000000000000e-06
3.223832e+05	2.344620136414225e-01	1.270118479816363e-01	3.000000000000000e-08	3.000000000000000e-06
3.282525e+05	2.356108511521010e-01	1.276450064459352e-01	3.000000000000000e-08	3.000000000000000e-06
3.342270e+05	2.367653170597236e-01	1.282812040191214e-01	3.000000000000000e-08	3.000000000000000e-06
3.403088e+05	2.379254389135443e-01	1.289204559511175e-01	3.000000000000000e-08	3.000000000000000e-06
3.464996e+05	2.390912443977290e-01	1.295627775634596e-01	3.000000000000000e-08	3.000000000000000e-06
3.528016e+05	2.402627613320153e-01	1.302081842496939e-01	3.000000000000000e-08	3.000000000000000e-06
3.592165e+05	2.414400176723756e-01	1.308566914757739e-01	3.000000000000000e-08	3.000000000000000e-06
3.657466e+05	2.426230415116832e-01	1.315083147804587e-01	3.000000000000000e-08	3.000000000000000e-06
3.723938e+05	2.438118610803816e-01	1.321630697757113e-01	3.000000000000000e-08	3.000000000000000e-06
3.791603e+05	2.450065047471578e-01	1.328209721470988e-01	3.000000000000000e-08	3.000000000000000e-06
3.860483e+05	2.462070010196180e-01	1.334820376541924e-01	3.000000000000000e-08	3.000000000000000e-06
3.930598e+05	2.474133785449669e-01	1.341462821309686e-01	3.000000000000000e-08	3.000000000000000e-06
4.001971e+05	2.486256661106911e-01	1.348137214862120e-01	3.000000000000000e-08	3.000000000000000e-06
4.074625e+05	2.498438926452446e-01	1.354843717039182e-01	3.000000000000000e-08	3.000000000000000e-06
4.148584e+05	2.510680872187387e-01	1.361582488436980e-01	3.000000000000000e-08	3.000000000000000e-06
4.223869e+05	2.522982790436351e-01	1.368353690411830e-01	3.000000000000000e-08	3.000000000000000e-06
4.300506e+05	2.535344974754415e-01	1.375157485084317e-01	3.000000000000000e-08	3.000000000000000e-06
4.378519e+05	2.547767720134121e-01	1.381994035343373e-01	3.000000000000000e-08	3.000000000000000e-06
4.457932e+05	2.560251323012505e-01	1.388863504850365e-01	3.000000000000000e-08	3.000000000000000e-06
4.538770e+05	2.572796081278160e-01	1.395766058043193e-01	3.000000000000000e-08	3.000000000000000e-06
4.621060e+05	2.585402294278347e-01	1.402701860140399e-01	3.000000000000000e-08	3.000000000000000e-06
4.704827e+05	2.598070262826118e-01	1.409671077145297e-01	3.000000000000000e-08	3.000000000000000e-06
4.790099e+05	2.610800289207498e-01	1.416673875850109e-01	3.000000000000000e-08	3.000000000000000e-06
4.876901e+05	2.623592677188686e-01	1.423710423840111e-01	3.000000000000000e-08	3.000000000000000e-06
4.965262e+05	2.636447732023298e-01	1.430780889497805e-01	3.000000000000000e-08	3.000000000000000e-06
5.055210e+05	2.649365760459643e-01	1.437885442007091e-01	3.000000000000000e-08	3.000000000000000e-06
5.146773e+05	2.662347070748036e-01	1.445024251357466e-01	3.000000000000000e-08	3.000000000000000e-06
5.239981e+05	2.675391972648152e-01	1.452197488348226e-01	3.000000000000000e-08	3.000000000000000e-06
5.334863e+05	2.688500777436404e-01	1.459405324592690e-01	3.000000000000000e-08	3.000000000000000e-06
5.431449e+05	2.701673797913365e-01	1.466647932522439e-01	3.000000000000000e-08	3.000000000000000e-06
5.529770e+05	2.714911348411232e-01	1.473925485391566e-01	3.000000000000000e-08	3.000000000000000e-06
5.629857e+05	2.728213744801311e-01	1.481238157280947e-01	3.000000000000000e-08	3.000000000000000e-06
5.731743e+05	2.741581304501555e-01	1.488586123102519e-01	3.000000000000000e-08	3.000000000000000e-06
5.835459e+05	2.755014346484129e-01	1.495969558603590e-01	3.000000000000000e-08	3.000000000000000e-06
5.941039e+05	2.768513191283012e-01	1.503388640371146e-01	3.000000000000000e-08	3.000000000000000e-06
6.048515e+05	2.782078161001647e-01	1.510843545836188e-01	3.000000000000000e-08	3.000000000000000e-06
6.157924e+05	2.795709579320613e-01	1.518334453278083e-01	3.000000000000000e-08	3.000000000000000e-06
6.269298e+05	2.809407771505344e-01	1.525861541828929e-01	3.000000000000000e-08	3.000000000000000e-06
6.382674e+05	2.823173064413890e-01	1.533424991477939e-01	3.000000000000000e-08	3.000000000000000e-06
6.498088e+05	2.837005786504698e-01	1.541024983075842e-01	3.000000000000000e-08	3.000000000000000e-06
6.615577e+05	2.850906267844457e-01	1.548661698339306e-01	3.000000000000000e-08	3.000000000000000e-06
6.735177e+05	2.864874840115960e-01	1.556335319855369e-01	3.000000000000000e-08	3.000000000000000e-06
6.856928e+05	2.878911836626011e-01	1.564046031085898e-01	3.000000000000000e-08	3.000000000000000e-06
6.980868e+05	2.893017592313376e-01	1.571794016372063e-01	3.000000000000000e-08	3.000000000000000e-06
7.107036e+05	2.907192443756769e-01	1.579579460938824e-01	3.000000000000000e-08	3.000000000000000e-06
7.235473e+05	2.921436729182873e-01	1.587402550899450e-01	3.000000000000000e-08	3.000000000000000e-06
7.366219e+05	2.935750788474409e-01	1.595263473260037e-01	3.000000000000000e-08	3.000000000000000e-06
7.499317e+05	2.950134963178236e-01	1.603162415924068e-01	3.000000000000000e-08	3.000000000000000e-06
7.634809e+05	2.964589596513499e-01	1.611099567696971e-01	3.000000000000000e-08	3.000000000000000e-06
7.772738e+05	2.979115033379806e-01	1.619075118290714e-01	3.000000000000000e-08	3.000000000000000e-06
7.913147e+05	2.993711620365458e-01	1.627089258328404e-01	3.000000000000000e-08	3.000000000000000e-06
8.056083e+05	3.008379705755711e-01	1.635142179348920e-01	3.000000000000000e-08	3.000000000000000e-06
8.201591e+05	3.023119639541077e-01	1.643234073811556e-01	3.000000000000000e-08	3.000000000000000e-06
8.349716e+05	3.037931773425672e-01	1.651365135100686e-01	3.000000000000000e-08	3.000000000000000e-06
8.500507e+05	3.052816460835603e-01	1.659535557530455e-01	3.000000000000000e-08	3.000000000000000e-06
8.654011e+05	3.067774056927393e-01	1.667745536349483e-01	3.000000000000000e-08	3.000000000000000e-06
8.810277e+05	3.082804918596446e-01	1.675995267745593e-01	3.000000000000000e-08	3.000000000000000e-06
8.969356e+05	3.097909404485564e-01	1.684284948850560e-01	3.000000000000000e-08	3.000000000000000e-06
9.131299e+05	3.113087874993493e-01	1.692614777744881e-01	3.000000000000000e-08	3.000000000000000e-06
9.296156e+05	3.128340692283517e-01	1.700984953462565e-01	3.000000000000000e-08	3.000000000000000e-06
9.463982e+05	3.143668220292094e-01	1.709395675995946e-01	3.000000000000000e-08	3.000000000000000e-06
9.634828e+05	3.159070824737534e-01	1.717847146300515e-01	3.000000000000000e-08	3.000000000000000e-06
9.808751e+05	3.174548873128718e-01	1.726339566299774e-01	3.000000000000000e-08	3.000000000000000e-06
9.985806e+05	3.190102734773860e-01	1.734873138890116e-01	3.000000000000000e-08	3.000000000000000e-06
1.000000e+06	3.191336379491094e-01	1.735549952348857e-01	3.000000000000000e-08	3.000000000000000e-06
1.018349e+06	3.207230964094321e-01	1.744269973773075e-01	3.000000000000000e-08	3.000000000000000e-06
1.036724e+06	3.222940291954131e-01	1.752887917150173e-01	3.000000000000000e-08	3.000000000000000e-06
1.055435e+06	3.238731261240262e-01	1.761550211285647e-01	3.000000000000000e-08	3.000000000000000e-06
1.074483e+06	3.254599491741884e-01	1.770254453420446e-01	3.000000000000000e-08	3.000000000000000e-06
1.093875e+06	3.270545446992773e-01	1.779000898069563e-01	3.000000000000000e-08	3.000000000000000e-06
1.113615e+06	3.286569505944572e-01	1.787789753334623e-01	3.000000000000000e-08	3.000000000000000e-06
1.133712e+06	3.302672050954821e-01	1.796621229171864e-01	3.000000000000000e-08	3.000000000000000e-06
1.154170e+06	3.318853466225376e-01	1.805495536535594e-01	3.000000000000000e-08	3.000000000000000e-06
1.174997e+06	3.335114137839617e-01	1.814412887398660e-01	3.000000000000000e-08	3.000000000000000e-06
1.196200e+06	3.351454453771148e-01	1.823373494757272e-01	3.000000000000000e-08	3.000000000000000e-06
1.217784e+06	3.367874803893061e-01	1.832377572636141e-01	3.000000000000000e-08	3.000000000000000e-06
1.239758e+06	3.384375579987229e-01	1.841425336093629e-01	3.000000000000000e-08	3.000000000000000e-06
1.262128e+06	3.400957175753651e-01	1.850517001226924e-01	3.000000000000000e-08	3.000000000000000e-06
1.284901e+06	3.417619986819833e-01	1.859652785177239e-01	3.000000000000000e-08	3.000000000000000e-06
1.308085e+06	3.434364410750227e-01	1.868832906135039e-01	3.000000000000000e-08	3.000000000000000e-06
1.331686e+06	3.451190847055709e-01	1.878057583345285e-01	3.000000000000000e-08	3.000000000000000e-06
1.355714e+06	3.468099697203103e-01	1.887327037112707e-01	3.000000000000000e-08	3.000000000000000e-06
1.380174e+06	3.485091364624754e-01	1.896641488807100e-01	3.000000000000000e-08	3.000000000000000e-06
1.405076e+06	3.502166254728149e-01	1.906001160868648e-01	3.000000000000000e-08	3.000000000000000e-06
1.430427e+06	3.519324774905580e-01	1.915406276813263e-01	3.000000000000000e-08	3.000000000000000e-06
1.456235e+06	3.536567334543861e-01	1.924857061237965e-01	3.000000000000000e-08	3.000000000000000e-06
1.482509e+06	3.553894345034088e-01	1.934353739826269e-01	3.000000000000000e-08	3.000000000000000e-06
1.509257e+06	3.571306219781447e-01	1.943896539353612e-01	3.000000000000000e-08	3.000000000000000e-06
1.536487e+06	3.588803374215071e-01	1.953485687692796e-01	3.000000000000000e-08	3.000000000000000e-06
1.564209e+06	3.606386225797948e-01	1.963121413819459e-01	3.000000000000000e-08	3.000000000000000e-06
1.592431e+06	3.624055194036870e-01	1.972803947817578e-01	3.000000000000000e-08	3.000000000000000e-06
1.621162e+06	3.641810700492442e-01	1.982533520884983e-01	3.000000000000000e-08	3.000000000000000e-06
1.650413e+06	3.659653168789124e-01	1.992310365338916e-01	3.000000000000000e-08	3.000000000000000e-06
1.680191e+06	3.677583024625343e-01	2.002134714621598e-01	3.000000000000000e-08	3.000000000000000e-06
1.710506e+06	3.695600695783632e-01	2.012006803305835e-01	3.000000000000000e-08	3.000000000000000e-06
1.741369e+06	3.713706612140840e-01	2.021926867100643e-01	3.000000000000000e-08	3.000000000000000e-06
1.772790e+06	3.731901205678372e-01	2.031895142856905e-01	3.000000000000000e-08	3.000000000000000e-06
1.804777e+06	3.750184910492495e-01	2.041911868573050e-01	3.000000000000000e-08	3.000000000000000e-06
1.837343e+06	3.768558162804688e-01	2.051977283400760e-01	3.000000000000000e-08	3.000000000000000e-06
1.870497e+06	3.787021400972038e-01	2.062091627650706e-01	3.000000000000000e-08	3.000000000000000e-06
1.904249e+06	3.805575065497701e-01	2.072255142798310e-01	3.000000000000000e-08	3.000000000000000e-06
1.938611e+06	3.824219599041394e-01	2.082468071489533e-01	3.000000000000000e-08	3.000000000000000e-06
1.973594e+06	3.842955446429955e-01	2.092730657546691e-01	3.000000000000000e-08	3.000000000000000e-06
2.009209e+06	3.861783054667954e-01	2.103043145974298e-01	3.000000000000000e-08	3.000000000000000e-06
2.045468e+06	3.880702872948339e-01	2.113405782964944e-01	3.000000000000000e-08	3.000000000000000e-06
2.082382e+06	3.899715352663157e-01	2.123818815905183e-01	3.000000000000000e-08	3.000000000000000e-06
2.119963e+06	3.918820947414311e-01	2.134282493381471e-01	3.000000000000000e-08	3.000000000000000e-06
2.158223e+06	3.938020113024376e-01	2.144797065186116e-01	3.000000000000000e-08	3.000000000000000e-06
2.197176e+06	3.957313307547469e-01	2.155362782323265e-01	3.000000000000000e-08	3.000000000000000e-06
2.236832e+06	3.976700991280168e-01	2.165979897014912e-01	3.000000000000000e-08	3.000000000000000e-06
2.277205e+06	3.996183626772489e-01	2.176648662706943e-01	3.000000000000000e-08	3.000000000000000e-06
2.318308e+06	4.015761678838911e-01	2.187369334075203e-01	3.000000000000000e-08	3.000000000000000e-06
2.360155e+06	4.035435614569464e-01	2.198142167031597e-01	3.000000000000000e-08	3.000000000000000e-06
2.402758e+06	4.055205903340861e-01	2.208967418730215e-01	3.000000000000000e-08	3.000000000000000e-06
2.446132e+06	4.075073016827690e-01	2.219845347573492e-01	3.000000000000000e-08	3.000000000000000e-06
2.490290e+06	4.095037429013663e-01	2.230776213218389e-01	3.000000000000000e-08	3.000000000000000e-06
2.535247e+06	4.115099616202914e-01	2.241760276582614e-01	3.000000000000000e-08	3.000000000000000e-06
2.581018e+06	4.135260057031356e-01	2.252797799850866e-01	3.000000000000000e-08	3.000000000000000e-06
2.627617e+06	4.155519232478095e-01	2.263889046481107e-01	3.000000000000000e-08	3.000000000000000e-06
2.675059e+06	4.175877625876894e-01	2.275034281210872e-01	3.000000000000000e-08	3.000000000000000e-06
2.723360e+06	4.196335722927700e-01	2.286233770063601e-01	3.000000000000000e-08	3.000000000000000e-06
2.772534e+06	4.216894011708225e-01	2.297487780355005e-01	3.000000000000000e-08	3.000000000000000e-06
2.822599e+06	4.237552982685580e-01	2.308796580699464e-01	3.000000000000000e-08	3.000000000000000e-06
2.873571e+06	4.258313128727971e-01	2.320160441016450e-01	3.000000000000000e-08	3.000000000000000e-06
2.925465e+06	4.279174945116450e-01	2.331579632536990e-01	3.000000000000000e-08	3.000000000000000e-06
2.978298e+06	4.300138929556722e-01	2.343054427810148e-01	3.000000000000000e-08	3.000000000000000e-06
3.032088e+06	4.321205582191017e-01	2.354585100709550e-01	3.000000000000000e-08	3.000000000000000e-06
3.086853e+06	4.342375405610008e-01	2.366171926439931e-01	3.000000000000000e-08	3.000000000000000e-06
3.142609e+06	4.363648904864797e-01	2.377815181543719e-01	3.000000000000000e-08	3.000000000000000e-06
3.199375e+06	4.385026587478956e-01	2.389515143907649e-01	3.000000000000000e-08	3.000000000000000e-06
3.257170e+06	4.406508963460630e-01	2.401272092769407e-01	3.000000000000000e-08	3.000000000000000e-06
3.316011e+06	4.428096545314693e-01	2.413086308724308e-01	3.000000000000000e-08	3.000000000000000e-06
3.375919e+06	4.449789848054970e-01	2.424958073732006e-01	3.000000000000000e-08	3.000000000000000e-06
3.436912e+06	4.471589389216514e-01	2.436887671123235e-01	3.000000000000000e-08	3.000000000000000e-06
3.499010e+06	4.493495688867950e-01	2.448875385606585e-01	3.000000000000000e-08	3.000000000000000e-06
3.562234e+06	4.515509269623867e-01	2.460921503275304e-01	3.000000000000000e-08	3.000000000000000e-06
3.626604e+06	4.537630656657284e-01	2.473026311614144e-01	3.000000000000000e-08	3.000000000000000e-06
3.692140e+06	4.559860377712172e-01	2.485190099506226e-01	3.000000000000000e-08	3.000000000000000e-06
3.758865e+06	4.582198963116031e-01	2.497413157239953e-01	3.000000000000000e-08	3.000000000000000e-06
3.826799e+06	4.604646945792539e-01	2.509695776515942e-01	3.000000000000000e-08	3.000000000000000e-06
3.895965e+06	4.627204861274257e-01	2.522038250453998e-01	3.000000000000000e-08	3.000000000000000e-06
3.966386e+06	4.649873247715396e-01	2.534440873600123e-01	3.000000000000000e-08	3.000000000000000e-06
4.038083e+06	4.672652645904650e-01	2.546903941933552e-01	3.000000000000000e-08	3.000000000000000e-06
4.111081e+06	4.695543599278085e-01	2.559427752873824e-01	3.000000000000000e-08	3.000000000000000e-06
4.185403e+06	4.718546653932102e-01	2.572012605287894e-01	3.000000000000000e-08	3.000000000000000e-06
4.261074e+06	4.741662358636454e-01	2.584658799497274e-01	3.000000000000000e-08	3.000000000000000e-06
4.338117e+06	4.764891264847326e-01	2.597366637285207e-01	3.000000000000000e-08	3.000000000000000e-06
4.416558e+06	4.788233926720489e-01	2.610136421903876e-01	3.000000000000000e-08	3.000000000000000e-06
4.496423e+06	4.811690901124510e-01	2.622968458081656e-01	3.000000000000000e-08	3.000000000000000e-06
4.577737e+06	4.835262747654027e-01	2.635863052030386e-01	3.000000000000000e-08	3.000000000000000e-06
4.660526e+06	4.858950028643092e-01	2.648820511452692e-01	3.000000000000000e-08	3.000000000000000e-06
4.744819e+06	4.882753309178580e-01	2.661841145549332e-01	3.000000000000000e-08	3.000000000000000e-06
4.830641e+06	4.906673157113659e-01	2.674925265026588e-01	3.000000000000000e-08	3.000000000000000e-06
4.918022e+06	4.930710143081329e-01	2.688073182103681e-01	3.000000000000000e-08	3.000000000000000e-06
5.006990e+06	4.954864840508029e-01	2.701285210520237e-01	3.000000000000000e-08	3.000000000000000e-06
5.097572e+06	4.979137825627306e-01	2.714561665543774e-01	3.000000000000000e-08	3.000000000000000e-06
5.189800e+06	5.003529677493554e-01	2.727902863977237e-01	3.000000000000000e-08	3.000000000000000e-06
5.283703e+06	5.028040977995825e-01	2.741309124166561e-01	3.000000000000000e-08	3.000000000000000e-06
5.379312e+06	5.052672311871690e-01	2.754780766008276e-01	3.000000000000000e-08	3.000000000000000e-06
5.476657e+06	5.077424266721193e-01	2.768318110957146e-01	3.000000000000000e-08	3.000000000000000e-06
5.575771e+06	5.102297433020855e-01	2.781921482033849e-01	3.000000000000000e-08	3.000000000000000e-06
5.676685e+06	5.127292404137748e-01	2.795591203832686e-01	3.000000000000000e-08	3.000000000000000e-06
5.779434e+06	5.152409776343649e-01	2.809327602529334e-01	3.000000000000000e-08	3.000000000000000e-06
5.884049e+06	5.177650148829253e-01	2.823131005888638e-01	3.000000000000000e-08	3.000000000000000e-06
5.990566e+06	5.203014123718457e-01	2.837001743272435e-01	3.000000000000000e-08	3.000000000000000e-06
6.099019e+06	5.228502306082717e-01	2.850940145647416e-01	3.000000000000000e-08	3.000000000000000e-06
6.209444e+06	5.254115303955478e-01	2.864946545593035e-01	3.000000000000000e-08	3.000000000000000e-06
6.321876e+06	5.279853728346658e-01	2.879021277309443e-01	3.000000000000000e-08	3.000000000000000e-06
6.436352e+06	5.305718193257233e-01	2.893164676625470e-01	3.000000000000000e-08	3.000000000000000e-06
6.552909e+06	5.331709315693861e-01	2.907377081006646e-01	3.000000000000000e-08	3.000000000000000e-06
6.671587e+06	5.357827715683600e-01	2.921658829563253e-01	3.000000000000000e-08	3.000000000000000e-06
6.792422e+06	5.384074016288686e-01	2.936010263058421e-01	3.000000000000000e-08	3.000000000000000e-06
6.915456e+06	5.410448843621392e-01	2.950431723916268e-01	3.000000000000000e-08	3.000000000000000e-06
7.040727e+06	5.436952826858952e-01	2.964923556230070e-01	3.000000000000000e-08	3.000000000000000e-06
7.168277e+06	5.463586598258563e-01	2.979486105770477e-01	3.000000000000000e-08	3.000000000000000e-06
7.298149e+06	5.490350793172459e-01	2.994119719993764e-01	3.000000000000000e-08	3.000000000000000e-06
7.430383e+06	5.517246050063057e-01	3.008824748050130e-01	3.000000000000000e-08	3.000000000000000e-06
7.565023e+06	5.544273010518180e-01	3.023601540792029e-01	3.000000000000000e-08	3.000000000000000e-06
7.702114e+06	5.571432319266356e-01	3.038450450782544e-01	3.000000000000000e-08	3.000000000000000e-06
7.841700e+06	5.598724624192181e-01	3.053371832303806e-01	3.000000000000000e-08	3.000000000000000e-06
7.983827e+06	5.626150576351775e-01	3.068366041365446e-01	3.000000000000000e-08	3.000000000000000e-06
8.128541e+06	5.653710829988299e-01	3.083433435713094e-01	3.000000000000000e-08	3.000000000000000e-06
8.275890e+06	5.681406042547551e-01	3.098574374836917e-01	3.000000000000000e-08	3.000000000000000e-06
8.425921e+06	5.709236874693645e-01	3.113789219980199e-01	3.000000000000000e-08	3.000000000000000e-06
8.578685e+06	5.737203990324760e-01	3.129078334147966e-01	3.000000000000000e-08	3.000000000000000e-06
8.734231e+06	5.765308056588967e-01	3.144442082115641e-01	3.000000000000000e-08	3.000000000000000e-06
8.892610e+06	5.793549743900135e-01	3.159880830437758e-01	3.000000000000000e-08	3.000000000000000e-06
9.053873e+06	5.821929725953916e-01	3.175394947456706e-01	3.000000000000000e-08	3.000000000000000e-06
9.218075e+06	5.850448679743804e-01	3.190984803311517e-01	3.000000000000000e-08	3.000000000000000e-06
9.385268e+06	5.879107285577277e-01	3.206650769946706e-01	3.000000000000000e-08	3.000000000000000e-06
9.555507e+06	5.907906227092019e-01	3.222393221121136e-01	3.000000000000000e-08	3.000000000000000e-06
9.728848e+06	5.936846191272210e-01	3.238212532416951e-01	3.000000000000000e-08	3.000000000000000e-06
9.905348e+06	5.965927868464913e-01	3.254109081248525e-01	3.000000000000000e-08	3.000000000000000e-06
1.000000e+07	5.981337172811062e-01	3.262531976000076e-01	3.000000000000000e-08	3.000000000000000e-06
1.018299e+07	6.010887030309059e-01	3.278684092842301e-01	3.000000000000000e-08	3.000000000000000e-06
1.036774e+07	6.040326747494662e-01	3.294775781760698e-01	3.000000000000000e-08	3.000000000000000e-06
1.055588e+07	6.069915227525379e-01	3.310948561859386e-01	3.000000000000000e-08	3.000000000000000e-06
1.074745e+07	6.099648512073118e-01	3.327200269549481e-01	3.000000000000000e-08	3.000000000000000e-06
1.094252e+07	6.129527394668338e-01	3.343531338612652e-01	3.000000000000000e-08	3.000000000000000e-06
1.114114e+07	6.159552586525269e-01	3.359942157831111e-01	3.000000000000000e-08	3.000000000000000e-06
1.134339e+07	6.189724803897113e-01	3.376433118735498e-01	3.000000000000000e-08	3.000000000000000e-06
1.154932e+07	6.220044766515058e-01	3.393004614751669e-01	3.000000000000000e-08	3.000000000000000e-06
1.175901e+07	6.250513197633949e-01	3.409657041225672e-01	3.000000000000000e-08	3.000000000000000e-06
1.197253e+07	6.281130824049016e-01	3.426390795432896e-01	3.000000000000000e-08	3.000000000000000e-06
1.218994e+07	6.311898376113212e-01	3.443206276587557e-01	3.000000000000000e-08	3.000000000000000e-06
1.241131e+07	6.342816587754623e-01	3.460103885852219e-01	3.000000000000000e-08	3.000000000000000e-06
1.263673e+07	6.373886196493965e-01	3.477084026347366e-01	3.000000000000000e-08	3.000000000000000e-06
1.286626e+07	6.405107943462173e-01	3.494147103161023e-01	3.000000000000000e-08	3.000000000000000e-06
1.309998e+07	6.436482573418060e-01	3.511293523358414e-01	3.000000000000000e-08	3.000000000000000e-06
1.333797e+07	6.468010834766083e-01	3.528523695991679e-01	3.000000000000000e-08	3.000000000000000e-06
1.358029e+07	6.499693479574175e-01	3.545838032109629e-01	3.000000000000000e-08	3.000000000000000e-06
1.382705e+07	6.531531263591683e-01	3.563236944767555e-01	3.000000000000000e-08	3.000000000000000e-06
1.407831e+07	6.563524946267383e-01	3.580720849037078e-01	3.000000000000000e-08	3.000000000000000e-06
1.433415e+07	6.595675290767584e-01	3.598290162016055e-01	3.000000000000000e-08	3.000000000000000e-06
1.459467e+07	6.627983063994324e-01	3.615945302838523e-01	3.000000000000000e-08	3.000000000000000e-06
1.485995e+07	6.660449036603652e-01	3.633686692684706e-01	3.000000000000000e-08	3.000000000000000e-06
1.513007e+07	6.693073983024000e-01	3.651514754791054e-01	3.000000000000000e-08	3.000000000000000e-06
1.540513e+07	6.725858681474653e-01	3.669429914460344e-01	3.000000000000000e-08	3.000000000000000e-06
1.568521e+07	6.758803913984290e-01	3.687432599071823e-01	3.000000000000000e-08	3.000000000000000e-06
1.597040e+07	6.791910466409637e-01	3.705523238091403e-01	3.000000000000000e-08	3.000000000000000e-06
1.626081e+07	6.825179128454200e-01	3.723702263081905e-01	3.000000000000000e-08	3.000000000000000e-06
1.655653e+07	6.858610693687087e-01	3.741970107713355e-01	3.000000000000000e-08	3.000000000000000e-06
1.685765e+07	6.892205959561938e-01	3.760327207773326e-01	3.000000000000000e-08	3.000000000000000e-06
1.716427e+07	6.925965727435923e-01	3.778774001177332e-01	3.000000000000000e-08	3.000000000000000e-06
1.747649e+07	6.959890802588858e-01	3.797310927979278e-01	3.000000000000000e-08	3.000000000000000e-06
1.779443e+07	6.993981994242395e-01	3.815938430381950e-01	3.000000000000000e-08	3.000000000000000e-06
1.811818e+07	7.028240115579319e-01	3.834656952747568e-01	3.000000000000000e-08	3.000000000000000e-06
1.844784e+07	7.062665983762935e-01	3.853466941608381e-01	3.000000000000000e-08	3.000000000000000e-06
1.878354e+07	7.097260419956540e-01	3.872368845677318e-01	3.000000000000000e-08	3.000000000000000e-06
1.912537e+07	7.132024249343015e-01	3.891363115858692e-01	3.000000000000000e-08	3.000000000000000e-06
1.947345e+07	7.166958301144486e-01	3.910450205258954e-01	3.000000000000000e-08	3.000000000000000e-06
1.982790e+07	7.202063408642095e-01	3.929630569197499e-01	3.000000000000000e-08	3.000000000000000e-06
2.018884e+07	7.237340409195868e-01	3.948904665217525e-01	3.000000000000000e-08	3.000000000000000e-06
2.055638e+07	7.272790144264679e-01	3.968272953096947e-01	3.000000000000000e-08	3.000000000000000e-06
2.093064e+07	7.308413459426302e-01	3.987735894859366e-01	3.000000000000000e-08	3.000000000000000e-06
2.131175e+07	7.344211204397580e-01	4.007293954785077e-01	3.000000000000000e-08	3.000000000000000e-06
2.169983e+07	7.380184233054679e-01	4.026947599422157e-01	3.000000000000000e-08	3.000000000000000e-06
2.209501e+07	7.416333403453438e-01	4.046697297597579e-01	3.000000000000000e-08	3.000000000000000e-06
2.249743e+07	7.452659577849835e-01	4.066543520428402e-01	3.000000000000000e-08	3.000000000000000e-06
2.290721e+07	7.489163622720537e-01	4.086486741333001e-01	3.000000000000000e-08	3.000000000000000e-06
2.332450e+07	7.525846408783560e-01	4.106527436042361e-01	3.000000000000000e-08	3.000000000000000e-06
2.374942e+07	7.562708811019022e-01	4.126666082611422e-01	3.000000000000000e-08	3.000000000000000e-06
2.418212e+07	7.599751708690008e-01	4.146903161430476e-01	3.000000000000000e-08	3.000000000000000e-06
2.462275e+07	7.636975985363528e-01	4.167239155236630e-01	3.000000000000000e-08	3.000000000000000e-06
2.507145e+07	7.674382528931583e-01	4.187674549125313e-01	3.000000000000000e-08	3.000000000000000e-06
2.552836e+07	7.711972231632334e-01	4.208209830561847e-01	3.000000000000000e-08	3.000000000000000e-06
2.599364e+07	7.749745990071365e-01	4.228845489393073e-01	3.000000000000000e-08	3.000000000000000e-06
2.646744e+07	7.787704705243069e-01	4.249582017859030e-01	3.000000000000000e-08	3.000000000000000e-06
2.694992e+07	7.825849282552119e-01	4.270419910604694e-01	3.000000000000000e-08	3.000000000000000e-06
2.744125e+07	7.864180631835056e-01	4.291359664691776e-01	3.000000000000000e-08	3.000000000000000e-06
2.794157e+07	7.902699667381979e-01	4.312401779610576e-01	3.000000000000000e-08	3.000000000000000e-06
2.845106e+07	7.941407307958344e-01	4.333546757291888e-01	3.000000000000000e-08	3.000000000000000e-06
2.896989e+07	7.980304476826858e-01	4.354795102118978e-01	3.000000000000000e-08	3.000000000000000e-06
2.949822e+07	8.019392101769504e-01	4.376147320939608e-01	3.000000000000000e-08	3.000000000000000e-06
3.003624e+07	8.058671115109645e-01	4.397603923078120e-01	3.000000000000000e-08	3.000000000000000e-06
3.058413e+07	8.098142453734257e-01	4.419165420347585e-01	3.000000000000000e-08	3.000000000000000e-06
3.114205e+07	8.137807059116267e-01	4.440832327062009e-01	3.000000000000000e-08	3.000000000000000e-06
3.171021e+07	8.177665877336989e-01	4.462605160048592e-01	3.000000000000000e-08	3.000000000000000e-06
3.228878e+07	8.217719859108688e-01	4.484484438660057e-01	3.000000000000000e-08	3.000000000000000e-06
3.287796e+07	8.257969959797232e-01	4.506470684787033e-01	3.000000000000000e-08	3.000000000000000e-06
3.347794e+07	8.298417139444884e-01	4.528564422870500e-01	3.000000000000000e-08	3.000000000000000e-06
3.408893e+07	8.339062362793173e-01	4.550766179914292e-01	3.000000000000000e-08	3.000000000000000e-06
3.471113e+07	8.379906599305904e-01	4.573076485497670e-01	3.000000000000000e-08	3.000000000000000e-06
3.534473e+07	8.420950823192263e-01	4.595495871787940e-01	3.000000000000000e-08	3.000000000000000e-06
3.598997e+07	8.462196013430046e-01	4.618024873553154e-01	3.000000000000000e-08	3.000000000000000e-06
3.664704e+07	8.503643153788996e-01	4.640664028174854e-01	3.000000000000000e-08	3.000000000000000e-06
3.731616e+07	8.545293232854253e-01	4.663413875660886e-01	3.000000000000000e-08	3.000000000000000e-06
3.799756e+07	8.587147244049926e-01	4.686274958658280e-01	3.000000000000000e-08	3.000000000000000e-06
3.869147e+07	8.629206185662772e-01	4.709247822466187e-01	3.000000000000000e-08	3.000000000000000e-06
3.939812e+07	8.671471060865996e-01	4.732333015048881e-01	3.000000000000000e-08	3.000000000000000e-06
4.011773e+07	8.713942877743165e-01	4.755531087048829e-01	3.000000000000000e-08	3.000000000000000e-06
4.085055e+07	8.756622649312241e-01	4.778842591799812e-01	3.000000000000000e-08	3.000000000000000e-06
4.159683e+07	8.799511393549734e-01	4.802268085340128e-01	3.000000000000000e-08	3.000000000000000e-06
4.235681e+07	8.842610133414961e-01	4.825808126425847e-01	3.000000000000000e-08	3.000000000000000e-06
4.313074e+07	8.885919896874442e-01	4.849463276544130e-01	3.000000000000000e-08	3.000000000000000e-06
4.391888e+07	8.929441716926402e-01	4.873234099926623e-01	3.000000000000000e-08	3.000000000000000e-06
4.472149e+07	8.973176631625395e-01	4.897121163562907e-01	3.000000000000000e-08	3.000000000000000e-06
4.553885e+07	9.017125684107055e-01	4.921125037214020e-01	3.000000000000000e-08	3.000000000000000e-06
4.637122e+07	9.061289922612958e-01	4.945246293426036e-01	3.000000000000000e-08	3.000000000000000e-06
4.721888e+07	9.105670400515620e-01	4.969485507543724e-01	3.000000000000000e-08	3.000000000000000e-06
4.808211e+07	9.150268176343597e-01	4.993843257724263e-01	3.000000000000000e-08	3.000000000000000e-06
4.896120e+07	9.195084313806730e-01	5.018320124951023e-01	3.000000000000000e-08	3.000000000000000e-06
4.985644e+07	9.240119881821494e-01	5.042916693047429e-01	3.000000000000000e-08	3.000000000000000e-06
5.076813e+07	9.285375954536489e-01	5.067633548690864e-01	3.000000000000000e-08	3.000000000000000e-06
5.169658e+07	9.330853611358041e-01	5.092471281426675e-01	3.000000000000000e-08	3.000000000000000e-06
5.264209e+07	9.376553936975934e-01	5.117430483682217e-01	3.000000000000000e-08	3.000000000000000e-06
5.360498e+07	9.422478021389271e-01	5.142511750780984e-01	3.000000000000000e-08	3.000000000000000e-06
5.458557e+07	9.468626959932457e-01	5.167715680956800e-01	3.000000000000000e-08	3.000000000000000e-06
5.558418e+07	9.515001853301309e-01	5.193042875368087e-01	3.000000000000000e-08	3.000000000000000e-06
5.660115e+07	9.561603807579301e-01	5.218493938112193e-01	3.000000000000000e-08	3.000000000000000e-06
5.763682e+07	9.608433934263925e-01	5.244069476239799e-01	3.000000000000000e-08	3.000000000000000e-06
5.869154e+07	9.655493350293192e-01	5.269770099769387e-01	3.000000000000000e-08	3.000000000000000e-06
5.976565e+07	9.702783178072260e-01	5.295596421701796e-01	3.000000000000000e-08	3.000000000000000e-06
6.085951e+07	9.750304545500186e-01	5.321549058034821e-01	3.000000000000000e-08	3.000000000000000e-06
6.197350e+07	9.798058585996821e-01	5.347628627777914e-01	3.000000000000000e-08	3.000000000000000e-06
6.310797e+07	9.846046438529820e-01	5.373835752966936e-01	3.000000000000000e-08	3.000000000000000e-06
6.426332e+07	9.894269247641805e-01	5.400171058678986e-01	3.000000000000000e-08	3.000000000000000e-06
6.543991e+07	9.942728163477641e-01	5.426635173047309e-01	3.000000000000000e-08	3.000000000000000e-06
6.663816e+07	9.991424341811856e-01	5.453228727276270e-01	3.000000000000000e-08	3.000000000000000e-06
6.785845e+07	1.004035894407620e+00	5.479952355656399e-01	3.000000000000000e-08	3.000000000000000e-06
6.910120e+07	1.008953313738732e+00	5.506806695579520e-01	3.000000000000000e-08	3.000000000000000e-06
7.036682e+07	1.013894809457459e+00	5.533792387553943e-01	3.000000000000000e-08	3.000000000000000e-06
7.165574e+07	1.018860499420807e+00	5.560910075219738e-01	3.000000000000000e-08	3.000000000000000e-06
7.296838e+07	1.023850502062661e+00	5.588160405364078e-01	3.000000000000000e-08	3.000000000000000e-06
7.430518e+07	1.028864936396606e+00	5.615544027936658e-01	3.000000000000000e-08	3.000000000000000e-06
7.566659e+07	1.033903922018766e+00	5.643061596065194e-01	3.000000000000000e-08	3.000000000000000e-06
7.705306e+07	1.038967579110656e+00	5.670713766070995e-01	3.000000000000000e-08	3.000000000000000e-06
7.846507e+07	1.044056028442043e+00	5.698501197484607e-01	3.000000000000000e-08	3.000000000000000e-06
7.990307e+07	1.049169391373830e+00	5.726424553061538e-01	3.000000000000000e-08	3.000000000000000e-06
8.136756e+07	1.054307789860944e+00	5.754484498798059e-01	3.000000000000000e-08	3.000000000000000e-06
8.285901e+07	1.059471346455249e+00	5.782681703947087e-01	3.000000000000000e-08	3.000000000000000e-06
8.437794e+07	1.064660184308462e+00	5.811016841034131e-01	3.000000000000000e-08	3.000000000000000e-06
8.592485e+07	1.069874427175092e+00	5.839490585873335e-01	3.000000000000000e-08	3.000000000000000e-06
8.750025e+07	1.075114199415388e+00	5.868103617583582e-01	3.000000000000000e-08	3.000000000000000e-06
8.910468e+07	1.080379625998308e+00	5.896856618604692e-01	3.000000000000000e-08	3.000000000000000e-06
9.073866e+07	1.085670832504492e+00	5.925750274713688e-01	3.000000000000000e-08	3.000000000000000e-06
9.240276e+07	1.090987945129259e+00	5.954785275041145e-01	3.000000000000000e-08	3.000000000000000e-06
9.409752e+07	1.096331090685615e+00	5.983962312087620e-01	3.000000000000000e-08	3.000000000000000e-06
9.582351e+07	1.101700396607278e+00	6.013282081740164e-01	3.000000000000000e-08	3.000000000000000e-06
9.758132e+07	1.107095990951710e+00	6.042745283288909e-01	3.000000000000000e-08	3.000000000000000e-06
9.937152e+07	1.112518002403177e+00	6.072352619443743e-01	3.000000000000000e-08	3.000000000000000e-06
1.000000e+08	1.114399193675351e+00	6.082624984236777e-01	3.000000000000000e-08	3.000000000000000e-06
1.018568e+08	1.119922412864462e+00	6.112784812436595e-01	3.000000000000000e-08	3.000000000000000e-06
1.037254e+08	1.125406027447227e+00	6.142728259236689e-01	3.000000000000000e-08	3.000000000000000e-06
1.056288e+08	1.130917707434652e+00	6.172824841298838e-01	3.000000000000000e-08	3.000000000000000e-06
1.075674e+08	1.136456350536089e+00	6.203068539525802e-01	3.000000000000000e-08	3.000000000000000e-06
1.095417e+08	1.142022111386942e+00	6.233460198318989e-01	3.000000000000000e-08	3.000000000000000e-06
1.115524e+08	1.147615122316934e+00	6.264000540276193e-01	3.000000000000000e-08	3.000000000000000e-06
1.136001e+08	1.153235516724882e+00	6.294690293830120e-01	3.000000000000000e-08	3.000000000000000e-06
1.156857e+08	1.158883428654844e+00	6.325530190933931e-01	3.000000000000000e-08	3.000000000000000e-06
1.178097e+08	1.164558992807119e+00	6.356520967121310e-01	3.000000000000000e-08	3.000000000000000e-06
1.199729e+08	1.170262344541316e+00	6.387663361523215e-01	3.000000000000000e-08	3.000000000000000e-06
1.221760e+08	1.175993619879580e+00	6.418958116885515e-01	3.000000000000000e-08	3.000000000000000e-06
1.244198e+08	1.181752955509837e+00	6.450405979586699e-01	3.000000000000000e-08	3.000000000000000e-06
1.267049e+08	1.187540488789052e+00	6.482007699655665e-01	3.000000000000000e-08	3.000000000000000e-06
1.290322e+08	1.193356357746504e+00	6.513764030789606e-01	3.000000000000000e-08	3.000000000000000e-06
1.314025e+08	1.199200701087076e+00	6.545675730371975e-01	3.000000000000000e-08	3.000000000000000e-06
1.338165e+08	1.205073658194559e+00	6.577743559490540e-01	3.000000000000000e-08	3.000000000000000e-06
1.362751e+08	1.210975369134979e+00	6.609968282955533e-01	3.000000000000000e-08	3.000000000000000e-06
1.387791e+08	1.216905974659932e+00	6.642350669317877e-01	3.000000000000000e-08	3.000000000000000e-06
1.413292e+08	1.222865616209943e+00	6.674891490887513e-01	3.000000000000000e-08	3.000000000000000e-06
1.439265e+08	1.228854435917835e+00	6.707591523751809e-01	3.000000000000000e-08	3.000000000000000e-06
1.465717e+08	1.234872576612116e+00	6.740451547794064e-01	3.000000000000000e-08	3.000000000000000e-06
1.492658e+08	1.240920181820388e+00	6.773472346712097e-01	3.000000000000000e-08	3.000000000000000e-06
1.520096e+08	1.246997395772764e+00	6.806654708036932e-01	3.000000000000000e-08	3.000000000000000e-06
1.548041e+08	1.253104363405311e+00	6.839999423151572e-01	3.000000000000000e-08	3.000000000000000e-06
1.576502e+08	1.259241230363500e+00	6.873507287309866e-01	3.000000000000000e-08	3.000000000000000e-06
1.605488e+08	1.265408143005680e+00	6.907179099655465e-01	3.000000000000000e-08	3.000000000000000e-06
1.635010e+08	1.271605248406568e+00	6.941015663240877e-01	3.000000000000000e-08	3.000000000000000e-06
1.665077e+08	1.277832694360754e+00	6.975017785046610e-01	3.000000000000000e-08	3.000000000000000e-06
1.695700e+08	1.284090629386223e+00	7.009186276000404e-01	3.000000000000000e-08	3.000000000000000e-06
1.726889e+08	1.290379202727899e+00	7.043521950996574e-01	3.000000000000000e-08	3.000000000000000e-06
1.758654e+08	1.296698564361196e+00	7.078025628915426e-01	3.000000000000000e-08	3.000000000000000e-06
1.791006e+08	1.303048864995602e+00	7.112698132642787e-01	3.000000000000000e-08	3.000000000000000e-06
1.823956e+08	1.309430256078264e+00	7.147540289089613e-01	3.000000000000000e-08	3.000000000000000e-06
1.857514e+08	1.315842889797601e+00	7.182552929211712e-01	3.000000000000000e-08	3.000000000000000e-06
1.891693e+08	1.322286919086933e+00	7.217736888029542e-01	3.000000000000000e-08	3.000000000000000e-06
1.926504e+08	1.328762497628126e+00	7.253093004648130e-01	3.000000000000000e-08	3.000000000000000e-06
1.961959e+08	1.335269779855253e+00	7.288622122277062e-01	3.000000000000000e-08	3.000000000000000e-06
1.998068e+08	1.341808920958280e+00	7.324325088250595e-01	3.000000000000000e-08	3.000000000000000e-06
2.034846e+08	1.348380076886760e+00	7.360202754047850e-01	3.000000000000000e-08	3.000000000000000e-06
2.072303e+08	1.354983404353555e+00	7.396255975313113e-01	3.000000000000000e-08	3.000000000000000e-06
2.110453e+08	1.361619060838569e+00	7.432485611876232e-01	3.000000000000000e-08	3.000000000000000e-06
2.149309e+08	1.368287204592505e+00	7.468892527773118e-01	3.000000000000000e-08	3.000000000000000e-06
2.188883e+08	1.374987994640632e+00	7.505477591266333e-01	3.000000000000000e-08	3.000000000000000e-06
2.229189e+08	1.381721590786583e+00	7.542241674865798e-01	3.000000000000000e-08	3.000000000000000e-06
2.270241e+08	1.388488153616155e+00	7.579185655349590e-01	3.000000000000000e-08	3.000000000000000e-06
2.312052e+08	1.395287844501149e+00	7.616310413784840e-01	3.000000000000000e-08	3.000000000000000e-06
2.354636e+08	1.402120825603205e+00	7.653616835548738e-01	3.000000000000000e-08	3.000000000000000e-06
2.398009e+08	1.408987259877674e+00	7.691105810349642e-01	3.000000000000000e-08	3.000000000000000e-06
2.442184e+08	1.415887311077503e+00	7.728778232248286e-01	3.000000000000000e-08	3.000000000000000e-06
2.487176e+08	1.422821143757136e+00	7.766634999679086e-01	3.000000000000000e-08	3.000000000000000e-06
2.533001e+08	1.429788923276435e+00	7.804677015471572e-01	3.000000000000000e-08	3.000000000000000e-06
2.579674e+08	1.436790815804627e+00	7.842905186871896e-01	3.000000000000000e-08	3.000000000000000e-06
2.627210e+08	1.443826988324260e+00	7.881320425564466e-01	3.000000000000000e-08	3.000000000000000e-06
2.675627e+08	1.450897608635187e+00	7.919923647693681e-01	3.000000000000000e-08	3.000000000000000e-06
2.724940e+08	1.458002845358565e+00	7.958715773885764e-01	3.000000000000000e-08	3.000000000000000e-06
2.775165e+08	1.465142867940872e+00	7.997697729270714e-01	3.000000000000000e-08	3.000000000000000e-06
2.826321e+08	1.472317846657950e+00	8.036870443504357e-01	3.000000000000000e-08	3.000000000000000e-06
2.878424e+08	1.479527952619061e+00	8.076234850790506e-01	3.000000000000000e-08	3.000000000000000e-06
2.931491e+08	1.486773357770968e+00	8.115791889903234e-01	3.000000000000000e-08	3.000000000000000e-06
2.985541e+08	1.494054234902032e+00	8.155542504209253e-01	3.000000000000000e-08	3.000000000000000e-06
3.040592e+08	1.501370757646333e+00	8.195487641690397e-01	3.000000000000000e-08	3.000000000000000e-06
3.096663e+08	1.508723100487806e+00	8.235628254966224e-01	3.000000000000000e-08	3.000000000000000e-06
3.153772e+08	1.516111438764404e+00	8.275965301316729e-01	3.000000000000000e-08	3.000000000000000e-06
3.211939e+08	1.523535948672272e+00	8.316499742705152e-01	3.000000000000000e-08	3.000000000000000e-06
3.271183e+08	1.530996807269954e+00	8.357232545800922e-01	3.000000000000000e-08	3.000000000000000e-06
3.331525e+08	1.538494192482609e+00	8.398164682002691e-01	3.000000000000000e-08	3.000000000000000e-06
3.392985e+08	1.546028283106252e+00	8.439297127461498e-01	3.000000000000000e-08	3.000000000000000e-06
3.455583e+08	1.553599258812021e+00	8.480630863104032e-01	3.000000000000000e-08	3.000000000000000e-06
3.519341e+08	1.561207300150453e+00	8.522166874656019e-01	3.000000000000000e-08	3.000000000000000e-06
3.584281e+08	1.568852588555792e+00	8.563906152665716e-01	3.000000000000000e-08	3.000000000000000e-06
3.650425e+08	1.576535306350314e+00	8.605849692527530e-01	3.000000000000000e-08	3.000000000000000e-06
3.717794e+08	1.584255636748671e+00	8.647998494505741e-01	3.000000000000000e-08	3.000000000000000e-06
3.786412e+08	1.592013763862262e+00	8.690353563758348e-01	3.000000000000000e-08	3.000000000000000e-06
3.856301e+08	1.599809872703615e+00	8.732915910361028e-01	3.000000000000000e-08	3.000000000000000e-06
3.927487e+08	1.607644149190806e+00	8.775686549331216e-01	3.000000000000000e-08	3.000000000000000e-06
3.999992e+08	1.615516780151883e+00	8.818666500652301e-01	3.000000000000000e-08	3.000000000000000e-06
4.073841e+08	1.623427953329324e+00	8.861856789297937e-01	3.000000000000000e-08	3.000000000000000e-06
4.149059e+08	1.631377857384510e+00	8.905258445256482e-01	3.000000000000000e-08	3.000000000000000e-06
4.225672e+08	1.639366681902225e+00	8.948872503555544e-01	3.000000000000000e-08	3.000000000000000e-06
4.303706e+08	1.647394617395171e+00	8.992700004286656e-01	3.000000000000000e-08	3.000000000000000e-06
4.383187e+08	1.655461855308513e+00	9.036741992630073e-01	3.000000000000000e-08	3.000000000000000e-06
4.464142e+08	1.663568588024441e+00	9.080999518879680e-01	3.000000000000000e-08	3.000000000000000e-06
4.546599e+08	1.671715008866755e+00	9.125473638468036e-01	3.000000000000000e-08	3.000000000000000e-06
4.630585e+08	1.679901312105474e+00	9.170165411991525e-01	3.000000000000000e-08	3.000000000000000e-06
4.716129e+08	1.688127692961468e+00	9.215075905235646e-01	3.000000000000000e-08	3.000000000000000e-06
4.803259e+08	1.696394347611111e+00	9.260206189200411e-01	3.000000000000000e-08	3.000000000000000e-06
4.892007e+08	1.704701473190954e+00	9.305557340125880e-01	3.000000000000000e-08	3.000000000000000e-06
4.982401e+08	1.713049267802431e+00	9.351130439517817e-01	3.000000000000000e-08	3.000000000000000e-06
5.074472e+08	1.721437930516573e+00	9.396926574173466e-01	3.000000000000000e-08	3.000000000000000e-06
5.168252e+08	1.729867661378761e+00	9.442946836207460e-01	3.000000000000000e-08	3.000000000000000e-06
5.263772e+08	1.738338661413487e+00	9.489192323077852e-01	3.000000000000000e-08	3.000000000000000e-06
5.361065e+08	1.746851132629152e+00	9.535664137612281e-01	3.000000000000000e-08	3.000000000000000e-06
5.460163e+08	1.755405278022879e+00	9.582363388034252e-01	3.000000000000000e-08	3.000000000000000e-06
5.561101e+08	1.764001301585352e+00	9.629291187989563e-01	3.000000000000000e-08	3.000000000000000e-06
5.663913e+08	1.772639408305676e+00	9.676448656572842e-01	3.000000000000000e-08	3.000000000000000e-06
5.768633e+08	1.781319804176269e+00	9.723836918354231e-01	3.000000000000000e-08	3.000000000000000e-06
5.875298e+08	1.790042696197764e+00	9.771457103406186e-01	3.000000000000000e-08	3.000000000000000e-06
5.983943e+08	1.798808292383953e+00	9.819310347330420e-01	3.000000000000000e-08	3.000000000000000e-06
6.094605e+08	1.807616801766738e+00	9.867397791284970e-01	3.000000000000000e-08	3.000000000000000e-06
6.207322e+08	1.816468434401115e+00	9.915720582011401e-01	3.000000000000000e-08	3.000000000000000e-06
6.322132e+08	1.825363401370185e+00	9.964279871862138e-01	3.000000000000000e-08	3.000000000000000e-06
6.439074e+08	1.834301914790181e+00	1.001307681882794e+00	3.000000000000000e-08	3.000000000000000e-06
6.558188e+08	1.843284187815526e+00	1.006211258656549e+00	3.000000000000000e-08	3.000000000000000e-06
6.679515e+08	1.852310434643914e+00	1.011138834442516e+00	3.000000000000000e-08	3.000000000000000e-06
6.803096e+08	1.861380870521415e+00	1.016090526747886e+00	3.000000000000000e-08	3.000000000000000e-06
6.928972e+08	1.870495711747608e+00	1.021066453654804e+00	3.000000000000000e-08	3.000000000000000e-06
7.057186e+08	1.879655175680733e+00	1.026066733823189e+00	3.000000000000000e-08	3.000000000000000e-06
7.187783e+08	1.888859480742876e+00	1.031091486493555e+00	3.000000000000000e-08	3.000000000000000e-06
7.320806e+08	1.898108846425173e+00	1.036140831489860e+00	3.000000000000000e-08	3.000000000000000e-06
7.456300e+08	1.907403493293043e+00	1.041214889222358e+00	3.000000000000000e-08	3.000000000000000e-06
7.594313e+08	1.916743642991446e+00	1.046313780690471e+00	3.000000000000000e-08	3.000000000000000e-06
7.734890e+08	1.926129518250164e+00	1.051437627485674e+00	3.000000000000000e-08	3.000000000000000e-06
7.878080e+08	1.935561342889114e+00	1.056586551794391e+00	3.000000000000000e-08	3.000000000000000e-06
8.023932e+08	1.945039341823679e+00	1.061760676400910e+00	3.000000000000000e-08	3.000000000000000e-06
8.172494e+08	1.954563741070071e+00	1.066960124690306e+00	3.000000000000000e-08	3.000000000000000e-06
8.323818e+08	1.964134767750720e+00	1.072185020651389e+00	3.000000000000000e-08	3.000000000000000e-06
8.477955e+08	1.973752650099686e+00	1.077435488879651e+00	3.000000000000000e-08	3.000000000000000e-06
8.634957e+08	1.983417617468098e+00	1.082711654580244e+00	3.000000000000000e-08	3.000000000000000e-06
8.794879e+08	1.993129900329625e+00	1.088013643570959e+00	3.000000000000000e-08	3.000000000000000e-06
8.957774e+08	2.002889730285966e+00	1.093341582285226e+00	3.000000000000000e-08	3.000000000000000e-06
9.123698e+08	2.012697340072372e+00	1.098695597775130e+00	3.000000000000000e-08	3.000000000000000e-06
9.292707e+08	2.022552963563194e+00	1.104075817714437e+00	3.000000000000000e-08	3.000000000000000e-06
9.464860e+08	2.032456835777457e+00	1.109482370401641e+00	3.000000000000000e-08	3.000000000000000e-06
9.640214e+08	2.042409192884461e+00	1.114915384763017e+00	3.000000000000000e-08	3.000000000000000e-06
9.818830e+08	2.052410272209416e+00	1.120374990355697e+00	3.000000000000000e-08	3.000000000000000e-06
1.000000e+09	2.062418001218746e+00	1.125838219743856e+00	3.000000000000000e-08	3.000000000000000e-06
