#t[yr]	ecc	inc	eachmass	totalmass
0.000000e+00	1.000000000000000e-02	5.000000000000000e-03	3.000000000000000e-06	3.000000000000000e-06
1.100000e-01	9.976522508410066e-03	4.979061376446684e-03	3.000000000000000e-06	3.000000000000000e-06
1.200000e-01	9.974396894873984e-03	4.977162044837725e-03	3.000000000000000e-06	3.000000000000000e-06
1.300000e-01	9.972272728783800e-03	4.975263409060598e-03	3.000000000000000e-06	3.000000000000000e-06
1.500000e-01	9.968028735988245e-03	4.971468224288448e-03	3.000000000000000e-06	3.000000000000000e-06
1.600000e-01	9.965908907806749e-03	4.969571674936604e-03	3.000000000000000e-06	3.000000000000000e-06
1.800000e-01	9.961673584186948e-03	4.965780661408962e-03	3.000000000000000e-06	3.000000000000000e-06
2.000000e-01	9.957444032640378e-03	4.961992426925589e-03	3.000000000000000e-06	3.000000000000000e-06
2.300000e-01	9.951110515053360e-03	4.956315282781896e-03	3.000000000000000e-06	3.000000000000000e-06
2.600000e-01	9.944789951455865e-03	4.950644383445028e-03	3.000000000000000e-06	3.000000000000000e-06
2.900000e-01	9.938482321956363e-03	4.944979724084330e-03	3.000000000000000e-06	3.000000000000000e-06
3.200000e-01	9.932187606673875e-03	4.939321299865399e-03	3.000000000000000e-06	3.000000000000000e-06
3.600000e-01	9.923814707403644e-03	4.931786424986911e-03	3.000000000000000e-06	3.000000000000000e-06
4.000000e-01	9.915464684347255e-03	4.924262614725331e-03	3.000000000000000e-06	3.000000000000000e-06
4.500000e-01	9.905059253549292e-03	4.914873394011561e-03	3.000000000000000e-06	3.000000000000000e-06
5.100000e-01	9.892619692538594e-03	4.903629094598183e-03	3.000000000000000e-06	3.000000000000000e-06
5.700000e-01	9.880231206555620e-03	4.892409593503272e-03	3.000000000000000e-06	3.000000000000000e-06
6.400000e-01	9.865842314929337e-03	4.879351465952214e-03	3.000000000000000e-06	3.000000000000000e-06
7.100000e-01	9.851522475662528e-03	4.866326976801183e-03	3.000000000000000e-06	3.000000000000000e-06
8.000000e-01	9.833212315075984e-03	4.849630533132048e-03	3.000000000000000e-06	3.000000000000000e-06
9.000000e-01	9.813000436372841e-03	4.831143865704505e-03	3.000000000000000e-06	3.000000000000000e-06
1.000000e+00	9.792927584478462e-03	4.812725377372135e-03	3.000000000000000e-06	3.000000000000000e-06
1.130000e+00	9.767039527263087e-03	4.788882971565230e-03	3.000000000000000e-06	3.000000000000000e-06
1.260000e+00	9.741383604858411e-03	4.765155081672426e-03	3.000000000000000e-06	3.000000000000000e-06
1.420000e+00	9.710494333023628e-03	4.736306056698057e-03	3.000000000000000e-06	3.000000000000000e-06
1.590000e+00	9.678225485408795e-03	4.705934970735931e-03	3.000000000000000e-06	3.000000000000000e-06
1.780000e+00	9.642607915876109e-03	4.672215140167849e-03	3.000000000000000e-06	3.000000000000000e-06
2.000000e+00	9.601950730187318e-03	4.633465387471584e-03	3.000000000000000e-06	3.000000000000000e-06
2.240000e+00	9.558304206903161e-03	4.591550950711798e-03	3.000000000000000e-06	3.000000000000000e-06
2.520000e+00	9.508303035880548e-03	4.543119730158123e-03	3.000000000000000e-06	3.000000000000000e-06
2.820000e+00	9.456646204253903e-03	4.492224450013675e-03	3.000000000000000e-06	3.000000000000000e-06
3.170000e+00	9.397889927632132e-03	4.433632957148805e-03	3.000000000000000e-06	3.000000000000000e-06
3.550000e+00	9.335722749940075e-03	4.370872651600048e-03	3.000000000000000e-06	3.000000000000000e-06
3.990000e+00	9.266486046102477e-03	4.299652196099671e-03	3.000000000000000e-06	3.000000000000000e-06
4.470000e+00	9.194118421889341e-03	4.223647792253095e-03	3.000000000000000e-06	3.000000000000000e-06
5.020000e+00	9.114412013474606e-03	4.138310968665235e-03	3.000000000000000e-06	3.000000000000000e-06
5.630000e+00	9.031183106801784e-03	4.046473720650121e-03	3.000000000000000e-06	3.000000000000000e-06
6.310000e+00	8.943244662923405e-03	3.946812911168782e-03	3.000000000000000e-06	3.000000000000000e-06
7.080000e+00	8.850280438760613e-03	3.837696069114986e-03	3.000000000000000e-06	3.000000000000000e-06
7.950000e+00	8.753348909882013e-03	3.719055769462591e-03	3.000000000000000e-06	3.000000000000000e-06
8.920000e+00	8.654405765360307e-03	3.592166596789557e-03	3.000000000000000e-06	3.000000000000000e-06
1.000000e+01	8.554976658254927e-03	3.457366154718229e-03	3.000000000000000e-06	3.000000000000000e-06
1.123000e+01	8.454459502600355e-03	3.311745016235603e-03	3.000000000000000e-06	3.000000000000000e-06
1.259000e+01	8.357659816295717e-03	3.159952919596952e-03	3.000000000000000e-06	3.000000000000000e-06
1.413000e+01	8.265298616129495e-03	2.999390527421297e-03	3.000000000000000e-06	3.000000000000000e-06
1.585000e+01	8.180458520915881e-03	2.832835222968465e-03	3.000000000000000e-06	3.000000000000000e-06
1.779000e+01	8.105764425600126e-03	2.660154909128892e-03	3.000000000000000e-06	3.000000000000000e-06
1.996000e+01	8.045156330374300e-03	2.484435592910861e-03	3.000000000000000e-06	3.000000000000000e-06
2.239000e+01	8.001366399285198e-03	2.307244958094372e-03	3.000000000000000e-06	3.000000000000000e-06
2.512000e+01	7.978293898092273e-03	2.130435108850039e-03	3.000000000000000e-06	3.000000000000000e-06
2.819000e+01	7.979125032016234e-03	1.956217296499033e-03	3.000000000000000e-06	3.000000000000000e-06
3.163000e+01	8.007463725378125e-03	1.787877180106719e-03	3.000000000000000e-06	3.000000000000000e-06
3.549000e+01	8.066716613877390e-03	1.627786469764943e-03	3.000000000000000e-06	3.000000000000000e-06
3.982000e+01	8.160527984476463e-03	1.478546828982374e-03	3.000000000000000e-06	3.000000000000000e-06
4.467000e+01	8.292232256143598e-03	1.342569220433493e-03	3.000000000000000e-06	3.000000000000000e-06
5.012000e+01	8.466394049676990e-03	1.221280270149330e-03	3.000000000000000e-06	3.000000000000000e-06
5.624000e+01	8.687716005976577e-03	1.116156679933548e-03	3.000000000000000e-06	3.000000000000000e-06
6.310000e+01	8.960820209657609e-03	1.028071466160624e-03	3.000000000000000e-06	3.000000000000000e-06
7.080000e+01	9.292187765475038e-03	9.570075149741264e-04	3.000000000000000e-06	3.000000000000000e-06
7.944000e+01	9.687999775051191e-03	9.026405016255475e-04	3.000000000000000e-06	3.000000000000000e-06
8.913000e+01	1.015527884655963e-02	8.644233549398991e-04	3.000000000000000e-06	3.000000000000000e-06
1.000100e+02	1.070130031049274e-02	8.418950543199267e-04	3.000000000000000e-06	3.000000000000000e-06
1.122100e+02	1.133256499565241e-02	8.352375756472386e-04	3.000000000000000e-06	3.000000000000000e-06
1.259000e+02	1.205587370654808e-02	8.456742763561044e-04	3.000000000000000e-06	3.000000000000000e-06
1.412600e+02	1.287769265729098e-02	8.761624220543807e-04	3.000000000000000e-06	3.000000000000000e-06
1.584900e+02	1.380419479221497e-02	9.322054028122746e-04	3.000000000000000e-06	3.000000000000000e-06
1.778300e+02	1.484356754346794e-02	1.023091720222479e-03	3.000000000000000e-06	3.000000000000000e-06
1.995300e+02	1.600332205717230e-02	1.163298019675739e-03	3.000000000000000e-06	3.000000000000000e-06
2.238800e+02	1.729191629353559e-02	1.374301053892234e-03	3.000000000000000e-06	3.000000000000000e-06
2.511900e+02	1.871545063921645e-02	1.685517792648586e-03	3.000000000000000e-06	3.000000000000000e-06
2.818400e+02	2.027692220507832e-02	2.133117006703192e-03	3.000000000000000e-06	3.000000000000000e-06
3.162300e+02	2.197036739864582e-02	2.750499023713790e-03	3.000000000000000e-06	3.000000000000000e-06
3.548200e+02	2.377821844080183e-02	3.551693408443711e-03	3.000000000000000e-06	3.000000000000000e-06
3.981100e+02	2.566803569655726e-02	4.524257830235475e-03	3.000000000000000e-06	3.000000000000000e-06
4.466900e+02	2.759644185508641e-02	5.644591137833234e-03	3.000000000000000e-06	3.000000000000000e-06
5.011900e+02	2.951532355582936e-02	6.882826361536938e-03	3.000000000000000e-06	3.000000000000000e-06
5.623500e+02	3.138795464322642e-02	8.198155764046450e-03	3.000000000000000e-06	3.000000000000000e-06
6.309600e+02	3.319525716611311e-02	9.543117145290804e-03	3.000000000000000e-06	3.000000000000000e-06
7.079500e+02	3.493719393326575e-02	1.088049180467208e-02	3.000000000000000e-06	3.000000000000000e-06
7.943300e+02	3.662342475781197e-02	1.218907212365597e-02	3.000000000000000e-06	3.000000000000000e-06
8.912600e+02	3.826768008090002e-02	1.346178030354074e-02	3.000000000000000e-06	3.000000000000000e-06
1.000010e+03	3.988313581085778e-02	1.469919925218326e-02	3.000000000000000e-06	3.000000000000000e-06
