#t[yr]	ecc	inc	eachmass	totalmass
0.000000e+00	3.000000000000000e-02	1.500000000000000e-02	3.000000000000000e-07	3.000000000000000e-05
1.000000e-03	3.000006612968954e-02	1.500002128974028e-02	3.000000000000000e-07	3.000000000000000e-05
1.000000e-02	3.000066128790396e-02	1.500021289491899e-02	3.000000000000000e-07	3.000000000000000e-05
1.000000e-01	3.000661200194791e-02	1.500212871094772e-02	3.000000000000000e-07	3.000000000000000e-05
6.055977e-01	3.004000743500383e-02	1.501288106286677e-02	3.000000000000000e-07	3.000000000000000e-05
1.000000e+00	3.006597834807639e-02	1.502123830833128e-02	3.000000000000000e-07	3.000000000000000e-05
1.504766e+00	3.009912968373215e-02	1.503190234170409e-02	3.000000000000000e-07	3.000000000000000e-05
2.009008e+00	3.013214065776271e-02	1.504251572068678e-02	3.000000000000000e-07	3.000000000000000e-05
2.512611e+00	3.016500408548674e-02	1.505307613943495e-02	3.000000000000000e-07	3.000000000000000e-05
3.015611e+00	3.019772278076645e-02	1.506358450934854e-02	3.000000000000000e-07	3.000000000000000e-05
3.518045e+00	3.023029955701029e-02	1.507404174031156e-02	3.000000000000000e-07	3.000000000000000e-05
4.019949e+00	3.026273721488444e-02	1.508444873673269e-02	3.000000000000000e-07	3.000000000000000e-05
4.521361e+00	3.029503854308817e-02	1.509480639778877e-02	3.000000000000000e-07	3.000000000000000e-05
5.022317e+00	3.032720631915141e-02	1.510511561767508e-02	3.000000000000000e-07	3.000000000000000e-05
5.522855e+00	3.035924331023924e-02	1.511537728585755e-02	3.000000000000000e-07	3.000000000000000e-05
6.023012e+00	3.039115227396406e-02	1.512559228732700e-02	3.000000000000000e-07	3.000000000000000e-05
6.522825e+00	3.042293595920616e-02	1.513576150285573e-02	3.000000000000000e-07	3.000000000000000e-05
7.022333e+00	3.045459710694366e-02	1.514588580925652e-02	3.000000000000000e-07	3.000000000000000e-05
7.521572e+00	3.048613845109254e-02	1.515596607964455e-02	3.000000000000000e-07	3.000000000000000e-05
8.020582e+00	3.051756271935784e-02	1.516600318370226e-02	3.000000000000000e-07	3.000000000000000e-05
8.519400e+00	3.054887263409669e-02	1.517599798794750e-02	3.000000000000000e-07	3.000000000000000e-05
9.018065e+00	3.058007091319454e-02	1.518595135600522e-02	3.000000000000000e-07	3.000000000000000e-05
9.516616e+00	3.061116027095510e-02	1.519586414888307e-02	3.000000000000000e-07	3.000000000000000e-05
1.000000e+01	3.064120577194675e-02	1.520543838260341e-02	3.000000000000000e-07	3.000000000000000e-05
1.049844e+01	3.067208849380304e-02	1.521527375764785e-02	3.000000000000000e-07	3.000000000000000e-05
1.099689e+01	3.070287037558921e-02	1.522507111222437e-02	3.000000000000000e-07	3.000000000000000e-05
1.149537e+01	3.073355409337476e-02	1.523483128920283e-02	3.000000000000000e-07	3.000000000000000e-05
1.199395e+01	3.076414235742379e-02	1.524455514082506e-02	3.000000000000000e-07	3.000000000000000e-05
1.249264e+01	3.079463788008252e-02	1.525424351845720e-02	3.000000000000000e-07	3.000000000000000e-05
1.299151e+01	3.082504337679999e-02	1.526389727290155e-02	3.000000000000000e-07	3.000000000000000e-05
1.349058e+01	3.085536156717120e-02	1.527351725471443e-02	3.000000000000000e-07	3.000000000000000e-05
1.398990e+01	3.088559517600537e-02	1.528310431453123e-02	3.000000000000000e-07	3.000000000000000e-05
1.448951e+01	3.091574693442115e-02	1.529265930339888e-02	3.000000000000000e-07	3.000000000000000e-05
1.498946e+01	3.094581958097031e-02	1.530218307311635e-02	3.000000000000000e-07	3.000000000000000e-05
1.548979e+01	3.097581586279171e-02	1.531167647658354e-02	3.000000000000000e-07	3.000000000000000e-05
1.599054e+01	3.100573853679738e-02	1.532114036815933e-02	3.000000000000000e-07	3.000000000000000e-05
1.649177e+01	3.103559037089262e-02	1.533057560402900e-02	3.000000000000000e-07	3.000000000000000e-05
1.699350e+01	3.106537414523228e-02	1.533998304258200e-02	3.000000000000000e-07	3.000000000000000e-05
1.749580e+01	3.109509265351521e-02	1.534936354480033e-02	3.000000000000000e-07	3.000000000000000e-05
1.799870e+01	3.112474870431938e-02	1.535871797465848e-02	3.000000000000000e-07	3.000000000000000e-05
1.850226e+01	3.115434512247987e-02	1.536804719953541e-02	3.000000000000000e-07	3.000000000000000e-05
1.900652e+01	3.118388475051253e-02	1.537735209063949e-02	3.000000000000000e-07	3.000000000000000e-05
1.951153e+01	3.121337045008575e-02	1.538663352344700e-02	3.000000000000000e-07	3.000000000000000e-05
2.001734e+01	3.124280510354346e-02	1.539589237815518e-02	3.000000000000000e-07	3.000000000000000e-05
2.052400e+01	3.127219161548234e-02	1.540512954015060e-02	3.000000000000000e-07	3.000000000000000e-05
2.103157e+01	3.130153291438631e-02	1.541434590049388e-02	3.000000000000000e-07	3.000000000000000e-05
2.154009e+01	3.133083195432205e-02	1.542354235642163e-02	3.000000000000000e-07	3.000000000000000e-05
2.204962e+01	3.136009171669890e-02	1.543271981186679e-02	3.000000000000000e-07	3.000000000000000e-05
2.256022e+01	3.138931521209729e-02	1.544187917799843e-02	3.000000000000000e-07	3.000000000000000e-05
2.307193e+01	3.141850548216958e-02	1.545102137378223e-02	3.000000000000000e-07	3.000000000000000e-05
2.358482e+01	3.144766560161801e-02	1.546014732656288e-02	3.000000000000000e-07	3.000000000000000e-05
2.409894e+01	3.147679868025418e-02	1.546925797266985e-02	3.000000000000000e-07	3.000000000000000e-05
2.461436e+01	3.150590786514539e-02	1.547835425804783e-02	3.000000000000000e-07	3.000000000000000e-05
2.513112e+01	3.153499634285278e-02	1.548743713891363e-02	3.000000000000000e-07	3.000000000000000e-05
2.564930e+01	3.156406734176756e-02	1.549650758244091e-02	3.000000000000000e-07	3.000000000000000e-05
2.616895e+01	3.159312413455080e-02	1.550556656747480e-02	3.000000000000000e-07	3.000000000000000e-05
2.669015e+01	3.162217004068396e-02	1.551461508527809e-02	3.000000000000000e-07	3.000000000000000e-05
2.721295e+01	3.165120842913675e-02	1.552365414031115e-02	3.000000000000000e-07	3.000000000000000e-05
2.773742e+01	3.168024272116002e-02	1.553268475104779e-02	3.000000000000000e-07	3.000000000000000e-05
2.826363e+01	3.170927639321168e-02	1.554170795082925e-02	3.000000000000000e-07	3.000000000000000e-05
2.879166e+01	3.173831298002448e-02	1.555072478875902e-02	3.000000000000000e-07	3.000000000000000e-05
2.932158e+01	3.176735607782469e-02	1.555973633064108e-02	3.000000000000000e-07	3.000000000000000e-05
2.985345e+01	3.179640934771191e-02	1.556874365996457e-02	3.000000000000000e-07	3.000000000000000e-05
3.038736e+01	3.182547651921072e-02	1.557774787893788e-02	3.000000000000000e-07	3.000000000000000e-05
3.092338e+01	3.185456139400572e-02	1.558675010957570e-02	3.000000000000000e-07	3.000000000000000e-05
3.146160e+01	3.188366784987252e-02	1.559575149484258e-02	3.000000000000000e-07	3.000000000000000e-05
3.200210e+01	3.191279984481824e-02	1.560475319985696e-02	3.000000000000000e-07	3.000000000000000e-05
3.254496e+01	3.194196142144588e-02	1.561375641315992e-02	3.000000000000000e-07	3.000000000000000e-05
3.309027e+01	3.197115671155860e-02	1.562276234805323e-02	3.000000000000000e-07	3.000000000000000e-05
3.363812e+01	3.200038994102074e-02	1.563177224401172e-02	3.000000000000000e-07	3.000000000000000e-05
3.418861e+01	3.202966543489414e-02	1.564078736817532e-02	3.000000000000000e-07	3.000000000000000e-05
3.474182e+01	3.205898762286973e-02	1.564980901692661e-02	3.000000000000000e-07	3.000000000000000e-05
3.529787e+01	3.208836104501609e-02	1.565883851756026e-02	3.000000000000000e-07	3.000000000000000e-05
3.585685e+01	3.211779035786869e-02	1.566787723005121e-02	3.000000000000000e-07	3.000000000000000e-05
3.641887e+01	3.214728034088520e-02	1.567692654892922e-02	3.000000000000000e-07	3.000000000000000e-05
3.698404e+01	3.217683590329508e-02	1.568598790526768e-02	3.000000000000000e-07	3.000000000000000e-05
3.755246e+01	3.220646209137355e-02	1.569506276879592e-02	3.000000000000000e-07	3.000000000000000e-05
3.812426e+01	3.223616409617347e-02	1.570415265014451e-02	3.000000000000000e-07	3.000000000000000e-05
3.869957e+01	3.226594726175094e-02	1.571325910323425e-02	3.000000000000000e-07	3.000000000000000e-05
3.927849e+01	3.229581709392459e-02	1.572238372782042e-02	3.000000000000000e-07	3.000000000000000e-05
3.986117e+01	3.232577926961173e-02	1.573152817220510e-02	3.000000000000000e-07	3.000000000000000e-05
4.044774e+01	3.235583964678886e-02	1.574069413613136e-02	3.000000000000000e-07	3.000000000000000e-05
4.103834e+01	3.238600427512882e-02	1.574988337387479e-02	3.000000000000000e-07	3.000000000000000e-05
4.163311e+01	3.241627940737169e-02	1.575909769754910e-02	3.000000000000000e-07	3.000000000000000e-05
4.223222e+01	3.244667151149264e-02	1.576833898064431e-02	3.000000000000000e-07	3.000000000000000e-05
4.283580e+01	3.247718728373603e-02	1.577760916181808e-02	3.000000000000000e-07	3.000000000000000e-05
4.344404e+01	3.250783366259256e-02	1.578691024896252e-02	3.000000000000000e-07	3.000000000000000e-05
4.405709e+01	3.253861784380383e-02	1.579624432357161e-02	3.000000000000000e-07	3.000000000000000e-05
4.467515e+01	3.256954729648835e-02	1.580561354543672e-02	3.000000000000000e-07	3.000000000000000e-05
4.529838e+01	3.260062978049246e-02	1.581502015770076e-02	3.000000000000000e-07	3.000000000000000e-05
4.592700e+01	3.263187336508160e-02	1.582446649230512e-02	3.000000000000000e-07	3.000000000000000e-05
4.656120e+01	3.266328644909991e-02	1.583395497586699e-02	3.000000000000000e-07	3.000000000000000e-05
4.720120e+01	3.269487778274083e-02	1.584348813602936e-02	3.000000000000000e-07	3.000000000000000e-05
4.784721e+01	3.272665649108784e-02	1.585306860833054e-02	3.000000000000000e-07	3.000000000000000e-05
4.849947e+01	3.275863209960313e-02	1.586269914364591e-02	3.000000000000000e-07	3.000000000000000e-05
4.915823e+01	3.279081456176336e-02	1.587238261626061e-02	3.000000000000000e-07	3.000000000000000e-05
4.982374e+01	3.282321428906569e-02	1.588212203263947e-02	3.000000000000000e-07	3.000000000000000e-05
5.049628e+01	3.285584218365534e-02	1.589192054096837e-02	3.000000000000000e-07	3.000000000000000e-05
5.117612e+01	3.288870967385706e-02	1.590178144155074e-02	3.000000000000000e-07	3.000000000000000e-05
5.186357e+01	3.292182875292982e-02	1.591170819815400e-02	3.000000000000000e-07	3.000000000000000e-05
5.255894e+01	3.295521202140559e-02	1.592170445041280e-02	3.000000000000000e-07	3.000000000000000e-05
5.326256e+01	3.298887273342106e-02	1.593177402741062e-02	3.000000000000000e-07	3.000000000000000e-05
5.397479e+01	3.302282484750760e-02	1.594192096257784e-02	3.000000000000000e-07	3.000000000000000e-05
5.469600e+01	3.305708308236879e-02	1.595214951006361e-02	3.000000000000000e-07	3.000000000000000e-05
5.542658e+01	3.309166297825031e-02	1.596246416276162e-02	3.000000000000000e-07	3.000000000000000e-05
5.616695e+01	3.312658096459493e-02	1.597286967219564e-02	3.000000000000000e-07	3.000000000000000e-05
5.691756e+01	3.316185443477759e-02	1.598337107050195e-02	3.000000000000000e-07	3.000000000000000e-05
5.767887e+01	3.319750182883613e-02	1.599397369478149e-02	3.000000000000000e-07	3.000000000000000e-05
5.845138e+01	3.323354272525553e-02	1.600468321413708e-02	3.000000000000000e-07	3.000000000000000e-05
5.923564e+01	3.326999794303045e-02	1.601550565976176e-02	3.000000000000000e-07	3.000000000000000e-05
6.003221e+01	3.330688965543037e-02	1.602644745850330e-02	3.000000000000000e-07	3.000000000000000e-05
6.084170e+01	3.334424151712825e-02	1.603751547040179e-02	3.000000000000000e-07	3.000000000000000e-05
6.166478e+01	3.338207880663667e-02	1.604871703078180e-02	3.000000000000000e-07	3.000000000000000e-05
6.250213e+01	3.342042858633538e-02	1.606005999758299e-02	3.000000000000000e-07	3.000000000000000e-05
6.335452e+01	3.345931988278414e-02	1.607155280473656e-02	3.000000000000000e-07	3.000000000000000e-05
6.422276e+01	3.349878389051109e-02	1.608320452254434e-02	3.000000000000000e-07	3.000000000000000e-05
6.510774e+01	3.353885420307133e-02	1.609502492619949e-02	3.000000000000000e-07	3.000000000000000e-05
6.601038e+01	3.357956707590991e-02	1.610702457381120e-02	3.000000000000000e-07	3.000000000000000e-05
6.693174e+01	3.362096172647293e-02	1.611921489557005e-02	3.000000000000000e-07	3.000000000000000e-05
6.787293e+01	3.366308067813582e-02	1.613160829603107e-02	3.000000000000000e-07	3.000000000000000e-05
6.883516e+01	3.370597015591842e-02	1.614421827191515e-02	3.000000000000000e-07	3.000000000000000e-05
6.981977e+01	3.374968054371022e-02	1.615705954836034e-02	3.000000000000000e-07	3.000000000000000e-05
7.082822e+01	3.379426691494095e-02	1.617014823722476e-02	3.000000000000000e-07	3.000000000000000e-05
7.186211e+01	3.383978965144017e-02	1.618350202189483e-02	3.000000000000000e-07	3.000000000000000e-05
7.292321e+01	3.388631516882352e-02	1.619714037414318e-02	3.000000000000000e-07	3.000000000000000e-05
7.401347e+01	3.393391677137896e-02	1.621108480998974e-02	3.000000000000000e-07	3.000000000000000e-05
7.513507e+01	3.398267566545932e-02	1.622535919335373e-02	3.000000000000000e-07	3.000000000000000e-05
7.629041e+01	3.403268216830953e-02	1.623999009869681e-02	3.000000000000000e-07	3.000000000000000e-05
7.748221e+01	3.408403715976546e-02	1.625500724705959e-02	3.000000000000000e-07	3.000000000000000e-05
7.871351e+01	3.413685383834991e-02	1.627044403419212e-02	3.000000000000000e-07	3.000000000000000e-05
7.998775e+01	3.419125986239850e-02	1.628633817531379e-02	3.000000000000000e-07	3.000000000000000e-05
8.130885e+01	3.424739998308785e-02	1.630273249906027e-02	3.000000000000000e-07	3.000000000000000e-05
8.268127e+01	3.430543931276583e-02	1.631967593435480e-02	3.000000000000000e-07	3.000000000000000e-05
8.411016e+01	3.436556742358814e-02	1.633722474975301e-02	3.000000000000000e-07	3.000000000000000e-05
8.560148e+01	3.442800354556222e-02	1.635544412754182e-02	3.000000000000000e-07	3.000000000000000e-05
8.716219e+01	3.449300324140032e-02	1.637441018813673e-02	3.000000000000000e-07	3.000000000000000e-05
8.880053e+01	3.456086709701992e-02	1.639421262996858e-02	3.000000000000000e-07	3.000000000000000e-05
9.052627e+01	3.463195221248085e-02	1.641495822578665e-02	3.000000000000000e-07	3.000000000000000e-05
9.235122e+01	3.470668766210782e-02	1.643677553469626e-02	3.000000000000000e-07	3.000000000000000e-05
9.428976e+01	3.478559570861791e-02	1.645982137947598e-02	3.000000000000000e-07	3.000000000000000e-05
9.635975e+01	3.486932157577715e-02	1.648428995403552e-02	3.000000000000000e-07	3.000000000000000e-05
9.858366e+01	3.495867633296065e-02	1.651042596748100e-02	3.000000000000000e-07	3.000000000000000e-05
1.000000e+02	3.501521583253504e-02	1.652697856435515e-02	3.000000000000000e-07	3.000000000000000e-05
1.026279e+02	3.511959400302311e-02	1.655756944851213e-02	3.000000000000000e-07	3.000000000000000e-05
1.054095e+02	3.522918776462118e-02	1.658974314362328e-02	3.000000000000000e-07	3.000000000000000e-05
1.085174e+02	3.535061105005555e-02	1.662546449619988e-02	3.000000000000000e-07	3.000000000000000e-05
1.120327e+02	3.548668110503744e-02	1.666560142313109e-02	3.000000000000000e-07	3.000000000000000e-05
1.161000e+02	3.564250421520235e-02	1.671172124314353e-02	3.000000000000000e-07	3.000000000000000e-05
1.207214e+02	3.581750090485943e-02	1.676374200654908e-02	3.000000000000000e-07	3.000000000000000e-05
1.254161e+02	3.599304857002203e-02	1.681620781832891e-02	3.000000000000000e-07	3.000000000000000e-05
1.301937e+02	3.616947842996442e-02	1.686925537108221e-02	3.000000000000000e-07	3.000000000000000e-05
1.350552e+02	3.634678515185409e-02	1.692292020786024e-02	3.000000000000000e-07	3.000000000000000e-05
1.400017e+02	3.652496969389098e-02	1.697723814831429e-02	3.000000000000000e-07	3.000000000000000e-05
1.450343e+02	3.670403326155430e-02	1.703224339477435e-02	3.000000000000000e-07	3.000000000000000e-05
1.501545e+02	3.688397740649526e-02	1.708796851026088e-02	3.000000000000000e-07	3.000000000000000e-05
1.553637e+02	3.706480401018340e-02	1.714444439840747e-02	3.000000000000000e-07	3.000000000000000e-05
1.606634e+02	3.724651526440346e-02	1.720170031213300e-02	3.000000000000000e-07	3.000000000000000e-05
1.660552e+02	3.742911364866997e-02	1.725976388484677e-02	3.000000000000000e-07	3.000000000000000e-05
1.715409e+02	3.761260190615270e-02	1.731866117906651e-02	3.000000000000000e-07	3.000000000000000e-05
1.771223e+02	3.779698301929706e-02	1.737841674791760e-02	3.000000000000000e-07	3.000000000000000e-05
1.828012e+02	3.798226018600317e-02	1.743905370560959e-02	3.000000000000000e-07	3.000000000000000e-05
1.885796e+02	3.816843679696177e-02	1.750059380360491e-02	3.000000000000000e-07	3.000000000000000e-05
1.944595e+02	3.835551641453307e-02	1.756305750977538e-02	3.000000000000000e-07	3.000000000000000e-05
2.004430e+02	3.854350275338964e-02	1.762646408837058e-02	3.000000000000000e-07	3.000000000000000e-05
2.065322e+02	3.873239966302084e-02	1.769083167908904e-02	3.000000000000000e-07	3.000000000000000e-05
2.127294e+02	3.892221111210541e-02	1.775617737394709e-02	3.000000000000000e-07	3.000000000000000e-05
2.190369e+02	3.911294117469594e-02	1.782251729098286e-02	3.000000000000000e-07	3.000000000000000e-05
2.254569e+02	3.930459401811676e-02	1.788986664411790e-02	3.000000000000000e-07	3.000000000000000e-05
2.319921e+02	3.949717389245113e-02	1.795823980873274e-02	3.000000000000000e-07	3.000000000000000e-05
2.386447e+02	3.969068512147982e-02	1.802765038270117e-02	3.000000000000000e-07	3.000000000000000e-05
2.454174e+02	3.988513209492853e-02	1.809811124277678e-02	3.000000000000000e-07	3.000000000000000e-05
2.523127e+02	4.008051926188294e-02	1.816963459634159e-02	3.000000000000000e-07	3.000000000000000e-05
2.593334e+02	4.027685112523564e-02	1.824223202861439e-02	3.000000000000000e-07	3.000000000000000e-05
2.664821e+02	4.047413223703757e-02	1.831591454548172e-02	3.000000000000000e-07	3.000000000000000e-05
2.737616e+02	4.067236719463643e-02	1.839069261216073e-02	3.000000000000000e-07	3.000000000000000e-05
2.811749e+02	4.087156063749488e-02	1.846657618793462e-02	3.000000000000000e-07	3.000000000000000e-05
2.887249e+02	4.107171724459219e-02	1.854357475722059e-02	3.000000000000000e-07	3.000000000000000e-05
2.964144e+02	4.127284173232335e-02	1.862169735724013e-02	3.000000000000000e-07	3.000000000000000e-05
3.042467e+02	4.147493885281967e-02	1.870095260256430e-02	3.000000000000000e-07	3.000000000000000e-05
3.122248e+02	4.167801339262409e-02	1.878134870680325e-02	3.000000000000000e-07	3.000000000000000e-05
3.203520e+02	4.188207017166297e-02	1.886289350170262e-02	3.000000000000000e-07	3.000000000000000e-05
3.286315e+02	4.208711404246388e-02	1.894559445389897e-02	3.000000000000000e-07	3.000000000000000e-05
3.370666e+02	4.229314988957602e-02	1.902945867957438e-02	3.000000000000000e-07	3.000000000000000e-05
3.456608e+02	4.250018262915577e-02	1.911449295723662e-02	3.000000000000000e-07	3.000000000000000e-05
3.544176e+02	4.270821720868587e-02	1.920070373883721e-02	3.000000000000000e-07	3.000000000000000e-05
3.633406e+02	4.291725860680105e-02	1.928809715942444e-02	3.000000000000000e-07	3.000000000000000e-05
3.724334e+02	4.312731183319757e-02	1.937667904551418e-02	3.000000000000000e-07	3.000000000000000e-05
3.816998e+02	4.333838192860764e-02	1.946645492234643e-02	3.000000000000000e-07	3.000000000000000e-05
3.911435e+02	4.355047396482278e-02	1.955743002018157e-02	3.000000000000000e-07	3.000000000000000e-05
4.007685e+02	4.376359304475321e-02	1.964960927977661e-02	3.000000000000000e-07	3.000000000000000e-05
4.105787e+02	4.397774430251233e-02	1.974299735716902e-02	3.000000000000000e-07	3.000000000000000e-05
4.205782e+02	4.419293290351774e-02	1.983759862788325e-02	3.000000000000000e-07	3.000000000000000e-05
4.307712e+02	4.440916404460155e-02	1.993341719066383e-02	3.000000000000000e-07	3.000000000000000e-05
4.411620e+02	4.462644295412444e-02	2.003045687082817e-02	3.000000000000000e-07	3.000000000000000e-05
4.517547e+02	4.484477489208916e-02	2.012872122332208e-02	3.000000000000000e-07	3.000000000000000e-05
4.625540e+02	4.506416515024975e-02	2.022821353555218e-02	3.000000000000000e-07	3.000000000000000e-05
4.735643e+02	4.528461905221408e-02	2.032893683006054e-02	3.000000000000000e-07	3.000000000000000e-05
4.847901e+02	4.550614195353783e-02	2.043089386709941e-02	3.000000000000000e-07	3.000000000000000e-05
4.962363e+02	4.572873924180830e-02	2.053408714715660e-02	3.000000000000000e-07	3.000000000000000e-05
5.079076e+02	4.595241633671732e-02	2.063851891347554e-02	3.000000000000000e-07	3.000000000000000e-05
5.198090e+02	4.617717869012267e-02	2.074419115460857e-02	3.000000000000000e-07	3.000000000000000e-05
5.319454e+02	4.640303178609777e-02	2.085110560703584e-02	3.000000000000000e-07	3.000000000000000e-05
5.443221e+02	4.662998114096941e-02	2.095926375787837e-02	3.000000000000000e-07	3.000000000000000e-05
5.569441e+02	4.685803230334407e-02	2.106866684772846e-02	3.000000000000000e-07	3.000000000000000e-05
5.698168e+02	4.708719085412266e-02	2.117931587361744e-02	3.000000000000000e-07	3.000000000000000e-05
5.829457e+02	4.731746240650447e-02	2.129121159213676e-02	3.000000000000000e-07	3.000000000000000e-05
5.963363e+02	4.754885260598056e-02	2.140435452272534e-02	3.000000000000000e-07	3.000000000000000e-05
6.099942e+02	4.778136713031722e-02	2.151874495113336e-02	3.000000000000000e-07	3.000000000000000e-05
6.239253e+02	4.801501168953013e-02	2.163438293306990e-02	3.000000000000000e-07	3.000000000000000e-05
6.381354e+02	4.824979202584977e-02	2.175126829803977e-02	3.000000000000000e-07	3.000000000000000e-05
6.526306e+02	4.848571391367868e-02	2.186940065337251e-02	3.000000000000000e-07	3.000000000000000e-05
6.674168e+02	4.872278315954135e-02	2.198877938844506e-02	3.000000000000000e-07	3.000000000000000e-05
6.825005e+02	4.896100560202729e-02	2.210940367909782e-02	3.000000000000000e-07	3.000000000000000e-05
6.978879e+02	4.920038711172792e-02	2.223127249224219e-02	3.000000000000000e-07	3.000000000000000e-05
7.135856e+02	4.944093359116800e-02	2.235438459065673e-02	3.000000000000000e-07	3.000000000000000e-05
7.296002e+02	4.968265097473226e-02	2.247873853796773e-02	3.000000000000000e-07	3.000000000000000e-05
7.459383e+02	4.992554522858775e-02	2.260433270380893e-02	3.000000000000000e-07	3.000000000000000e-05
7.626070e+02	5.016962235060274e-02	2.273116526915438e-02	3.000000000000000e-07	3.000000000000000e-05
7.796131e+02	5.041488837026256e-02	2.285923423181762e-02	3.000000000000000e-07	3.000000000000000e-05
7.969639e+02	5.066134934858323e-02	2.298853741210942e-02	3.000000000000000e-07	3.000000000000000e-05
8.146666e+02	5.090901137802330e-02	2.311907245864620e-02	3.000000000000000e-07	3.000000000000000e-05
8.327286e+02	5.115788058239467e-02	2.325083685430019e-02	3.000000000000000e-07	3.000000000000000e-05
8.511575e+02	5.140796311677275e-02	2.338382792228234e-02	3.000000000000000e-07	3.000000000000000e-05
8.699610e+02	5.165926516740676e-02	2.351804283234840e-02	3.000000000000000e-07	3.000000000000000e-05
8.891470e+02	5.191179295163063e-02	2.365347860711826e-02	3.000000000000000e-07	3.000000000000000e-05
9.087233e+02	5.216555271777493e-02	2.379013212849859e-02	3.000000000000000e-07	3.000000000000000e-05
9.286982e+02	5.242055074508054e-02	2.392800014419827e-02	3.000000000000000e-07	3.000000000000000e-05
9.490800e+02	5.267679334361453e-02	2.406707927432616e-02	3.000000000000000e-07	3.000000000000000e-05
9.698770e+02	5.293428685418865e-02	2.420736601806070e-02	3.000000000000000e-07	3.000000000000000e-05
9.910980e+02	5.319303764828095e-02	2.434885676038039e-02	3.000000000000000e-07	3.000000000000000e-05
1.000000e+03	5.330008620725209e-02	2.440761969819591e-02	3.000000000000000e-07	3.000000000000000e-05
1.022095e+03	5.356372528131290e-02	2.455250676413532e-02	3.000000000000000e-07	3.000000000000000e-05
1.044375e+03	5.382548796672894e-02	2.469686465991582e-02	3.000000000000000e-07	3.000000000000000e-05
1.067115e+03	5.408859355342201e-02	2.484244834891304e-02	3.000000000000000e-07	3.000000000000000e-05
1.090318e+03	5.435298369461228e-02	2.498921816010988e-02	3.000000000000000e-07	3.000000000000000e-05
1.113995e+03	5.461866623586173e-02	2.513717069923078e-02	3.000000000000000e-07	3.000000000000000e-05
1.138155e+03	5.488564771730949e-02	2.528630176547363e-02	3.000000000000000e-07	3.000000000000000e-05
1.162808e+03	5.515393473637602e-02	2.543660710972039e-02	3.000000000000000e-07	3.000000000000000e-05
1.187963e+03	5.542353392018856e-02	2.558808242609916e-02	3.000000000000000e-07	3.000000000000000e-05
1.213631e+03	5.569445192609115e-02	2.574072335905046e-02	3.000000000000000e-07	3.000000000000000e-05
1.239823e+03	5.596669544159900e-02	2.589452551003996e-02	3.000000000000000e-07	3.000000000000000e-05
1.266549e+03	5.624027118437468e-02	2.604948444422762e-02	3.000000000000000e-07	3.000000000000000e-05
1.293820e+03	5.651518590221381e-02	2.620559569707649e-02	3.000000000000000e-07	3.000000000000000e-05
1.321646e+03	5.679144637303998e-02	2.636285478089127e-02	3.000000000000000e-07	3.000000000000000e-05
1.350039e+03	5.706905940490871e-02	2.652125719127799e-02	3.000000000000000e-07	3.000000000000000e-05
1.379009e+03	5.734803183602000e-02	2.668079841351585e-02	3.000000000000000e-07	3.000000000000000e-05
1.408570e+03	5.762837053473961e-02	2.684147392883348e-02	3.000000000000000e-07	3.000000000000000e-05
1.438731e+03	5.791008239962878e-02	2.700327922058195e-02	3.000000000000000e-07	3.000000000000000e-05
1.469506e+03	5.819317435948230e-02	2.716620978029743e-02	3.000000000000000e-07	3.000000000000000e-05
1.500907e+03	5.847765337337502e-02	2.733026111364700e-02	3.000000000000000e-07	3.000000000000000e-05
1.532945e+03	5.876352643071654e-02	2.749542874625131e-02	3.000000000000000e-07	3.000000000000000e-05
1.565633e+03	5.905080055131424e-02	2.766170822937838e-02	3.000000000000000e-07	3.000000000000000e-05
1.598984e+03	5.933948278544441e-02	2.782909514550336e-02	3.000000000000000e-07	3.000000000000000e-05
1.633011e+03	5.962958021393143e-02	2.799758511372912e-02	3.000000000000000e-07	3.000000000000000e-05
1.667728e+03	5.992109994823511e-02	2.816717379506347e-02	3.000000000000000e-07	3.000000000000000e-05
1.703147e+03	6.021404913054585e-02	2.833785689754892e-02	3.000000000000000e-07	3.000000000000000e-05
1.739283e+03	6.050843493388761e-02	2.850963018124118e-02	3.000000000000000e-07	3.000000000000000e-05
1.776149e+03	6.080426456222868e-02	2.868248946303356e-02	3.000000000000000e-07	3.000000000000000e-05
1.813760e+03	6.110154525059991e-02	2.885643062132412e-02	3.000000000000000e-07	3.000000000000000e-05
1.852130e+03	6.140028426522050e-02	2.903144960052347e-02	3.000000000000000e-07	3.000000000000000e-05
1.891273e+03	6.170048890363097e-02	2.920754241540098e-02	3.000000000000000e-07	3.000000000000000e-05
1.931205e+03	6.200216649483335e-02	2.938470515526808e-02	3.000000000000000e-07	3.000000000000000e-05
1.971941e+03	6.230532439943820e-02	2.956293398799710e-02	3.000000000000000e-07	3.000000000000000e-05
2.013496e+03	6.260997000981858e-02	2.974222516387505e-02	3.000000000000000e-07	3.000000000000000e-05
2.055886e+03	6.291611075027044e-02	2.992257501929169e-02	3.000000000000000e-07	3.000000000000000e-05
2.099128e+03	6.322375407717951e-02	3.010397998026176e-02	3.000000000000000e-07	3.000000000000000e-05
2.143236e+03	6.353290747919432e-02	3.028643656578160e-02	3.000000000000000e-07	3.000000000000000e-05
2.188228e+03	6.384357847740527e-02	3.046994139102051e-02	3.000000000000000e-07	3.000000000000000e-05
2.234121e+03	6.415577462552942e-02	3.065449117034784e-02	3.000000000000000e-07	3.000000000000000e-05
2.280931e+03	6.446950351010086e-02	3.084008272019672e-02	3.000000000000000e-07	3.000000000000000e-05
2.328676e+03	6.478477275066648e-02	3.102671296176590e-02	3.000000000000000e-07	3.000000000000000e-05
2.377375e+03	6.510158999998679e-02	3.121437892356134e-02	3.000000000000000e-07	3.000000000000000e-05
2.427044e+03	6.541996294424172e-02	3.140307774377935e-02	3.000000000000000e-07	3.000000000000000e-05
2.477703e+03	6.573989930324110e-02	3.159280667253354e-02	3.000000000000000e-07	3.000000000000000e-05
2.529370e+03	6.606140683063964e-02	3.178356307392771e-02	3.000000000000000e-07	3.000000000000000e-05
2.582063e+03	6.638449331415611e-02	3.197534442797750e-02	3.000000000000000e-07	3.000000000000000e-05
2.635803e+03	6.670916657579665e-02	3.216814833238325e-02	3.000000000000000e-07	3.000000000000000e-05
2.690608e+03	6.703543447208192e-02	3.236197250415722e-02	3.000000000000000e-07	3.000000000000000e-05
2.746500e+03	6.736330489427783e-02	3.255681478110804e-02	3.000000000000000e-07	3.000000000000000e-05
2.803497e+03	6.769278576862978e-02	3.275267312318582e-02	3.000000000000000e-07	3.000000000000000e-05
2.861622e+03	6.802388505659999e-02	3.294954561369102e-02	3.000000000000000e-07	3.000000000000000e-05
2.920894e+03	6.835661075510811e-02	3.314743046035079e-02	3.000000000000000e-07	3.000000000000000e-05
2.981336e+03	6.869097089677441e-02	3.334632599626618e-02	3.000000000000000e-07	3.000000000000000e-05
3.042968e+03	6.902697355016582e-02	3.354623068073391e-02	3.000000000000000e-07	3.000000000000000e-05
3.105814e+03	6.936462682004441e-02	3.374714309994659e-02	3.000000000000000e-07	3.000000000000000e-05
3.169896e+03	6.970393884761808e-02	3.394906196757490e-02	3.000000000000000e-07	3.000000000000000e-05
3.235237e+03	7.004491781079358e-02	3.415198612523589e-02	3.000000000000000e-07	3.000000000000000e-05
3.301859e+03	7.038757192443133e-02	3.435591454285105e-02	3.000000000000000e-07	3.000000000000000e-05
3.369788e+03	7.073190944060216e-02	3.456084631889834e-02	3.000000000000000e-07	3.000000000000000e-05
3.439046e+03	7.107793864884576e-02	3.476678068056180e-02	3.000000000000000e-07	3.000000000000000e-05
3.509659e+03	7.142566787643058e-02	3.497371698378293e-02	3.000000000000000e-07	3.000000000000000e-05
3.581651e+03	7.177510548861513e-02	3.518165471321783e-02	3.000000000000000e-07	3.000000000000000e-05
3.655048e+03	7.212625988891068e-02	3.539059348210379e-02	3.000000000000000e-07	3.000000000000000e-05
3.729876e+03	7.247913951934497e-02	3.560053303203947e-02	3.000000000000000e-07	3.000000000000000e-05
3.806161e+03	7.283375286072703e-02	3.581147323268262e-02	3.000000000000000e-07	3.000000000000000e-05
3.883930e+03	7.319010843291289e-02	3.602341408136887e-02	3.000000000000000e-07	3.000000000000000e-05
3.963210e+03	7.354821479507211e-02	3.623635570265588e-02	3.000000000000000e-07	3.000000000000000e-05
4.044029e+03	7.390808054595510e-02	3.645029834779622e-02	3.000000000000000e-07	3.000000000000000e-05
4.126415e+03	7.426971432416099e-02	3.666524239414298e-02	3.000000000000000e-07	3.000000000000000e-05
4.210397e+03	7.463312480840613e-02	3.688118834449158e-02	3.000000000000000e-07	3.000000000000000e-05
4.296004e+03	7.499832071779297e-02	3.709813682636157e-02	3.000000000000000e-07	3.000000000000000e-05
4.383266e+03	7.536531081207949e-02	3.731608859122176e-02	3.000000000000000e-07	3.000000000000000e-05
4.472213e+03	7.573410389194882e-02	3.753504451366231e-02	3.000000000000000e-07	3.000000000000000e-05
4.562875e+03	7.610470879927916e-02	3.775500559051707e-02	3.000000000000000e-07	3.000000000000000e-05
4.655284e+03	7.647713441741409e-02	3.797597293993944e-02	3.000000000000000e-07	3.000000000000000e-05
4.749473e+03	7.685138967143280e-02	3.819794780043511e-02	3.000000000000000e-07	3.000000000000000e-05
4.845472e+03	7.722748352842061e-02	3.842093152985473e-02	3.000000000000000e-07	3.000000000000000e-05
4.943316e+03	7.760542499773952e-02	3.864492560434951e-02	3.000000000000000e-07	3.000000000000000e-05
5.043037e+03	7.798522313129888e-02	3.886993161729279e-02	3.000000000000000e-07	3.000000000000000e-05
5.144671e+03	7.836688702382594e-02	3.909595127817053e-02	3.000000000000000e-07	3.000000000000000e-05
5.248251e+03	7.875042581313654e-02	3.932298641144329e-02	3.000000000000000e-07	3.000000000000000e-05
5.353813e+03	7.913584868040571e-02	3.955103895538259e-02	3.000000000000000e-07	3.000000000000000e-05
5.461393e+03	7.952316485043819e-02	3.978011096088418e-02	3.000000000000000e-07	3.000000000000000e-05
5.571028e+03	7.991238359193895e-02	4.001020459026067e-02	3.000000000000000e-07	3.000000000000000e-05
5.682755e+03	8.030351421778356e-02	4.024132211601607e-02	3.000000000000000e-07	3.000000000000000e-05
5.796612e+03	8.069656608528859e-02	4.047346591960444e-02	3.000000000000000e-07	3.000000000000000e-05
5.912636e+03	8.109154859648181e-02	4.070663849017494e-02	3.000000000000000e-07	3.000000000000000e-05
6.030869e+03	8.148847119837235e-02	4.094084242330545e-02	3.000000000000000e-07	3.000000000000000e-05
6.151349e+03	8.188734338322076e-02	4.117608041972676e-02	3.000000000000000e-07	3.000000000000000e-05
6.274117e+03	8.228817468880902e-02	4.141235528403937e-02	3.000000000000000e-07	3.000000000000000e-05
6.399214e+03	8.269097469871041e-02	4.164966992342462e-02	3.000000000000000e-07	3.000000000000000e-05
6.526684e+03	8.309575304255935e-02	4.188802734635223e-02	3.000000000000000e-07	3.000000000000000e-05
6.656567e+03	8.350251939632120e-02	4.212743066128565e-02	3.000000000000000e-07	3.000000000000000e-05
6.788909e+03	8.391128348256187e-02	4.236788307538706e-02	3.000000000000000e-07	3.000000000000000e-05
6.923753e+03	8.432205507071767e-02	4.260938789322345e-02	3.000000000000000e-07	3.000000000000000e-05
7.061145e+03	8.473484397736480e-02	4.285194851547537e-02	3.000000000000000e-07	3.000000000000000e-05
7.201130e+03	8.514966006648916e-02	4.309556843764958e-02	3.000000000000000e-07	3.000000000000000e-05
7.343755e+03	8.556651324975591e-02	4.334025124879706e-02	3.000000000000000e-07	3.000000000000000e-05
7.489068e+03	8.598541348677921e-02	4.358600063023749e-02	3.000000000000000e-07	3.000000000000000e-05
7.637117e+03	8.640637078539205e-02	4.383282035429158e-02	3.000000000000000e-07	3.000000000000000e-05
7.787952e+03	8.682939520191604e-02	4.408071428302210e-02	3.000000000000000e-07	3.000000000000000e-05
7.941622e+03	8.725449684143136e-02	4.432968636698473e-02	3.000000000000000e-07	3.000000000000000e-05
8.098178e+03	8.768168585804686e-02	4.457974064398988e-02	3.000000000000000e-07	3.000000000000000e-05
8.257673e+03	8.811097245517031e-02	4.483088123787612e-02	3.000000000000000e-07	3.000000000000000e-05
8.420160e+03	8.854236688577874e-02	4.508311235729616e-02	3.000000000000000e-07	3.000000000000000e-05
8.585691e+03	8.897587945268910e-02	4.533643829451631e-02	3.000000000000000e-07	3.000000000000000e-05
8.754323e+03	8.941152050882913e-02	4.559086342422989e-02	3.000000000000000e-07	3.000000000000000e-05
8.926110e+03	8.984930045750833e-02	4.584639220238546e-02	3.000000000000000e-07	3.000000000000000e-05
9.101109e+03	9.028922975268952e-02	4.610302916503047e-02	3.000000000000000e-07	3.000000000000000e-05
9.279378e+03	9.073131889926035e-02	4.636077892717078e-02	3.000000000000000e-07	3.000000000000000e-05
9.460975e+03	9.117557845330550e-02	4.661964618164673e-02	3.000000000000000e-07	3.000000000000000e-05
9.645961e+03	9.162201902237896e-02	4.687963569802608e-02	3.000000000000000e-07	3.000000000000000e-05
9.834396e+03	9.207065126577685e-02	4.714075232151447e-02	3.000000000000000e-07	3.000000000000000e-05
1.000000e+04	9.245974658808670e-02	4.736709772543217e-02	3.000000000000000e-07	3.000000000000000e-05
1.019552e+04	9.291363101406377e-02	4.763099010294219e-02	3.000000000000000e-07	3.000000000000000e-05
1.039418e+04	9.336858278571256e-02	4.789535211371728e-02	3.000000000000000e-07	3.000000000000000e-05
1.059654e+04	9.382578922270760e-02	4.816087303148527e-02	3.000000000000000e-07	3.000000000000000e-05
1.080266e+04	9.428523955595992e-02	4.842754545133279e-02	3.000000000000000e-07	3.000000000000000e-05
1.101261e+04	9.474694515290510e-02	4.869537487274521e-02	3.000000000000000e-07	3.000000000000000e-05
1.122645e+04	9.521091702798211e-02	4.896436662775759e-02	3.000000000000000e-07	3.000000000000000e-05
1.144426e+04	9.567716625709245e-02	4.923452612055628e-02	3.000000000000000e-07	3.000000000000000e-05
1.166611e+04	9.614570397022217e-02	4.950585882208982e-02	3.000000000000000e-07	3.000000000000000e-05
1.189207e+04	9.661654135184287e-02	4.977837026922412e-02	3.000000000000000e-07	3.000000000000000e-05
1.212221e+04	9.708968964117821e-02	5.005206606384421e-02	3.000000000000000e-07	3.000000000000000e-05
1.235661e+04	9.756516013247800e-02	5.032695187198274e-02	3.000000000000000e-07	3.000000000000000e-05
1.259535e+04	9.804296417529544e-02	5.060303342297148e-02	3.000000000000000e-07	3.000000000000000e-05
1.283850e+04	9.852311317476663e-02	5.088031650861436e-02	3.000000000000000e-07	3.000000000000000e-05
1.308613e+04	9.900561859189139e-02	5.115880698238130e-02	3.000000000000000e-07	3.000000000000000e-05
1.333834e+04	9.949049194381566e-02	5.143851075862223e-02	3.000000000000000e-07	3.000000000000000e-05
1.359521e+04	9.997774480411475e-02	5.171943381180118e-02	3.000000000000000e-07	3.000000000000000e-05
1.385680e+04	1.004673888030777e-01	5.200158217574997e-02	3.000000000000000e-07	3.000000000000000e-05
1.412322e+04	1.009594356279926e-01	5.228496194294142e-02	3.000000000000000e-07	3.000000000000000e-05
1.439455e+04	1.014538970234329e-01	5.256957926378195e-02	3.000000000000000e-07	3.000000000000000e-05
1.467087e+04	1.019507847915446e-01	5.285544034592330e-02	3.000000000000000e-07	3.000000000000000e-05
1.495228e+04	1.024501107923346e-01	5.314255145359339e-02	3.000000000000000e-07	3.000000000000000e-05
1.523886e+04	1.029518869439596e-01	5.343091890694589e-02	3.000000000000000e-07	3.000000000000000e-05
1.553071e+04	1.034561252230168e-01	5.372054908142859e-02	3.000000000000000e-07	3.000000000000000e-05
1.582792e+04	1.039628376648351e-01	5.401144840717026e-02	3.000000000000000e-07	3.000000000000000e-05
1.613059e+04	1.044720363637668e-01	5.430362336838578e-02	3.000000000000000e-07	3.000000000000000e-05
1.643881e+04	1.049837334734822e-01	5.459708050279944e-02	3.000000000000000e-07	3.000000000000000e-05
1.675268e+04	1.054979412072628e-01	5.489182640108618e-02	3.000000000000000e-07	3.000000000000000e-05
1.707232e+04	1.060146718382980e-01	5.518786770633047e-02	3.000000000000000e-07	3.000000000000000e-05
1.739781e+04	1.065339376999813e-01	5.548521111350280e-02	3.000000000000000e-07	3.000000000000000e-05
1.772926e+04	1.070557511862084e-01	5.578386336895330e-02	3.000000000000000e-07	3.000000000000000e-05
1.806678e+04	1.075801247516763e-01	5.608383126992256e-02	3.000000000000000e-07	3.000000000000000e-05
1.841048e+04	1.081070709121836e-01	5.638512166406916e-02	3.000000000000000e-07	3.000000000000000e-05
1.876047e+04	1.086366022449320e-01	5.668774144901383e-02	3.000000000000000e-07	3.000000000000000e-05
1.911686e+04	1.091687313888292e-01	5.699169757189994e-02	3.000000000000000e-07	3.000000000000000e-05
1.947976e+04	1.097034710447927e-01	5.729699702897016e-02	3.000000000000000e-07	3.000000000000000e-05
1.984929e+04	1.102408339760551e-01	5.760364686515882e-02	3.000000000000000e-07	3.000000000000000e-05
2.022557e+04	1.107808330084709e-01	5.791165417370007e-02	3.000000000000000e-07	3.000000000000000e-05
2.060873e+04	1.113234810308241e-01	5.822102609575127e-02	3.000000000000000e-07	3.000000000000000e-05
2.099887e+04	1.118687909951374e-01	5.853176982003160e-02	3.000000000000000e-07	3.000000000000000e-05
2.139613e+04	1.124167759169831e-01	5.884389258247542e-02	3.000000000000000e-07	3.000000000000000e-05
2.180064e+04	1.129674488757943e-01	5.915740166590039e-02	3.000000000000000e-07	3.000000000000000e-05
2.221251e+04	1.135208230151787e-01	5.947230439968978e-02	3.000000000000000e-07	3.000000000000000e-05
2.263190e+04	1.140769115432332e-01	5.978860815948913e-02	3.000000000000000e-07	3.000000000000000e-05
2.305892e+04	1.146357277328595e-01	6.010632036691650e-02	3.000000000000000e-07	3.000000000000000e-05
2.349371e+04	1.151972849220818e-01	6.042544848928660e-02	3.000000000000000e-07	3.000000000000000e-05
2.393643e+04	1.157615965143659e-01	6.074600003934807e-02	3.000000000000000e-07	3.000000000000000e-05
2.438719e+04	1.163286759789390e-01	6.106798257503407e-02	3.000000000000000e-07	3.000000000000000e-05
2.484615e+04	1.168985368511118e-01	6.139140369922558e-02	3.000000000000000e-07	3.000000000000000e-05
2.531346e+04	1.174711927326018e-01	6.171627105952747e-02	3.000000000000000e-07	3.000000000000000e-05
2.578927e+04	1.180466572918576e-01	6.204259234805683e-02	3.000000000000000e-07	3.000000000000000e-05
2.627372e+04	1.186249442643855e-01	6.237037530124358e-02	3.000000000000000e-07	3.000000000000000e-05
2.676696e+04	1.192060674530771e-01	6.269962769964291e-02	3.000000000000000e-07	3.000000000000000e-05
2.726917e+04	1.197900407285387e-01	6.303035736775933e-02	3.000000000000000e-07	3.000000000000000e-05
2.778049e+04	1.203768780294215e-01	6.336257217388240e-02	3.000000000000000e-07	3.000000000000000e-05
2.830109e+04	1.209665933627549e-01	6.369628002993338e-02	3.000000000000000e-07	3.000000000000000e-05
2.883113e+04	1.215592008042793e-01	6.403148889132303e-02	3.000000000000000e-07	3.000000000000000e-05
2.937079e+04	1.221547144987826e-01	6.436820675682012e-02	3.000000000000000e-07	3.000000000000000e-05
2.992023e+04	1.227531486604365e-01	6.470644166843054e-02	3.000000000000000e-07	3.000000000000000e-05
3.047963e+04	1.233545175731355e-01	6.504620171128660e-02	3.000000000000000e-07	3.000000000000000e-05
3.104917e+04	1.239588355908372e-01	6.538749501354649e-02	3.000000000000000e-07	3.000000000000000e-05
3.162903e+04	1.245661171379040e-01	6.573032974630369e-02	3.000000000000000e-07	3.000000000000000e-05
3.221938e+04	1.251763767094467e-01	6.607471412350592e-02	3.000000000000000e-07	3.000000000000000e-05
3.282043e+04	1.257896288716698e-01	6.642065640188369e-02	3.000000000000000e-07	3.000000000000000e-05
3.343235e+04	1.264058882622181e-01	6.676816488088794e-02	3.000000000000000e-07	3.000000000000000e-05
3.405535e+04	1.270251695905255e-01	6.711724790263696e-02	3.000000000000000e-07	3.000000000000000e-05
3.468962e+04	1.276474876381649e-01	6.746791385187201e-02	3.000000000000000e-07	3.000000000000000e-05
3.533536e+04	1.282728572592002e-01	6.782017115592162e-02	3.000000000000000e-07	3.000000000000000e-05
3.599278e+04	1.289012933805397e-01	6.817402828467448e-02	3.000000000000000e-07	3.000000000000000e-05
3.666208e+04	1.295328110022918e-01	6.852949375056047e-02	3.000000000000000e-07	3.000000000000000e-05
3.734348e+04	1.301674251981217e-01	6.888657610853997e-02	3.000000000000000e-07	3.000000000000000e-05
3.803719e+04	1.308051511156100e-01	6.924528395610088e-02	3.000000000000000e-07	3.000000000000000e-05
3.874343e+04	1.314460039766135e-01	6.960562593326361e-02	3.000000000000000e-07	3.000000000000000e-05
3.946243e+04	1.320899990776276e-01	6.996761072259348e-02	3.000000000000000e-07	3.000000000000000e-05
4.019442e+04	1.327371517901496e-01	7.033124704922067e-02	3.000000000000000e-07	3.000000000000000e-05
4.093961e+04	1.333874775610453e-01	7.069654368086720e-02	3.000000000000000e-07	3.000000000000000e-05
4.169826e+04	1.340409919129160e-01	7.106350942788126e-02	3.000000000000000e-07	3.000000000000000e-05
4.247060e+04	1.346977104444684e-01	7.143215314327821e-02	3.000000000000000e-07	3.000000000000000e-05
4.325687e+04	1.353576488308853e-01	7.180248372278851e-02	3.000000000000000e-07	3.000000000000000e-05
4.405733e+04	1.360208228241989e-01	7.217451010491213e-02	3.000000000000000e-07	3.000000000000000e-05
4.487222e+04	1.366872482536654e-01	7.254824127097947e-02	3.000000000000000e-07	3.000000000000000e-05
4.570181e+04	1.373569410261421e-01	7.292368624521864e-02	3.000000000000000e-07	3.000000000000000e-05
4.654635e+04	1.380299171264654e-01	7.330085409482859e-02	3.000000000000000e-07	3.000000000000000e-05
4.740612e+04	1.387061926178317e-01	7.367975393005918e-02	3.000000000000000e-07	3.000000000000000e-05
4.828138e+04	1.393857836421791e-01	7.406039490429582e-02	3.000000000000000e-07	3.000000000000000e-05
4.917241e+04	1.400687064205722e-01	7.444278621415074e-02	3.000000000000000e-07	3.000000000000000e-05
5.007949e+04	1.407549772535875e-01	7.482693709955970e-02	3.000000000000000e-07	3.000000000000000e-05
5.100291e+04	1.414446125217017e-01	7.521285684388415e-02	3.000000000000000e-07	3.000000000000000e-05
5.194296e+04	1.421376286856813e-01	7.560055477401871e-02	3.000000000000000e-07	3.000000000000000e-05
5.289994e+04	1.428340422869748e-01	7.599004026050406e-02	3.000000000000000e-07	3.000000000000000e-05
5.387414e+04	1.435338699481058e-01	7.638132271764471e-02	3.000000000000000e-07	3.000000000000000e-05
5.486589e+04	1.442371283730690e-01	7.677441160363209e-02	3.000000000000000e-07	3.000000000000000e-05
5.587548e+04	1.449438343477277e-01	7.716931642067219e-02	3.000000000000000e-07	3.000000000000000e-05
5.690324e+04	1.456540047402134e-01	7.756604671511834e-02	3.000000000000000e-07	3.000000000000000e-05
5.794949e+04	1.463676565013271e-01	7.796461207760837e-02	3.000000000000000e-07	3.000000000000000e-05
5.901456e+04	1.470848066649429e-01	7.836502214320655e-02	3.000000000000000e-07	3.000000000000000e-05
6.009879e+04	1.478054723484138e-01	7.876728659154988e-02	3.000000000000000e-07	3.000000000000000e-05
6.120253e+04	1.485296707529786e-01	7.917141514699887e-02	3.000000000000000e-07	3.000000000000000e-05
6.232610e+04	1.492574191641718e-01	7.957741757879246e-02	3.000000000000000e-07	3.000000000000000e-05
6.346988e+04	1.499887349522349e-01	7.998530370120724e-02	3.000000000000000e-07	3.000000000000000e-05
6.463423e+04	1.507236355725301e-01	8.039508337372071e-02	3.000000000000000e-07	3.000000000000000e-05
6.581950e+04	1.514621385659560e-01	8.080676650117855e-02	3.000000000000000e-07	3.000000000000000e-05
6.702608e+04	1.522042615593647e-01	8.122036303396575e-02	3.000000000000000e-07	3.000000000000000e-05
6.825434e+04	1.529500222659820e-01	8.163588296818175e-02	3.000000000000000e-07	3.000000000000000e-05
6.950467e+04	1.536994384858293e-01	8.205333634581909e-02	3.000000000000000e-07	3.000000000000000e-05
7.077747e+04	1.544525281061466e-01	8.247273325494586e-02	3.000000000000000e-07	3.000000000000000e-05
7.207313e+04	1.552093091018195e-01	8.289408382989182e-02	3.000000000000000e-07	3.000000000000000e-05
7.339207e+04	1.559697995358065e-01	8.331739825143782e-02	3.000000000000000e-07	3.000000000000000e-05
7.473469e+04	1.567340175595695e-01	8.374268674700888e-02	3.000000000000000e-07	3.000000000000000e-05
7.610143e+04	1.575019814135058e-01	8.416995959087049e-02	3.000000000000000e-07	3.000000000000000e-05
7.749272e+04	1.582737094273829e-01	8.459922710432834e-02	3.000000000000000e-07	3.000000000000000e-05
7.890898e+04	1.590492200207747e-01	8.503049965593114e-02	3.000000000000000e-07	3.000000000000000e-05
8.035068e+04	1.598285317035003e-01	8.546378766167674e-02	3.000000000000000e-07	3.000000000000000e-05
8.181825e+04	1.606116630760651e-01	8.589910158522135e-02	3.000000000000000e-07	3.000000000000000e-05
8.331218e+04	1.613986328301034e-01	8.633645193809167e-02	3.000000000000000e-07	3.000000000000000e-05
8.483291e+04	1.621894597488240e-01	8.677584927990023e-02	3.000000000000000e-07	3.000000000000000e-05
8.638095e+04	1.629841627074574e-01	8.721730421856345e-02	3.000000000000000e-07	3.000000000000000e-05
8.795676e+04	1.637827606737058e-01	8.766082741052272e-02	3.000000000000000e-07	3.000000000000000e-05
8.956085e+04	1.645852727081943e-01	8.810642956096822e-02	3.000000000000000e-07	3.000000000000000e-05
9.119373e+04	1.653917179649255e-01	8.855412142406556e-02	3.000000000000000e-07	3.000000000000000e-05
9.285591e+04	1.662021156917357e-01	8.900391380318515e-02	3.000000000000000e-07	3.000000000000000e-05
9.454791e+04	1.670164852307534e-01	8.945581755113417e-02	3.000000000000000e-07	3.000000000000000e-05
9.627026e+04	1.678348460188600e-01	8.990984357039125e-02	3.000000000000000e-07	3.000000000000000e-05
9.802351e+04	1.686572175881531e-01	9.036600281334367e-02	3.000000000000000e-07	3.000000000000000e-05
9.980821e+04	1.694836195664120e-01	9.082430628252711e-02	3.000000000000000e-07	3.000000000000000e-05
1.000000e+05	1.695714820503919e-01	9.087302686800164e-02	3.000000000000000e-07	3.000000000000000e-05
1.018493e+05	1.704156416597344e-01	9.134107563738245e-02	3.000000000000000e-07	3.000000000000000e-05
1.037021e+05	1.712504255143274e-01	9.180383497329232e-02	3.000000000000000e-07	3.000000000000000e-05
1.055886e+05	1.720895407056127e-01	9.226890572896694e-02	3.000000000000000e-07	3.000000000000000e-05
1.075090e+05	1.729327639767314e-01	9.273616423902016e-02	3.000000000000000e-07	3.000000000000000e-05
1.094638e+05	1.737801197773295e-01	9.320562416368001e-02	3.000000000000000e-07	3.000000000000000e-05
1.114537e+05	1.746316282543167e-01	9.367729677523635e-02	3.000000000000000e-07	3.000000000000000e-05
1.134792e+05	1.754873097319057e-01	9.415119344127088e-02	3.000000000000000e-07	3.000000000000000e-05
1.155411e+05	1.763471846324707e-01	9.462732558078527e-02	3.000000000000000e-07	3.000000000000000e-05
1.176399e+05	1.772112734784463e-01	9.510570466524343e-02	3.000000000000000e-07	3.000000000000000e-05
1.197764e+05	1.780795968927905e-01	9.558634221881941e-02	3.000000000000000e-07	3.000000000000000e-05
1.219512e+05	1.789521755994758e-01	9.606924981866216e-02	3.000000000000000e-07	3.000000000000000e-05
1.241649e+05	1.798290304239833e-01	9.655443909516272e-02	3.000000000000000e-07	3.000000000000000e-05
1.264183e+05	1.807101822937984e-01	9.704192173222359e-02	3.000000000000000e-07	3.000000000000000e-05
1.287122e+05	1.815956522389100e-01	9.753170946753030e-02	3.000000000000000e-07	3.000000000000000e-05
1.310471e+05	1.824854613923113e-01	9.802381409282504e-02	3.000000000000000e-07	3.000000000000000e-05
1.334239e+05	1.833796309905038e-01	9.851824745418238e-02	3.000000000000000e-07	3.000000000000000e-05
1.358434e+05	1.842781823740033e-01	9.901502145228691e-02	3.000000000000000e-07	3.000000000000000e-05
1.383061e+05	1.851811369878487e-01	9.951414804271297e-02	3.000000000000000e-07	3.000000000000000e-05
1.408131e+05	1.860885163821130e-01	1.000156392362062e-01	3.000000000000000e-07	3.000000000000000e-05
1.433649e+05	1.870003422124172e-01	1.005195070989672e-01	3.000000000000000e-07	3.000000000000000e-05
1.459625e+05	1.879166362404462e-01	1.010257637529368e-01	3.000000000000000e-07	3.000000000000000e-05
1.486067e+05	1.888374203344677e-01	1.015344213760837e-01	3.000000000000000e-07	3.000000000000000e-05
1.512982e+05	1.897627164698536e-01	1.020454922026932e-01	3.000000000000000e-07	3.000000000000000e-05
1.540380e+05	1.906925467296037e-01	1.025589885236588e-01	3.000000000000000e-07	3.000000000000000e-05
1.568268e+05	1.916269333048722e-01	1.030749226867749e-01	3.000000000000000e-07	3.000000000000000e-05
1.596657e+05	1.925658984954964e-01	1.035933070970314e-01	3.000000000000000e-07	3.000000000000000e-05
1.625554e+05	1.935094647105287e-01	1.041141542169104e-01	3.000000000000000e-07	3.000000000000000e-05
1.654970e+05	1.944576544687708e-01	1.046374765666846e-01	3.000000000000000e-07	3.000000000000000e-05
1.684912e+05	1.954104903993101e-01	1.051632867247172e-01	3.000000000000000e-07	3.000000000000000e-05
1.715391e+05	1.963679952420596e-01	1.056915973277640e-01	3.000000000000000e-07	3.000000000000000e-05
1.746416e+05	1.973301918482999e-01	1.062224210712771e-01	3.000000000000000e-07	3.000000000000000e-05
1.777997e+05	1.982971031812239e-01	1.067557707097100e-01	3.000000000000000e-07	3.000000000000000e-05
1.810145e+05	1.992687523164842e-01	1.072916590568252e-01	3.000000000000000e-07	3.000000000000000e-05
1.842868e+05	2.002451624427435e-01	1.078300989860026e-01	3.000000000000000e-07	3.000000000000000e-05
1.876178e+05	2.012263568622273e-01	1.083711034305506e-01	3.000000000000000e-07	3.000000000000000e-05
1.910085e+05	2.022123589912790e-01	1.089146853840181e-01	3.000000000000000e-07	3.000000000000000e-05
1.944599e+05	2.032031923609192e-01	1.094608579005085e-01	3.000000000000000e-07	3.000000000000000e-05
1.979732e+05	2.041988806174057e-01	1.100096340949957e-01	3.000000000000000e-07	3.000000000000000e-05
2.015495e+05	2.051994475227978e-01	1.105610271436415e-01	3.000000000000000e-07	3.000000000000000e-05
2.051898e+05	2.062049169555227e-01	1.111150502841142e-01	3.000000000000000e-07	3.000000000000000e-05
2.088954e+05	2.072153129109449e-01	1.116717168159101e-01	3.000000000000000e-07	3.000000000000000e-05
2.126674e+05	2.082306595019379e-01	1.122310401006757e-01	3.000000000000000e-07	3.000000000000000e-05
2.165070e+05	2.092509809594600e-01	1.127930335625316e-01	3.000000000000000e-07	3.000000000000000e-05
2.204155e+05	2.102763016331310e-01	1.133577106883988e-01	3.000000000000000e-07	3.000000000000000e-05
2.243940e+05	2.113066459918133e-01	1.139250850283258e-01	3.000000000000000e-07	3.000000000000000e-05
2.284438e+05	2.123420386241954e-01	1.144951701958178e-01	3.000000000000000e-07	3.000000000000000e-05
2.325661e+05	2.133825042393778e-01	1.150679798681678e-01	3.000000000000000e-07	3.000000000000000e-05
2.367624e+05	2.144280676674626e-01	1.156435277867889e-01	3.000000000000000e-07	3.000000000000000e-05
2.410339e+05	2.154787538601449e-01	1.162218277575483e-01	3.000000000000000e-07	3.000000000000000e-05
2.453820e+05	2.165345878913085e-01	1.168028936511033e-01	3.000000000000000e-07	3.000000000000000e-05
2.498080e+05	2.175955949576232e-01	1.173867394032386e-01	3.000000000000000e-07	3.000000000000000e-05
2.543133e+05	2.186618003791456e-01	1.179733790152056e-01	3.000000000000000e-07	3.000000000000000e-05
2.588994e+05	2.197332295999232e-01	1.185628265540630e-01	3.000000000000000e-07	3.000000000000000e-05
2.635678e+05	2.208099081886008e-01	1.191550961530192e-01	3.000000000000000e-07	3.000000000000000e-05
2.683198e+05	2.218918618390300e-01	1.197502020117765e-01	3.000000000000000e-07	3.000000000000000e-05
2.731570e+05	2.229791163708824e-01	1.203481583968767e-01	3.000000000000000e-07	3.000000000000000e-05
2.780809e+05	2.240716977302647e-01	1.209489796420487e-01	3.000000000000000e-07	3.000000000000000e-05
2.830932e+05	2.251696319903376e-01	1.215526801485574e-01	3.000000000000000e-07	3.000000000000000e-05
2.881953e+05	2.262729453519374e-01	1.221592743855542e-01	3.000000000000000e-07	3.000000000000000e-05
2.933888e+05	2.273816641442009e-01	1.227687768904299e-01	3.000000000000000e-07	3.000000000000000e-05
2.986755e+05	2.284958148251932e-01	1.233812022691683e-01	3.000000000000000e-07	3.000000000000000e-05
3.040571e+05	2.296154239825383e-01	1.239965651967023e-01	3.000000000000000e-07	3.000000000000000e-05
3.095351e+05	2.307405183340534e-01	1.246148804172708e-01	3.000000000000000e-07	3.000000000000000e-05
3.151113e+05	2.318711247283858e-01	1.252361627447783e-01	3.000000000000000e-07	3.000000000000000e-05
3.207876e+05	2.330072701456533e-01	1.258604270631552e-01	3.000000000000000e-07	3.000000000000000e-05
3.265657e+05	2.341489816980870e-01	1.264876883267207e-01	3.000000000000000e-07	3.000000000000000e-05
3.324474e+05	2.352962866306784e-01	1.271179615605464e-01	3.000000000000000e-07	3.000000000000000e-05
3.384346e+05	2.364492123218291e-01	1.277512618608226e-01	3.000000000000000e-07	3.000000000000000e-05
3.445291e+05	2.376077862840028e-01	1.283876043952256e-01	3.000000000000000e-07	3.000000000000000e-05
3.507331e+05	2.387720361643822e-01	1.290270044032868e-01	3.000000000000000e-07	3.000000000000000e-05
3.570483e+05	2.399419897455280e-01	1.296694771967639e-01	3.000000000000000e-07	3.000000000000000e-05
3.634768e+05	2.411176749460411e-01	1.303150381600132e-01	3.000000000000000e-07	3.000000000000000e-05
3.700206e+05	2.422991198212286e-01	1.309637027503645e-01	3.000000000000000e-07	3.000000000000000e-05
3.766819e+05	2.434863525637728e-01	1.316154864984964e-01	3.000000000000000e-07	3.000000000000000e-05
3.834626e+05	2.446794015044032e-01	1.322704050088150e-01	3.000000000000000e-07	3.000000000000000e-05
3.903651e+05	2.458782951125725e-01	1.329284739598327e-01	3.000000000000000e-07	3.000000000000000e-05
3.973914e+05	2.470830619971348e-01	1.335897091045500e-01	3.000000000000000e-07	3.000000000000000e-05
4.045437e+05	2.482937309070283e-01	1.342541262708381e-01	3.000000000000000e-07	3.000000000000000e-05
4.118245e+05	2.495103307319609e-01	1.349217413618243e-01	3.000000000000000e-07	3.000000000000000e-05
4.192359e+05	2.507328905030985e-01	1.355925703562779e-01	3.000000000000000e-07	3.000000000000000e-05
4.267803e+05	2.519614393937579e-01	1.362666293089989e-01	3.000000000000000e-07	3.000000000000000e-05
4.344602e+05	2.531960067201020e-01	1.369439343512081e-01	3.000000000000000e-07	3.000000000000000e-05
4.422779e+05	2.544366219418390e-01	1.376245016909389e-01	3.000000000000000e-07	3.000000000000000e-05
4.502360e+05	2.556833146629249e-01	1.383083476134311e-01	3.000000000000000e-07	3.000000000000000e-05
4.583369e+05	2.569361146322695e-01	1.389954884815260e-01	3.000000000000000e-07	3.000000000000000e-05
4.665832e+05	2.581950517444454e-01	1.396859407360644e-01	3.000000000000000e-07	3.000000000000000e-05
4.749777e+05	2.594601560404015e-01	1.403797208962849e-01	3.000000000000000e-07	3.000000000000000e-05
4.835228e+05	2.607314577081784e-01	1.410768455602255e-01	3.000000000000000e-07	3.000000000000000e-05
4.922214e+05	2.620089870836293e-01	1.417773314051258e-01	3.000000000000000e-07	3.000000000000000e-05
5.010762e+05	2.632927746511425e-01	1.424811951878319e-01	3.000000000000000e-07	3.000000000000000e-05
5.100900e+05	2.645828510443687e-01	1.431884537452031e-01	3.000000000000000e-07	3.000000000000000e-05
5.192658e+05	2.658792470469517e-01	1.438991239945195e-01	3.000000000000000e-07	3.000000000000000e-05
5.286063e+05	2.671819935932615e-01	1.446132229338927e-01	3.000000000000000e-07	3.000000000000000e-05
5.381146e+05	2.684911217691333e-01	1.453307676426778e-01	3.000000000000000e-07	3.000000000000000e-05
5.477937e+05	2.698066628126075e-01	1.460517752818870e-01	3.000000000000000e-07	3.000000000000000e-05
5.576467e+05	2.711286481146755e-01	1.467762630946059e-01	3.000000000000000e-07	3.000000000000000e-05
5.676767e+05	2.724571092200275e-01	1.475042484064106e-01	3.000000000000000e-07	3.000000000000000e-05
5.778870e+05	2.737920778278052e-01	1.482357486257879e-01	3.000000000000000e-07	3.000000000000000e-05
5.882807e+05	2.751335857923574e-01	1.489707812445565e-01	3.000000000000000e-07	3.000000000000000e-05
5.988611e+05	2.764816651239998e-01	1.497093638382906e-01	3.000000000000000e-07	3.000000000000000e-05
6.096318e+05	2.778363479897780e-01	1.504515140667452e-01	3.000000000000000e-07	3.000000000000000e-05
6.205960e+05	2.791976667142346e-01	1.511972496742836e-01	3.000000000000000e-07	3.000000000000000e-05
6.317572e+05	2.805656537801802e-01	1.519465884903066e-01	3.000000000000000e-07	3.000000000000000e-05
6.431191e+05	2.819403418294676e-01	1.526995484296838e-01	3.000000000000000e-07	3.000000000000000e-05
6.546852e+05	2.833217636637708e-01	1.534561474931870e-01	3.000000000000000e-07	3.000000000000000e-05
6.664593e+05	2.847099522453660e-01	1.542164037679251e-01	3.000000000000000e-07	3.000000000000000e-05
6.784451e+05	2.861049406979188e-01	1.549803354277818e-01	3.000000000000000e-07	3.000000000000000e-05
6.906463e+05	2.875067623072733e-01	1.557479607338545e-01	3.000000000000000e-07	3.000000000000000e-05
7.030670e+05	2.889154505222462e-01	1.565192980348956e-01	3.000000000000000e-07	3.000000000000000e-05
7.157110e+05	2.903310389554238e-01	1.572943657677562e-01	3.000000000000000e-07	3.000000000000000e-05
7.285824e+05	2.917535613839644e-01	1.580731824578308e-01	3.000000000000000e-07	3.000000000000000e-05
7.416853e+05	2.931830517504026e-01	1.588557667195052e-01	3.000000000000000e-07	3.000000000000000e-05
7.550239e+05	2.946195441634598e-01	1.596421372566058e-01	3.000000000000000e-07	3.000000000000000e-05
7.686025e+05	2.960630728988564e-01	1.604323128628510e-01	3.000000000000000e-07	3.000000000000000e-05
7.824253e+05	2.975136724001303e-01	1.612263124223048e-01	3.000000000000000e-07	3.000000000000000e-05
7.964968e+05	2.989713772794569e-01	1.620241549098328e-01	3.000000000000000e-07	3.000000000000000e-05
8.108215e+05	3.004362223184754e-01	1.628258593915597e-01	3.000000000000000e-07	3.000000000000000e-05
8.254039e+05	3.019082424691178e-01	1.636314450253293e-01	3.000000000000000e-07	3.000000000000000e-05
8.402488e+05	3.033874728544424e-01	1.644409310611666e-01	3.000000000000000e-07	3.000000000000000e-05
8.553609e+05	3.048739487694709e-01	1.652543368417419e-01	3.000000000000000e-07	3.000000000000000e-05
8.707449e+05	3.063677056820306e-01	1.660716818028371e-01	3.000000000000000e-07	3.000000000000000e-05
8.864058e+05	3.078687792335998e-01	1.668929854738143e-01	3.000000000000000e-07	3.000000000000000e-05
9.023487e+05	3.093772052401577e-01	1.677182674780865e-01	3.000000000000000e-07	3.000000000000000e-05
9.185786e+05	3.108930196930382e-01	1.685475475335901e-01	3.000000000000000e-07	3.000000000000000e-05
9.351007e+05	3.124162587597887e-01	1.693808454532605e-01	3.000000000000000e-07	3.000000000000000e-05
9.519203e+05	3.139469587850316e-01	1.702181811455087e-01	3.000000000000000e-07	3.000000000000000e-05
9.690427e+05	3.154851562913319e-01	1.710595746147014e-01	3.000000000000000e-07	3.000000000000000e-05
9.864735e+05	3.170308879800672e-01	1.719050459616422e-01	3.000000000000000e-07	3.000000000000000e-05
1.000000e+06	3.182156255753786e-01	1.725530341810333e-01	3.000000000000000e-07	3.000000000000000e-05
1.018064e+06	3.197813209600823e-01	1.734093487822447e-01	3.000000000000000e-07	3.000000000000000e-05
1.036377e+06	3.213479777568493e-01	1.742661464324061e-01	3.000000000000000e-07	3.000000000000000e-05
1.055020e+06	3.229224277965126e-01	1.751271637377252e-01	3.000000000000000e-07	3.000000000000000e-05
1.073999e+06	3.245045873429174e-01	1.759923549240875e-01	3.000000000000000e-07	3.000000000000000e-05
1.093321e+06	3.260944963117619e-01	1.768617418424445e-01	3.000000000000000e-07	3.000000000000000e-05
1.112990e+06	3.276921925990411e-01	1.777353452379011e-01	3.000000000000000e-07	3.000000000000000e-05
1.133014e+06	3.292977143258453e-01	1.786131859773538e-01	3.000000000000000e-07	3.000000000000000e-05
1.153399e+06	3.309110997991963e-01	1.794952850280769e-01	3.000000000000000e-07	3.000000000000000e-05
1.174151e+06	3.325323875136755e-01	1.803816634586151e-01	3.000000000000000e-07	3.000000000000000e-05
1.195277e+06	3.341616161523285e-01	1.812723424392820e-01	3.000000000000000e-07	3.000000000000000e-05
1.216784e+06	3.357988245875869e-01	1.821673432426684e-01	3.000000000000000e-07	3.000000000000000e-05
1.238679e+06	3.374440518821958e-01	1.830666872441530e-01	3.000000000000000e-07	3.000000000000000e-05
1.260969e+06	3.390973372901449e-01	1.839703959224162e-01	3.000000000000000e-07	3.000000000000000e-05
1.283660e+06	3.407587202576044e-01	1.848784908599560e-01	3.000000000000000e-07	3.000000000000000e-05
1.306761e+06	3.424282404238660e-01	1.857909937436060e-01	3.000000000000000e-07	3.000000000000000e-05
1.330278e+06	3.441059376222874e-01	1.867079263650567e-01	3.000000000000000e-07	3.000000000000000e-05
1.354220e+06	3.457918518812427e-01	1.876293106213787e-01	3.000000000000000e-07	3.000000000000000e-05
1.378593e+06	3.474860234250767e-01	1.885551685155485e-01	3.000000000000000e-07	3.000000000000000e-05
1.403406e+06	3.491884926750637e-01	1.894855221569768e-01	3.000000000000000e-07	3.000000000000000e-05
1.428667e+06	3.508993002503719e-01	1.904203937620391e-01	3.000000000000000e-07	3.000000000000000e-05
1.454384e+06	3.526184869690311e-01	1.913598056546094e-01	3.000000000000000e-07	3.000000000000000e-05
1.480564e+06	3.543460938489066e-01	1.923037802665954e-01	3.000000000000000e-07	3.000000000000000e-05
1.507217e+06	3.560821621086773e-01	1.932523401384775e-01	3.000000000000000e-07	3.000000000000000e-05
1.534352e+06	3.578267331688177e-01	1.942055079198491e-01	3.000000000000000e-07	3.000000000000000e-05
1.561975e+06	3.595798486525866e-01	1.951633063699602e-01	3.000000000000000e-07	3.000000000000000e-05
1.590098e+06	3.613415503870184e-01	1.961257583582636e-01	3.000000000000000e-07	3.000000000000000e-05
1.618728e+06	3.631118804039215e-01	1.970928868649631e-01	3.000000000000000e-07	3.000000000000000e-05
1.647875e+06	3.648908809408797e-01	1.980647149815650e-01	3.000000000000000e-07	3.000000000000000e-05
1.677549e+06	3.666785944422596e-01	1.990412659114316e-01	3.000000000000000e-07	3.000000000000000e-05
1.707758e+06	3.684750635602226e-01	2.000225629703380e-01	3.000000000000000e-07	3.000000000000000e-05
1.738513e+06	3.702803311557419e-01	2.010086295870305e-01	3.000000000000000e-07	3.000000000000000e-05
1.769823e+06	3.720944402996243e-01	2.019994893037889e-01	3.000000000000000e-07	3.000000000000000e-05
1.801699e+06	3.739174342735374e-01	2.029951657769904e-01	3.000000000000000e-07	3.000000000000000e-05
1.834150e+06	3.757493565710414e-01	2.039956827776770e-01	3.000000000000000e-07	3.000000000000000e-05
1.867188e+06	3.775902508986259e-01	2.050010641921249e-01	3.000000000000000e-07	3.000000000000000e-05
1.900823e+06	3.794401611767528e-01	2.060113340224172e-01	3.000000000000000e-07	3.000000000000000e-05
1.935066e+06	3.812991315409024e-01	2.070265163870187e-01	3.000000000000000e-07	3.000000000000000e-05
1.969927e+06	3.831672063426266e-01	2.080466355213541e-01	3.000000000000000e-07	3.000000000000000e-05
2.005419e+06	3.850444301506062e-01	2.090717157783885e-01	3.000000000000000e-07	3.000000000000000e-05
2.041552e+06	3.869308477517131e-01	2.101017816292107e-01	3.000000000000000e-07	3.000000000000000e-05
2.078338e+06	3.888265041520788e-01	2.111368576636196e-01	3.000000000000000e-07	3.000000000000000e-05
2.115790e+06	3.907314445781669e-01	2.121769685907130e-01	3.000000000000000e-07	3.000000000000000e-05
2.153918e+06	3.926457144778520e-01	2.132221392394792e-01	3.000000000000000e-07	3.000000000000000e-05
2.192736e+06	3.945693595215029e-01	2.142723945593920e-01	3.000000000000000e-07	3.000000000000000e-05
2.232255e+06	3.965024256030716e-01	2.153277596210076e-01	3.000000000000000e-07	3.000000000000000e-05
2.272490e+06	3.984449588411877e-01	2.163882596165656e-01	3.000000000000000e-07	3.000000000000000e-05
2.313452e+06	4.003970055802578e-01	2.174539198605913e-01	3.000000000000000e-07	3.000000000000000e-05
2.355155e+06	4.023586123915705e-01	2.185247657905023e-01	3.000000000000000e-07	3.000000000000000e-05
2.397613e+06	4.043298260744072e-01	2.196008229672171e-01	3.000000000000000e-07	3.000000000000000e-05
2.440839e+06	4.063106936571572e-01	2.206821170757673e-01	3.000000000000000e-07	3.000000000000000e-05
2.484846e+06	4.083012623984398e-01	2.217686739259117e-01	3.000000000000000e-07	3.000000000000000e-05
2.529651e+06	4.103015797882302e-01	2.228605194527548e-01	3.000000000000000e-07	3.000000000000000e-05
2.575266e+06	4.123116935489928e-01	2.239576797173667e-01	3.000000000000000e-07	3.000000000000000e-05
2.621706e+06	4.143316516368179e-01	2.250601809074071e-01	3.000000000000000e-07	3.000000000000000e-05
2.668987e+06	4.163615022425661e-01	2.261680493377521e-01	3.000000000000000e-07	3.000000000000000e-05
2.717124e+06	4.184012937930169e-01	2.272813114511231e-01	3.000000000000000e-07	3.000000000000000e-05
2.766133e+06	4.204510749520230e-01	2.283999938187201e-01	3.000000000000000e-07	3.000000000000000e-05
2.816029e+06	4.225108946216711e-01	2.295241231408570e-01	3.000000000000000e-07	3.000000000000000e-05
2.866829e+06	4.245808019434478e-01	2.306537262476005e-01	3.000000000000000e-07	3.000000000000000e-05
2.918548e+06	4.266608462994106e-01	2.317888300994115e-01	3.000000000000000e-07	3.000000000000000e-05
2.971204e+06	4.287510773133664e-01	2.329294617877904e-01	3.000000000000000e-07	3.000000000000000e-05
3.024814e+06	4.308515448520536e-01	2.340756485359246e-01	3.000000000000000e-07	3.000000000000000e-05
3.079395e+06	4.329622990263315e-01	2.352274176993399e-01	3.000000000000000e-07	3.000000000000000e-05
3.134965e+06	4.350833901923754e-01	2.363847967665544e-01	3.000000000000000e-07	3.000000000000000e-05
3.191541e+06	4.372148689528765e-01	2.375478133597359e-01	3.000000000000000e-07	3.000000000000000e-05
3.249143e+06	4.393567861582489e-01	2.387164952353626e-01	3.000000000000000e-07	3.000000000000000e-05
3.307789e+06	4.415091929078419e-01	2.398908702848861e-01	3.000000000000000e-07	3.000000000000000e-05
3.367498e+06	4.436721405511582e-01	2.410709665353991e-01	3.000000000000000e-07	3.000000000000000e-05
3.428288e+06	4.458456806890784e-01	2.422568121503046e-01	3.000000000000000e-07	3.000000000000000e-05
3.490181e+06	4.480298651750908e-01	2.434484354299899e-01	3.000000000000000e-07	3.000000000000000e-05
3.553196e+06	4.502247461165285e-01	2.446458648125024e-01	3.000000000000000e-07	3.000000000000000e-05
3.617353e+06	4.524303758758110e-01	2.458491288742300e-01	3.000000000000000e-07	3.000000000000000e-05
3.682674e+06	4.546468070716931e-01	2.470582563305836e-01	3.000000000000000e-07	3.000000000000000e-05
3.749179e+06	4.568740925805193e-01	2.482732760366839e-01	3.000000000000000e-07	3.000000000000000e-05
3.816890e+06	4.591122855374842e-01	2.494942169880506e-01	3.000000000000000e-07	3.000000000000000e-05
3.885830e+06	4.613614393379000e-01	2.507211083212955e-01	3.000000000000000e-07	3.000000000000000e-05
3.956020e+06	4.636216076384690e-01	2.519539793148191e-01	3.000000000000000e-07	3.000000000000000e-05
4.027483e+06	4.658928443585630e-01	2.531928593895095e-01	3.000000000000000e-07	3.000000000000000e-05
4.100243e+06	4.681752036815091e-01	2.544377781094463e-01	3.000000000000000e-07	3.000000000000000e-05
4.174323e+06	4.704687400558813e-01	2.556887651826063e-01	3.000000000000000e-07	3.000000000000000e-05
4.249747e+06	4.727735081967986e-01	2.569458504615739e-01	3.000000000000000e-07	3.000000000000000e-05
4.326540e+06	4.750895630872299e-01	2.582090639442537e-01	3.000000000000000e-07	3.000000000000000e-05
4.404727e+06	4.774169599793043e-01	2.594784357745877e-01	3.000000000000000e-07	3.000000000000000e-05
4.484334e+06	4.797557543956290e-01	2.607539962432754e-01	3.000000000000000e-07	3.000000000000000e-05
4.565385e+06	4.821060021306128e-01	2.620357757884970e-01	3.000000000000000e-07	3.000000000000000e-05
4.647908e+06	4.844677592517962e-01	2.633238049966410e-01	3.000000000000000e-07	3.000000000000000e-05
4.731929e+06	4.868410821011885e-01	2.646181146030345e-01	3.000000000000000e-07	3.000000000000000e-05
4.817476e+06	4.892260272966109e-01	2.659187354926777e-01	3.000000000000000e-07	3.000000000000000e-05
4.904577e+06	4.916226517330462e-01	2.672256987009812e-01	3.000000000000000e-07	3.000000000000000e-05
4.993259e+06	4.940310125839956e-01	2.685390354145076e-01	3.000000000000000e-07	3.000000000000000e-05
5.083553e+06	4.964511673028417e-01	2.698587769717160e-01	3.000000000000000e-07	3.000000000000000e-05
5.175487e+06	4.988831736242182e-01	2.711849548637110e-01	3.000000000000000e-07	3.000000000000000e-05
5.269091e+06	5.013270895653866e-01	2.725176007349941e-01	3.000000000000000e-07	3.000000000000000e-05
5.364395e+06	5.037829734276189e-01	2.738567463842201e-01	3.000000000000000e-07	3.000000000000000e-05
5.461432e+06	5.062508837975883e-01	2.752024237649559e-01	3.000000000000000e-07	3.000000000000000e-05
5.560232e+06	5.087308795487658e-01	2.765546649864439e-01	3.000000000000000e-07	3.000000000000000e-05
5.660827e+06	5.112230198428234e-01	2.779135023143686e-01	3.000000000000000e-07	3.000000000000000e-05
5.763252e+06	5.137273641310450e-01	2.792789681716271e-01	3.000000000000000e-07	3.000000000000000e-05
5.867538e+06	5.162439721557438e-01	2.806510951391031e-01	3.000000000000000e-07	3.000000000000000e-05
5.973720e+06	5.187729039516866e-01	2.820299159564453e-01	3.000000000000000e-07	3.000000000000000e-05
6.081832e+06	5.213142198475251e-01	2.834154635228484e-01	3.000000000000000e-07	3.000000000000000e-05
6.191911e+06	5.238679804672344e-01	2.848077708978392e-01	3.000000000000000e-07	3.000000000000000e-05
6.303991e+06	5.264342467315576e-01	2.862068713020656e-01	3.000000000000000e-07	3.000000000000000e-05
6.418110e+06	5.290130798594593e-01	2.876127981180898e-01	3.000000000000000e-07	3.000000000000000e-05
6.534305e+06	5.316045413695849e-01	2.890255848911851e-01	3.000000000000000e-07	3.000000000000000e-05
6.652613e+06	5.342086930817266e-01	2.904452653301370e-01	3.000000000000000e-07	3.000000000000000e-05
6.773074e+06	5.368255971182977e-01	2.918718733080478e-01	3.000000000000000e-07	3.000000000000000e-05
6.895726e+06	5.394553159058142e-01	2.933054428631449e-01	3.000000000000000e-07	3.000000000000000e-05
7.020610e+06	5.420979121763820e-01	2.947460081995937e-01	3.000000000000000e-07	3.000000000000000e-05
7.147767e+06	5.447534489691940e-01	2.961936036883142e-01	3.000000000000000e-07	3.000000000000000e-05
7.277238e+06	5.474219896320313e-01	2.976482638678006e-01	3.000000000000000e-07	3.000000000000000e-05
7.409066e+06	5.501035978227748e-01	2.991100234449470e-01	3.000000000000000e-07	3.000000000000000e-05
7.543293e+06	5.527983375109226e-01	3.005789172958745e-01	3.000000000000000e-07	3.000000000000000e-05
7.679964e+06	5.555062729791147e-01	3.020549804667645e-01	3.000000000000000e-07	3.000000000000000e-05
7.819123e+06	5.582274688246661e-01	3.035382481746948e-01	3.000000000000000e-07	3.000000000000000e-05
7.960816e+06	5.609619899611064e-01	3.050287558084804e-01	3.000000000000000e-07	3.000000000000000e-05
8.105090e+06	5.637099016197276e-01	3.065265389295175e-01	3.000000000000000e-07	3.000000000000000e-05
8.251991e+06	5.664712693511395e-01	3.080316332726332e-01	3.000000000000000e-07	3.000000000000000e-05
8.401567e+06	5.692461590268323e-01	3.095440747469374e-01	3.000000000000000e-07	3.000000000000000e-05
8.553868e+06	5.720346368407471e-01	3.110638994366801e-01	3.000000000000000e-07	3.000000000000000e-05
8.708944e+06	5.748367693108536e-01	3.125911436021128e-01	3.000000000000000e-07	3.000000000000000e-05
8.866845e+06	5.776526232807370e-01	3.141258436803535e-01	3.000000000000000e-07	3.000000000000000e-05
9.027623e+06	5.804822659211903e-01	3.156680362862561e-01	3.000000000000000e-07	3.000000000000000e-05
9.191331e+06	5.833257647318171e-01	3.172177582132849e-01	3.000000000000000e-07	3.000000000000000e-05
9.358023e+06	5.861831875426393e-01	3.187750464343914e-01	3.000000000000000e-07	3.000000000000000e-05
9.527752e+06	5.890546025157160e-01	3.203399381028976e-01	3.000000000000000e-07	3.000000000000000e-05
9.700576e+06	5.919400781467667e-01	3.219124705533821e-01	3.000000000000000e-07	3.000000000000000e-05
9.876550e+06	5.948396832668059e-01	3.234926813025710e-01	3.000000000000000e-07	3.000000000000000e-05
1.000000e+07	5.968487127495464e-01	3.245875376937005e-01	3.000000000000000e-07	3.000000000000000e-05
1.018245e+07	5.997887363869758e-01	3.261897382491061e-01	3.000000000000000e-07	3.000000000000000e-05
1.036719e+07	6.027264783873608e-01	3.277906736066381e-01	3.000000000000000e-07	3.000000000000000e-05
1.055531e+07	6.056789071171053e-01	3.293995909550555e-01	3.000000000000000e-07	3.000000000000000e-05
1.074687e+07	6.086457876437471e-01	3.310163622698432e-01	3.000000000000000e-07	3.000000000000000e-05
1.094192e+07	6.116271962582176e-01	3.326410291297761e-01	3.000000000000000e-07	3.000000000000000e-05
1.114053e+07	6.146232039794192e-01	3.342736302400732e-01	3.000000000000000e-07	3.000000000000000e-05
1.134276e+07	6.176338822759376e-01	3.359142045504486e-01	3.000000000000000e-07	3.000000000000000e-05
1.154869e+07	6.206593029643585e-01	3.375627911996973e-01	3.000000000000000e-07	3.000000000000000e-05
1.175836e+07	6.236995382128470e-01	3.392194295176463e-01	3.000000000000000e-07	3.000000000000000e-05
1.197187e+07	6.267546605428357e-01	3.408841590260738e-01	3.000000000000000e-07	3.000000000000000e-05
1.218927e+07	6.298247428307531e-01	3.425570194396518e-01	3.000000000000000e-07	3.000000000000000e-05
1.241064e+07	6.329098583097620e-01	3.442380506668933e-01	3.000000000000000e-07	3.000000000000000e-05
1.263605e+07	6.360100805715052e-01	3.459272928111044e-01	3.000000000000000e-07	3.000000000000000e-05
1.286558e+07	6.391254835678598e-01	3.476247861713410e-01	3.000000000000000e-07	3.000000000000000e-05
1.309930e+07	6.422561416127006e-01	3.493305712433699e-01	3.000000000000000e-07	3.000000000000000e-05
1.333728e+07	6.454021293836719e-01	3.510446887206350e-01	3.000000000000000e-07	3.000000000000000e-05
1.357961e+07	6.485635219239675e-01	3.527671794952279e-01	3.000000000000000e-07	3.000000000000000e-05
1.382636e+07	6.517403946441199e-01	3.544980846588636e-01	3.000000000000000e-07	3.000000000000000e-05
1.407762e+07	6.549328233237987e-01	3.562374455038605e-01	3.000000000000000e-07	3.000000000000000e-05
1.433348e+07	6.581408841136162e-01	3.579853035241256e-01	3.000000000000000e-07	3.000000000000000e-05
1.459400e+07	6.613646535369437e-01	3.597417004161441e-01	3.000000000000000e-07	3.000000000000000e-05
1.485928e+07	6.646042084917356e-01	3.615066780799742e-01	3.000000000000000e-07	3.000000000000000e-05
1.512942e+07	6.678596262523627e-01	3.632802786202465e-01	3.000000000000000e-07	3.000000000000000e-05
1.540448e+07	6.711309844714541e-01	3.650625443471682e-01	3.000000000000000e-07	3.000000000000000e-05
1.568458e+07	6.744183611817492e-01	3.668535177775328e-01	3.000000000000000e-07	3.000000000000000e-05
1.596979e+07	6.777218347979573e-01	3.686532416357334e-01	3.000000000000000e-07	3.000000000000000e-05
1.626022e+07	6.810414841186274e-01	3.704617588547828e-01	3.000000000000000e-07	3.000000000000000e-05
1.655595e+07	6.843773883280266e-01	3.722791125773369e-01	3.000000000000000e-07	3.000000000000000e-05
1.685709e+07	6.877296269980283e-01	3.741053461567238e-01	3.000000000000000e-07	3.000000000000000e-05
1.716374e+07	6.910982800900086e-01	3.759405031579779e-01	3.000000000000000e-07	3.000000000000000e-05
1.747599e+07	6.944834279567530e-01	3.777846273588794e-01	3.000000000000000e-07	3.000000000000000e-05
1.779395e+07	6.978851513443719e-01	3.796377627509978e-01	3.000000000000000e-07	3.000000000000000e-05
1.811773e+07	7.013035313942257e-01	3.814999535407415e-01	3.000000000000000e-07	3.000000000000000e-05
1.844743e+07	7.047386496448590e-01	3.833712441504122e-01	3.000000000000000e-07	3.000000000000000e-05
1.878316e+07	7.081905880339447e-01	3.852516792192644e-01	3.000000000000000e-07	3.000000000000000e-05
1.912503e+07	7.116594289002376e-01	3.871413036045699e-01	3.000000000000000e-07	3.000000000000000e-05
1.947316e+07	7.151452549855365e-01	3.890401623826876e-01	3.000000000000000e-07	3.000000000000000e-05
1.982766e+07	7.186481494366580e-01	3.909483008501391e-01	3.000000000000000e-07	3.000000000000000e-05
2.018864e+07	7.221681958074176e-01	3.928657645246882e-01	3.000000000000000e-07	3.000000000000000e-05
2.055623e+07	7.257054780606227e-01	3.947925991464274e-01	3.000000000000000e-07	3.000000000000000e-05
2.093054e+07	7.292600805700732e-01	3.967288506788679e-01	3.000000000000000e-07	3.000000000000000e-05
2.131171e+07	7.328320881225734e-01	3.986745653100364e-01	3.000000000000000e-07	3.000000000000000e-05
2.169985e+07	7.364215859199540e-01	4.006297894535762e-01	3.000000000000000e-07	3.000000000000000e-05
2.209510e+07	7.400286595811020e-01	4.025945697498546e-01	3.000000000000000e-07	3.000000000000000e-05
2.249759e+07	7.436533951440031e-01	4.045689530670749e-01	3.000000000000000e-07	3.000000000000000e-05
2.290745e+07	7.472958790677920e-01	4.065529865023940e-01	3.000000000000000e-07	3.000000000000000e-05
2.332481e+07	7.509561982348140e-01	4.085467173830460e-01	3.000000000000000e-07	3.000000000000000e-05
2.374981e+07	7.546344399526959e-01	4.105501932674705e-01	3.000000000000000e-07	3.000000000000000e-05
2.418260e+07	7.583306919564278e-01	4.125634619464468e-01	3.000000000000000e-07	3.000000000000000e-05
2.462331e+07	7.620450424104545e-01	4.145865714442340e-01	3.000000000000000e-07	3.000000000000000e-05
2.507210e+07	7.657775799107773e-01	4.166195700197157e-01	3.000000000000000e-07	3.000000000000000e-05
2.552911e+07	7.695283934870665e-01	4.186625061675511e-01	3.000000000000000e-07	3.000000000000000e-05
2.599449e+07	7.732975726047828e-01	4.207154286193319e-01	3.000000000000000e-07	3.000000000000000e-05
2.646840e+07	7.770852071673114e-01	4.227783863447433e-01	3.000000000000000e-07	3.000000000000000e-05
2.695099e+07	7.808913875181045e-01	4.248514285527331e-01	3.000000000000000e-07	3.000000000000000e-05
2.744243e+07	7.847162044428354e-01	4.269346046926841e-01	3.000000000000000e-07	3.000000000000000e-05
2.794288e+07	7.885597491715626e-01	4.290279644555940e-01	3.000000000000000e-07	3.000000000000000e-05
2.845249e+07	7.924221133809047e-01	4.311315577752600e-01	3.000000000000000e-07	3.000000000000000e-05
2.897145e+07	7.963033891962262e-01	4.332454348294696e-01	3.000000000000000e-07	3.000000000000000e-05
2.949993e+07	8.002036691938335e-01	4.353696460411972e-01	3.000000000000000e-07	3.000000000000000e-05
3.003809e+07	8.041230464031817e-01	4.375042420798065e-01	3.000000000000000e-07	3.000000000000000e-05
3.058612e+07	8.080616143090928e-01	4.396492738622587e-01	3.000000000000000e-07	3.000000000000000e-05
3.114420e+07	8.120194668539845e-01	4.418047925543267e-01	3.000000000000000e-07	3.000000000000000e-05
3.171252e+07	8.159966984401088e-01	4.439708495718152e-01	3.000000000000000e-07	3.000000000000000e-05
3.229126e+07	8.199934039318034e-01	4.461474965817864e-01	3.000000000000000e-07	3.000000000000000e-05
3.288061e+07	8.240096786577532e-01	4.483347855037927e-01	3.000000000000000e-07	3.000000000000000e-05
3.348078e+07	8.280456184132622e-01	4.505327685111142e-01	3.000000000000000e-07	3.000000000000000e-05
3.409196e+07	8.321013194625378e-01	4.527414980320030e-01	3.000000000000000e-07	3.000000000000000e-05
3.471435e+07	8.361768785409858e-01	4.549610267509331e-01	3.000000000000000e-07	3.000000000000000e-05
3.534816e+07	8.402723928575156e-01	4.571914076098568e-01	3.000000000000000e-07	3.000000000000000e-05
3.599360e+07	8.443879600968590e-01	4.594326938094675e-01	3.000000000000000e-07	3.000000000000000e-05
3.665089e+07	8.485236784218979e-01	4.616849388104675e-01	3.000000000000000e-07	3.000000000000000e-05
3.732024e+07	8.526796464760046e-01	4.639481963348431e-01	3.000000000000000e-07	3.000000000000000e-05
3.800188e+07	8.568559633853936e-01	4.662225203671460e-01	3.000000000000000e-07	3.000000000000000e-05
3.869603e+07	8.610527287614850e-01	4.685079651557796e-01	3.000000000000000e-07	3.000000000000000e-05
3.940292e+07	8.652700427032783e-01	4.708045852142934e-01	3.000000000000000e-07	3.000000000000000e-05
4.012280e+07	8.695080057997396e-01	4.731124353226821e-01	3.000000000000000e-07	3.000000000000000e-05
4.085589e+07	8.737667191321992e-01	4.754315705286924e-01	3.000000000000000e-07	3.000000000000000e-05
4.160245e+07	8.780462842767609e-01	4.777620461491351e-01	3.000000000000000e-07	3.000000000000000e-05
4.236271e+07	8.823468033067244e-01	4.801039177712044e-01	3.000000000000000e-07	3.000000000000000e-05
4.313694e+07	8.866683787950178e-01	4.824572412538029e-01	3.000000000000000e-07	3.000000000000000e-05
4.392539e+07	8.910111138166434e-01	4.848220727288738e-01	3.000000000000000e-07	3.000000000000000e-05
4.472833e+07	8.953751119511346e-01	4.871984686027393e-01	3.000000000000000e-07	3.000000000000000e-05
4.554601e+07	8.997604772850256e-01	4.895864855574452e-01	3.000000000000000e-07	3.000000000000000e-05
4.637872e+07	9.041673144143320e-01	4.919861805521127e-01	3.000000000000000e-07	3.000000000000000e-05
4.722673e+07	9.085957284470447e-01	4.943976108242963e-01	3.000000000000000e-07	3.000000000000000e-05
4.809032e+07	9.130458250056364e-01	4.968208338913487e-01	3.000000000000000e-07	3.000000000000000e-05
4.896979e+07	9.175177102295776e-01	4.992559075517919e-01	3.000000000000000e-07	3.000000000000000e-05
4.986542e+07	9.220114907778689e-01	5.017028898866956e-01	3.000000000000000e-07	3.000000000000000e-05
5.077751e+07	9.265272738315823e-01	5.041618392610620e-01	3.000000000000000e-07	3.000000000000000e-05
5.170637e+07	9.310651670964170e-01	5.066328143252169e-01	3.000000000000000e-07	3.000000000000000e-05
5.265230e+07	9.356252788052665e-01	5.091158740162087e-01	3.000000000000000e-07	3.000000000000000e-05
5.361563e+07	9.402077177207994e-01	5.116110775592133e-01	3.000000000000000e-07	3.000000000000000e-05
5.459667e+07	9.448125931380515e-01	5.141184844689461e-01	3.000000000000000e-07	3.000000000000000e-05
5.559575e+07	9.494400148870321e-01	5.166381545510814e-01	3.000000000000000e-07	3.000000000000000e-05
5.661321e+07	9.540900933353411e-01	5.191701479036775e-01	3.000000000000000e-07	3.000000000000000e-05
5.764937e+07	9.587629393908010e-01	5.217145249186106e-01	3.000000000000000e-07	3.000000000000000e-05
5.870460e+07	9.634586645041008e-01	5.242713462830138e-01	3.000000000000000e-07	3.000000000000000e-05
5.977924e+07	9.681773806714521e-01	5.268406729807245e-01	3.000000000000000e-07	3.000000000000000e-05
6.087364e+07	9.729192004372599e-01	5.294225662937381e-01	3.000000000000000e-07	3.000000000000000e-05
6.198819e+07	9.776842368968047e-01	5.320170878036693e-01	3.000000000000000e-07	3.000000000000000e-05
6.312324e+07	9.824726036989393e-01	5.346242993932204e-01	3.000000000000000e-07	3.000000000000000e-05
6.427917e+07	9.872844150487977e-01	5.372442632476562e-01	3.000000000000000e-07	3.000000000000000e-05
6.545638e+07	9.921197857105173e-01	5.398770418562870e-01	3.000000000000000e-07	3.000000000000000e-05
6.665526e+07	9.969788310099753e-01	5.425226980139587e-01	3.000000000000000e-07	3.000000000000000e-05
6.787620e+07	1.001861666837538e+00	5.451812948225492e-01	3.000000000000000e-07	3.000000000000000e-05
6.911961e+07	1.006768409650822e+00	5.478528956924734e-01	3.000000000000000e-07	3.000000000000000e-05
7.038592e+07	1.011699176477474e+00	5.505375643441949e-01	3.000000000000000e-07	3.000000000000000e-05
7.167554e+07	1.016654084917956e+00	5.532353648097451e-01	3.000000000000000e-07	3.000000000000000e-05
7.298890e+07	1.021633253148351e+00	5.559463614342497e-01	3.000000000000000e-07	3.000000000000000e-05
7.432645e+07	1.026636799923181e+00	5.586706188774631e-01	3.000000000000000e-07	3.000000000000000e-05
7.568863e+07	1.031664844578237e+00	5.614082021153097e-01	3.000000000000000e-07	3.000000000000000e-05
7.707590e+07	1.036717507033424e+00	5.641591764414330e-01	3.000000000000000e-07	3.000000000000000e-05
7.848871e+07	1.041794907795619e+00	5.669236074687525e-01	3.000000000000000e-07	3.000000000000000e-05
7.992755e+07	1.046897167961545e+00	5.697015611310275e-01	3.000000000000000e-07	3.000000000000000e-05
8.139290e+07	1.052024409220656e+00	5.724931036844298e-01	3.000000000000000e-07	3.000000000000000e-05
8.288524e+07	1.057176753858040e+00	5.752983017091224e-01	3.000000000000000e-07	3.000000000000000e-05
8.440508e+07	1.062354324757332e+00	5.781172221108476e-01	3.000000000000000e-07	3.000000000000000e-05
8.595292e+07	1.067557245403647e+00	5.809499321225214e-01	3.000000000000000e-07	3.000000000000000e-05
8.752928e+07	1.072785639886518e+00	5.837964993058371e-01	3.000000000000000e-07	3.000000000000000e-05
8.913470e+07	1.078039632902860e+00	5.866569915528755e-01	3.000000000000000e-07	3.000000000000000e-05
9.076970e+07	1.083319349759937e+00	5.895314770877236e-01	3.000000000000000e-07	3.000000000000000e-05
9.243484e+07	1.088624916378355e+00	5.924200244681009e-01	3.000000000000000e-07	3.000000000000000e-05
9.413067e+07	1.093956459295059e+00	5.953227025869948e-01	3.000000000000000e-07	3.000000000000000e-05
9.585776e+07	1.099314105666352e+00	5.982395806743015e-01	3.000000000000000e-07	3.000000000000000e-05
9.761670e+07	1.104697983270926e+00	6.011707282984780e-01	3.000000000000000e-07	3.000000000000000e-05
9.940806e+07	1.110108220512904e+00	6.041162153681991e-01	3.000000000000000e-07	3.000000000000000e-05
1.000000e+08	1.111875113902988e+00	6.050781593328217e-01	3.000000000000000e-07	3.000000000000000e-05
1.018580e+08	1.117387851042641e+00	6.080794348260882e-01	3.000000000000000e-07	3.000000000000000e-05
1.037272e+08	1.122858987348559e+00	6.110580502437755e-01	3.000000000000000e-07	3.000000000000000e-05
1.056312e+08	1.128358163761218e+00	6.140519200015492e-01	3.000000000000000e-07	3.000000000000000e-05
1.075703e+08	1.133884241302988e+00	6.170604240125614e-01	3.000000000000000e-07	3.000000000000000e-05
1.095452e+08	1.139437374980679e+00	6.200836466670908e-01	3.000000000000000e-07	3.000000000000000e-05
1.115566e+08	1.145017696809752e+00	6.231216598381281e-01	3.000000000000000e-07	3.000000000000000e-05
1.136050e+08	1.150625339885916e+00	6.261745359864967e-01	3.000000000000000e-07	3.000000000000000e-05
1.156912e+08	1.156260437948402e+00	6.292423479230902e-01	3.000000000000000e-07	3.000000000000000e-05
1.178160e+08	1.161923125391190e+00	6.323251688149830e-01	3.000000000000000e-07	3.000000000000000e-05
1.199799e+08	1.167613537266069e+00	6.354230721870953e-01	3.000000000000000e-07	3.000000000000000e-05
1.221838e+08	1.173331809285854e+00	6.385361319239462e-01	3.000000000000000e-07	3.000000000000000e-05
1.244283e+08	1.179078077827629e+00	6.416644222714156e-01	3.000000000000000e-07	3.000000000000000e-05
1.267143e+08	1.184852479935991e+00	6.448080178385135e-01	3.000000000000000e-07	3.000000000000000e-05
1.290425e+08	1.190655153326321e+00	6.479669935991588e-01	3.000000000000000e-07	3.000000000000000e-05
1.314136e+08	1.196486236388064e+00	6.511414248939666e-01	3.000000000000000e-07	3.000000000000000e-05
1.338285e+08	1.202345868188032e+00	6.543313874320449e-01	3.000000000000000e-07	3.000000000000000e-05
1.362880e+08	1.208234188473714e+00	6.575369572927979e-01	3.000000000000000e-07	3.000000000000000e-05
1.387930e+08	1.214151337676613e+00	6.607582109277417e-01	3.000000000000000e-07	3.000000000000000e-05
1.413441e+08	1.220097456915589e+00	6.639952251623250e-01	3.000000000000000e-07	3.000000000000000e-05
1.439424e+08	1.226072688000225e+00	6.672480771977621e-01	3.000000000000000e-07	3.000000000000000e-05
1.465887e+08	1.232077173434207e+00	6.705168446128724e-01	3.000000000000000e-07	3.000000000000000e-05
1.492839e+08	1.238111056418721e+00	6.738016053659299e-01	3.000000000000000e-07	3.000000000000000e-05
1.520288e+08	1.244174480855869e+00	6.771024377965222e-01	3.000000000000000e-07	3.000000000000000e-05
1.548244e+08	1.250267591352095e+00	6.804194206274178e-01	3.000000000000000e-07	3.000000000000000e-05
1.576717e+08	1.256390533221634e+00	6.837526329664425e-01	3.000000000000000e-07	3.000000000000000e-05
1.605716e+08	1.262543452489978e+00	6.871021543083657e-01	3.000000000000000e-07	3.000000000000000e-05
1.635251e+08	1.268726495897354e+00	6.904680645367953e-01	3.000000000000000e-07	3.000000000000000e-05
1.665332e+08	1.274939810902225e+00	6.938504439260821e-01	3.000000000000000e-07	3.000000000000000e-05
1.695968e+08	1.281183545684801e+00	6.972493731432333e-01	3.000000000000000e-07	3.000000000000000e-05
1.727171e+08	1.287457849150576e+00	7.006649332498360e-01	3.000000000000000e-07	3.000000000000000e-05
1.758950e+08	1.293762870933873e+00	7.040972057039891e-01	3.000000000000000e-07	3.000000000000000e-05
1.791317e+08	1.300098761401416e+00	7.075462723622457e-01	3.000000000000000e-07	3.000000000000000e-05
1.824282e+08	1.306465671655908e+00	7.110122154815637e-01	3.000000000000000e-07	3.000000000000000e-05
1.857857e+08	1.312863753539641e+00	7.144951177212676e-01	3.000000000000000e-07	3.000000000000000e-05
1.892052e+08	1.319293159638108e+00	7.179950621450187e-01	3.000000000000000e-07	3.000000000000000e-05
1.926879e+08	1.325754043283644e+00	7.215121322227950e-01	3.000000000000000e-07	3.000000000000000e-05
1.962351e+08	1.332246558559083e+00	7.250464118328811e-01	3.000000000000000e-07	3.000000000000000e-05
1.998478e+08	1.338770860301424e+00	7.285979852638681e-01	3.000000000000000e-07	3.000000000000000e-05
2.035274e+08	1.345327104105532e+00	7.321669372166626e-01	3.000000000000000e-07	3.000000000000000e-05
2.072750e+08	1.351915446327839e+00	7.357533528065061e-01	3.000000000000000e-07	3.000000000000000e-05
2.110920e+08	1.358536044090072e+00	7.393573175650037e-01	3.000000000000000e-07	3.000000000000000e-05
2.149795e+08	1.365189055283004e+00	7.429789174421634e-01	3.000000000000000e-07	3.000000000000000e-05
2.189390e+08	1.371874638570211e+00	7.466182388084448e-01	3.000000000000000e-07	3.000000000000000e-05
2.229717e+08	1.378592953391860e+00	7.502753684568184e-01	3.000000000000000e-07	3.000000000000000e-05
2.270790e+08	1.385344159968503e+00	7.539503936048343e-01	3.000000000000000e-07	3.000000000000000e-05
2.312623e+08	1.392128419304905e+00	7.576434018967011e-01	3.000000000000000e-07	3.000000000000000e-05
2.355231e+08	1.398945893193873e+00	7.613544814053759e-01	3.000000000000000e-07	3.000000000000000e-05
2.398627e+08	1.405796744220118e+00	7.650837206346633e-01	3.000000000000000e-07	3.000000000000000e-05
2.442826e+08	1.412681135764130e+00	7.688312085213256e-01	3.000000000000000e-07	3.000000000000000e-05
2.487843e+08	1.419599232006074e+00	7.725970344372021e-01	3.000000000000000e-07	3.000000000000000e-05
2.533693e+08	1.426551197929697e+00	7.763812881913408e-01	3.000000000000000e-07	3.000000000000000e-05
2.580393e+08	1.433537199326271e+00	7.801840600321382e-01	3.000000000000000e-07	3.000000000000000e-05
2.627956e+08	1.440557402798535e+00	7.840054406494914e-01	3.000000000000000e-07	3.000000000000000e-05
2.676401e+08	1.447611975764674e+00	7.878455211769595e-01	3.000000000000000e-07	3.000000000000000e-05
2.725742e+08	1.454701086462306e+00	7.917043931939364e-01	3.000000000000000e-07	3.000000000000000e-05
2.775997e+08	1.461824903952492e+00	7.955821487278336e-01	3.000000000000000e-07	3.000000000000000e-05
2.827183e+08	1.468983598123770e+00	7.994788802562743e-01	3.000000000000000e-07	3.000000000000000e-05
2.879316e+08	1.476177339696200e+00	8.033946807092980e-01	3.000000000000000e-07	3.000000000000000e-05
2.932416e+08	1.483406300225435e+00	8.073296434715749e-01	3.000000000000000e-07	3.000000000000000e-05
2.986498e+08	1.490670652106811e+00	8.112838623846330e-01	3.000000000000000e-07	3.000000000000000e-05
3.041583e+08	1.497970568579459e+00	8.152574317490948e-01	3.000000000000000e-07	3.000000000000000e-05
3.097688e+08	1.505306223730429e+00	8.192504463269252e-01	3.000000000000000e-07	3.000000000000000e-05
3.154832e+08	1.512677792498844e+00	8.232630013436900e-01	3.000000000000000e-07	3.000000000000000e-05
3.213035e+08	1.520085450680068e+00	8.272951924908271e-01	3.000000000000000e-07	3.000000000000000e-05
3.272317e+08	1.527529374929897e+00	8.313471159279258e-01	3.000000000000000e-07	3.000000000000000e-05
3.332697e+08	1.535009742768774e+00	8.354188682850209e-01	3.000000000000000e-07	3.000000000000000e-05
3.394196e+08	1.542526732586011e+00	8.395105466648949e-01	3.000000000000000e-07	3.000000000000000e-05
3.456835e+08	1.550080523644052e+00	8.436222486453931e-01	3.000000000000000e-07	3.000000000000000e-05
3.520634e+08	1.557671296082740e+00	8.477540722817503e-01	3.000000000000000e-07	3.000000000000000e-05
3.585617e+08	1.565299230923611e+00	8.519061161089265e-01	3.000000000000000e-07	3.000000000000000e-05
3.651804e+08	1.572964510074211e+00	8.560784791439581e-01	3.000000000000000e-07	3.000000000000000e-05
3.719218e+08	1.580667316332434e+00	8.602712608883160e-01	3.000000000000000e-07	3.000000000000000e-05
3.787881e+08	1.588407833390874e+00	8.644845613302792e-01	3.000000000000000e-07	3.000000000000000e-05
3.857818e+08	1.596186245841209e+00	8.687184809473172e-01	3.000000000000000e-07	3.000000000000000e-05
3.929052e+08	1.604002739178597e+00	8.729731207084859e-01	3.000000000000000e-07	3.000000000000000e-05
4.001606e+08	1.611857499806101e+00	8.772485820768338e-01	3.000000000000000e-07	3.000000000000000e-05
4.075506e+08	1.619750715039130e+00	8.815449670118213e-01	3.000000000000000e-07	3.000000000000000e-05
4.150777e+08	1.627682573109906e+00	8.858623779717506e-01	3.000000000000000e-07	3.000000000000000e-05
4.227443e+08	1.635653263171949e+00	8.902009179162086e-01	3.000000000000000e-07	3.000000000000000e-05
4.305532e+08	1.643662975304587e+00	8.945606903085206e-01	3.000000000000000e-07	3.000000000000000e-05
4.385069e+08	1.651711900517488e+00	8.989417991182170e-01	3.000000000000000e-07	3.000000000000000e-05
4.466082e+08	1.659800230755208e+00	9.033443488235120e-01	3.000000000000000e-07	3.000000000000000e-05
4.548597e+08	1.667928158901776e+00	9.077684444137933e-01	3.000000000000000e-07	3.000000000000000e-05
4.632644e+08	1.676095878785280e+00	9.122141913921255e-01	3.000000000000000e-07	3.000000000000000e-05
4.718250e+08	1.684303585182498e+00	9.166816957777643e-01	3.000000000000000e-07	3.000000000000000e-05
4.805445e+08	1.692551473823534e+00	9.211710641086847e-01	3.000000000000000e-07	3.000000000000000e-05
4.894258e+08	1.700839741396485e+00	9.256824034441197e-01	3.000000000000000e-07	3.000000000000000e-05
4.984719e+08	1.709168585552133e+00	9.302158213671129e-01	3.000000000000000e-07	3.000000000000000e-05
5.076858e+08	1.717538204908651e+00	9.347714259870826e-01	3.000000000000000e-07	3.000000000000000e-05
5.170709e+08	1.725948799056341e+00	9.393493259423992e-01	3.000000000000000e-07	3.000000000000000e-05
5.266301e+08	1.734400568562392e+00	9.439496304029745e-01	3.000000000000000e-07	3.000000000000000e-05
5.363668e+08	1.742893714975658e+00	9.485724490728643e-01	3.000000000000000e-07	3.000000000000000e-05
5.462842e+08	1.751428440831464e+00	9.532178921928833e-01	3.000000000000000e-07	3.000000000000000e-05
5.563858e+08	1.760004949656435e+00	9.578860705432329e-01	3.000000000000000e-07	3.000000000000000e-05
5.666749e+08	1.768623445973346e+00	9.625770954461422e-01	3.000000000000000e-07	3.000000000000000e-05
5.771551e+08	1.777284135305996e+00	9.672910787685212e-01	3.000000000000000e-07	3.000000000000000e-05
5.878299e+08	1.785987224184109e+00	9.720281329246275e-01	3.000000000000000e-07	3.000000000000000e-05
5.987030e+08	1.794732920148257e+00	9.767883708787463e-01	3.000000000000000e-07	3.000000000000000e-05
6.097780e+08	1.803521431754807e+00	9.815719061478827e-01	3.000000000000000e-07	3.000000000000000e-05
6.210587e+08	1.812352968580890e+00	9.863788528044678e-01	3.000000000000000e-07	3.000000000000000e-05
6.325489e+08	1.821227741229400e+00	9.912093254790779e-01	3.000000000000000e-07	3.000000000000000e-05
6.442526e+08	1.830145961334013e+00	9.960634393631670e-01	3.000000000000000e-07	3.000000000000000e-05
6.561737e+08	1.839107841564230e+00	1.000941310211812e+00	3.000000000000000e-07	3.000000000000000e-05
6.683163e+08	1.848113595630449e+00	1.005843054346474e+00	3.000000000000000e-07	3.000000000000000e-05
6.806845e+08	1.857163438289055e+00	1.010768788657768e+00	3.000000000000000e-07	3.000000000000000e-05
6.932825e+08	1.866257585347546e+00	1.015718630608251e+00	3.000000000000000e-07	3.000000000000000e-05
7.061146e+08	1.875396253669669e+00	1.020692698235222e+00	3.000000000000000e-07	3.000000000000000e-05
7.191852e+08	1.884579661180596e+00	1.025691110153536e+00	3.000000000000000e-07	3.000000000000000e-05
7.324986e+08	1.893808026872115e+00	1.030713985558431e+00	3.000000000000000e-07	3.000000000000000e-05
7.460596e+08	1.903081570807851e+00	1.035761444228367e+00	3.000000000000000e-07	3.000000000000000e-05
7.598726e+08	1.912400514128511e+00	1.040833606527885e+00	3.000000000000000e-07	3.000000000000000e-05
7.739423e+08	1.921765079057157e+00	1.045930593410475e+00	3.000000000000000e-07	3.000000000000000e-05
7.882736e+08	1.931175488904501e+00	1.051052526421455e+00	3.000000000000000e-07	3.000000000000000e-05
8.028713e+08	1.940631968074229e+00	1.056199527700877e+00	3.000000000000000e-07	3.000000000000000e-05
8.177405e+08	1.950134742068349e+00	1.061371719986430e+00	3.000000000000000e-07	3.000000000000000e-05
8.328861e+08	1.959684037492569e+00	1.066569226616367e+00	3.000000000000000e-07	3.000000000000000e-05
8.483133e+08	1.969280082061693e+00	1.071792171532452e+00	3.000000000000000e-07	3.000000000000000e-05
8.640274e+08	1.978923104605057e+00	1.077040679282904e+00	3.000000000000000e-07	3.000000000000000e-05
8.800337e+08	1.988613335071976e+00	1.082314875025375e+00	3.000000000000000e-07	3.000000000000000e-05
8.963377e+08	1.998351004537228e+00	1.087614884529928e+00	3.000000000000000e-07	3.000000000000000e-05
9.129450e+08	2.008136345206563e+00	1.092940834182034e+00	3.000000000000000e-07	3.000000000000000e-05
9.298611e+08	2.017969590422237e+00	1.098292850985592e+00	3.000000000000000e-07	3.000000000000000e-05
9.470920e+08	2.027850974668574e+00	1.103671062565947e+00	3.000000000000000e-07	3.000000000000000e-05
9.646433e+08	2.037780733577556e+00	1.109075597172938e+00	3.000000000000000e-07	3.000000000000000e-05
9.825212e+08	2.047759103934438e+00	1.114506583683954e+00	3.000000000000000e-07	3.000000000000000e-05
1.000000e+09	2.057384369982712e+00	1.119745378157999e+00	3.000000000000000e-07	3.000000000000000e-05
