#t[yr]	ecc	inc	eachmass	totalmass
0.000000e+00	3.000000000000000e-02	1.500000000000000e-02	3.000000000000000e-06	3.000000000000000e-06
1.000000e-03	2.999970332838590e-02	1.499988783184658e-02	3.000000000000000e-06	3.000000000000000e-06
1.000000e-02	2.999703319707602e-02	1.499887829099488e-02	3.000000000000000e-06	3.000000000000000e-06
1.000000e-01	2.997032287663354e-02	1.498878006834754e-02	3.000000000000000e-06	3.000000000000000e-06
6.055977e-01	2.982005651318097e-02	1.493197604840014e-02	3.000000000000000e-06	3.000000000000000e-06
1.000000e+00	2.970332752201093e-02	1.488774510304311e-02	3.000000000000000e-06	3.000000000000000e-06
1.504766e+00	2.955428273911028e-02	1.483117711309898e-02	3.000000000000000e-06	3.000000000000000e-06
2.009008e+00	2.940595150118038e-02	1.477475131695041e-02	3.000000000000000e-06	3.000000000000000e-06
2.512611e+00	2.925837519349417e-02	1.471848302648889e-02	3.000000000000000e-06	3.000000000000000e-06
3.015611e+00	2.911155004386071e-02	1.466237045851377e-02	3.000000000000000e-06	3.000000000000000e-06
3.518045e+00	2.896547224194689e-02	1.460641180934489e-02	3.000000000000000e-06	3.000000000000000e-06
4.019949e+00	2.882013799816160e-02	1.455060527689834e-02	3.000000000000000e-06	3.000000000000000e-06
4.521361e+00	2.867554354364978e-02	1.449494906041831e-02	3.000000000000000e-06	3.000000000000000e-06
5.022317e+00	2.853168513021503e-02	1.443944136017425e-02	3.000000000000000e-06	3.000000000000000e-06
5.522855e+00	2.838855903024340e-02	1.438408037715061e-02	3.000000000000000e-06	3.000000000000000e-06
6.023012e+00	2.824616153662856e-02	1.432886431272901e-02	3.000000000000000e-06	3.000000000000000e-06
6.522825e+00	2.810448896269842e-02	1.427379136836251e-02	3.000000000000000e-06	3.000000000000000e-06
7.022333e+00	2.796353764214313e-02	1.421885974524179e-02	3.000000000000000e-06	3.000000000000000e-06
7.521572e+00	2.782330392894457e-02	1.416406764395275e-02	3.000000000000000e-06	3.000000000000000e-06
8.020582e+00	2.768378419730744e-02	1.410941326412544e-02	3.000000000000000e-06	3.000000000000000e-06
8.519400e+00	2.754497484159185e-02	1.405489480407381e-02	3.000000000000000e-06	3.000000000000000e-06
9.018065e+00	2.740687227624758e-02	1.400051046042593e-02	3.000000000000000e-06	3.000000000000000e-06
9.516616e+00	2.726947293575006e-02	1.394625842774450e-02	3.000000000000000e-06	3.000000000000000e-06
1.000000e+01	2.713692237271975e-02	1.389377868348768e-02	3.000000000000000e-06	3.000000000000000e-06
1.049844e+01	2.700089788089599e-02	1.383978202599822e-02	3.000000000000000e-06	3.000000000000000e-06
1.099689e+01	2.686556599675275e-02	1.378591224414166e-02	3.000000000000000e-06	3.000000000000000e-06
1.149537e+01	2.673092338018392e-02	1.373216757830328e-02	3.000000000000000e-06	3.000000000000000e-06
1.199395e+01	2.659696656428983e-02	1.367854620678250e-02	3.000000000000000e-06	3.000000000000000e-06
1.249264e+01	2.646369210185914e-02	1.362504630332249e-02	3.000000000000000e-06	3.000000000000000e-06
1.299151e+01	2.633109656531205e-02	1.357166603664763e-02	3.000000000000000e-06	3.000000000000000e-06
1.349058e+01	2.619917654665204e-02	1.351840356998985e-02	3.000000000000000e-06	3.000000000000000e-06
1.398990e+01	2.606792865742010e-02	1.346525706060099e-02	3.000000000000000e-06	3.000000000000000e-06
1.448951e+01	2.593734952865134e-02	1.341222465925031e-02	3.000000000000000e-06	3.000000000000000e-06
1.498946e+01	2.580743581083418e-02	1.335930450970682e-02	3.000000000000000e-06	3.000000000000000e-06
1.548979e+01	2.567818417387215e-02	1.330649474820539e-02	3.000000000000000e-06	3.000000000000000e-06
1.599054e+01	2.554959130704858e-02	1.325379350289629e-02	3.000000000000000e-06	3.000000000000000e-06
1.649177e+01	2.542165391899406e-02	1.320119889327711e-02	3.000000000000000e-06	3.000000000000000e-06
1.699350e+01	2.529436873765704e-02	1.314870902960655e-02	3.000000000000000e-06	3.000000000000000e-06
1.749580e+01	2.516773251027756e-02	1.309632201229897e-02	3.000000000000000e-06	3.000000000000000e-06
1.799870e+01	2.504174200336430e-02	1.304403593129901e-02	3.000000000000000e-06	3.000000000000000e-06
1.850226e+01	2.491639400267511e-02	1.299184886543534e-02	3.000000000000000e-06	3.000000000000000e-06
1.900652e+01	2.479168531320120e-02	1.293975888175242e-02	3.000000000000000e-06	3.000000000000000e-06
1.951153e+01	2.466761275915516e-02	1.288776403481939e-02	3.000000000000000e-06	3.000000000000000e-06
2.001734e+01	2.454417318396296e-02	1.283586236601491e-02	3.000000000000000e-06	3.000000000000000e-06
2.052400e+01	2.442136345026021e-02	1.278405190278683e-02	3.000000000000000e-06	3.000000000000000e-06
2.103157e+01	2.429918043989285e-02	1.273233065788536e-02	3.000000000000000e-06	3.000000000000000e-06
2.154009e+01	2.417762105392247e-02	1.268069662856862e-02	3.000000000000000e-06	3.000000000000000e-06
2.204962e+01	2.405668221263656e-02	1.262914779577900e-02	3.000000000000000e-06	3.000000000000000e-06
2.256022e+01	2.393636085556399e-02	1.257768212328898e-02	3.000000000000000e-06	3.000000000000000e-06
2.307193e+01	2.381665394149583e-02	1.252629755681484e-02	3.000000000000000e-06	3.000000000000000e-06
2.358482e+01	2.369755844851204e-02	1.247499202309655e-02	3.000000000000000e-06	3.000000000000000e-06
2.409894e+01	2.357907137401417e-02	1.242376342894220e-02	3.000000000000000e-06	3.000000000000000e-06
2.461436e+01	2.346118973476453e-02	1.237260966023501e-02	3.000000000000000e-06	3.000000000000000e-06
2.513112e+01	2.334391056693208e-02	1.232152858090099e-02	3.000000000000000e-06	3.000000000000000e-06
2.564930e+01	2.322723092614559e-02	1.227051803183511e-02	3.000000000000000e-06	3.000000000000000e-06
2.616895e+01	2.311114788755437e-02	1.221957582978382e-02	3.000000000000000e-06	3.000000000000000e-06
2.669015e+01	2.299565854589708e-02	1.216869976618144e-02	3.000000000000000e-06	3.000000000000000e-06
2.721295e+01	2.288076001557908e-02	1.211788760593795e-02	3.000000000000000e-06	3.000000000000000e-06
2.773742e+01	2.276644943075889e-02	1.206713708617538e-02	3.000000000000000e-06	3.000000000000000e-06
2.826363e+01	2.265272394544430e-02	1.201644591491005e-02	3.000000000000000e-06	3.000000000000000e-06
2.879166e+01	2.253958073359872e-02	1.196581176967744e-02	3.000000000000000e-06	3.000000000000000e-06
2.932158e+01	2.242701698925848e-02	1.191523229609642e-02	3.000000000000000e-06	3.000000000000000e-06
2.985345e+01	2.231502992666174e-02	1.186470510636938e-02	3.000000000000000e-06	3.000000000000000e-06
3.038736e+01	2.220361678038982e-02	1.181422777771434e-02	3.000000000000000e-06	3.000000000000000e-06
3.092338e+01	2.209277480552174e-02	1.176379785072521e-02	3.000000000000000e-06	3.000000000000000e-06
3.146160e+01	2.198250127780283e-02	1.171341282765562e-02	3.000000000000000e-06	3.000000000000000e-06
3.200210e+01	2.187279349382856e-02	1.166307017062186e-02	3.000000000000000e-06	3.000000000000000e-06
3.254496e+01	2.176364877124433e-02	1.161276729971983e-02	3.000000000000000e-06	3.000000000000000e-06
3.309027e+01	2.165506444896272e-02	1.156250159105072e-02	3.000000000000000e-06	3.000000000000000e-06
3.363812e+01	2.154703788739906e-02	1.151227037464956e-02	3.000000000000000e-06	3.000000000000000e-06
3.418861e+01	2.143956646872699e-02	1.146207093231052e-02	3.000000000000000e-06	3.000000000000000e-06
3.474182e+01	2.133264759715525e-02	1.141190049530229e-02	3.000000000000000e-06	3.000000000000000e-06
3.529787e+01	2.122627869922737e-02	1.136175624196628e-02	3.000000000000000e-06	3.000000000000000e-06
3.585685e+01	2.112045722414600e-02	1.131163529518982e-02	3.000000000000000e-06	3.000000000000000e-06
3.641887e+01	2.101518064412371e-02	1.126153471974621e-02	3.000000000000000e-06	3.000000000000000e-06
3.698404e+01	2.091044645476234e-02	1.121145151949229e-02	3.000000000000000e-06	3.000000000000000e-06
3.755246e+01	2.080625217546316e-02	1.116138263441383e-02	3.000000000000000e-06	3.000000000000000e-06
3.812426e+01	2.070259534987030e-02	1.111132493750819e-02	3.000000000000000e-06	3.000000000000000e-06
3.869957e+01	2.059947354635014e-02	1.106127523149254e-02	3.000000000000000e-06	3.000000000000000e-06
3.927849e+01	2.049688435850953e-02	1.101123024532541e-02	3.000000000000000e-06	3.000000000000000e-06
3.986117e+01	2.039482540575629e-02	1.096118663052769e-02	3.000000000000000e-06	3.000000000000000e-06
4.044774e+01	2.029329433390528e-02	1.091114095728852e-02	3.000000000000000e-06	3.000000000000000e-06
4.103834e+01	2.019228881583419e-02	1.086108971033995e-02	3.000000000000000e-06	3.000000000000000e-06
4.163311e+01	2.009180655219332e-02	1.081102928458265e-02	3.000000000000000e-06	3.000000000000000e-06
4.223222e+01	1.999184527217400e-02	1.076095598044385e-02	3.000000000000000e-06	3.000000000000000e-06
4.283580e+01	1.989240273434110e-02	1.071086599894617e-02	3.000000000000000e-06	3.000000000000000e-06
4.344404e+01	1.979347672753544e-02	1.066075543646484e-02	3.000000000000000e-06	3.000000000000000e-06
4.405709e+01	1.969506507185241e-02	1.061062027914784e-02	3.000000000000000e-06	3.000000000000000e-06
4.467515e+01	1.959716561970426e-02	1.056045639697172e-02	3.000000000000000e-06	3.000000000000000e-06
4.529838e+01	1.949977625697380e-02	1.051025953740254e-02	3.000000000000000e-06	3.000000000000000e-06
4.592700e+01	1.940289490426866e-02	1.046002531862881e-02	3.000000000000000e-06	3.000000000000000e-06
4.656120e+01	1.930651951828584e-02	1.040974922232963e-02	3.000000000000000e-06	3.000000000000000e-06
4.720120e+01	1.921064809329776e-02	1.035942658593742e-02	3.000000000000000e-06	3.000000000000000e-06
4.784721e+01	1.911527866277227e-02	1.030905259435048e-02	3.000000000000000e-06	3.000000000000000e-06
4.849947e+01	1.902040930114055e-02	1.025862227104566e-02	3.000000000000000e-06	3.000000000000000e-06
4.915823e+01	1.892603812572850e-02	1.020813046853605e-02	3.000000000000000e-06	3.000000000000000e-06
4.982374e+01	1.883216329886946e-02	1.015757185811246e-02	3.000000000000000e-06	3.000000000000000e-06
5.049628e+01	1.873878303021800e-02	1.010694091880038e-02	3.000000000000000e-06	3.000000000000000e-06
5.117612e+01	1.864589557928738e-02	1.005623192545655e-02	3.000000000000000e-06	3.000000000000000e-06
5.186357e+01	1.855349925823636e-02	1.000543893591977e-02	3.000000000000000e-06	3.000000000000000e-06
5.255894e+01	1.846159243493404e-02	9.954555777120906e-03	3.000000000000000e-06	3.000000000000000e-06
5.326256e+01	1.837017353633607e-02	9.903576030045011e-03	3.000000000000000e-06	3.000000000000000e-06
5.397479e+01	1.827924105220980e-02	9.852493013425234e-03	3.000000000000000e-06	3.000000000000000e-06
5.469600e+01	1.818879353925136e-02	9.801299766032799e-03	3.000000000000000e-06	3.000000000000000e-06
5.542658e+01	1.809882962564436e-02	9.749989027409678e-03	3.000000000000000e-06	3.000000000000000e-06
5.616695e+01	1.800934801611696e-02	9.698553216870095e-03	3.000000000000000e-06	3.000000000000000e-06
5.691756e+01	1.792034749756298e-02	9.646984410573427e-03	3.000000000000000e-06	3.000000000000000e-06
5.767887e+01	1.783182694530305e-02	9.595274316443489e-03	3.000000000000000e-06	3.000000000000000e-06
5.845138e+01	1.774378533007388e-02	9.543414246677250e-03	3.000000000000000e-06	3.000000000000000e-06
5.923564e+01	1.765622172584838e-02	9.491395087548494e-03	3.000000000000000e-06	3.000000000000000e-06
6.003221e+01	1.756913531860648e-02	9.439207266168039e-03	3.000000000000000e-06	3.000000000000000e-06
6.084170e+01	1.748252541619727e-02	9.386840713810360e-03	3.000000000000000e-06	3.000000000000000e-06
6.166478e+01	1.739639145945798e-02	9.334284825355218e-03	3.000000000000000e-06	3.000000000000000e-06
6.250213e+01	1.731073303478524e-02	9.281528414320318e-03	3.000000000000000e-06	3.000000000000000e-06
6.335452e+01	1.722554988839042e-02	9.228559662874381e-03	3.000000000000000e-06	3.000000000000000e-06
6.422276e+01	1.714084194251541e-02	9.175366066116374e-03	3.000000000000000e-06	3.000000000000000e-06
6.510774e+01	1.705660931393924e-02	9.121934369781932e-03	3.000000000000000e-06	3.000000000000000e-06
6.601038e+01	1.697285233517291e-02	9.068250500387317e-03	3.000000000000000e-06	3.000000000000000e-06
6.693174e+01	1.688957157882252e-02	9.014299486638098e-03	3.000000000000000e-06	3.000000000000000e-06
6.787293e+01	1.680676788570392e-02	8.960065370706188e-03	3.000000000000000e-06	3.000000000000000e-06
6.883516e+01	1.672444239742096e-02	8.905531107703949e-03	3.000000000000000e-06	3.000000000000000e-06
6.981977e+01	1.664259659428242e-02	8.850678451344619e-03	3.000000000000000e-06	3.000000000000000e-06
7.082822e+01	1.656123233963918e-02	8.795487823355718e-03	3.000000000000000e-06	3.000000000000000e-06
7.186211e+01	1.648035193198801e-02	8.739938163683106e-03	3.000000000000000e-06	3.000000000000000e-06
7.292321e+01	1.639995816652863e-02	8.684006757855680e-03	3.000000000000000e-06	3.000000000000000e-06
7.401347e+01	1.632005440830466e-02	8.627669037032158e-03	3.000000000000000e-06	3.000000000000000e-06
7.513507e+01	1.624064467963983e-02	8.570898345163303e-03	3.000000000000000e-06	3.000000000000000e-06
7.629041e+01	1.616173376535107e-02	8.513665666295866e-03	3.000000000000000e-06	3.000000000000000e-06
7.748221e+01	1.608332734025032e-02	8.455939303207203e-03	3.000000000000000e-06	3.000000000000000e-06
7.871351e+01	1.600543212483992e-02	8.397684496135987e-03	3.000000000000000e-06	3.000000000000000e-06
7.998775e+01	1.592805607701448e-02	8.338862967141961e-03	3.000000000000000e-06	3.000000000000000e-06
8.130885e+01	1.585120863022715e-02	8.279432371264672e-03	3.000000000000000e-06	3.000000000000000e-06
8.268127e+01	1.577490099229739e-02	8.219345629685149e-03	3.000000000000000e-06	3.000000000000000e-06
8.411016e+01	1.569914652434810e-02	8.158550111820578e-03	3.000000000000000e-06	3.000000000000000e-06
8.560148e+01	1.562396122706854e-02	8.096986621628397e-03	3.000000000000000e-06	3.000000000000000e-06
8.716219e+01	1.554936437289732e-02	8.034588126700984e-03	3.000000000000000e-06	3.000000000000000e-06
8.880053e+01	1.547537933991454e-02	7.971278144360822e-03	3.000000000000000e-06	3.000000000000000e-06
9.052627e+01	1.540203472976193e-02	7.906968662640030e-03	3.000000000000000e-06	3.000000000000000e-06
9.235122e+01	1.532936589387818e-02	7.841557418608333e-03	3.000000000000000e-06	3.000000000000000e-06
9.428976e+01	1.525741706062442e-02	7.774924269720738e-03	3.000000000000000e-06	3.000000000000000e-06
9.635975e+01	1.518624437058236e-02	7.706926253837534e-03	3.000000000000000e-06	3.000000000000000e-06
9.858366e+01	1.511592032713693e-02	7.637390699891385e-03	3.000000000000000e-06	3.000000000000000e-06
1.000000e+02	1.507513089611604e-02	7.595522246477663e-03	3.000000000000000e-06	3.000000000000000e-06
1.026279e+02	1.500374929116876e-02	7.520332576624142e-03	3.000000000000000e-06	3.000000000000000e-06
1.054095e+02	1.493645798246896e-02	7.445887888861987e-03	3.000000000000000e-06	3.000000000000000e-06
1.085174e+02	1.487028350066146e-02	7.368509127753562e-03	3.000000000000000e-06	3.000000000000000e-06
1.120327e+02	1.480588475501764e-02	7.287982232780000e-03	3.000000000000000e-06	3.000000000000000e-06
1.161000e+02	1.474376142374561e-02	7.203467465588190e-03	3.000000000000000e-06	3.000000000000000e-06
1.207214e+02	1.468770807832443e-02	7.118129089453595e-03	3.000000000000000e-06	3.000000000000000e-06
1.254161e+02	1.464540573407991e-02	7.042878430990853e-03	3.000000000000000e-06	3.000000000000000e-06
1.301937e+02	1.461525900900002e-02	6.977022137815498e-03	3.000000000000000e-06	3.000000000000000e-06
1.350552e+02	1.459591385750115e-02	6.920022306716592e-03	3.000000000000000e-06	3.000000000000000e-06
1.400017e+02	1.458612425756681e-02	6.871319591918250e-03	3.000000000000000e-06	3.000000000000000e-06
1.450343e+02	1.458475565699457e-02	6.830346933415265e-03	3.000000000000000e-06	3.000000000000000e-06
1.501545e+02	1.459078337102478e-02	6.796539011357046e-03	3.000000000000000e-06	3.000000000000000e-06
1.553637e+02	1.460328865864292e-02	6.769340356139103e-03	3.000000000000000e-06	3.000000000000000e-06
1.606634e+02	1.462145312941731e-02	6.748212036421543e-03	3.000000000000000e-06	3.000000000000000e-06
1.660552e+02	1.464455205520183e-02	6.732636960140038e-03	3.000000000000000e-06	3.000000000000000e-06
1.715409e+02	1.467194705506783e-02	6.722123872944480e-03	3.000000000000000e-06	3.000000000000000e-06
1.771223e+02	1.470307852216204e-02	6.716210173471570e-03	3.000000000000000e-06	3.000000000000000e-06
1.828012e+02	1.473745807218219e-02	6.714463686013400e-03	3.000000000000000e-06	3.000000000000000e-06
1.885796e+02	1.477466121698114e-02	6.716483540549543e-03	3.000000000000000e-06	3.000000000000000e-06
1.944595e+02	1.481432040385356e-02	6.721900310160125e-03	3.000000000000000e-06	3.000000000000000e-06
2.004430e+02	1.485611851061612e-02	6.730375548955573e-03	3.000000000000000e-06	3.000000000000000e-06
2.065322e+02	1.489978284733396e-02	6.741600862078364e-03	3.000000000000000e-06	3.000000000000000e-06
2.127294e+02	1.494507968587620e-02	6.755296624964471e-03	3.000000000000000e-06	3.000000000000000e-06
2.190369e+02	1.499180931676500e-02	6.771210453430937e-03	3.000000000000000e-06	3.000000000000000e-06
2.254569e+02	1.503980161747919e-02	6.789115510435382e-03	3.000000000000000e-06	3.000000000000000e-06
2.319921e+02	1.508891210611954e-02	6.808808720342833e-03	3.000000000000000e-06	3.000000000000000e-06
2.386447e+02	1.513901844797225e-02	6.830108947753212e-03	3.000000000000000e-06	3.000000000000000e-06
2.454174e+02	1.519001737905568e-02	6.852855185675020e-03	3.000000000000000e-06	3.000000000000000e-06
2.523127e+02	1.524182200942302e-02	6.876904787189886e-03	3.000000000000000e-06	3.000000000000000e-06
2.593334e+02	1.529435946920435e-02	6.902131765727688e-03	3.000000000000000e-06	3.000000000000000e-06
2.664821e+02	1.534756886162761e-02	6.928425181572116e-03	3.000000000000000e-06	3.000000000000000e-06
2.737616e+02	1.540139948919560e-02	6.955687626102610e-03	3.000000000000000e-06	3.000000000000000e-06
2.811749e+02	1.545580932154275e-02	6.983833810388884e-03	3.000000000000000e-06	3.000000000000000e-06
2.887249e+02	1.551076367605136e-02	7.012789260920384e-03	3.000000000000000e-06	3.000000000000000e-06
2.964144e+02	1.556623408492965e-02	7.042489122312427e-03	3.000000000000000e-06	3.000000000000000e-06
3.042467e+02	1.562219732504279e-02	7.072877064632839e-03	3.000000000000000e-06	3.000000000000000e-06
3.122248e+02	1.567863458927657e-02	7.103904291402746e-03	3.000000000000000e-06	3.000000000000000e-06
3.203520e+02	1.573553078055796e-02	7.135528643225358e-03	3.000000000000000e-06	3.000000000000000e-06
3.286315e+02	1.579287391183399e-02	7.167713791286365e-03	3.000000000000000e-06	3.000000000000000e-06
3.370666e+02	1.585065459730677e-02	7.200428514564467e-03	3.000000000000000e-06	3.000000000000000e-06
3.456608e+02	1.590886562203647e-02	7.233646054420470e-03	3.000000000000000e-06	3.000000000000000e-06
3.544176e+02	1.596750157865876e-02	7.267343540240815e-03	3.000000000000000e-06	3.000000000000000e-06
3.633406e+02	1.602655856142602e-02	7.301501479950051e-03	3.000000000000000e-06	3.000000000000000e-06
3.724334e+02	1.608603390908371e-02	7.336103309439361e-03	3.000000000000000e-06	3.000000000000000e-06
3.816998e+02	1.614592598924530e-02	7.371134995255305e-03	3.000000000000000e-06	3.000000000000000e-06
3.911435e+02	1.620623401794455e-02	7.406584685231520e-03	3.000000000000000e-06	3.000000000000000e-06
4.007685e+02	1.626695790893451e-02	7.442442402108195e-03	3.000000000000000e-06	3.000000000000000e-06
4.105787e+02	1.632809814808119e-02	7.478699775556178e-03	3.000000000000000e-06	3.000000000000000e-06
4.205782e+02	1.638965568887743e-02	7.515349808394229e-03	3.000000000000000e-06	3.000000000000000e-06
4.307712e+02	1.645163186569114e-02	7.552386673151760e-03	3.000000000000000e-06	3.000000000000000e-06
4.411620e+02	1.651402832187033e-02	7.589805535479768e-03	3.000000000000000e-06	3.000000000000000e-06
4.517547e+02	1.657684695026668e-02	7.627602401246106e-03	3.000000000000000e-06	3.000000000000000e-06
4.625540e+02	1.664008984411602e-02	7.665773984465084e-03	3.000000000000000e-06	3.000000000000000e-06
4.735643e+02	1.670375925653781e-02	7.704317593504338e-03	3.000000000000000e-06	3.000000000000000e-06
4.847901e+02	1.676785756719158e-02	7.743231033283296e-03	3.000000000000000e-06	3.000000000000000e-06
4.962363e+02	1.683238725486422e-02	7.782512521427415e-03	3.000000000000000e-06	3.000000000000000e-06
5.079076e+02	1.689735087496162e-02	7.822160616570897e-03	3.000000000000000e-06	3.000000000000000e-06
5.198090e+02	1.696275104104810e-02	7.862174157208697e-03	3.000000000000000e-06	3.000000000000000e-06
5.319454e+02	1.702859040972042e-02	7.902552209687172e-03	3.000000000000000e-06	3.000000000000000e-06
5.443221e+02	1.709487166822357e-02	7.943294024092693e-03	3.000000000000000e-06	3.000000000000000e-06
5.569441e+02	1.716159752431762e-02	7.984398996950285e-03	3.000000000000000e-06	3.000000000000000e-06
5.698168e+02	1.722877069798983e-02	8.025866639780988e-03	3.000000000000000e-06	3.000000000000000e-06
5.829457e+02	1.729639391467718e-02	8.067696552688366e-03	3.000000000000000e-06	3.000000000000000e-06
5.963363e+02	1.736446989972441e-02	8.109888402252768e-03	3.000000000000000e-06	3.000000000000000e-06
6.099942e+02	1.743300137385135e-02	8.152441903107627e-03	3.000000000000000e-06	3.000000000000000e-06
6.239253e+02	1.750199104944505e-02	8.195356802656534e-03	3.000000000000000e-06	3.000000000000000e-06
6.381354e+02	1.757144162752528e-02	8.238632868464012e-03	3.000000000000000e-06	3.000000000000000e-06
6.526306e+02	1.764135579526076e-02	8.282269877917954e-03	3.000000000000000e-06	3.000000000000000e-06
6.674168e+02	1.771173622393583e-02	8.326267609818571e-03	3.000000000000000e-06	3.000000000000000e-06
6.825005e+02	1.778258556728663e-02	8.370625837598086e-03	3.000000000000000e-06	3.000000000000000e-06
6.978879e+02	1.785390646014101e-02	8.415344323918481e-03	3.000000000000000e-06	3.000000000000000e-06
7.135856e+02	1.792570151730929e-02	8.460422816431747e-03	3.000000000000000e-06	3.000000000000000e-06
7.296002e+02	1.799797333268309e-02	8.505861044519234e-03	3.000000000000000e-06	3.000000000000000e-06
7.459383e+02	1.807072447850789e-02	8.551658716854305e-03	3.000000000000000e-06	3.000000000000000e-06
7.626070e+02	1.814395750480178e-02	8.597815519656292e-03	3.000000000000000e-06	3.000000000000000e-06
7.796131e+02	1.821767493889822e-02	8.644331115523983e-03	3.000000000000000e-06	3.000000000000000e-06
7.969639e+02	1.829187928509521e-02	8.691205142754248e-03	3.000000000000000e-06	3.000000000000000e-06
8.146666e+02	1.836657302439651e-02	8.738437215066194e-03	3.000000000000000e-06	3.000000000000000e-06
8.327286e+02	1.844175861433387e-02	8.786026921663683e-03	3.000000000000000e-06	3.000000000000000e-06
8.511575e+02	1.851743848886086e-02	8.833973827579769e-03	3.000000000000000e-06	3.000000000000000e-06
8.699610e+02	1.859361505831125e-02	8.882277474255454e-03	3.000000000000000e-06	3.000000000000000e-06
8.891470e+02	1.867029070941593e-02	8.930937380312856e-03	3.000000000000000e-06	3.000000000000000e-06
9.087233e+02	1.874746780537366e-02	8.979953042489079e-03	3.000000000000000e-06	3.000000000000000e-06
9.286982e+02	1.882514868597175e-02	9.029323936702536e-03	3.000000000000000e-06	3.000000000000000e-06
9.490800e+02	1.890333566775346e-02	9.079049519227823e-03	3.000000000000000e-06	3.000000000000000e-06
9.698770e+02	1.898203104422938e-02	9.129129227959094e-03	3.000000000000000e-06	3.000000000000000e-06
9.910980e+02	1.906123708613056e-02	9.179562483744862e-03	3.000000000000000e-06	3.000000000000000e-06
1.000000e+03	1.909405077709439e-02	9.200475226940197e-03	3.000000000000000e-06	3.000000000000000e-06
1.022095e+03	1.917493254562266e-02	9.252012804250085e-03	3.000000000000000e-06	3.000000000000000e-06
1.044375e+03	1.925536575279903e-02	9.303288195989651e-03	3.000000000000000e-06	3.000000000000000e-06
1.067115e+03	1.933633696362225e-02	9.354927431645928e-03	3.000000000000000e-06	3.000000000000000e-06
1.090318e+03	1.941782838604536e-02	9.406917207846942e-03	3.000000000000000e-06	3.000000000000000e-06
1.113995e+03	1.949984253042260e-02	9.459257141876828e-03	3.000000000000000e-06	3.000000000000000e-06
1.138155e+03	1.958238148877902e-02	9.511946580037721e-03	3.000000000000000e-06	3.000000000000000e-06
1.162808e+03	1.966544735082870e-02	9.564984866537332e-03	3.000000000000000e-06	3.000000000000000e-06
1.187963e+03	1.974904219353837e-02	9.618371339950270e-03	3.000000000000000e-06	3.000000000000000e-06
1.213631e+03	1.983316808003299e-02	9.672105335100217e-03	3.000000000000000e-06	3.000000000000000e-06
1.239823e+03	1.991782705884800e-02	9.726186184758498e-03	3.000000000000000e-06	3.000000000000000e-06
1.266549e+03	2.000302116357408e-02	9.780613221284489e-03	3.000000000000000e-06	3.000000000000000e-06
1.293820e+03	2.008875241279211e-02	9.835385778213943e-03	3.000000000000000e-06	3.000000000000000e-06
1.321646e+03	2.017502281022532e-02	9.890503191801165e-03	3.000000000000000e-06	3.000000000000000e-06
1.350039e+03	2.026183434505422e-02	9.945964802519114e-03	3.000000000000000e-06	3.000000000000000e-06
1.379009e+03	2.034918899235398e-02	1.000176995652010e-02	3.000000000000000e-06	3.000000000000000e-06
1.408570e+03	2.043708871362435e-02	1.005791800705872e-02	3.000000000000000e-06	3.000000000000000e-06
1.438731e+03	2.052553545738993e-02	1.011440831587801e-02	3.000000000000000e-06	3.000000000000000e-06
1.469506e+03	2.061453115985407e-02	1.017124025455922e-02	3.000000000000000e-06	3.000000000000000e-06
1.500907e+03	2.070407774559409e-02	1.022841320583526e-02	3.000000000000000e-06	3.000000000000000e-06
1.532945e+03	2.079417712828830e-02	1.028592656486763e-02	3.000000000000000e-06	3.000000000000000e-06
1.565633e+03	2.088483121146776e-02	1.034377974048659e-02	3.000000000000000e-06	3.000000000000000e-06
1.598984e+03	2.097604188928703e-02	1.040197215639396e-02	3.000000000000000e-06	3.000000000000000e-06
1.633011e+03	2.106781104730977e-02	1.046050325232822e-02	3.000000000000000e-06	3.000000000000000e-06
1.667728e+03	2.116014056330543e-02	1.051937248519140e-02	3.000000000000000e-06	3.000000000000000e-06
1.703147e+03	2.125303230805433e-02	1.057857933013735e-02	3.000000000000000e-06	3.000000000000000e-06
1.739283e+03	2.134648814615857e-02	1.063812328162081e-02	3.000000000000000e-06	3.000000000000000e-06
1.776149e+03	2.144050993685678e-02	1.069800385440723e-02	3.000000000000000e-06	3.000000000000000e-06
1.813760e+03	2.153509953484082e-02	1.075822058454270e-02	3.000000000000000e-06	3.000000000000000e-06
1.852130e+03	2.163025879107278e-02	1.081877303028405e-02	3.000000000000000e-06	3.000000000000000e-06
1.891273e+03	2.172598955360093e-02	1.087966077298886e-02	3.000000000000000e-06	3.000000000000000e-06
1.931205e+03	2.182229366837304e-02	1.094088341796527e-02	3.000000000000000e-06	3.000000000000000e-06
1.971941e+03	2.191917298004601e-02	1.100244059528171e-02	3.000000000000000e-06	3.000000000000000e-06
2.013496e+03	2.201662933279049e-02	1.106433196053655e-02	3.000000000000000e-06	3.000000000000000e-06
2.055886e+03	2.211466457108947e-02	1.112655719558788e-02	3.000000000000000e-06	3.000000000000000e-06
2.099128e+03	2.221328054052977e-02	1.118911600924356e-02	3.000000000000000e-06	3.000000000000000e-06
2.143236e+03	2.231247908858548e-02	1.125200813791207e-02	3.000000000000000e-06	3.000000000000000e-06
2.188228e+03	2.241226206539233e-02	1.131523334621419e-02	3.000000000000000e-06	3.000000000000000e-06
2.234121e+03	2.251263132451238e-02	1.137879142755631e-02	3.000000000000000e-06	3.000000000000000e-06
2.280931e+03	2.261358872368788e-02	1.144268220466557e-02	3.000000000000000e-06	3.000000000000000e-06
2.328676e+03	2.271513612558397e-02	1.150690553008759e-02	3.000000000000000e-06	3.000000000000000e-06
2.377375e+03	2.281727539851913e-02	1.157146128664726e-02	3.000000000000000e-06	3.000000000000000e-06
2.427044e+03	2.292000841718300e-02	1.163634938787333e-02	3.000000000000000e-06	3.000000000000000e-06
2.477703e+03	2.302333706334098e-02	1.170156977838751e-02	3.000000000000000e-06	3.000000000000000e-06
2.529370e+03	2.312726322652489e-02	1.176712243425874e-02	3.000000000000000e-06	3.000000000000000e-06
2.582063e+03	2.323178880470949e-02	1.183300736332351e-02	3.000000000000000e-06	3.000000000000000e-06
2.635803e+03	2.333691570497414e-02	1.189922460547299e-02	3.000000000000000e-06	3.000000000000000e-06
2.690608e+03	2.344264584414948e-02	1.196577423290789e-02	3.000000000000000e-06	3.000000000000000e-06
2.746500e+03	2.354898114944862e-02	1.203265635036185e-02	3.000000000000000e-06	3.000000000000000e-06
2.803497e+03	2.365592355908264e-02	1.209987109529431e-02	3.000000000000000e-06	3.000000000000000e-06
2.861622e+03	2.376347502286015e-02	1.216741863805373e-02	3.000000000000000e-06	3.000000000000000e-06
2.920894e+03	2.387163750277069e-02	1.223529918201229e-02	3.000000000000000e-06	3.000000000000000e-06
2.981336e+03	2.398041297355185e-02	1.230351296367269e-02	3.000000000000000e-06	3.000000000000000e-06
3.042968e+03	2.408980342323997e-02	1.237206025274836e-02	3.000000000000000e-06	3.000000000000000e-06
3.105814e+03	2.419981085370438e-02	1.244094135221787e-02	3.000000000000000e-06	3.000000000000000e-06
3.169896e+03	2.431043728116513e-02	1.251015659835455e-02	3.000000000000000e-06	3.000000000000000e-06
3.235237e+03	2.442168473669414e-02	1.257970636073232e-02	3.000000000000000e-06	3.000000000000000e-06
3.301859e+03	2.453355526669992e-02	1.264959104220873e-02	3.000000000000000e-06	3.000000000000000e-06
3.369788e+03	2.464605093339594e-02	1.271981107888617e-02	3.000000000000000e-06	3.000000000000000e-06
3.439046e+03	2.475917381525253e-02	1.279036694005226e-02	3.000000000000000e-06	3.000000000000000e-06
3.509659e+03	2.487292600743271e-02	1.286125912810032e-02	3.000000000000000e-06	3.000000000000000e-06
3.581651e+03	2.498730962221192e-02	1.293248817843102e-02	3.000000000000000e-06	3.000000000000000e-06
3.655048e+03	2.510232678938189e-02	1.300405465933597e-02	3.000000000000000e-06	3.000000000000000e-06
3.729876e+03	2.521797965663890e-02	1.307595917186443e-02	3.000000000000000e-06	3.000000000000000e-06
3.806161e+03	2.533427038995645e-02	1.314820234967385e-02	3.000000000000000e-06	3.000000000000000e-06
3.883930e+03	2.545120117394289e-02	1.322078485886530e-02	3.000000000000000e-06	3.000000000000000e-06
3.963210e+03	2.556877421218402e-02	1.329370739780459e-02	3.000000000000000e-06	3.000000000000000e-06
4.044029e+03	2.568699172757097e-02	1.336697069693006e-02	3.000000000000000e-06	3.000000000000000e-06
4.126415e+03	2.580585596261382e-02	1.344057551854781e-02	3.000000000000000e-06	3.000000000000000e-06
4.210397e+03	2.592536917974105e-02	1.351452265661529e-02	3.000000000000000e-06	3.000000000000000e-06
4.296004e+03	2.604553366158522e-02	1.358881293651396e-02	3.000000000000000e-06	3.000000000000000e-06
4.383266e+03	2.616635171125525e-02	1.366344721481202e-02	3.000000000000000e-06	3.000000000000000e-06
4.472213e+03	2.628782565259563e-02	1.373842637901772e-02	3.000000000000000e-06	3.000000000000000e-06
4.562875e+03	2.640995783043274e-02	1.381375134732427e-02	3.000000000000000e-06	3.000000000000000e-06
4.655284e+03	2.653275061080893e-02	1.388942306834691e-02	3.000000000000000e-06	3.000000000000000e-06
4.749473e+03	2.665620638120437e-02	1.396544252085289e-02	3.000000000000000e-06	3.000000000000000e-06
4.845472e+03	2.678032755074735e-02	1.404181071348517e-02	3.000000000000000e-06	3.000000000000000e-06
4.943316e+03	2.690511655041314e-02	1.411852868448023e-02	3.000000000000000e-06	3.000000000000000e-06
5.043037e+03	2.703057583321192e-02	1.419559750138101e-02	3.000000000000000e-06	3.000000000000000e-06
5.144671e+03	2.715670787436611e-02	1.427301826074522e-02	3.000000000000000e-06	3.000000000000000e-06
5.248251e+03	2.728351517147743e-02	1.435079208784986e-02	3.000000000000000e-06	3.000000000000000e-06
5.353813e+03	2.741100024468410e-02	1.442892013639249e-02	3.000000000000000e-06	3.000000000000000e-06
5.461393e+03	2.753916563680855e-02	1.450740358818965e-02	3.000000000000000e-06	3.000000000000000e-06
5.571028e+03	2.766801391349592e-02	1.458624365287316e-02	3.000000000000000e-06	3.000000000000000e-06
5.682755e+03	2.779754766334383e-02	1.466544156758466e-02	3.000000000000000e-06	3.000000000000000e-06
5.796612e+03	2.792776949802368e-02	1.474499859666890e-02	3.000000000000000e-06	3.000000000000000e-06
5.912636e+03	2.805868205239388e-02	1.482491603136629e-02	3.000000000000000e-06	3.000000000000000e-06
6.030869e+03	2.819028798460536e-02	1.490519518950507e-02	3.000000000000000e-06	3.000000000000000e-06
6.151349e+03	2.832258997619962e-02	1.498583741519355e-02	3.000000000000000e-06	3.000000000000000e-06
6.274117e+03	2.845559073219981e-02	1.506684407851284e-02	3.000000000000000e-06	3.000000000000000e-06
6.399214e+03	2.858929298119504e-02	1.514821657521042e-02	3.000000000000000e-06	3.000000000000000e-06
6.526684e+03	2.872369947541831e-02	1.522995632639483e-02	3.000000000000000e-06	3.000000000000000e-06
6.656567e+03	2.885881299081831e-02	1.531206477823197e-02	3.000000000000000e-06	3.000000000000000e-06
6.788909e+03	2.899463632712555e-02	1.539454340164316e-02	3.000000000000000e-06	3.000000000000000e-06
6.923753e+03	2.913117230791294e-02	1.547739369200541e-02	3.000000000000000e-06	3.000000000000000e-06
7.061145e+03	2.926842378065124e-02	1.556061716885399e-02	3.000000000000000e-06	3.000000000000000e-06
7.201130e+03	2.940639361675964e-02	1.564421537558779e-02	3.000000000000000e-06	3.000000000000000e-06
7.343755e+03	2.954508471165179e-02	1.572818987917746e-02	3.000000000000000e-06	3.000000000000000e-06
7.489068e+03	2.968449998477742e-02	1.581254226987681e-02	3.000000000000000e-06	3.000000000000000e-06
7.637117e+03	2.982464237966002e-02	1.589727416093749e-02	3.000000000000000e-06	3.000000000000000e-06
7.787952e+03	2.996551486393072e-02	1.598238718832721e-02	3.000000000000000e-06	3.000000000000000e-06
7.941622e+03	3.010712042935857e-02	1.606788301045171e-02	3.000000000000000e-06	3.000000000000000e-06
8.098178e+03	3.024946209187762e-02	1.615376330788058e-02	3.000000000000000e-06	3.000000000000000e-06
8.257673e+03	3.039254289161094e-02	1.624002978307723e-02	3.000000000000000e-06	3.000000000000000e-06
8.420160e+03	3.053636589289180e-02	1.632668416013287e-02	3.000000000000000e-06	3.000000000000000e-06
8.585691e+03	3.068093418428228e-02	1.641372818450498e-02	3.000000000000000e-06	3.000000000000000e-06
8.754323e+03	3.082625087858949e-02	1.650116362276007e-02	3.000000000000000e-06	3.000000000000000e-06
8.926110e+03	3.097231911287966e-02	1.658899226232106e-02	3.000000000000000e-06	3.000000000000000e-06
9.101109e+03	3.111914204849022e-02	1.667721591121923e-02	3.000000000000000e-06	3.000000000000000e-06
9.279378e+03	3.126672287104011e-02	1.676583639785093e-02	3.000000000000000e-06	3.000000000000000e-06
9.460975e+03	3.141506479043855e-02	1.685485557073898e-02	3.000000000000000e-06	3.000000000000000e-06
9.645961e+03	3.156417104089233e-02	1.694427529829904e-02	3.000000000000000e-06	3.000000000000000e-06
9.834396e+03	3.171404488091190e-02	1.703409746861073e-02	3.000000000000000e-06	3.000000000000000e-06
1.000000e+04	3.184405833799433e-02	1.711197008564137e-02	3.000000000000000e-06	3.000000000000000e-06
1.019552e+04	3.199575189878412e-02	1.720277531672807e-02	3.000000000000000e-06	3.000000000000000e-06
1.039418e+04	3.214783663419870e-02	1.729375732336598e-02	3.000000000000000e-06	3.000000000000000e-06
1.059654e+04	3.230070896601651e-02	1.738515348987417e-02	3.000000000000000e-06	3.000000000000000e-06
1.080266e+04	3.245436499533998e-02	1.747696146663145e-02	3.000000000000000e-06	3.000000000000000e-06
1.101261e+04	3.260880824076677e-02	1.756918333724283e-02	3.000000000000000e-06	3.000000000000000e-06
1.122645e+04	3.276404211623467e-02	1.766182112072127e-02	3.000000000000000e-06	3.000000000000000e-06
1.144426e+04	3.292007006647559e-02	1.775487685460681e-02	3.000000000000000e-06	3.000000000000000e-06
1.166611e+04	3.307689556274435e-02	1.784835259358304e-02	3.000000000000000e-06	3.000000000000000e-06
1.189207e+04	3.323452210188966e-02	1.794225040954391e-02	3.000000000000000e-06	3.000000000000000e-06
1.212221e+04	3.339295320580182e-02	1.803657239156616e-02	3.000000000000000e-06	3.000000000000000e-06
1.235661e+04	3.355219242110242e-02	1.813132064584010e-02	3.000000000000000e-06	3.000000000000000e-06
1.259535e+04	3.371224331897102e-02	1.822649729557349e-02	3.000000000000000e-06	3.000000000000000e-06
1.283850e+04	3.387310949504948e-02	1.832210448087887e-02	3.000000000000000e-06	3.000000000000000e-06
1.308613e+04	3.403479456939033e-02	1.841814435865116e-02	3.000000000000000e-06	3.000000000000000e-06
1.333834e+04	3.419730218643034e-02	1.851461910244017e-02	3.000000000000000e-06	3.000000000000000e-06
1.359521e+04	3.436063601497846e-02	1.861153090232108e-02	3.000000000000000e-06	3.000000000000000e-06
1.385680e+04	3.452479974821225e-02	1.870888196476495e-02	3.000000000000000e-06	3.000000000000000e-06
1.412322e+04	3.468979710367947e-02	1.880667451251081e-02	3.000000000000000e-06	3.000000000000000e-06
1.439455e+04	3.485563182330290e-02	1.890491078444015e-02	3.000000000000000e-06	3.000000000000000e-06
1.467087e+04	3.502230767338748e-02	1.900359303545450e-02	3.000000000000000e-06	3.000000000000000e-06
1.495228e+04	3.518982844462925e-02	1.910272353635650e-02	3.000000000000000e-06	3.000000000000000e-06
1.523886e+04	3.535819795212566e-02	1.920230457373484e-02	3.000000000000000e-06	3.000000000000000e-06
1.553071e+04	3.552742003538733e-02	1.930233844985306e-02	3.000000000000000e-06	3.000000000000000e-06
1.582792e+04	3.569749855835110e-02	1.940282748254245e-02	3.000000000000000e-06	3.000000000000000e-06
1.613059e+04	3.586843740939434e-02	1.950377400509907e-02	3.000000000000000e-06	3.000000000000000e-06
1.643881e+04	3.604024050135056e-02	1.960518036618487e-02	3.000000000000000e-06	3.000000000000000e-06
1.675268e+04	3.621291177152638e-02	1.970704892973292e-02	3.000000000000000e-06	3.000000000000000e-06
1.707232e+04	3.638645518171983e-02	1.980938207485675e-02	3.000000000000000e-06	3.000000000000000e-06
1.739781e+04	3.656087471824006e-02	1.991218219576373e-02	3.000000000000000e-06	3.000000000000000e-06
1.772926e+04	3.673617439192839e-02	2.001545170167247e-02	3.000000000000000e-06	3.000000000000000e-06
1.806678e+04	3.691235823818083e-02	2.011919301673411e-02	3.000000000000000e-06	3.000000000000000e-06
1.841048e+04	3.708943031697208e-02	2.022340857995761e-02	3.000000000000000e-06	3.000000000000000e-06
1.876047e+04	3.726739471288098e-02	2.032810084513881e-02	3.000000000000000e-06	3.000000000000000e-06
1.911686e+04	3.744625553511744e-02	2.043327228079329e-02	3.000000000000000e-06	3.000000000000000e-06
1.947976e+04	3.762601691755091e-02	2.053892537009292e-02	3.000000000000000e-06	3.000000000000000e-06
1.984929e+04	3.780668301874034e-02	2.064506261080612e-02	3.000000000000000e-06	3.000000000000000e-06
2.022557e+04	3.798825802196579e-02	2.075168651524168e-02	3.000000000000000e-06	3.000000000000000e-06
2.060873e+04	3.817074613526140e-02	2.085879961019609e-02	3.000000000000000e-06	3.000000000000000e-06
2.099887e+04	3.835415159145014e-02	2.096640443690435e-02	3.000000000000000e-06	3.000000000000000e-06
2.139613e+04	3.853847864818002e-02	2.107450355099426e-02	3.000000000000000e-06	3.000000000000000e-06
2.180064e+04	3.872373158796184e-02	2.118309952244387e-02	3.000000000000000e-06	3.000000000000000e-06
2.221251e+04	3.890991471820864e-02	2.129219493554238e-02	3.000000000000000e-06	3.000000000000000e-06
2.263190e+04	3.909703237127671e-02	2.140179238885419e-02	3.000000000000000e-06	3.000000000000000e-06
2.305892e+04	3.928508890450811e-02	2.151189449518607e-02	3.000000000000000e-06	3.000000000000000e-06
2.349371e+04	3.947408870027490e-02	2.162250388155746e-02	3.000000000000000e-06	3.000000000000000e-06
2.393643e+04	3.966403616602494e-02	2.173362318917381e-02	3.000000000000000e-06	3.000000000000000e-06
2.438719e+04	3.985493573432922e-02	2.184525507340284e-02	3.000000000000000e-06	3.000000000000000e-06
2.484615e+04	4.004679186293092e-02	2.195740220375380e-02	3.000000000000000e-06	3.000000000000000e-06
2.531346e+04	4.023960903479595e-02	2.207006726385946e-02	3.000000000000000e-06	3.000000000000000e-06
2.578927e+04	4.043339175816518e-02	2.218325295146098e-02	3.000000000000000e-06	3.000000000000000e-06
2.627372e+04	4.062814456660814e-02	2.229696197839552e-02	3.000000000000000e-06	3.000000000000000e-06
2.676696e+04	4.082387201907847e-02	2.241119707058650e-02	3.000000000000000e-06	3.000000000000000e-06
2.726917e+04	4.102057869997085e-02	2.252596096803649e-02	3.000000000000000e-06	3.000000000000000e-06
2.778049e+04	4.121826921917950e-02	2.264125642482266e-02	3.000000000000000e-06	3.000000000000000e-06
2.830109e+04	4.141694821215835e-02	2.275708620909479e-02	3.000000000000000e-06	3.000000000000000e-06
2.883113e+04	4.161662033998267e-02	2.287345310307570e-02	3.000000000000000e-06	3.000000000000000e-06
2.937079e+04	4.181729028941232e-02	2.299035990306410e-02	3.000000000000000e-06	3.000000000000000e-06
2.992023e+04	4.201896277295657e-02	2.310780941943986e-02	3.000000000000000e-06	3.000000000000000e-06
3.047963e+04	4.222164252894041e-02	2.322580447667143e-02	3.000000000000000e-06	3.000000000000000e-06
3.104917e+04	4.242533432157245e-02	2.334434791332576e-02	3.000000000000000e-06	3.000000000000000e-06
3.162903e+04	4.263004294101434e-02	2.346344258208019e-02	3.000000000000000e-06	3.000000000000000e-06
3.221938e+04	4.283577320345164e-02	2.358309134973671e-02	3.000000000000000e-06	3.000000000000000e-06
3.282043e+04	4.304252995116638e-02	2.370329709723815e-02	3.000000000000000e-06	3.000000000000000e-06
3.343235e+04	4.325031805261093e-02	2.382406271968660e-02	3.000000000000000e-06	3.000000000000000e-06
3.405535e+04	4.345914240248343e-02	2.394539112636378e-02	3.000000000000000e-06	3.000000000000000e-06
3.468962e+04	4.366900792180480e-02	2.406728524075339e-02	3.000000000000000e-06	3.000000000000000e-06
3.533536e+04	4.387991955799707e-02	2.418974800056540e-02	3.000000000000000e-06	3.000000000000000e-06
3.599278e+04	4.409188228496329e-02	2.431278235776230e-02	3.000000000000000e-06	3.000000000000000e-06
3.666208e+04	4.430490110316886e-02	2.443639127858709e-02	3.000000000000000e-06	3.000000000000000e-06
3.734348e+04	4.451898103972429e-02	2.456057774359321e-02	3.000000000000000e-06	3.000000000000000e-06
3.803719e+04	4.473412714846938e-02	2.468534474767617e-02	3.000000000000000e-06	3.000000000000000e-06
3.874343e+04	4.495034451005891e-02	2.481069530010688e-02	3.000000000000000e-06	3.000000000000000e-06
3.946243e+04	4.516763823204964e-02	2.493663242456684e-02	3.000000000000000e-06	3.000000000000000e-06
4.019442e+04	4.538601344898878e-02	2.506315915918478e-02	3.000000000000000e-06	3.000000000000000e-06
4.093961e+04	4.560547532250381e-02	2.519027855657508e-02	3.000000000000000e-06	3.000000000000000e-06
4.169826e+04	4.582602904139375e-02	2.531799368387774e-02	3.000000000000000e-06	3.000000000000000e-06
4.247060e+04	4.604767982172173e-02	2.544630762279987e-02	3.000000000000000e-06	3.000000000000000e-06
4.325687e+04	4.627043290690895e-02	2.557522346965873e-02	3.000000000000000e-06	3.000000000000000e-06
4.405733e+04	4.649429356783000e-02	2.570474433542629e-02	3.000000000000000e-06	3.000000000000000e-06
4.487222e+04	4.671926710290954e-02	2.583487334577518e-02	3.000000000000000e-06	3.000000000000000e-06
4.570181e+04	4.694535883822023e-02	2.596561364112612e-02	3.000000000000000e-06	3.000000000000000e-06
4.654635e+04	4.717257412758214e-02	2.609696837670191e-02	3.000000000000000e-06	3.000000000000000e-06
4.740612e+04	4.740091835266334e-02	2.622894072256039e-02	3.000000000000000e-06	3.000000000000000e-06
4.828138e+04	4.763039692308170e-02	2.636153386366533e-02	3.000000000000000e-06	3.000000000000000e-06
4.917241e+04	4.786101527650823e-02	2.649475099993176e-02	3.000000000000000e-06	3.000000000000000e-06
5.007949e+04	4.809277887877158e-02	2.662859534628007e-02	3.000000000000000e-06	3.000000000000000e-06
5.100291e+04	4.832569322396383e-02	2.676307013269143e-02	3.000000000000000e-06	3.000000000000000e-06
5.194296e+04	4.855976383454749e-02	2.689817860426441e-02	3.000000000000000e-06	3.000000000000000e-06
5.289994e+04	4.879499626146383e-02	2.703392402127275e-02	3.000000000000000e-06	3.000000000000000e-06
5.387414e+04	4.903139608424236e-02	2.717030965922437e-02	3.000000000000000e-06	3.000000000000000e-06
5.486589e+04	4.926896891111169e-02	2.730733880892146e-02	3.000000000000000e-06	3.000000000000000e-06
5.587548e+04	4.950772037911146e-02	2.744501477652179e-02	3.000000000000000e-06	3.000000000000000e-06
5.690324e+04	4.974765615420563e-02	2.758334088360104e-02	3.000000000000000e-06	3.000000000000000e-06
5.794949e+04	4.998878193139687e-02	2.772232046721627e-02	3.000000000000000e-06	3.000000000000000e-06
5.901456e+04	5.023110343484226e-02	2.786195687997039e-02	3.000000000000000e-06	3.000000000000000e-06
6.009879e+04	5.047462641797004e-02	2.800225349007779e-02	3.000000000000000e-06	3.000000000000000e-06
6.120253e+04	5.071935666359772e-02	2.814321368143087e-02	3.000000000000000e-06	3.000000000000000e-06
6.232610e+04	5.096529998405124e-02	2.828484085366764e-02	3.000000000000000e-06	3.000000000000000e-06
6.346988e+04	5.121246222128534e-02	2.842713842224032e-02	3.000000000000000e-06	3.000000000000000e-06
6.463423e+04	5.146084924700513e-02	2.857010981848485e-02	3.000000000000000e-06	3.000000000000000e-06
6.581950e+04	5.171046696278875e-02	2.871375848969139e-02	3.000000000000000e-06	3.000000000000000e-06
6.702608e+04	5.196132130021122e-02	2.885808789917576e-02	3.000000000000000e-06	3.000000000000000e-06
6.825434e+04	5.221341822096948e-02	2.900310152635177e-02	3.000000000000000e-06	3.000000000000000e-06
6.950467e+04	5.246676371700847e-02	2.914880286680447e-02	3.000000000000000e-06	3.000000000000000e-06
7.077747e+04	5.272136381064835e-02	2.929519543236423e-02	3.000000000000000e-06	3.000000000000000e-06
7.207313e+04	5.297722455471299e-02	2.944228275118182e-02	3.000000000000000e-06	3.000000000000000e-06
7.339207e+04	5.323435203265935e-02	2.959006836780417e-02	3.000000000000000e-06	3.000000000000000e-06
7.473469e+04	5.349275235870815e-02	2.973855584325111e-02	3.000000000000000e-06	3.000000000000000e-06
7.610143e+04	5.375243167797560e-02	2.988774875509285e-02	3.000000000000000e-06	3.000000000000000e-06
7.749272e+04	5.401339616660618e-02	3.003765069752835e-02	3.000000000000000e-06	3.000000000000000e-06
7.890898e+04	5.427565203190653e-02	3.018826528146439e-02	3.000000000000000e-06	3.000000000000000e-06
8.035068e+04	5.453920551248050e-02	3.033959613459553e-02	3.000000000000000e-06	3.000000000000000e-06
8.181825e+04	5.480406287836524e-02	3.049164690148480e-02	3.000000000000000e-06	3.000000000000000e-06
8.331218e+04	5.507023043116829e-02	3.064442124364512e-02	3.000000000000000e-06	3.000000000000000e-06
8.483291e+04	5.533771450420592e-02	3.079792283962151e-02	3.000000000000000e-06	3.000000000000000e-06
8.638095e+04	5.560652146264233e-02	3.095215538507407e-02	3.000000000000000e-06	3.000000000000000e-06
8.795676e+04	5.587665770363014e-02	3.110712259286165e-02	3.000000000000000e-06	3.000000000000000e-06
8.956085e+04	5.614812965645173e-02	3.126282819312624e-02	3.000000000000000e-06	3.000000000000000e-06
9.119373e+04	5.642094378266182e-02	3.141927593337807e-02	3.000000000000000e-06	3.000000000000000e-06
9.285591e+04	5.669510657623094e-02	3.157646957858149e-02	3.000000000000000e-06	3.000000000000000e-06
9.454791e+04	5.697062456369011e-02	3.173441291124141e-02	3.000000000000000e-06	3.000000000000000e-06
9.627026e+04	5.724750430427644e-02	3.189310973149054e-02	3.000000000000000e-06	3.000000000000000e-06
9.802351e+04	5.752575239007982e-02	3.205256385717724e-02	3.000000000000000e-06	3.000000000000000e-06
9.980821e+04	5.780537544619072e-02	3.221277912395410e-02	3.000000000000000e-06	3.000000000000000e-06
1.000000e+05	5.783510544940915e-02	3.222981170203992e-02	3.000000000000000e-06	3.000000000000000e-06
1.018493e+05	5.812074966469540e-02	3.239344685760643e-02	3.000000000000000e-06	3.000000000000000e-06
1.037021e+05	5.840323259469254e-02	3.255524431115120e-02	3.000000000000000e-06	3.000000000000000e-06
1.055886e+05	5.868719228277711e-02	3.271786132320213e-02	3.000000000000000e-06	3.000000000000000e-06
1.075090e+05	5.897255316489129e-02	3.288125464878331e-02	3.000000000000000e-06	3.000000000000000e-06
1.094638e+05	5.925932349912591e-02	3.304542905534861e-02	3.000000000000000e-06	3.000000000000000e-06
1.114537e+05	5.954751008898801e-02	3.321038847533156e-02	3.000000000000000e-06	3.000000000000000e-06
1.134792e+05	5.983711979898489e-02	3.337613687454122e-02	3.000000000000000e-06	3.000000000000000e-06
1.155411e+05	6.012815952761241e-02	3.354267823690662e-02	3.000000000000000e-06	3.000000000000000e-06
1.176399e+05	6.042063620787949e-02	3.371001656489815e-02	3.000000000000000e-06	3.000000000000000e-06
1.197764e+05	6.071455680740204e-02	3.387815587965257e-02	3.000000000000000e-06	3.000000000000000e-06
1.219512e+05	6.100992832853473e-02	3.404710022109183e-02	3.000000000000000e-06	3.000000000000000e-06
1.241649e+05	6.130675780851762e-02	3.421685364803476e-02	3.000000000000000e-06	3.000000000000000e-06
1.264183e+05	6.160505231963077e-02	3.438742023830407e-02	3.000000000000000e-06	3.000000000000000e-06
1.287122e+05	6.190481896935324e-02	3.455880408883066e-02	3.000000000000000e-06	3.000000000000000e-06
1.310471e+05	6.220606490052487e-02	3.473100931575614e-02	3.000000000000000e-06	3.000000000000000e-06
1.334239e+05	6.250879729150978e-02	3.490404005453440e-02	3.000000000000000e-06	3.000000000000000e-06
1.358434e+05	6.281302335636139e-02	3.507790046003290e-02	3.000000000000000e-06	3.000000000000000e-06
1.383061e+05	6.311875034498851e-02	3.525259470663356e-02	3.000000000000000e-06	3.000000000000000e-06
1.408131e+05	6.342598554332260e-02	3.542812698833406e-02	3.000000000000000e-06	3.000000000000000e-06
1.433649e+05	6.373473627348596e-02	3.560450151884922e-02	3.000000000000000e-06	3.000000000000000e-06
1.459625e+05	6.404500989396113e-02	3.578172253171276e-02	3.000000000000000e-06	3.000000000000000e-06
1.486067e+05	6.435681379976113e-02	3.595979428037956e-02	3.000000000000000e-06	3.000000000000000e-06
1.512982e+05	6.467015542260073e-02	3.613872103832830e-02	3.000000000000000e-06	3.000000000000000e-06
1.540380e+05	6.498504223106885e-02	3.631850709916470e-02	3.000000000000000e-06	3.000000000000000e-06
1.568268e+05	6.530148173080186e-02	3.649915677672513e-02	3.000000000000000e-06	3.000000000000000e-06
1.596657e+05	6.561948146465788e-02	3.668067440518091e-02	3.000000000000000e-06	3.000000000000000e-06
1.625554e+05	6.593904901289220e-02	3.686306433914304e-02	3.000000000000000e-06	3.000000000000000e-06
1.654970e+05	6.626019199333356e-02	3.704633095376751e-02	3.000000000000000e-06	3.000000000000000e-06
1.684912e+05	6.658291806156164e-02	3.723047864486112e-02	3.000000000000000e-06	3.000000000000000e-06
1.715391e+05	6.690723491108531e-02	3.741551182898790e-02	3.000000000000000e-06	3.000000000000000e-06
1.746416e+05	6.723315027352220e-02	3.760143494357606e-02	3.000000000000000e-06	3.000000000000000e-06
1.777997e+05	6.756067191877896e-02	3.778825244702543e-02	3.000000000000000e-06	3.000000000000000e-06
1.810145e+05	6.788980765523284e-02	3.797596881881553e-02	3.000000000000000e-06	3.000000000000000e-06
1.842868e+05	6.822056532991408e-02	3.816458855961415e-02	3.000000000000000e-06	3.000000000000000e-06
1.876178e+05	6.855295282868946e-02	3.835411619138646e-02	3.000000000000000e-06	3.000000000000000e-06
1.910085e+05	6.888697807644673e-02	3.854455625750469e-02	3.000000000000000e-06	3.000000000000000e-06
1.944599e+05	6.922264903728022e-02	3.873591332285839e-02	3.000000000000000e-06	3.000000000000000e-06
1.979732e+05	6.955997371467737e-02	3.892819197396515e-02	3.000000000000000e-06	3.000000000000000e-06
2.015495e+05	6.989896015170634e-02	3.912139681908195e-02	3.000000000000000e-06	3.000000000000000e-06
2.051898e+05	7.023961643120465e-02	3.931553248831702e-02	3.000000000000000e-06	3.000000000000000e-06
2.088954e+05	7.058195067596874e-02	3.951060363374224e-02	3.000000000000000e-06	3.000000000000000e-06
2.126674e+05	7.092597104894485e-02	3.970661492950617e-02	3.000000000000000e-06	3.000000000000000e-06
2.165070e+05	7.127168575342056e-02	3.990357107194745e-02	3.000000000000000e-06	3.000000000000000e-06
2.204155e+05	7.161910303321768e-02	4.010147677970899e-02	3.000000000000000e-06	3.000000000000000e-06
2.243940e+05	7.196823117288603e-02	4.030033679385248e-02	3.000000000000000e-06	3.000000000000000e-06
2.284438e+05	7.231907849789829e-02	4.050015587797364e-02	3.000000000000000e-06	3.000000000000000e-06
2.325661e+05	7.267165337484592e-02	4.070093881831788e-02	3.000000000000000e-06	3.000000000000000e-06
2.367624e+05	7.302596421163610e-02	4.090269042389660e-02	3.000000000000000e-06	3.000000000000000e-06
2.410339e+05	7.338201945768975e-02	4.110541552660401e-02	3.000000000000000e-06	3.000000000000000e-06
2.453820e+05	7.373982760414063e-02	4.130911898133451e-02	3.000000000000000e-06	3.000000000000000e-06
2.498080e+05	7.409939718403542e-02	4.151380566610065e-02	3.000000000000000e-06	3.000000000000000e-06
2.543133e+05	7.446073677253487e-02	4.171948048215161e-02	3.000000000000000e-06	3.000000000000000e-06
2.588994e+05	7.482385498711616e-02	4.192614835409222e-02	3.000000000000000e-06	3.000000000000000e-06
2.635678e+05	7.518876048777613e-02	4.213381423000269e-02	3.000000000000000e-06	3.000000000000000e-06
2.683198e+05	7.555546197723567e-02	4.234248308155866e-02	3.000000000000000e-06	3.000000000000000e-06
2.731570e+05	7.592396820114525e-02	4.255215990415202e-02	3.000000000000000e-06	3.000000000000000e-06
2.780809e+05	7.629428794829138e-02	4.276284971701222e-02	3.000000000000000e-06	3.000000000000000e-06
2.830932e+05	7.666643005080433e-02	4.297455756332812e-02	3.000000000000000e-06	3.000000000000000e-06
2.881953e+05	7.704040338436668e-02	4.318728851037048e-02	3.000000000000000e-06	3.000000000000000e-06
2.933888e+05	7.741621686842330e-02	4.340104764961492e-02	3.000000000000000e-06	3.000000000000000e-06
2.986755e+05	7.779387946639210e-02	4.361584009686556e-02	3.000000000000000e-06	3.000000000000000e-06
3.040571e+05	7.817340018587610e-02	4.383167099237919e-02	3.000000000000000e-06	3.000000000000000e-06
3.095351e+05	7.855478807887638e-02	4.404854550098999e-02	3.000000000000000e-06	3.000000000000000e-06
3.151113e+05	7.893805224200645e-02	4.426646881223486e-02	3.000000000000000e-06	3.000000000000000e-06
3.207876e+05	7.932320181670741e-02	4.448544614047936e-02	3.000000000000000e-06	3.000000000000000e-06
3.265657e+05	7.971024598946433e-02	4.470548272504415e-02	3.000000000000000e-06	3.000000000000000e-06
3.324474e+05	8.009919399202386e-02	4.492658383033211e-02	3.000000000000000e-06	3.000000000000000e-06
3.384346e+05	8.049005510161285e-02	4.514875474595599e-02	3.000000000000000e-06	3.000000000000000e-06
3.445291e+05	8.088283864115797e-02	4.537200078686666e-02	3.000000000000000e-06	3.000000000000000e-06
3.507331e+05	8.127755397950681e-02	4.559632729348197e-02	3.000000000000000e-06	3.000000000000000e-06
3.570483e+05	8.167421053164971e-02	4.582173963181621e-02	3.000000000000000e-06	3.000000000000000e-06
3.634768e+05	8.207281775894298e-02	4.604824319361012e-02	3.000000000000000e-06	3.000000000000000e-06
3.700206e+05	8.247338516933325e-02	4.627584339646155e-02	3.000000000000000e-06	3.000000000000000e-06
3.766819e+05	8.287592231758276e-02	4.650454568395674e-02	3.000000000000000e-06	3.000000000000000e-06
3.834626e+05	8.328043880549604e-02	4.673435552580214e-02	3.000000000000000e-06	3.000000000000000e-06
3.903651e+05	8.368694428214768e-02	4.696527841795686e-02	3.000000000000000e-06	3.000000000000000e-06
3.973914e+05	8.409544844411110e-02	4.719731988276583e-02	3.000000000000000e-06	3.000000000000000e-06
4.045437e+05	8.450596103568869e-02	4.743048546909338e-02	3.000000000000000e-06	3.000000000000000e-06
4.118245e+05	8.491849184914303e-02	4.766478075245763e-02	3.000000000000000e-06	3.000000000000000e-06
4.192359e+05	8.533305072492926e-02	4.790021133516537e-02	3.000000000000000e-06	3.000000000000000e-06
4.267803e+05	8.574964755192861e-02	4.813678284644766e-02	3.000000000000000e-06	3.000000000000000e-06
4.344602e+05	8.616829226768323e-02	4.837450094259597e-02	3.000000000000000e-06	3.000000000000000e-06
4.422779e+05	8.658899485863207e-02	4.861337130709902e-02	3.000000000000000e-06	3.000000000000000e-06
4.502360e+05	8.701176536034802e-02	4.885339965078014e-02	3.000000000000000e-06	3.000000000000000e-06
4.583369e+05	8.743661385777624e-02	4.909459171193547e-02	3.000000000000000e-06	3.000000000000000e-06
4.665832e+05	8.786355048547365e-02	4.933695325647257e-02	3.000000000000000e-06	3.000000000000000e-06
4.749777e+05	8.829258542784968e-02	4.958049007804982e-02	3.000000000000000e-06	3.000000000000000e-06
4.835228e+05	8.872372891940825e-02	4.982520799821644e-02	3.000000000000000e-06	3.000000000000000e-06
4.922214e+05	8.915699124499085e-02	5.007111286655306e-02	3.000000000000000e-06	3.000000000000000e-06
5.010762e+05	8.959238274002095e-02	5.031821056081310e-02	3.000000000000000e-06	3.000000000000000e-06
5.100900e+05	9.002991379074961e-02	5.056650698706468e-02	3.000000000000000e-06	3.000000000000000e-06
5.192658e+05	9.046959483450227e-02	5.081600807983325e-02	3.000000000000000e-06	3.000000000000000e-06
5.286063e+05	9.091143635992695e-02	5.106671980224480e-02	3.000000000000000e-06	3.000000000000000e-06
5.381146e+05	9.135544890724336e-02	5.131864814616992e-02	3.000000000000000e-06	3.000000000000000e-06
5.477937e+05	9.180164306849362e-02	5.157179913236828e-02	3.000000000000000e-06	3.000000000000000e-06
5.576467e+05	9.225002948779404e-02	5.182617881063395e-02	3.000000000000000e-06	3.000000000000000e-06
5.676767e+05	9.270061886158816e-02	5.208179325994136e-02	3.000000000000000e-06	3.000000000000000e-06
5.778870e+05	9.315342193890111e-02	5.233864858859190e-02	3.000000000000000e-06	3.000000000000000e-06
5.882807e+05	9.360844952159521e-02	5.259675093436125e-02	3.000000000000000e-06	3.000000000000000e-06
5.988611e+05	9.406571246462685e-02	5.285610646464736e-02	3.000000000000000e-06	3.000000000000000e-06
6.096318e+05	9.452522167630469e-02	5.311672137661913e-02	3.000000000000000e-06	3.000000000000000e-06
6.205960e+05	9.498698811854904e-02	5.337860189736578e-02	3.000000000000000e-06	3.000000000000000e-06
6.317572e+05	9.545102280715269e-02	5.364175428404692e-02	3.000000000000000e-06	3.000000000000000e-06
6.431191e+05	9.591733681204290e-02	5.390618482404332e-02	3.000000000000000e-06	3.000000000000000e-06
6.546852e+05	9.638594125754472e-02	5.417189983510836e-02	3.000000000000000e-06	3.000000000000000e-06
6.664593e+05	9.685684732264575e-02	5.443890566552025e-02	3.000000000000000e-06	3.000000000000000e-06
6.784451e+05	9.733006624126199e-02	5.470720869423486e-02	3.000000000000000e-06	3.000000000000000e-06
6.906463e+05	9.780560930250523e-02	5.497681533103935e-02	3.000000000000000e-06	3.000000000000000e-06
7.030670e+05	9.828348785095163e-02	5.524773201670648e-02	3.000000000000000e-06	3.000000000000000e-06
7.157110e+05	9.876371328691169e-02	5.551996522314964e-02	3.000000000000000e-06	3.000000000000000e-06
7.285824e+05	9.924629706670157e-02	5.579352145357865e-02	3.000000000000000e-06	3.000000000000000e-06
7.416853e+05	9.973125070291568e-02	5.606840724265619e-02	3.000000000000000e-06	3.000000000000000e-06
7.550239e+05	1.002185857647007e-01	5.634462915665508e-02	3.000000000000000e-06	3.000000000000000e-06
7.686025e+05	1.007083138780311e-01	5.662219379361622e-02	3.000000000000000e-06	3.000000000000000e-06
7.824253e+05	1.012004467259855e-01	5.690110778350725e-02	3.000000000000000e-06	3.000000000000000e-06
7.964968e+05	1.016949960490251e-01	5.718137778838207e-02	3.000000000000000e-06	3.000000000000000e-06
8.108215e+05	1.021919736452730e-01	5.746301050254100e-02	3.000000000000000e-06	3.000000000000000e-06
8.254039e+05	1.026913913707951e-01	5.774601265269170e-02	3.000000000000000e-06	3.000000000000000e-06
8.402488e+05	1.031932611398825e-01	5.803039099811089e-02	3.000000000000000e-06	3.000000000000000e-06
8.553609e+05	1.036975949253346e-01	5.831615233080684e-02	3.000000000000000e-06	3.000000000000000e-06
8.707449e+05	1.042044047587450e-01	5.860330347568252e-02	3.000000000000000e-06	3.000000000000000e-06
8.864058e+05	1.047137027307871e-01	5.889185129069970e-02	3.000000000000000e-06	3.000000000000000e-06
9.023487e+05	1.052255009915027e-01	5.918180266704360e-02	3.000000000000000e-06	3.000000000000000e-06
9.185786e+05	1.057398117505906e-01	5.947316452928853e-02	3.000000000000000e-06	3.000000000000000e-06
9.351007e+05	1.062566472776981e-01	5.976594383556416e-02	3.000000000000000e-06	3.000000000000000e-06
9.519203e+05	1.067760199027126e-01	6.006014757772261e-02	3.000000000000000e-06	3.000000000000000e-06
9.690427e+05	1.072979420160553e-01	6.035578278150638e-02	3.000000000000000e-06	3.000000000000000e-06
9.864735e+05	1.078224260689765e-01	6.065285650671702e-02	3.000000000000000e-06	3.000000000000000e-06
1.000000e+06	1.082244244502385e-01	6.088054425954430e-02	3.000000000000000e-06	3.000000000000000e-06
1.018064e+06	1.087556921525160e-01	6.118143807943981e-02	3.000000000000000e-06	3.000000000000000e-06
1.036377e+06	1.092872915538160e-01	6.148250724830025e-02	3.000000000000000e-06	3.000000000000000e-06
1.055020e+06	1.098215407960729e-01	6.178506473707268e-02	3.000000000000000e-06	3.000000000000000e-06
1.073999e+06	1.103584114621174e-01	6.208909446192845e-02	3.000000000000000e-06	3.000000000000000e-06
1.093321e+06	1.108979170936801e-01	6.239460410069078e-02	3.000000000000000e-06	3.000000000000000e-06
1.112990e+06	1.114400705479091e-01	6.270160094206510e-02	3.000000000000000e-06	3.000000000000000e-06
1.133014e+06	1.119848847587615e-01	6.301009231726179e-02	3.000000000000000e-06	3.000000000000000e-06
1.153399e+06	1.125323727235621e-01	6.332008559262726e-02	3.000000000000000e-06	3.000000000000000e-06
1.174151e+06	1.130825475034853e-01	6.363158817006008e-02	3.000000000000000e-06	3.000000000000000e-06
1.195277e+06	1.136354222238284e-01	6.394460748725331e-02	3.000000000000000e-06	3.000000000000000e-06
1.216784e+06	1.141910100743106e-01	6.425915101791746e-02	3.000000000000000e-06	3.000000000000000e-06
1.238679e+06	1.147493243093802e-01	6.457522627198910e-02	3.000000000000000e-06	3.000000000000000e-06
1.260969e+06	1.153103782485283e-01	6.489284079583044e-02	3.000000000000000e-06	3.000000000000000e-06
1.283660e+06	1.158741852766048e-01	6.521200217242316e-02	3.000000000000000e-06	3.000000000000000e-06
1.306761e+06	1.164407588441376e-01	6.553271802155870e-02	3.000000000000000e-06	3.000000000000000e-06
1.330278e+06	1.170101124676526e-01	6.585499600002666e-02	3.000000000000000e-06	3.000000000000000e-06
1.354220e+06	1.175822597299962e-01	6.617884380180196e-02	3.000000000000000e-06	3.000000000000000e-06
1.378593e+06	1.181572142806590e-01	6.650426915823178e-02	3.000000000000000e-06	3.000000000000000e-06
1.403406e+06	1.187349898361009e-01	6.683127983822244e-02	3.000000000000000e-06	3.000000000000000e-06
1.428667e+06	1.193156001800782e-01	6.715988364842662e-02	3.000000000000000e-06	3.000000000000000e-06
1.454384e+06	1.198990591639719e-01	6.749008843343110e-02	3.000000000000000e-06	3.000000000000000e-06
1.480564e+06	1.204853807071178e-01	6.782190207594511e-02	3.000000000000000e-06	3.000000000000000e-06
1.507217e+06	1.210745787971384e-01	6.815533249698950e-02	3.000000000000000e-06	3.000000000000000e-06
1.534352e+06	1.216666674902759e-01	6.849038765608663e-02	3.000000000000000e-06	3.000000000000000e-06
1.561975e+06	1.222616609117273e-01	6.882707555145111e-02	3.000000000000000e-06	3.000000000000000e-06
1.590098e+06	1.228595732559807e-01	6.916540422018139e-02	3.000000000000000e-06	3.000000000000000e-06
1.618728e+06	1.234604187871540e-01	6.950538173845223e-02	3.000000000000000e-06	3.000000000000000e-06
1.647875e+06	1.240642118393345e-01	6.984701622170819e-02	3.000000000000000e-06	3.000000000000000e-06
1.677549e+06	1.246709668169203e-01	7.019031582485781e-02	3.000000000000000e-06	3.000000000000000e-06
1.707758e+06	1.252806981949639e-01	7.053528874246888e-02	3.000000000000000e-06	3.000000000000000e-06
1.738513e+06	1.258934205195169e-01	7.088194320896460e-02	3.000000000000000e-06	3.000000000000000e-06
1.769823e+06	1.265091484079767e-01	7.123028749882064e-02	3.000000000000000e-06	3.000000000000000e-06
1.801699e+06	1.271278965494347e-01	7.158032992676316e-02	3.000000000000000e-06	3.000000000000000e-06
1.834150e+06	1.277496797050266e-01	7.193207884796783e-02	3.000000000000000e-06	3.000000000000000e-06
1.867188e+06	1.283745127082836e-01	7.228554265825966e-02	3.000000000000000e-06	3.000000000000000e-06
1.900823e+06	1.290024104654867e-01	7.264072979431399e-02	3.000000000000000e-06	3.000000000000000e-06
1.935066e+06	1.296333879560214e-01	7.299764873385824e-02	3.000000000000000e-06	3.000000000000000e-06
1.969927e+06	1.302674602327345e-01	7.335630799587479e-02	3.000000000000000e-06	3.000000000000000e-06
2.005419e+06	1.309046424222932e-01	7.371671614080476e-02	3.000000000000000e-06	3.000000000000000e-06
2.041552e+06	1.315449497255457e-01	7.407888177075274e-02	3.000000000000000e-06	3.000000000000000e-06
2.078338e+06	1.321883974178829e-01	7.444281352969252e-02	3.000000000000000e-06	3.000000000000000e-06
2.115790e+06	1.328350008496028e-01	7.480852010367393e-02	3.000000000000000e-06	3.000000000000000e-06
2.153918e+06	1.334847754462765e-01	7.517601022103046e-02	3.000000000000000e-06	3.000000000000000e-06
2.192736e+06	1.341377367091153e-01	7.554529265258803e-02	3.000000000000000e-06	3.000000000000000e-06
2.232255e+06	1.347939002153406e-01	7.591637621187478e-02	3.000000000000000e-06	3.000000000000000e-06
2.272490e+06	1.354532816185549e-01	7.628926975533169e-02	3.000000000000000e-06	3.000000000000000e-06
2.313452e+06	1.361158966491149e-01	7.666398218252445e-02	3.000000000000000e-06	3.000000000000000e-06
2.355155e+06	1.367817611145065e-01	7.704052243635619e-02	3.000000000000000e-06	3.000000000000000e-06
2.397613e+06	1.374508908997213e-01	7.741889950328128e-02	3.000000000000000e-06	3.000000000000000e-06
2.440839e+06	1.381233019676356e-01	7.779912241352012e-02	3.000000000000000e-06	3.000000000000000e-06
2.484846e+06	1.387990103593904e-01	7.818120024127512e-02	3.000000000000000e-06	3.000000000000000e-06
2.529651e+06	1.394780321947739e-01	7.856514210494749e-02	3.000000000000000e-06	3.000000000000000e-06
2.575266e+06	1.401603836726057e-01	7.895095716735520e-02	3.000000000000000e-06	3.000000000000000e-06
2.621706e+06	1.408460810711230e-01	7.933865463595209e-02	3.000000000000000e-06	3.000000000000000e-06
2.668987e+06	1.415351407483682e-01	7.972824376304780e-02	3.000000000000000e-06	3.000000000000000e-06
2.717124e+06	1.422275791425792e-01	8.011973384602893e-02	3.000000000000000e-06	3.000000000000000e-06
2.766133e+06	1.429234127725810e-01	8.051313422758127e-02	3.000000000000000e-06	3.000000000000000e-06
2.816029e+06	1.436226582381793e-01	8.090845429591302e-02	3.000000000000000e-06	3.000000000000000e-06
2.866829e+06	1.443253322205564e-01	8.130570348497911e-02	3.000000000000000e-06	3.000000000000000e-06
2.918548e+06	1.450314514826686e-01	8.170489127470665e-02	3.000000000000000e-06	3.000000000000000e-06
2.971204e+06	1.457410328696458e-01	8.210602719122141e-02	3.000000000000000e-06	3.000000000000000e-06
3.024814e+06	1.464540933091929e-01	8.250912080707548e-02	3.000000000000000e-06	3.000000000000000e-06
3.079395e+06	1.471706498119935e-01	8.291418174147587e-02	3.000000000000000e-06	3.000000000000000e-06
3.134965e+06	1.478907194721150e-01	8.332121966051442e-02	3.000000000000000e-06	3.000000000000000e-06
3.191541e+06	1.486143194674165e-01	8.373024427739865e-02	3.000000000000000e-06	3.000000000000000e-06
3.249143e+06	1.493414670599579e-01	8.414126535268382e-02	3.000000000000000e-06	3.000000000000000e-06
3.307789e+06	1.500721795964113e-01	8.455429269450609e-02	3.000000000000000e-06	3.000000000000000e-06
3.367498e+06	1.508064745084747e-01	8.496933615881680e-02	3.000000000000000e-06	3.000000000000000e-06
3.428288e+06	1.515443693132875e-01	8.538640564961784e-02	3.000000000000000e-06	3.000000000000000e-06
3.490181e+06	1.522858816138477e-01	8.580551111919832e-02	3.000000000000000e-06	3.000000000000000e-06
3.553196e+06	1.530310290994317e-01	8.622666256837214e-02	3.000000000000000e-06	3.000000000000000e-06
3.617353e+06	1.537798295460162e-01	8.664987004671688e-02	3.000000000000000e-06	3.000000000000000e-06
3.682674e+06	1.545323008167015e-01	8.707514365281392e-02	3.000000000000000e-06	3.000000000000000e-06
3.749179e+06	1.552884608621372e-01	8.750249353448943e-02	3.000000000000000e-06	3.000000000000000e-06
3.816890e+06	1.560483277209508e-01	8.793192988905679e-02	3.000000000000000e-06	3.000000000000000e-06
3.885830e+06	1.568119195201767e-01	8.836346296356017e-02	3.000000000000000e-06	3.000000000000000e-06
3.956020e+06	1.575792544756890e-01	8.879710305501909e-02	3.000000000000000e-06	3.000000000000000e-06
4.027483e+06	1.583503508926354e-01	8.923286051067440e-02	3.000000000000000e-06	3.000000000000000e-06
4.100243e+06	1.591252271658736e-01	8.967074572823532e-02	3.000000000000000e-06	3.000000000000000e-06
4.174323e+06	1.599039017804097e-01	9.011076915612763e-02	3.000000000000000e-06	3.000000000000000e-06
4.249747e+06	1.606863933118390e-01	9.055294129374328e-02	3.000000000000000e-06	3.000000000000000e-06
4.326540e+06	1.614727204267886e-01	9.099727269169093e-02	3.000000000000000e-06	3.000000000000000e-06
4.404727e+06	1.622629018833623e-01	9.144377395204797e-02	3.000000000000000e-06	3.000000000000000e-06
4.484334e+06	1.630569565315879e-01	9.189245572861353e-02	3.000000000000000e-06	3.000000000000000e-06
4.565385e+06	1.638549033138665e-01	9.234332872716287e-02	3.000000000000000e-06	3.000000000000000e-06
4.647908e+06	1.646567612654240e-01	9.279640370570297e-02	3.000000000000000e-06	3.000000000000000e-06
4.731929e+06	1.654625495147648e-01	9.325169147472931e-02	3.000000000000000e-06	3.000000000000000e-06
4.817476e+06	1.662722872841278e-01	9.370920289748400e-02	3.000000000000000e-06	3.000000000000000e-06
4.904577e+06	1.670859938899446e-01	9.416894889021497e-02	3.000000000000000e-06	3.000000000000000e-06
4.993259e+06	1.679036887433001e-01	9.463094042243675e-02	3.000000000000000e-06	3.000000000000000e-06
5.083553e+06	1.687253913503948e-01	9.509518851719209e-02	3.000000000000000e-06	3.000000000000000e-06
5.175487e+06	1.695511213130102e-01	9.556170425131522e-02	3.000000000000000e-06	3.000000000000000e-06
5.269091e+06	1.703808983289758e-01	9.603049875569616e-02	3.000000000000000e-06	3.000000000000000e-06
5.364395e+06	1.712147421926390e-01	9.650158321554646e-02	3.000000000000000e-06	3.000000000000000e-06
5.461432e+06	1.720526727953363e-01	9.697496887066610e-02	3.000000000000000e-06	3.000000000000000e-06
5.560232e+06	1.728947101258680e-01	9.745066701571183e-02	3.000000000000000e-06	3.000000000000000e-06
5.660827e+06	1.737408742709747e-01	9.792868900046660e-02	3.000000000000000e-06	3.000000000000000e-06
5.763252e+06	1.745911854158158e-01	9.840904623011058e-02	3.000000000000000e-06	3.000000000000000e-06
5.867538e+06	1.754456638444507e-01	9.889175016549330e-02	3.000000000000000e-06	3.000000000000000e-06
5.973720e+06	1.763043299403226e-01	9.937681232340710e-02	3.000000000000000e-06	3.000000000000000e-06
6.081832e+06	1.771672041867443e-01	9.986424427686207e-02	3.000000000000000e-06	3.000000000000000e-06
6.191911e+06	1.780343071673861e-01	1.003540576553622e-01	3.000000000000000e-06	3.000000000000000e-06
6.303991e+06	1.789056595667672e-01	1.008462641451828e-01	3.000000000000000e-06	3.000000000000000e-06
6.418110e+06	1.797812821707480e-01	1.013408754896496e-01	3.000000000000000e-06	3.000000000000000e-06
6.534305e+06	1.806611958670261e-01	1.018379034894187e-01	3.000000000000000e-06	3.000000000000000e-06
6.652613e+06	1.815454216456342e-01	1.023373600027584e-01	3.000000000000000e-06	3.000000000000000e-06
6.773074e+06	1.824339805994401e-01	1.028392569458319e-01	3.000000000000000e-06	3.000000000000000e-06
6.895726e+06	1.833268939246498e-01	1.033436062929821e-01	3.000000000000000e-06	3.000000000000000e-06
7.020610e+06	1.842241829213128e-01	1.038504200770167e-01	3.000000000000000e-06	3.000000000000000e-06
7.147767e+06	1.851258689938297e-01	1.043597103894957e-01	3.000000000000000e-06	3.000000000000000e-06
7.277238e+06	1.860319736514627e-01	1.048714893810199e-01	3.000000000000000e-06	3.000000000000000e-06
7.409066e+06	1.869425185088477e-01	1.053857692615209e-01	3.000000000000000e-06	3.000000000000000e-06
7.543293e+06	1.878575252865105e-01	1.059025623005518e-01	3.000000000000000e-06	3.000000000000000e-06
7.679964e+06	1.887770158113838e-01	1.064218808275809e-01	3.000000000000000e-06	3.000000000000000e-06
7.819123e+06	1.897010120173279e-01	1.069437372322850e-01	3.000000000000000e-06	3.000000000000000e-06
7.960816e+06	1.906295359456535e-01	1.074681439648456e-01	3.000000000000000e-06	3.000000000000000e-06
8.105090e+06	1.915626097456471e-01	1.079951135362456e-01	3.000000000000000e-06	3.000000000000000e-06
8.251991e+06	1.925002556750987e-01	1.085246585185678e-01	3.000000000000000e-06	3.000000000000000e-06
8.401567e+06	1.934424961008331e-01	1.090567915452952e-01	3.000000000000000e-06	3.000000000000000e-06
8.553868e+06	1.943893534992425e-01	1.095915253116117e-01	3.000000000000000e-06	3.000000000000000e-06
8.708944e+06	1.953408504568225e-01	1.101288725747058e-01	3.000000000000000e-06	3.000000000000000e-06
8.866845e+06	1.962970096707104e-01	1.106688461540742e-01	3.000000000000000e-06	3.000000000000000e-06
9.027623e+06	1.972578539492264e-01	1.112114589318281e-01	3.000000000000000e-06	3.000000000000000e-06
9.191331e+06	1.982234062124175e-01	1.117567238530003e-01	3.000000000000000e-06	3.000000000000000e-06
9.358023e+06	1.991936894926034e-01	1.123046539258540e-01	3.000000000000000e-06	3.000000000000000e-06
9.527752e+06	2.001687269349259e-01	1.128552622221933e-01	3.000000000000000e-06	3.000000000000000e-06
9.700576e+06	2.011485417979006e-01	1.134085618776747e-01	3.000000000000000e-06	3.000000000000000e-06
9.876550e+06	2.021331574539713e-01	1.139645660921208e-01	3.000000000000000e-06	3.000000000000000e-06
1.000000e+07	2.028153629447708e-01	1.143497978534538e-01	3.000000000000000e-06	3.000000000000000e-06
1.018245e+07	2.038137083335416e-01	1.149135442875517e-01	3.000000000000000e-06	3.000000000000000e-06
1.036719e+07	2.048112817898042e-01	1.154768484305874e-01	3.000000000000000e-06	3.000000000000000e-06
1.055531e+07	2.058138452619851e-01	1.160429639769762e-01	3.000000000000000e-06	3.000000000000000e-06
1.074687e+07	2.068213189724956e-01	1.166118458832335e-01	3.000000000000000e-06	3.000000000000000e-06
1.094192e+07	2.078337288269239e-01	1.171835087811924e-01	3.000000000000000e-06	3.000000000000000e-06
1.114053e+07	2.088510989409685e-01	1.177579662908819e-01	3.000000000000000e-06	3.000000000000000e-06
1.134276e+07	2.098734535832157e-01	1.183352321179158e-01	3.000000000000000e-06	3.000000000000000e-06
1.154869e+07	2.109008171405405e-01	1.189153200341714e-01	3.000000000000000e-06	3.000000000000000e-06
1.175836e+07	2.119332141192914e-01	1.194982438785914e-01	3.000000000000000e-06	3.000000000000000e-06
1.197187e+07	2.129706691458514e-01	1.200840175575848e-01	3.000000000000000e-06	3.000000000000000e-06
1.218927e+07	2.140132069672201e-01	1.206726550454081e-01	3.000000000000000e-06	3.000000000000000e-06
1.241064e+07	2.150608524516025e-01	1.212641703845323e-01	3.000000000000000e-06	3.000000000000000e-06
1.263605e+07	2.161136305890022e-01	1.218585776859999e-01	3.000000000000000e-06	3.000000000000000e-06
1.286558e+07	2.171715664918172e-01	1.224558911297757e-01	3.000000000000000e-06	3.000000000000000e-06
1.309930e+07	2.182346853954393e-01	1.230561249650947e-01	3.000000000000000e-06	3.000000000000000e-06
1.333728e+07	2.193030126588557e-01	1.236592935108082e-01	3.000000000000000e-06	3.000000000000000e-06
1.357961e+07	2.203765737652541e-01	1.242654111557297e-01	3.000000000000000e-06	3.000000000000000e-06
1.382636e+07	2.214553943226306e-01	1.248744923589807e-01	3.000000000000000e-06	3.000000000000000e-06
1.407762e+07	2.225395000643999e-01	1.254865516503374e-01	3.000000000000000e-06	3.000000000000000e-06
1.433348e+07	2.236289168500091e-01	1.261016036305784e-01	3.000000000000000e-06	3.000000000000000e-06
1.459400e+07	2.247236706655544e-01	1.267196629718337e-01	3.000000000000000e-06	3.000000000000000e-06
1.485928e+07	2.258237876244001e-01	1.273407444179355e-01	3.000000000000000e-06	3.000000000000000e-06
1.512942e+07	2.269292939678018e-01	1.279648627847695e-01	3.000000000000000e-06	3.000000000000000e-06
1.540448e+07	2.280402160655317e-01	1.285920329606293e-01	3.000000000000000e-06	3.000000000000000e-06
1.568458e+07	2.291565804165069e-01	1.292222699065707e-01	3.000000000000000e-06	3.000000000000000e-06
1.596979e+07	2.302784136494216e-01	1.298555886567695e-01	3.000000000000000e-06	3.000000000000000e-06
1.626022e+07	2.314057425233820e-01	1.304920043188796e-01	3.000000000000000e-06	3.000000000000000e-06
1.655595e+07	2.325385939285435e-01	1.311315320743932e-01	3.000000000000000e-06	3.000000000000000e-06
1.685709e+07	2.336769948867524e-01	1.317741871790032e-01	3.000000000000000e-06	3.000000000000000e-06
1.716374e+07	2.348209725521901e-01	1.324199849629672e-01	3.000000000000000e-06	3.000000000000000e-06
1.747599e+07	2.359705542120197e-01	1.330689408314726e-01	3.000000000000000e-06	3.000000000000000e-06
1.779395e+07	2.371257672870374e-01	1.337210702650041e-01	3.000000000000000e-06	3.000000000000000e-06
1.811773e+07	2.382866393323254e-01	1.343763888197133e-01	3.000000000000000e-06	3.000000000000000e-06
1.844743e+07	2.394531980379097e-01	1.350349121277891e-01	3.000000000000000e-06	3.000000000000000e-06
1.878316e+07	2.406254712294190e-01	1.356966558978311e-01	3.000000000000000e-06	3.000000000000000e-06
1.912503e+07	2.418034868687491e-01	1.363616359152234e-01	3.000000000000000e-06	3.000000000000000e-06
1.947316e+07	2.429872730547291e-01	1.370298680425118e-01	3.000000000000000e-06	3.000000000000000e-06
1.982766e+07	2.441768580237909e-01	1.377013682197816e-01	3.000000000000000e-06	3.000000000000000e-06
2.018864e+07	2.453722701506428e-01	1.383761524650381e-01	3.000000000000000e-06	3.000000000000000e-06
2.055623e+07	2.465735379489459e-01	1.390542368745880e-01	3.000000000000000e-06	3.000000000000000e-06
2.093054e+07	2.477806900719935e-01	1.397356376234239e-01	3.000000000000000e-06	3.000000000000000e-06
2.131171e+07	2.489937553133945e-01	1.404203709656094e-01	3.000000000000000e-06	3.000000000000000e-06
2.169985e+07	2.502127626077595e-01	1.411084532346672e-01	3.000000000000000e-06	3.000000000000000e-06
2.209510e+07	2.514377410313909e-01	1.417999008439682e-01	3.000000000000000e-06	3.000000000000000e-06
2.249759e+07	2.526687198029758e-01	1.424947302871230e-01	3.000000000000000e-06	3.000000000000000e-06
2.290745e+07	2.539057282842826e-01	1.431929581383754e-01	3.000000000000000e-06	3.000000000000000e-06
2.332481e+07	2.551487959808610e-01	1.438946010529974e-01	3.000000000000000e-06	3.000000000000000e-06
2.374981e+07	2.563979525427455e-01	1.445996757676865e-01	3.000000000000000e-06	3.000000000000000e-06
2.418260e+07	2.576532277651618e-01	1.453081991009644e-01	3.000000000000000e-06	3.000000000000000e-06
2.462331e+07	2.589146515892377e-01	1.460201879535786e-01	3.000000000000000e-06	3.000000000000000e-06
2.507210e+07	2.601822541027161e-01	1.467356593089051e-01	3.000000000000000e-06	3.000000000000000e-06
2.552911e+07	2.614560655406731e-01	1.474546302333533e-01	3.000000000000000e-06	3.000000000000000e-06
2.599449e+07	2.627361162862383e-01	1.481771178767730e-01	3.000000000000000e-06	3.000000000000000e-06
2.646840e+07	2.640224368713187e-01	1.489031394728636e-01	3.000000000000000e-06	3.000000000000000e-06
2.695099e+07	2.653150579773277e-01	1.496327123395844e-01	3.000000000000000e-06	3.000000000000000e-06
2.744243e+07	2.666140104359153e-01	1.503658538795683e-01	3.000000000000000e-06	3.000000000000000e-06
2.794288e+07	2.679193252297037e-01	1.511025815805362e-01	3.000000000000000e-06	3.000000000000000e-06
2.845249e+07	2.692310334930260e-01	1.518429130157141e-01	3.000000000000000e-06	3.000000000000000e-06
2.897145e+07	2.705491665126680e-01	1.525868658442523e-01	3.000000000000000e-06	3.000000000000000e-06
2.949993e+07	2.718737557286143e-01	1.533344578116462e-01	3.000000000000000e-06	3.000000000000000e-06
3.003809e+07	2.732048327347977e-01	1.540857067501597e-01	3.000000000000000e-06	3.000000000000000e-06
3.058612e+07	2.745424292798525e-01	1.548406305792501e-01	3.000000000000000e-06	3.000000000000000e-06
3.114420e+07	2.758865772678712e-01	1.555992473059956e-01	3.000000000000000e-06	3.000000000000000e-06
3.171252e+07	2.772373087591649e-01	1.563615750255245e-01	3.000000000000000e-06	3.000000000000000e-06
3.229126e+07	2.785946559710282e-01	1.571276319214467e-01	3.000000000000000e-06	3.000000000000000e-06
3.288061e+07	2.799586512785063e-01	1.578974362662872e-01	3.000000000000000e-06	3.000000000000000e-06
3.348078e+07	2.813293272151678e-01	1.586710064219219e-01	3.000000000000000e-06	3.000000000000000e-06
3.409196e+07	2.827067164738793e-01	1.594483608400155e-01	3.000000000000000e-06	3.000000000000000e-06
3.471435e+07	2.840908519075855e-01	1.602295180624609e-01	3.000000000000000e-06	3.000000000000000e-06
3.534816e+07	2.854817665300919e-01	1.610144967218220e-01	3.000000000000000e-06	3.000000000000000e-06
3.599360e+07	2.868794935168522e-01	1.618033155417775e-01	3.000000000000000e-06	3.000000000000000e-06
3.665089e+07	2.882840662057586e-01	1.625959933375675e-01	3.000000000000000e-06	3.000000000000000e-06
3.732024e+07	2.896955180979372e-01	1.633925490164420e-01	3.000000000000000e-06	3.000000000000000e-06
3.800188e+07	2.911138828585463e-01	1.641930015781118e-01	3.000000000000000e-06	3.000000000000000e-06
3.869603e+07	2.925391943175786e-01	1.649973701152014e-01	3.000000000000000e-06	3.000000000000000e-06
3.940292e+07	2.939714864706685e-01	1.658056738137044e-01	3.000000000000000e-06	3.000000000000000e-06
4.012280e+07	2.954107934799016e-01	1.666179319534406e-01	3.000000000000000e-06	3.000000000000000e-06
4.085589e+07	2.968571496746297e-01	1.674341639085161e-01	3.000000000000000e-06	3.000000000000000e-06
4.160245e+07	2.983105895522890e-01	1.682543891477848e-01	3.000000000000000e-06	3.000000000000000e-06
4.236271e+07	2.997711477792221e-01	1.690786272353131e-01	3.000000000000000e-06	3.000000000000000e-06
4.313694e+07	3.012388591915053e-01	1.699068978308458e-01	3.000000000000000e-06	3.000000000000000e-06
4.392539e+07	3.027137587957780e-01	1.707392206902750e-01	3.000000000000000e-06	3.000000000000000e-06
4.472833e+07	3.041958817700779e-01	1.715756156661114e-01	3.000000000000000e-06	3.000000000000000e-06
4.554601e+07	3.056852634646795e-01	1.724161027079572e-01	3.000000000000000e-06	3.000000000000000e-06
4.637872e+07	3.071819394029364e-01	1.732607018629820e-01	3.000000000000000e-06	3.000000000000000e-06
4.722673e+07	3.086859452821287e-01	1.741094332764009e-01	3.000000000000000e-06	3.000000000000000e-06
4.809032e+07	3.101973169743135e-01	1.749623171919543e-01	3.000000000000000e-06	3.000000000000000e-06
4.896979e+07	3.117160905271805e-01	1.758193739523911e-01	3.000000000000000e-06	3.000000000000000e-06
4.986542e+07	3.132423021649106e-01	1.766806239999530e-01	3.000000000000000e-06	3.000000000000000e-06
5.077751e+07	3.147759882890405e-01	1.775460878768629e-01	3.000000000000000e-06	3.000000000000000e-06
5.170637e+07	3.163171854793292e-01	1.784157862258136e-01	3.000000000000000e-06	3.000000000000000e-06
5.265230e+07	3.178659304946314e-01	1.792897397904606e-01	3.000000000000000e-06	3.000000000000000e-06
5.361563e+07	3.194222602737724e-01	1.801679694159166e-01	3.000000000000000e-06	3.000000000000000e-06
5.459667e+07	3.209862119364297e-01	1.810504960492480e-01	3.000000000000000e-06	3.000000000000000e-06
5.559575e+07	3.225578227840172e-01	1.819373407399751e-01	3.000000000000000e-06	3.000000000000000e-06
5.661321e+07	3.241371303005751e-01	1.828285246405730e-01	3.000000000000000e-06	3.000000000000000e-06
5.764937e+07	3.257241721536628e-01	1.837240690069767e-01	3.000000000000000e-06	3.000000000000000e-06
5.870460e+07	3.273189861952571e-01	1.846239951990876e-01	3.000000000000000e-06	3.000000000000000e-06
5.977924e+07	3.289216104626546e-01	1.855283246812824e-01	3.000000000000000e-06	3.000000000000000e-06
6.087364e+07	3.305320831793783e-01	1.864370790229255e-01	3.000000000000000e-06	3.000000000000000e-06
6.198819e+07	3.321504427560892e-01	1.873502798988824e-01	3.000000000000000e-06	3.000000000000000e-06
6.312324e+07	3.337767277915013e-01	1.882679490900373e-01	3.000000000000000e-06	3.000000000000000e-06
6.427917e+07	3.354109770733022e-01	1.891901084838118e-01	3.000000000000000e-06	3.000000000000000e-06
6.545638e+07	3.370532295790776e-01	1.901167800746868e-01	3.000000000000000e-06	3.000000000000000e-06
6.665526e+07	3.387035244772404e-01	1.910479859647272e-01	3.000000000000000e-06	3.000000000000000e-06
6.787620e+07	3.403619011279647e-01	1.919837483641083e-01	3.000000000000000e-06	3.000000000000000e-06
6.911961e+07	3.420283990841236e-01	1.929240895916456e-01	3.000000000000000e-06	3.000000000000000e-06
7.038592e+07	3.437030580922325e-01	1.938690320753271e-01	3.000000000000000e-06	3.000000000000000e-06
7.167554e+07	3.453859180933965e-01	1.948185983528475e-01	3.000000000000000e-06	3.000000000000000e-06
7.298890e+07	3.470770192242623e-01	1.957728110721458e-01	3.000000000000000e-06	3.000000000000000e-06
7.432645e+07	3.487764018179752e-01	1.967316929919454e-01	3.000000000000000e-06	3.000000000000000e-06
7.568863e+07	3.504841064051407e-01	1.976952669822962e-01	3.000000000000000e-06	3.000000000000000e-06
7.707590e+07	3.522001737147904e-01	1.986635560251202e-01	3.000000000000000e-06	3.000000000000000e-06
7.848871e+07	3.539246446753530e-01	1.996365832147594e-01	3.000000000000000e-06	3.000000000000000e-06
7.992755e+07	3.556575604156300e-01	2.006143717585261e-01	3.000000000000000e-06	3.000000000000000e-06
8.139290e+07	3.573989622657763e-01	2.015969449772564e-01	3.000000000000000e-06	3.000000000000000e-06
8.288524e+07	3.591488917582851e-01	2.025843263058661e-01	3.000000000000000e-06	3.000000000000000e-06
8.440508e+07	3.609073906289783e-01	2.035765392939093e-01	3.000000000000000e-06	3.000000000000000e-06
8.595292e+07	3.626745008180010e-01	2.045736076061400e-01	3.000000000000000e-06	3.000000000000000e-06
8.752928e+07	3.644502644708217e-01	2.055755550230763e-01	3.000000000000000e-06	3.000000000000000e-06
8.913470e+07	3.662347239392370e-01	2.065824054415669e-01	3.000000000000000e-06	3.000000000000000e-06
9.076970e+07	3.680279217823805e-01	2.075941828753614e-01	3.000000000000000e-06	3.000000000000000e-06
9.243484e+07	3.698299007677384e-01	2.086109114556821e-01	3.000000000000000e-06	3.000000000000000e-06
9.413067e+07	3.716407038721680e-01	2.096326154318000e-01	3.000000000000000e-06	3.000000000000000e-06
9.585776e+07	3.734603742829229e-01	2.106593191716125e-01	3.000000000000000e-06	3.000000000000000e-06
9.761670e+07	3.752889553986820e-01	2.116910471622241e-01	3.000000000000000e-06	3.000000000000000e-06
9.940806e+07	3.771264908305845e-01	2.127278240105309e-01	3.000000000000000e-06	3.000000000000000e-06
1.000000e+08	3.777265995644451e-01	2.130664172624841e-01	3.000000000000000e-06	3.000000000000000e-06
1.018580e+08	3.795989501554155e-01	2.141228331076467e-01	3.000000000000000e-06	3.000000000000000e-06
1.037272e+08	3.814571729196507e-01	2.151712743736859e-01	3.000000000000000e-06	3.000000000000000e-06
1.056312e+08	3.833249207568360e-01	2.162250865203683e-01	3.000000000000000e-06	3.000000000000000e-06
1.075703e+08	3.852018068228066e-01	2.172840512869849e-01	3.000000000000000e-06	3.000000000000000e-06
1.095452e+08	3.870878837640327e-01	2.183481983802273e-01	3.000000000000000e-06	3.000000000000000e-06
1.115566e+08	3.889831964183745e-01	2.194175531001079e-01	3.000000000000000e-06	3.000000000000000e-06
1.136050e+08	3.908877899906894e-01	2.204921409530899e-01	3.000000000000000e-06	3.000000000000000e-06
1.156912e+08	3.928017099044595e-01	2.215719875685669e-01	3.000000000000000e-06	3.000000000000000e-06
1.178160e+08	3.947250018055881e-01	2.226571187011258e-01	3.000000000000000e-06	3.000000000000000e-06
1.199799e+08	3.966577115634315e-01	2.237475602312065e-01	3.000000000000000e-06	3.000000000000000e-06
1.221838e+08	3.985998852718921e-01	2.248433381657674e-01	3.000000000000000e-06	3.000000000000000e-06
1.244283e+08	4.005515692505168e-01	2.259444786389377e-01	3.000000000000000e-06	3.000000000000000e-06
1.267143e+08	4.025128100456026e-01	2.270510079126613e-01	3.000000000000000e-06	3.000000000000000e-06
1.290425e+08	4.044836544313061e-01	2.281629523773364e-01	3.000000000000000e-06	3.000000000000000e-06
1.314136e+08	4.064641494107597e-01	2.292803385524547e-01	3.000000000000000e-06	3.000000000000000e-06
1.338285e+08	4.084543422171920e-01	2.304031930872387e-01	3.000000000000000e-06	3.000000000000000e-06
1.362880e+08	4.104542803150545e-01	2.315315427612817e-01	3.000000000000000e-06	3.000000000000000e-06
1.387930e+08	4.124640114011532e-01	2.326654144851885e-01	3.000000000000000e-06	3.000000000000000e-06
1.413441e+08	4.144835834057857e-01	2.338048353012187e-01	3.000000000000000e-06	3.000000000000000e-06
1.439424e+08	4.165130444938837e-01	2.349498323839325e-01	3.000000000000000e-06	3.000000000000000e-06
1.465887e+08	4.185524430661615e-01	2.361004330408394e-01	3.000000000000000e-06	3.000000000000000e-06
1.492839e+08	4.206018277602696e-01	2.372566647130495e-01	3.000000000000000e-06	3.000000000000000e-06
1.520288e+08	4.226612474519545e-01	2.384185549759283e-01	3.000000000000000e-06	3.000000000000000e-06
1.548244e+08	4.247307512562233e-01	2.395861315397540e-01	3.000000000000000e-06	3.000000000000000e-06
1.576717e+08	4.268103885285149e-01	2.407594222503782e-01	3.000000000000000e-06	3.000000000000000e-06
1.605716e+08	4.289002088658765e-01	2.419384550898900e-01	3.000000000000000e-06	3.000000000000000e-06
1.635251e+08	4.310002621081456e-01	2.431232581772831e-01	3.000000000000000e-06	3.000000000000000e-06
1.665332e+08	4.331105983391387e-01	2.443138597691259e-01	3.000000000000000e-06	3.000000000000000e-06
1.695968e+08	4.352312678878442e-01	2.455102882602356e-01	3.000000000000000e-06	3.000000000000000e-06
1.727171e+08	4.373623213296231e-01	2.467125721843548e-01	3.000000000000000e-06	3.000000000000000e-06
1.758950e+08	4.395038094874141e-01	2.479207402148315e-01	3.000000000000000e-06	3.000000000000000e-06
1.791317e+08	4.416557834329454e-01	2.491348211653032e-01	3.000000000000000e-06	3.000000000000000e-06
1.824282e+08	4.438182944879517e-01	2.503548439903834e-01	3.000000000000000e-06	3.000000000000000e-06
1.857857e+08	4.459913942253981e-01	2.515808377863518e-01	3.000000000000000e-06	3.000000000000000e-06
1.892052e+08	4.481751344707089e-01	2.528128317918482e-01	3.000000000000000e-06	3.000000000000000e-06
1.926879e+08	4.503695673030036e-01	2.540508553885693e-01	3.000000000000000e-06	3.000000000000000e-06
1.962351e+08	4.525747450563380e-01	2.552949381019691e-01	3.000000000000000e-06	3.000000000000000e-06
1.998478e+08	4.547907203209519e-01	2.565451096019629e-01	3.000000000000000e-06	3.000000000000000e-06
2.035274e+08	4.570175459445224e-01	2.578013997036345e-01	3.000000000000000e-06	3.000000000000000e-06
2.072750e+08	4.592552750334239e-01	2.590638383679467e-01	3.000000000000000e-06	3.000000000000000e-06
2.110920e+08	4.615039609539945e-01	2.603324557024561e-01	3.000000000000000e-06	3.000000000000000e-06
2.149795e+08	4.637636573338070e-01	2.616072819620303e-01	3.000000000000000e-06	3.000000000000000e-06
2.189390e+08	4.660344180629483e-01	2.628883475495691e-01	3.000000000000000e-06	3.000000000000000e-06
2.229717e+08	4.683162972953033e-01	2.641756830167298e-01	3.000000000000000e-06	3.000000000000000e-06
2.270790e+08	4.706093494498464e-01	2.654693190646550e-01	3.000000000000000e-06	3.000000000000000e-06
2.312623e+08	4.729136292119384e-01	2.667692865447044e-01	3.000000000000000e-06	3.000000000000000e-06
2.355231e+08	4.752291915346298e-01	2.680756164591907e-01	3.000000000000000e-06	3.000000000000000e-06
2.398627e+08	4.775560916399714e-01	2.693883399621184e-01	3.000000000000000e-06	3.000000000000000e-06
2.442826e+08	4.798943850203298e-01	2.707074883599261e-01	3.000000000000000e-06	3.000000000000000e-06
2.487843e+08	4.822441274397111e-01	2.720330931122335e-01	3.000000000000000e-06	3.000000000000000e-06
2.533693e+08	4.846053749350896e-01	2.733651858325908e-01	3.000000000000000e-06	3.000000000000000e-06
2.580393e+08	4.869781838177438e-01	2.747037982892325e-01	3.000000000000000e-06	3.000000000000000e-06
2.627956e+08	4.893626106745985e-01	2.760489624058345e-01	3.000000000000000e-06	3.000000000000000e-06
2.676401e+08	4.917587123695739e-01	2.774007102622756e-01	3.000000000000000e-06	3.000000000000000e-06
2.725742e+08	4.941665460449410e-01	2.787590740954015e-01	3.000000000000000e-06	3.000000000000000e-06
2.775997e+08	4.965861691226839e-01	2.801240862997939e-01	3.000000000000000e-06	3.000000000000000e-06
2.827183e+08	4.990176393058683e-01	2.814957794285421e-01	3.000000000000000e-06	3.000000000000000e-06
2.879316e+08	5.014610145800171e-01	2.828741861940199e-01	3.000000000000000e-06	3.000000000000000e-06
2.932416e+08	5.039163532144926e-01	2.842593394686643e-01	3.000000000000000e-06	3.000000000000000e-06
2.986498e+08	5.063837137638856e-01	2.856512722857601e-01	3.000000000000000e-06	3.000000000000000e-06
3.041583e+08	5.088631550694114e-01	2.870500178402267e-01	3.000000000000000e-06	3.000000000000000e-06
3.097688e+08	5.113547362603116e-01	2.884556094894093e-01	3.000000000000000e-06	3.000000000000000e-06
3.154832e+08	5.138585167552643e-01	2.898680807538748e-01	3.000000000000000e-06	3.000000000000000e-06
3.213035e+08	5.163745562638007e-01	2.912874653182103e-01	3.000000000000000e-06	3.000000000000000e-06
3.272317e+08	5.189029147877273e-01	2.927137970318262e-01	3.000000000000000e-06	3.000000000000000e-06
3.332697e+08	5.214436526225574e-01	2.941471099097628e-01	3.000000000000000e-06	3.000000000000000e-06
3.394196e+08	5.239968303589478e-01	2.955874381335017e-01	3.000000000000000e-06	3.000000000000000e-06
3.456835e+08	5.265625088841431e-01	2.970348160517803e-01	3.000000000000000e-06	3.000000000000000e-06
3.520634e+08	5.291407493834269e-01	2.984892781814105e-01	3.000000000000000e-06	3.000000000000000e-06
3.585617e+08	5.317316133415811e-01	2.999508592081016e-01	3.000000000000000e-06	3.000000000000000e-06
3.651804e+08	5.343351625443505e-01	3.014195939872871e-01	3.000000000000000e-06	3.000000000000000e-06
3.719218e+08	5.369514590799161e-01	3.028955175449559e-01	3.000000000000000e-06	3.000000000000000e-06
3.787881e+08	5.395805653403754e-01	3.043786650784866e-01	3.000000000000000e-06	3.000000000000000e-06
3.857818e+08	5.422225440232289e-01	3.058690719574870e-01	3.000000000000000e-06	3.000000000000000e-06
3.929052e+08	5.448774581328752e-01	3.073667737246371e-01	3.000000000000000e-06	3.000000000000000e-06
4.001606e+08	5.475453709821129e-01	3.088718060965361e-01	3.000000000000000e-06	3.000000000000000e-06
4.075506e+08	5.502263461936492e-01	3.103842049645544e-01	3.000000000000000e-06	3.000000000000000e-06
4.150777e+08	5.529204477016173e-01	3.119040063956886e-01	3.000000000000000e-06	3.000000000000000e-06
4.227443e+08	5.556277397530994e-01	3.134312466334215e-01	3.000000000000000e-06	3.000000000000000e-06
4.305532e+08	5.583482869096594e-01	3.149659620985857e-01	3.000000000000000e-06	3.000000000000000e-06
4.385069e+08	5.610821540488806e-01	3.165081893902324e-01	3.000000000000000e-06	3.000000000000000e-06
4.466082e+08	5.638294063659129e-01	3.180579652865034e-01	3.000000000000000e-06	3.000000000000000e-06
4.548597e+08	5.665901093750270e-01	3.196153267455077e-01	3.000000000000000e-06	3.000000000000000e-06
4.632644e+08	5.693643289111754e-01	3.211803109062029e-01	3.000000000000000e-06	3.000000000000000e-06
4.718250e+08	5.721521311315623e-01	3.227529550892801e-01	3.000000000000000e-06	3.000000000000000e-06
4.805445e+08	5.749535825172204e-01	3.243332967980537e-01	3.000000000000000e-06	3.000000000000000e-06
4.894258e+08	5.777687498745954e-01	3.259213737193553e-01	3.000000000000000e-06	3.000000000000000e-06
4.984719e+08	5.805977003371389e-01	3.275172237244323e-01	3.000000000000000e-06	3.000000000000000e-06
5.076858e+08	5.834405013669082e-01	3.291208848698502e-01	3.000000000000000e-06	3.000000000000000e-06
5.170709e+08	5.862972207561745e-01	3.307323953984003e-01	3.000000000000000e-06	3.000000000000000e-06
5.266301e+08	5.891679266290394e-01	3.323517937400107e-01	3.000000000000000e-06	3.000000000000000e-06
5.363668e+08	5.920526874430576e-01	3.339791185126628e-01	3.000000000000000e-06	3.000000000000000e-06
5.462842e+08	5.949515719908701e-01	3.356144085233119e-01	3.000000000000000e-06	3.000000000000000e-06
5.563858e+08	5.978646494018428e-01	3.372577027688118e-01	3.000000000000000e-06	3.000000000000000e-06
5.666749e+08	6.007919891437151e-01	3.389090404368448e-01	3.000000000000000e-06	3.000000000000000e-06
5.771551e+08	6.037336610242556e-01	3.405684609068555e-01	3.000000000000000e-06	3.000000000000000e-06
5.878299e+08	6.066897351929258e-01	3.422360037509899e-01	3.000000000000000e-06	3.000000000000000e-06
5.987030e+08	6.096602821425526e-01	3.439117087350381e-01	3.000000000000000e-06	3.000000000000000e-06
6.097780e+08	6.126453727110084e-01	3.455956158193829e-01	3.000000000000000e-06	3.000000000000000e-06
6.210587e+08	6.156450780828997e-01	3.472877651599516e-01	3.000000000000000e-06	3.000000000000000e-06
6.325489e+08	6.186594697912641e-01	3.489881971091738e-01	3.000000000000000e-06	3.000000000000000e-06
6.442526e+08	6.216886197192751e-01	3.506969522169430e-01	3.000000000000000e-06	3.000000000000000e-06
6.561737e+08	6.247326001019559e-01	3.524140712315833e-01	3.000000000000000e-06	3.000000000000000e-06
6.683163e+08	6.277914835279007e-01	3.541395951008204e-01	3.000000000000000e-06	3.000000000000000e-06
6.806845e+08	6.308653429410057e-01	3.558735649727582e-01	3.000000000000000e-06	3.000000000000000e-06
6.932825e+08	6.339542516422072e-01	3.576160221968592e-01	3.000000000000000e-06	3.000000000000000e-06
7.061146e+08	6.370582832912292e-01	3.593670083249303e-01	3.000000000000000e-06	3.000000000000000e-06
7.191852e+08	6.401775119083393e-01	3.611265651121134e-01	3.000000000000000e-06	3.000000000000000e-06
7.324986e+08	6.433120118761123e-01	3.628947345178803e-01	3.000000000000000e-06	3.000000000000000e-06
7.460596e+08	6.464618579412048e-01	3.646715587070335e-01	3.000000000000000e-06	3.000000000000000e-06
7.598726e+08	6.496271252161350e-01	3.664570800507108e-01	3.000000000000000e-06	3.000000000000000e-06
7.739423e+08	6.528078891810746e-01	3.682513411273952e-01	3.000000000000000e-06	3.000000000000000e-06
7.882736e+08	6.560042256856472e-01	3.700543847239304e-01	3.000000000000000e-06	3.000000000000000e-06
8.028713e+08	6.592162109507367e-01	3.718662538365402e-01	3.000000000000000e-06	3.000000000000000e-06
8.177405e+08	6.624439215703040e-01	3.736869916718535e-01	3.000000000000000e-06	3.000000000000000e-06
8.328861e+08	6.656874345132126e-01	3.755166416479343e-01	3.000000000000000e-06	3.000000000000000e-06
8.483133e+08	6.689468271250635e-01	3.773552473953168e-01	3.000000000000000e-06	3.000000000000000e-06
8.640274e+08	6.722221771300386e-01	3.792028527580448e-01	3.000000000000000e-06	3.000000000000000e-06
8.800337e+08	6.755135626327535e-01	3.810595017947174e-01	3.000000000000000e-06	3.000000000000000e-06
8.963377e+08	6.788210621201196e-01	3.829252387795393e-01	3.000000000000000e-06	3.000000000000000e-06
9.129450e+08	6.821447544632142e-01	3.848001082033754e-01	3.000000000000000e-06	3.000000000000000e-06
9.298611e+08	6.854847189191610e-01	3.866841547748119e-01	3.000000000000000e-06	3.000000000000000e-06
9.470920e+08	6.888410351330192e-01	3.885774234212221e-01	3.000000000000000e-06	3.000000000000000e-06
9.646433e+08	6.922137831396821e-01	3.904799592898369e-01	3.000000000000000e-06	3.000000000000000e-06
9.825212e+08	6.956030433657846e-01	3.923918077488210e-01	3.000000000000000e-06	3.000000000000000e-06
1.000000e+09	6.988723686974442e-01	3.942360003869635e-01	3.000000000000000e-06	3.000000000000000e-06
