#t[yr]	ecc	inc	eachmass	totalmass
0.000000e+00	5.000000000000000e-02	2.500000000000000e-02	3.000000000000000e-06	3.000000000000000e-06
1.000000e-03	4.999999839350862e-02	2.499999942733296e-02	3.000000000000000e-06	3.000000000000000e-06
1.000000e-02	4.999998393509379e-02	2.499999427333228e-02	3.000000000000000e-06	3.000000000000000e-06
1.000000e-01	4.999983935161034e-02	2.499994273356156e-02	3.000000000000000e-06	3.000000000000000e-06
1.000000e+00	4.999839358325998e-02	2.499942735945943e-02	3.000000000000000e-06	3.000000000000000e-06
1.000000e+01	4.998394254541586e-02	2.499427597799137e-02	3.000000000000000e-06	3.000000000000000e-06
2.069890e+01	4.996686399423739e-02	2.498818563388763e-02	3.000000000000000e-06	3.000000000000000e-06
3.154714e+01	4.994966679825662e-02	2.498205019320943e-02	3.000000000000000e-06	3.000000000000000e-06
4.257340e+01	4.993230876996729e-02	2.497585458386018e-02	3.000000000000000e-06	3.000000000000000e-06
5.378065e+01	4.991478919911219e-02	2.496959851801521e-02	3.000000000000000e-06	3.000000000000000e-06
6.517233e+01	4.989710669060434e-02	2.496328146390622e-02	3.000000000000000e-06	3.000000000000000e-06
7.675195e+01	4.987925985146818e-02	2.495690289080506e-02	3.000000000000000e-06	3.000000000000000e-06
8.852311e+01	4.986124727964143e-02	2.495046226504765e-02	3.000000000000000e-06	3.000000000000000e-06
1.000000e+02	4.984381129491046e-02	2.494422508286854e-02	3.000000000000000e-06	3.000000000000000e-06
1.121653e+02	4.982545757496019e-02	2.493765690798202e-02	3.000000000000000e-06	3.000000000000000e-06
1.245250e+02	4.980694634425921e-02	2.493102952826933e-02	3.000000000000000e-06	3.000000000000000e-06
1.370914e+02	4.978826353536091e-02	2.492433788110153e-02	3.000000000000000e-06	3.000000000000000e-06
1.498682e+02	4.976940791237973e-02	2.491758149413750e-02	3.000000000000000e-06	3.000000000000000e-06
1.628596e+02	4.975037801728465e-02	2.491075981597450e-02	3.000000000000000e-06	3.000000000000000e-06
1.760697e+02	4.973117238692551e-02	2.490387229383362e-02	3.000000000000000e-06	3.000000000000000e-06
1.895028e+02	4.971178954946237e-02	2.489691837230240e-02	3.000000000000000e-06	3.000000000000000e-06
2.031632e+02	4.969222802447448e-02	2.488989749339500e-02	3.000000000000000e-06	3.000000000000000e-06
2.170553e+02	4.967248632301121e-02	2.488280909659178e-02	3.000000000000000e-06	3.000000000000000e-06
2.311836e+02	4.965256294764746e-02	2.487565261888064e-02	3.000000000000000e-06	3.000000000000000e-06
2.455528e+02	4.963245639254260e-02	2.486842749479979e-02	3.000000000000000e-06	3.000000000000000e-06
2.601677e+02	4.961216514350303e-02	2.486113315648205e-02	3.000000000000000e-06	3.000000000000000e-06
2.750329e+02	4.959168767804845e-02	2.485376903370047e-02	3.000000000000000e-06	3.000000000000000e-06
2.901535e+02	4.957102246548195e-02	2.484633455391562e-02	3.000000000000000e-06	3.000000000000000e-06
3.055345e+02	4.955016796696397e-02	2.483882914232428e-02	3.000000000000000e-06	3.000000000000000e-06
3.211810e+02	4.952912263559019e-02	2.483125222190972e-02	3.000000000000000e-06	3.000000000000000e-06
3.370984e+02	4.950788491647362e-02	2.482360321349346e-02	3.000000000000000e-06	3.000000000000000e-06
3.532919e+02	4.948645324683064e-02	2.481588153578866e-02	3.000000000000000e-06	3.000000000000000e-06
3.697670e+02	4.946482605607144e-02	2.480808660545513e-02	3.000000000000000e-06	3.000000000000000e-06
3.865294e+02	4.944300176589477e-02	2.480021783715579e-02	3.000000000000000e-06	3.000000000000000e-06
4.035849e+02	4.942097879038707e-02	2.479227464361492e-02	3.000000000000000e-06	3.000000000000000e-06
4.209391e+02	4.939875553612609e-02	2.478425643567799e-02	3.000000000000000e-06	3.000000000000000e-06
4.385983e+02	4.937633040228927e-02	2.477616262237307e-02	3.000000000000000e-06	3.000000000000000e-06
4.565684e+02	4.935370178076662e-02	2.476799261097402e-02	3.000000000000000e-06	3.000000000000000e-06
4.748557e+02	4.933086805627859e-02	2.475974580706529e-02	3.000000000000000e-06	3.000000000000000e-06
4.934666e+02	4.930782760649868e-02	2.475142161460850e-02	3.000000000000000e-06	3.000000000000000e-06
5.124076e+02	4.928457880218112e-02	2.474301943601062e-02	3.000000000000000e-06	3.000000000000000e-06
5.316855e+02	4.926112000729366e-02	2.473453867219402e-02	3.000000000000000e-06	3.000000000000000e-06
5.513069e+02	4.923744957915542e-02	2.472597872266813e-02	3.000000000000000e-06	3.000000000000000e-06
5.712790e+02	4.921356586858013e-02	2.471733898560300e-02	3.000000000000000e-06	3.000000000000000e-06
5.916088e+02	4.918946722002468e-02	2.470861885790453e-02	3.000000000000000e-06	3.000000000000000e-06
6.123036e+02	4.916515197174314e-02	2.469981773529152e-02	3.000000000000000e-06	3.000000000000000e-06
6.333708e+02	4.914061845594636e-02	2.469093501237455e-02	3.000000000000000e-06	3.000000000000000e-06
6.548181e+02	4.911586499896719e-02	2.468197008273662e-02	3.000000000000000e-06	3.000000000000000e-06
6.766532e+02	4.909088992143146e-02	2.467292233901567e-02	3.000000000000000e-06	3.000000000000000e-06
6.988840e+02	4.906569153843482e-02	2.466379117298891e-02	3.000000000000000e-06	3.000000000000000e-06
7.215188e+02	4.904026815972549e-02	2.465457597565895e-02	3.000000000000000e-06	3.000000000000000e-06
7.445658e+02	4.901461808989308e-02	2.464527613734192e-02	3.000000000000000e-06	3.000000000000000e-06
7.680334e+02	4.898873962856341e-02	2.463589104775728e-02	3.000000000000000e-06	3.000000000000000e-06
7.919304e+02	4.896263107059980e-02	2.462642009611967e-02	3.000000000000000e-06	3.000000000000000e-06
8.162657e+02	4.893629070631031e-02	2.461686267123251e-02	3.000000000000000e-06	3.000000000000000e-06
8.410482e+02	4.890971682166170e-02	2.460721816158355e-02	3.000000000000000e-06	3.000000000000000e-06
8.662873e+02	4.888290769849970e-02	2.459748595544235e-02	3.000000000000000e-06	3.000000000000000e-06
8.919925e+02	4.885586161477585e-02	2.458766544095959e-02	3.000000000000000e-06	3.000000000000000e-06
9.181734e+02	4.882857684478108e-02	2.457775600626831e-02	3.000000000000000e-06	3.000000000000000e-06
9.448400e+02	4.880105165938595e-02	2.456775703958711e-02	3.000000000000000e-06	3.000000000000000e-06
9.720023e+02	4.877328432628779e-02	2.455766792932516e-02	3.000000000000000e-06	3.000000000000000e-06
9.996707e+02	4.874527311026466e-02	2.454748806418924e-02	3.000000000000000e-06	3.000000000000000e-06
1.000000e+03	4.874494305080070e-02	2.454736807952084e-02	3.000000000000000e-06	3.000000000000000e-06
1.028713e+03	4.871616051578662e-02	2.453690575103554e-02	3.000000000000000e-06	3.000000000000000e-06
1.057432e+03	4.868765857513166e-02	2.452654330287487e-02	3.000000000000000e-06	3.000000000000000e-06
1.086699e+03	4.865889764048091e-02	2.451608467465884e-02	3.000000000000000e-06	3.000000000000000e-06
1.116517e+03	4.862988598987635e-02	2.450553290023711e-02	3.000000000000000e-06	3.000000000000000e-06
1.146896e+03	4.860062169032995e-02	2.449488730345376e-02	3.000000000000000e-06	3.000000000000000e-06
1.177849e+03	4.857110299830594e-02	2.448414727846006e-02	3.000000000000000e-06	3.000000000000000e-06
1.209388e+03	4.854132816576702e-02	2.447331221921319e-02	3.000000000000000e-06	3.000000000000000e-06
1.241525e+03	4.851129544412267e-02	2.446238152092069e-02	3.000000000000000e-06	3.000000000000000e-06
1.274273e+03	4.848100308448072e-02	2.445135458013990e-02	3.000000000000000e-06	3.000000000000000e-06
1.307644e+03	4.845044933797577e-02	2.444023079490448e-02	3.000000000000000e-06	3.000000000000000e-06
1.341652e+03	4.841963245610419e-02	2.442900956485241e-02	3.000000000000000e-06	3.000000000000000e-06
1.376310e+03	4.838855069106668e-02	2.441769029135578e-02	3.000000000000000e-06	3.000000000000000e-06
1.411633e+03	4.835720229611856e-02	2.440627237765249e-02	3.000000000000000e-06	3.000000000000000e-06
1.447634e+03	4.832558552592793e-02	2.439475522897971e-02	3.000000000000000e-06	3.000000000000000e-06
1.484328e+03	4.829369863694159e-02	2.438313825270925e-02	3.000000000000000e-06	3.000000000000000e-06
1.521729e+03	4.826153988775875e-02	2.437142085848465e-02	3.000000000000000e-06	3.000000000000000e-06
1.559853e+03	4.822910753951272e-02	2.435960245836011e-02	3.000000000000000e-06	3.000000000000000e-06
1.598715e+03	4.819639985626037e-02	2.434768246694113e-02	3.000000000000000e-06	3.000000000000000e-06
1.638330e+03	4.816341510537957e-02	2.433566030152696e-02	3.000000000000000e-06	3.000000000000000e-06
1.678716e+03	4.813015155797457e-02	2.432353538225470e-02	3.000000000000000e-06	3.000000000000000e-06
1.719888e+03	4.809660748928918e-02	2.431130713224517e-02	3.000000000000000e-06	3.000000000000000e-06
1.761864e+03	4.806278117912804e-02	2.429897497775039e-02	3.000000000000000e-06	3.000000000000000e-06
1.804660e+03	4.802867091228571e-02	2.428653834830270e-02	3.000000000000000e-06	3.000000000000000e-06
1.848294e+03	4.799427497898365e-02	2.427399667686557e-02	3.000000000000000e-06	3.000000000000000e-06
1.892785e+03	4.795959167531515e-02	2.426134939998591e-02	3.000000000000000e-06	3.000000000000000e-06
1.938151e+03	4.792461930369810e-02	2.424859595794798e-02	3.000000000000000e-06	3.000000000000000e-06
1.984410e+03	4.788935617333564e-02	2.423573579492879e-02	3.000000000000000e-06	3.000000000000000e-06
2.031581e+03	4.785380060068446e-02	2.422276835915500e-02	3.000000000000000e-06	3.000000000000000e-06
2.079686e+03	4.781795090993107e-02	2.420969310306122e-02	3.000000000000000e-06	3.000000000000000e-06
2.128743e+03	4.778180543347561e-02	2.419650948344983e-02	3.000000000000000e-06	3.000000000000000e-06
2.178773e+03	4.774536251242333e-02	2.418321696165198e-02	3.000000000000000e-06	3.000000000000000e-06
2.229798e+03	4.770862049708370e-02	2.416981500369007e-02	3.000000000000000e-06	3.000000000000000e-06
2.281839e+03	4.767157774747699e-02	2.415630308044141e-02	3.000000000000000e-06	3.000000000000000e-06
2.334918e+03	4.763423263384823e-02	2.414268066780317e-02	3.000000000000000e-06	3.000000000000000e-06
2.389057e+03	4.759658353718856e-02	2.412894724685843e-02	3.000000000000000e-06	3.000000000000000e-06
2.444280e+03	4.755862884976374e-02	2.411510230404340e-02	3.000000000000000e-06	3.000000000000000e-06
2.500609e+03	4.752036697564985e-02	2.410114533131573e-02	3.000000000000000e-06	3.000000000000000e-06
2.558070e+03	4.748179633127594e-02	2.408707582632381e-02	3.000000000000000e-06	3.000000000000000e-06
2.616687e+03	4.744291534597356e-02	2.407289329257701e-02	3.000000000000000e-06	3.000000000000000e-06
2.676484e+03	4.740372246253305e-02	2.405859723961685e-02	3.000000000000000e-06	3.000000000000000e-06
2.737488e+03	4.736421613776640e-02	2.404418718318900e-02	3.000000000000000e-06	3.000000000000000e-06
2.799725e+03	4.732439484307659e-02	2.402966264541607e-02	3.000000000000000e-06	3.000000000000000e-06
2.863221e+03	4.728425706503317e-02	2.401502315497106e-02	3.000000000000000e-06	3.000000000000000e-06
2.928005e+03	4.724380130595398e-02	2.400026824725151e-02	3.000000000000000e-06	3.000000000000000e-06
2.994104e+03	4.720302608449278e-02	2.398539746455417e-02	3.000000000000000e-06	3.000000000000000e-06
3.061548e+03	4.716192993623256e-02	2.397041035625026e-02	3.000000000000000e-06	3.000000000000000e-06
3.130364e+03	4.712051141428453e-02	2.395530647896099e-02	3.000000000000000e-06	3.000000000000000e-06
3.200584e+03	4.707876908989221e-02	2.394008539673364e-02	3.000000000000000e-06	3.000000000000000e-06
3.272238e+03	4.703670155304082e-02	2.392474668121770e-02	3.000000000000000e-06	3.000000000000000e-06
3.345358e+03	4.699430741307139e-02	2.390928991184142e-02	3.000000000000000e-06	3.000000000000000e-06
3.419975e+03	4.695158529929953e-02	2.389371467598829e-02	3.000000000000000e-06	3.000000000000000e-06
3.496122e+03	4.690853386163864e-02	2.387802056917364e-02	3.000000000000000e-06	3.000000000000000e-06
3.573833e+03	4.686515177122702e-02	2.386220719522114e-02	3.000000000000000e-06	3.000000000000000e-06
3.653142e+03	4.682143772105908e-02	2.384627416643922e-02	3.000000000000000e-06	3.000000000000000e-06
3.734084e+03	4.677739042661981e-02	2.383022110379717e-02	3.000000000000000e-06	3.000000000000000e-06
3.816695e+03	4.673300862652271e-02	2.381404763710096e-02	3.000000000000000e-06	3.000000000000000e-06
3.901011e+03	4.668829108315050e-02	2.379775340516866e-02	3.000000000000000e-06	3.000000000000000e-06
3.987071e+03	4.664323658329858e-02	2.378133805600526e-02	3.000000000000000e-06	3.000000000000000e-06
4.074910e+03	4.659784393882069e-02	2.376480124697700e-02	3.000000000000000e-06	3.000000000000000e-06
4.164570e+03	4.655211198727655e-02	2.374814264498487e-02	3.000000000000000e-06	3.000000000000000e-06
4.256090e+03	4.650603959258113e-02	2.373136192663741e-02	3.000000000000000e-06	3.000000000000000e-06
4.349511e+03	4.645962564565516e-02	2.371445877842246e-02	3.000000000000000e-06	3.000000000000000e-06
4.444873e+03	4.641286906507650e-02	2.369743289687804e-02	3.000000000000000e-06	3.000000000000000e-06
4.542221e+03	4.636576879773206e-02	2.368028398876204e-02	3.000000000000000e-06	3.000000000000000e-06
4.641597e+03	4.631832381946981e-02	2.366301177122064e-02	3.000000000000000e-06	3.000000000000000e-06
4.743046e+03	4.627053313575052e-02	2.364561597195549e-02	3.000000000000000e-06	3.000000000000000e-06
4.846613e+03	4.622239578229882e-02	2.362809632938936e-02	3.000000000000000e-06	3.000000000000000e-06
4.952345e+03	4.617391082575316e-02	2.361045259283030e-02	3.000000000000000e-06	3.000000000000000e-06
5.060290e+03	4.612507736431423e-02	2.359268452263410e-02	3.000000000000000e-06	3.000000000000000e-06
5.170495e+03	4.607589452839151e-02	2.357479189036497e-02	3.000000000000000e-06	3.000000000000000e-06
5.283010e+03	4.602636148124732e-02	2.355677447895437e-02	3.000000000000000e-06	3.000000000000000e-06
5.397887e+03	4.597647741963809e-02	2.353863208285778e-02	3.000000000000000e-06	3.000000000000000e-06
5.515176e+03	4.592624157445234e-02	2.352036450820940e-02	3.000000000000000e-06	3.000000000000000e-06
5.634930e+03	4.587565321134486e-02	2.350197157297458e-02	3.000000000000000e-06	3.000000000000000e-06
5.757204e+03	4.582471163136671e-02	2.348345310709994e-02	3.000000000000000e-06	3.000000000000000e-06
5.882053e+03	4.577341617159050e-02	2.346480895266099e-02	3.000000000000000e-06	3.000000000000000e-06
6.009532e+03	4.572176620573043e-02	2.344603896400715e-02	3.000000000000000e-06	3.000000000000000e-06
6.139700e+03	4.566976114475677e-02	2.342714300790419e-02	3.000000000000000e-06	3.000000000000000e-06
6.272615e+03	4.561740043750406e-02	2.340812096367365e-02	3.000000000000000e-06	3.000000000000000e-06
6.408338e+03	4.556468357127268e-02	2.338897272332956e-02	3.000000000000000e-06	3.000000000000000e-06
6.546930e+03	4.551161007242330e-02	2.336969819171190e-02	3.000000000000000e-06	3.000000000000000e-06
6.688453e+03	4.545817950696361e-02	2.335029728661708e-02	3.000000000000000e-06	3.000000000000000e-06
6.832971e+03	4.540439148112684e-02	2.333076993892497e-02	3.000000000000000e-06	3.000000000000000e-06
6.980550e+03	4.535024564194162e-02	2.331111609272270e-02	3.000000000000000e-06	3.000000000000000e-06
7.131257e+03	4.529574167779270e-02	2.329133570542482e-02	3.000000000000000e-06	3.000000000000000e-06
7.285160e+03	4.524087931897178e-02	2.327142874788990e-02	3.000000000000000e-06	3.000000000000000e-06
7.442328e+03	4.518565833821826e-02	2.325139520453339e-02	3.000000000000000e-06	3.000000000000000e-06
7.602833e+03	4.513007855124915e-02	2.323123507343663e-02	3.000000000000000e-06	3.000000000000000e-06
7.766747e+03	4.507413981727772e-02	2.321094836645191e-02	3.000000000000000e-06	3.000000000000000e-06
7.934145e+03	4.501784203952036e-02	2.319053510930344e-02	3.000000000000000e-06	3.000000000000000e-06
8.105102e+03	4.496118516569120e-02	2.316999534168416e-02	3.000000000000000e-06	3.000000000000000e-06
8.279695e+03	4.490416918848378e-02	2.314932911734833e-02	3.000000000000000e-06	3.000000000000000e-06
8.458004e+03	4.484679414603954e-02	2.312853650419965e-02	3.000000000000000e-06	3.000000000000000e-06
8.640109e+03	4.478906012240244e-02	2.310761758437494e-02	3.000000000000000e-06	3.000000000000000e-06
8.826093e+03	4.473096724795917e-02	2.308657245432329e-02	3.000000000000000e-06	3.000000000000000e-06
9.016039e+03	4.467251569986470e-02	2.306540122488044e-02	3.000000000000000e-06	3.000000000000000e-06
9.210033e+03	4.461370570245236e-02	2.304410402133843e-02	3.000000000000000e-06	3.000000000000000e-06
9.408164e+03	4.455453752762828e-02	2.302268098351045e-02	3.000000000000000e-06	3.000000000000000e-06
9.610520e+03	4.449501149524940e-02	2.300113226579066e-02	3.000000000000000e-06	3.000000000000000e-06
9.817193e+03	4.443512797348491e-02	2.297945803720896e-02	3.000000000000000e-06	3.000000000000000e-06
1.000000e+04	4.438296159778576e-02	2.296057982236333e-02	3.000000000000000e-06	3.000000000000000e-06
1.021559e+04	4.432224100827493e-02	2.293860999633371e-02	3.000000000000000e-06	3.000000000000000e-06
1.043516e+04	4.426133782432450e-02	2.291657802329806e-02	3.000000000000000e-06	3.000000000000000e-06
1.065943e+04	4.420007536580588e-02	2.289442000406782e-02	3.000000000000000e-06	3.000000000000000e-06
1.088849e+04	4.413845798891496e-02	2.287213753541470e-02	3.000000000000000e-06	3.000000000000000e-06
1.112244e+04	4.407648627244705e-02	2.284973084442789e-02	3.000000000000000e-06	3.000000000000000e-06
1.136139e+04	4.401416092646015e-02	2.282720020234594e-02	3.000000000000000e-06	3.000000000000000e-06
1.160545e+04	4.395148270982126e-02	2.280454589467079e-02	3.000000000000000e-06	3.000000000000000e-06
1.185472e+04	4.388845243214923e-02	2.278176822180697e-02	3.000000000000000e-06	3.000000000000000e-06
1.210931e+04	4.382507095395111e-02	2.275886749904951e-02	3.000000000000000e-06	3.000000000000000e-06
1.236934e+04	4.376133918677523e-02	2.273584405657970e-02	3.000000000000000e-06	3.000000000000000e-06
1.263493e+04	4.369725809334204e-02	2.271269823945481e-02	3.000000000000000e-06	3.000000000000000e-06
1.290620e+04	4.363282868765326e-02	2.268943040759194e-02	3.000000000000000e-06	3.000000000000000e-06
1.318326e+04	4.356805203507905e-02	2.266604093574614e-02	3.000000000000000e-06	3.000000000000000e-06
1.346623e+04	4.350292925242291e-02	2.264253021348252e-02	3.000000000000000e-06	3.000000000000000e-06
1.375526e+04	4.343746150796411e-02	2.261889864514258e-02	3.000000000000000e-06	3.000000000000000e-06
1.405046e+04	4.337165002147734e-02	2.259514664980453e-02	3.000000000000000e-06	3.000000000000000e-06
1.435196e+04	4.330549606422944e-02	2.257127466123780e-02	3.000000000000000e-06	3.000000000000000e-06
1.465990e+04	4.323900095895306e-02	2.254728312785145e-02	3.000000000000000e-06	3.000000000000000e-06
1.497441e+04	4.317216607979697e-02	2.252317251263686e-02	3.000000000000000e-06	3.000000000000000e-06
1.529564e+04	4.310499285225292e-02	2.249894329310429e-02	3.000000000000000e-06	3.000000000000000e-06
1.562373e+04	4.303748275305905e-02	2.247459596121365e-02	3.000000000000000e-06	3.000000000000000e-06
1.595881e+04	4.296963731007955e-02	2.245013102329929e-02	3.000000000000000e-06	3.000000000000000e-06
1.630105e+04	4.290145810216056e-02	2.242554899998896e-02	3.000000000000000e-06	3.000000000000000e-06
1.665058e+04	4.283294675896240e-02	2.240085042611685e-02	3.000000000000000e-06	3.000000000000000e-06
1.700757e+04	4.276410496076782e-02	2.237603585063080e-02	3.000000000000000e-06	3.000000000000000e-06
1.737217e+04	4.269493443826656e-02	2.235110583649378e-02	3.000000000000000e-06	3.000000000000000e-06
1.774453e+04	4.262543697231596e-02	2.232606096057949e-02	3.000000000000000e-06	3.000000000000000e-06
1.812483e+04	4.255561439367785e-02	2.230090181356233e-02	3.000000000000000e-06	3.000000000000000e-06
1.851323e+04	4.248546858273167e-02	2.227562899980170e-02	3.000000000000000e-06	3.000000000000000e-06
1.890990e+04	4.241500146916400e-02	2.225024313722063e-02	3.000000000000000e-06	3.000000000000000e-06
1.931500e+04	4.234421503163444e-02	2.222474485717893e-02	3.000000000000000e-06	3.000000000000000e-06
1.972872e+04	4.227311129741820e-02	2.219913480434078e-02	3.000000000000000e-06	3.000000000000000e-06
2.015124e+04	4.220169234202532e-02	2.217341363653701e-02	3.000000000000000e-06	3.000000000000000e-06
2.058274e+04	4.212996028879686e-02	2.214758202462188e-02	3.000000000000000e-06	3.000000000000000e-06
2.102341e+04	4.205791730847820e-02	2.212164065232478e-02	3.000000000000000e-06	3.000000000000000e-06
2.147343e+04	4.198556561876968e-02	2.209559021609662e-02	3.000000000000000e-06	3.000000000000000e-06
2.193300e+04	4.191290748385476e-02	2.206943142495121e-02	3.000000000000000e-06	3.000000000000000e-06
2.240232e+04	4.183994521390613e-02	2.204316500030162e-02	3.000000000000000e-06	3.000000000000000e-06
2.288159e+04	4.176668116456987e-02	2.201679167579160e-02	3.000000000000000e-06	3.000000000000000e-06
2.337101e+04	4.169311773642811e-02	2.199031219712236e-02	3.000000000000000e-06	3.000000000000000e-06
2.387080e+04	4.161925737444042e-02	2.196372732187446e-02	3.000000000000000e-06	3.000000000000000e-06
2.438116e+04	4.154510256736446e-02	2.193703781932533e-02	3.000000000000000e-06	3.000000000000000e-06
2.490233e+04	4.147065584715598e-02	2.191024447026215e-02	3.000000000000000e-06	3.000000000000000e-06
2.543450e+04	4.139591978834883e-02	2.188334806679059e-02	3.000000000000000e-06	3.000000000000000e-06
2.597793e+04	4.132089700741533e-02	2.185634941213914e-02	3.000000000000000e-06	3.000000000000000e-06
2.653282e+04	4.124559016210729e-02	2.182924932045950e-02	3.000000000000000e-06	3.000000000000000e-06
2.709943e+04	4.117000195077834e-02	2.180204861662293e-02	3.000000000000000e-06	3.000000000000000e-06
2.767798e+04	4.109413511168789e-02	2.177474813601281e-02	3.000000000000000e-06	3.000000000000000e-06
2.826872e+04	4.101799242228731e-02	2.174734872431352e-02	3.000000000000000e-06	3.000000000000000e-06
2.887191e+04	4.094157669848879e-02	2.171985123729575e-02	3.000000000000000e-06	3.000000000000000e-06
2.948778e+04	4.086489079391734e-02	2.169225654059839e-02	3.000000000000000e-06	3.000000000000000e-06
3.011661e+04	4.078793759914662e-02	2.166456550950719e-02	3.000000000000000e-06	3.000000000000000e-06
3.075865e+04	4.071072004091902e-02	2.163677902873030e-02	3.000000000000000e-06	3.000000000000000e-06
3.141417e+04	4.063324108135056e-02	2.160889799217081e-02	3.000000000000000e-06	3.000000000000000e-06
3.208345e+04	4.055550371712134e-02	2.158092330269651e-02	3.000000000000000e-06	3.000000000000000e-06
3.276676e+04	4.047751097865194e-02	2.155285587190695e-02	3.000000000000000e-06	3.000000000000000e-06
3.346438e+04	4.039926592926642e-02	2.152469661989803e-02	3.000000000000000e-06	3.000000000000000e-06
3.417661e+04	4.032077166434267e-02	2.149644647502420e-02	3.000000000000000e-06	3.000000000000000e-06
3.490373e+04	4.024203131045057e-02	2.146810637365848e-02	3.000000000000000e-06	3.000000000000000e-06
3.564605e+04	4.016304802447862e-02	2.143967725995040e-02	3.000000000000000e-06	3.000000000000000e-06
3.640388e+04	4.008382499274980e-02	2.141116008558216e-02	3.000000000000000e-06	3.000000000000000e-06
3.717752e+04	4.000436543012715e-02	2.138255580952293e-02	3.000000000000000e-06	3.000000000000000e-06
3.796729e+04	3.992467257910981e-02	2.135386539778168e-02	3.000000000000000e-06	3.000000000000000e-06
3.877351e+04	3.984474970892017e-02	2.132508982315858e-02	3.000000000000000e-06	3.000000000000000e-06
3.959651e+04	3.976460011458281e-02	2.129623006499516e-02	3.000000000000000e-06	3.000000000000000e-06
4.043663e+04	3.968422711599578e-02	2.126728710892337e-02	3.000000000000000e-06	3.000000000000000e-06
4.129420e+04	3.960363405699516e-02	2.123826194661372e-02	3.000000000000000e-06	3.000000000000000e-06
4.216958e+04	3.952282430441315e-02	2.120915557552266e-02	3.000000000000000e-06	3.000000000000000e-06
4.306311e+04	3.944180124713088e-02	2.117996899863938e-02	3.000000000000000e-06	3.000000000000000e-06
4.397516e+04	3.936056829512610e-02	2.115070322423210e-02	3.000000000000000e-06	3.000000000000000e-06
4.490610e+04	3.927912887851682e-02	2.112135926559409e-02	3.000000000000000e-06	3.000000000000000e-06
4.585629e+04	3.919748644660134e-02	2.109193814078959e-02	3.000000000000000e-06	3.000000000000000e-06
4.682612e+04	3.911564446689544e-02	2.106244087239966e-02	3.000000000000000e-06	3.000000000000000e-06
4.781598e+04	3.903360642416735e-02	2.103286848726828e-02	3.000000000000000e-06	3.000000000000000e-06
4.882626e+04	3.895137581947122e-02	2.100322201624875e-02	3.000000000000000e-06	3.000000000000000e-06
4.985736e+04	3.886895616917959e-02	2.097350249395049e-02	3.000000000000000e-06	3.000000000000000e-06
5.090969e+04	3.878635100401580e-02	2.094371095848650e-02	3.000000000000000e-06	3.000000000000000e-06
5.198367e+04	3.870356386808661e-02	2.091384845122163e-02	3.000000000000000e-06	3.000000000000000e-06
5.307972e+04	3.862059831791605e-02	2.088391601652162e-02	3.000000000000000e-06	3.000000000000000e-06
5.419828e+04	3.853745792148081e-02	2.085391470150330e-02	3.000000000000000e-06	3.000000000000000e-06
5.533979e+04	3.845414625724792e-02	2.082384555578586e-02	3.000000000000000e-06	3.000000000000000e-06
5.650468e+04	3.837066691321550e-02	2.079370963124354e-02	3.000000000000000e-06	3.000000000000000e-06
5.769343e+04	3.828702348595679e-02	2.076350798175964e-02	3.000000000000000e-06	3.000000000000000e-06
5.890650e+04	3.820321957966844e-02	2.073324166298219e-02	3.000000000000000e-06	3.000000000000000e-06
6.014435e+04	3.811925880522340e-02	2.070291173208128e-02	3.000000000000000e-06	3.000000000000000e-06
6.140748e+04	3.803514477922908e-02	2.067251924750819e-02	3.000000000000000e-06	3.000000000000000e-06
6.269636e+04	3.795088112309130e-02	2.064206526875648e-02	3.000000000000000e-06	3.000000000000000e-06
6.401151e+04	3.786647146208460e-02	2.061155085612511e-02	3.000000000000000e-06	3.000000000000000e-06
6.535343e+04	3.778191942442941e-02	2.058097707048376e-02	3.000000000000000e-06	3.000000000000000e-06
6.672264e+04	3.769722864037663e-02	2.055034497304039e-02	3.000000000000000e-06	3.000000000000000e-06
6.811966e+04	3.761240274130005e-02	2.051965562511116e-02	3.000000000000000e-06	3.000000000000000e-06
6.954504e+04	3.752744535879726e-02	2.048891008789289e-02	3.000000000000000e-06	3.000000000000000e-06
7.099931e+04	3.744236012379928e-02	2.045810942223805e-02	3.000000000000000e-06	3.000000000000000e-06
7.248304e+04	3.735715066568965e-02	2.042725468843244e-02	3.000000000000000e-06	3.000000000000000e-06
7.399680e+04	3.727182061143317e-02	2.039634694597565e-02	3.000000000000000e-06	3.000000000000000e-06
7.554116e+04	3.718637358471483e-02	2.036538725336432e-02	3.000000000000000e-06	3.000000000000000e-06
7.711671e+04	3.710081320508945e-02	2.033437666787841e-02	3.000000000000000e-06	3.000000000000000e-06
7.872404e+04	3.701514308714221e-02	2.030331624537041e-02	3.000000000000000e-06	3.000000000000000e-06
8.036377e+04	3.692936683966055e-02	2.027220704005771e-02	3.000000000000000e-06	3.000000000000000e-06
8.203652e+04	3.684348806481789e-02	2.024105010431808e-02	3.000000000000000e-06	3.000000000000000e-06
8.374292e+04	3.675751035736941e-02	2.020984648848839e-02	3.000000000000000e-06	3.000000000000000e-06
8.548360e+04	3.667143730386013e-02	2.017859724066667e-02	3.000000000000000e-06	3.000000000000000e-06
8.725924e+04	3.658527248184593e-02	2.014730340651748e-02	3.000000000000000e-06	3.000000000000000e-06
8.907048e+04	3.649901945912744e-02	2.011596602908068e-02	3.000000000000000e-06	3.000000000000000e-06
9.091802e+04	3.641268179299727e-02	2.008458614858374e-02	3.000000000000000e-06	3.000000000000000e-06
9.280254e+04	3.632626302950085e-02	2.005316480225749e-02	3.000000000000000e-06	3.000000000000000e-06
9.472474e+04	3.623976670271102e-02	2.002170302415549e-02	3.000000000000000e-06	3.000000000000000e-06
9.668535e+04	3.615319633401679e-02	1.999020184497694e-02	3.000000000000000e-06	3.000000000000000e-06
9.868508e+04	3.606655543142621e-02	1.995866229189328e-02	3.000000000000000e-06	3.000000000000000e-06
1.000000e+05	3.601067944029236e-02	1.993831064753466e-02	3.000000000000000e-06	3.000000000000000e-06
1.020802e+05	3.592332112857629e-02	1.990648848379428e-02	3.000000000000000e-06	3.000000000000000e-06
1.041871e+05	3.583652179569269e-02	1.987485641683917e-02	3.000000000000000e-06	3.000000000000000e-06
1.063362e+05	3.574965244476002e-02	1.984318526258896e-02	3.000000000000000e-06	3.000000000000000e-06
1.085279e+05	3.566272892254686e-02	1.981148054838326e-02	3.000000000000000e-06	3.000000000000000e-06
1.107632e+05	3.557575440577312e-02	1.977974318976124e-02	3.000000000000000e-06	3.000000000000000e-06
1.130428e+05	3.548873230156108e-02	1.974797418803438e-02	3.000000000000000e-06	3.000000000000000e-06
1.153676e+05	3.540166599395029e-02	1.971617453801245e-02	3.000000000000000e-06	3.000000000000000e-06
1.177383e+05	3.531455884828333e-02	1.968434522966771e-02	3.000000000000000e-06	3.000000000000000e-06
1.201560e+05	3.522741421055729e-02	1.965248724796261e-02	3.000000000000000e-06	3.000000000000000e-06
1.226214e+05	3.514023540688965e-02	1.962060157271729e-02	3.000000000000000e-06	3.000000000000000e-06
1.251354e+05	3.505302574299789e-02	1.958868917848033e-02	3.000000000000000e-06	3.000000000000000e-06
1.276991e+05	3.496578850369464e-02	1.955675103440319e-02	3.000000000000000e-06	3.000000000000000e-06
1.303132e+05	3.487852695239852e-02	1.952478810411880e-02	3.000000000000000e-06	3.000000000000000e-06
1.329788e+05	3.479124433066064e-02	1.949280134562312e-02	3.000000000000000e-06	3.000000000000000e-06
1.356967e+05	3.470394385770665e-02	1.946079171116173e-02	3.000000000000000e-06	3.000000000000000e-06
1.384681e+05	3.461662872999433e-02	1.942876014711933e-02	3.000000000000000e-06	3.000000000000000e-06
1.412939e+05	3.452930212078685e-02	1.939670759391335e-02	3.000000000000000e-06	3.000000000000000e-06
1.441751e+05	3.444196717974134e-02	1.936463498589121e-02	3.000000000000000e-06	3.000000000000000e-06
1.471127e+05	3.435462703251303e-02	1.933254325123136e-02	3.000000000000000e-06	3.000000000000000e-06
1.501078e+05	3.426728478037459e-02	1.930043331184800e-02	3.000000000000000e-06	3.000000000000000e-06
1.531615e+05	3.417994349985082e-02	1.926830608329955e-02	3.000000000000000e-06	3.000000000000000e-06
1.562749e+05	3.409260624236846e-02	1.923616247470069e-02	3.000000000000000e-06	3.000000000000000e-06
1.594490e+05	3.400527603392107e-02	1.920400338863811e-02	3.000000000000000e-06	3.000000000000000e-06
1.626851e+05	3.391795587474876e-02	1.917182972108980e-02	3.000000000000000e-06	3.000000000000000e-06
1.659842e+05	3.383064873903287e-02	1.913964236134792e-02	3.000000000000000e-06	3.000000000000000e-06
1.693475e+05	3.374335757460520e-02	1.910744219194520e-02	3.000000000000000e-06	3.000000000000000e-06
1.727763e+05	3.365608530267181e-02	1.907523008858487e-02	3.000000000000000e-06	3.000000000000000e-06
1.762717e+05	3.356883481755122e-02	1.904300692007393e-02	3.000000000000000e-06	3.000000000000000e-06
1.798350e+05	3.348160898642687e-02	1.901077354825997e-02	3.000000000000000e-06	3.000000000000000e-06
1.834674e+05	3.339441064911350e-02	1.897853082797124e-02	3.000000000000000e-06	3.000000000000000e-06
1.871703e+05	3.330724261783762e-02	1.894627960696015e-02	3.000000000000000e-06	3.000000000000000e-06
1.909449e+05	3.322010767703150e-02	1.891402072584996e-02	3.000000000000000e-06	3.000000000000000e-06
1.947925e+05	3.313300858314083e-02	1.888175501808480e-02	3.000000000000000e-06	3.000000000000000e-06
1.987145e+05	3.304594806444565e-02	1.884948330988278e-02	3.000000000000000e-06	3.000000000000000e-06
2.027124e+05	3.295892882089443e-02	1.881720642019236e-02	3.000000000000000e-06	3.000000000000000e-06
2.067874e+05	3.287195352395113e-02	1.878492516065168e-02	3.000000000000000e-06	3.000000000000000e-06
2.109411e+05	3.278502481645493e-02	1.875264033555110e-02	3.000000000000000e-06	3.000000000000000e-06
2.151748e+05	3.269814531249263e-02	1.872035274179856e-02	3.000000000000000e-06	3.000000000000000e-06
2.194900e+05	3.261131759728318e-02	1.868806316888806e-02	3.000000000000000e-06	3.000000000000000e-06
2.238884e+05	3.252454422707449e-02	1.865577239887087e-02	3.000000000000000e-06	3.000000000000000e-06
2.283713e+05	3.243782772905203e-02	1.862348120632973e-02	3.000000000000000e-06	3.000000000000000e-06
2.329403e+05	3.235117060125914e-02	1.859119035835573e-02	3.000000000000000e-06	3.000000000000000e-06
2.375971e+05	3.226457531252873e-02	1.855890061452798e-02	3.000000000000000e-06	3.000000000000000e-06
2.423433e+05	3.217804430242628e-02	1.852661272689599e-02	3.000000000000000e-06	3.000000000000000e-06
2.471805e+05	3.209157998120373e-02	1.849432743996458e-02	3.000000000000000e-06	3.000000000000000e-06
2.521103e+05	3.200518472976419e-02	1.846204549068148e-02	3.000000000000000e-06	3.000000000000000e-06
2.571345e+05	3.191886089963714e-02	1.842976760842742e-02	3.000000000000000e-06	3.000000000000000e-06
2.622549e+05	3.183261081296395e-02	1.839749451500862e-02	3.000000000000000e-06	3.000000000000000e-06
2.674731e+05	3.174643676249345e-02	1.836522692465176e-02	3.000000000000000e-06	3.000000000000000e-06
2.727910e+05	3.166034101158730e-02	1.833296554400134e-02	3.000000000000000e-06	3.000000000000000e-06
2.782105e+05	3.157432579423492e-02	1.830071107211925e-02	3.000000000000000e-06	3.000000000000000e-06
2.837333e+05	3.148839331507792e-02	1.826846420048665e-02	3.000000000000000e-06	3.000000000000000e-06
2.893615e+05	3.140254574944341e-02	1.823622561300805e-02	3.000000000000000e-06	3.000000000000000e-06
2.950968e+05	3.131678524338646e-02	1.820399598601752e-02	3.000000000000000e-06	3.000000000000000e-06
3.009414e+05	3.123111391374091e-02	1.817177598828695e-02	3.000000000000000e-06	3.000000000000000e-06
3.068972e+05	3.114553384817893e-02	1.813956628103640e-02	3.000000000000000e-06	3.000000000000000e-06
3.129661e+05	3.106004710527843e-02	1.810736751794641e-02	3.000000000000000e-06	3.000000000000000e-06
3.191505e+05	3.097465571459870e-02	1.807518034517222e-02	3.000000000000000e-06	3.000000000000000e-06
3.254522e+05	3.088936167676353e-02	1.804300540135990e-02	3.000000000000000e-06	3.000000000000000e-06
3.318735e+05	3.080416696355206e-02	1.801084331766422e-02	3.000000000000000e-06	3.000000000000000e-06
3.384166e+05	3.071907351799665e-02	1.797869471776841e-02	3.000000000000000e-06	3.000000000000000e-06
3.450837e+05	3.063408325448798e-02	1.794656021790552e-02	3.000000000000000e-06	3.000000000000000e-06
3.518771e+05	3.054919805888687e-02	1.791444042688153e-02	3.000000000000000e-06	3.000000000000000e-06
3.587991e+05	3.046441978864269e-02	1.788233594610000e-02	3.000000000000000e-06	3.000000000000000e-06
3.658520e+05	3.037975027291818e-02	1.785024736958837e-02	3.000000000000000e-06	3.000000000000000e-06
3.730382e+05	3.029519131272042e-02	1.781817528402568e-02	3.000000000000000e-06	3.000000000000000e-06
3.803603e+05	3.021074468103768e-02	1.778612026877182e-02	3.000000000000000e-06	3.000000000000000e-06
3.878206e+05	3.012641212298209e-02	1.775408289589817e-02	3.000000000000000e-06	3.000000000000000e-06
3.954217e+05	3.004219535593775e-02	1.772206373021961e-02	3.000000000000000e-06	3.000000000000000e-06
4.031662e+05	2.995809606971417e-02	1.769006332932786e-02	3.000000000000000e-06	3.000000000000000e-06
4.110566e+05	2.987411592670487e-02	1.765808224362607e-02	3.000000000000000e-06	3.000000000000000e-06
4.190958e+05	2.979025656205079e-02	1.762612101636466e-02	3.000000000000000e-06	3.000000000000000e-06
4.272863e+05	2.970651958380846e-02	1.759418018367832e-02	3.000000000000000e-06	3.000000000000000e-06
4.356310e+05	2.962290657312271e-02	1.756226027462415e-02	3.000000000000000e-06	3.000000000000000e-06
4.441326e+05	2.953941908440361e-02	1.753036181122093e-02	3.000000000000000e-06	3.000000000000000e-06
4.527940e+05	2.945605864550761e-02	1.749848530848936e-02	3.000000000000000e-06	3.000000000000000e-06
4.616182e+05	2.937282675792262e-02	1.746663127449338e-02	3.000000000000000e-06	3.000000000000000e-06
4.706082e+05	2.928972489695678e-02	1.743480021038240e-02	3.000000000000000e-06	3.000000000000000e-06
4.797669e+05	2.920675451193089e-02	1.740299261043450e-02	3.000000000000000e-06	3.000000000000000e-06
4.890974e+05	2.912391702637423e-02	1.737120896210045e-02	3.000000000000000e-06	3.000000000000000e-06
4.986028e+05	2.904121383822351e-02	1.733944974604863e-02	3.000000000000000e-06	3.000000000000000e-06
5.082865e+05	2.895864632002507e-02	1.730771543621070e-02	3.000000000000000e-06	3.000000000000000e-06
5.181515e+05	2.887621581913974e-02	1.727600649982811e-02	3.000000000000000e-06	3.000000000000000e-06
5.282013e+05	2.879392365795067e-02	1.724432339749920e-02	3.000000000000000e-06	3.000000000000000e-06
5.384391e+05	2.871177113407353e-02	1.721266658322715e-02	3.000000000000000e-06	3.000000000000000e-06
5.488685e+05	2.862975952056924e-02	1.718103650446846e-02	3.000000000000000e-06	3.000000000000000e-06
5.594929e+05	2.854789006615895e-02	1.714943360218209e-02	3.000000000000000e-06	3.000000000000000e-06
5.703158e+05	2.846616399544107e-02	1.711785831087921e-02	3.000000000000000e-06	3.000000000000000e-06
5.813410e+05	2.838458250911038e-02	1.708631105867344e-02	3.000000000000000e-06	3.000000000000000e-06
5.925720e+05	2.830314678417883e-02	1.705479226733163e-02	3.000000000000000e-06	3.000000000000000e-06
6.040126e+05	2.822185797419815e-02	1.702330235232515e-02	3.000000000000000e-06	3.000000000000000e-06
6.156668e+05	2.814071720948390e-02	1.699184172288160e-02	3.000000000000000e-06	3.000000000000000e-06
6.275382e+05	2.805972559734106e-02	1.696041078203693e-02	3.000000000000000e-06	3.000000000000000e-06
6.396310e+05	2.797888422229081e-02	1.692900992668798e-02	3.000000000000000e-06	3.000000000000000e-06
6.519491e+05	2.789819414629851e-02	1.689763954764536e-02	3.000000000000000e-06	3.000000000000000e-06
6.644966e+05	2.781765640900273e-02	1.686630002968665e-02	3.000000000000000e-06	3.000000000000000e-06
6.772778e+05	2.773727202794519e-02	1.683499175160994e-02	3.000000000000000e-06	3.000000000000000e-06
6.902968e+05	2.765704199880153e-02	1.680371508628763e-02	3.000000000000000e-06	3.000000000000000e-06
7.035581e+05	2.757696729561275e-02	1.677247040072044e-02	3.000000000000000e-06	3.000000000000000e-06
7.170660e+05	2.749704887101724e-02	1.674125805609170e-02	3.000000000000000e-06	3.000000000000000e-06
7.308250e+05	2.741728765648332e-02	1.671007840782180e-02	3.000000000000000e-06	3.000000000000000e-06
7.448398e+05	2.733768456254212e-02	1.667893180562286e-02	3.000000000000000e-06	3.000000000000000e-06
7.591148e+05	2.725824047902078e-02	1.664781859355348e-02	3.000000000000000e-06	3.000000000000000e-06
7.736550e+05	2.717895627527576e-02	1.661673911007364e-02	3.000000000000000e-06	3.000000000000000e-06
7.884651e+05	2.709983280042635e-02	1.658569368809979e-02	3.000000000000000e-06	3.000000000000000e-06
8.035500e+05	2.702087088358806e-02	1.655468265505987e-02	3.000000000000000e-06	3.000000000000000e-06
8.189148e+05	2.694207133410600e-02	1.652370633294850e-02	3.000000000000000e-06	3.000000000000000e-06
8.345645e+05	2.686343494178806e-02	1.649276503838222e-02	3.000000000000000e-06	3.000000000000000e-06
8.505044e+05	2.678496247713782e-02	1.646185908265464e-02	3.000000000000000e-06	3.000000000000000e-06
8.667396e+05	2.670665469158716e-02	1.643098877179171e-02	3.000000000000000e-06	3.000000000000000e-06
8.832757e+05	2.662851231772840e-02	1.640015440660692e-02	3.000000000000000e-06	3.000000000000000e-06
9.001180e+05	2.655053606954603e-02	1.636935628275644e-02	3.000000000000000e-06	3.000000000000000e-06
9.172722e+05	2.647272664264782e-02	1.633859469079429e-02	3.000000000000000e-06	3.000000000000000e-06
9.347439e+05	2.639508471449533e-02	1.630786991622735e-02	3.000000000000000e-06	3.000000000000000e-06
9.525389e+05	2.631761094463372e-02	1.627718223957031e-02	3.000000000000000e-06	3.000000000000000e-06
9.706630e+05	2.624030597492083e-02	1.624653193640057e-02	3.000000000000000e-06	3.000000000000000e-06
9.891224e+05	2.616317042975544e-02	1.621591927741295e-02	3.000000000000000e-06	3.000000000000000e-06
1.000000e+06	2.611866776509361e-02	1.619823653074338e-02	3.000000000000000e-06	3.000000000000000e-06
1.019148e+06	2.604120597343174e-02	1.616744753032431e-02	3.000000000000000e-06	3.000000000000000e-06
1.038501e+06	2.596452202116249e-02	1.613693771655452e-02	3.000000000000000e-06	3.000000000000000e-06
1.058213e+06	2.588799856141808e-02	1.610646209580670e-02	3.000000000000000e-06	3.000000000000000e-06
1.078290e+06	2.581164737403713e-02	1.607602537965080e-02	3.000000000000000e-06	3.000000000000000e-06
1.098738e+06	2.573546878587580e-02	1.604562773131555e-02	3.000000000000000e-06	3.000000000000000e-06
1.119563e+06	2.565946331568117e-02	1.601526939216984e-02	3.000000000000000e-06	3.000000000000000e-06
1.140773e+06	2.558363146266351e-02	1.598495059760646e-02	3.000000000000000e-06	3.000000000000000e-06
1.162373e+06	2.550797371056105e-02	1.595467157862622e-02	3.000000000000000e-06	3.000000000000000e-06
1.184373e+06	2.543249052778801e-02	1.592443256186305e-02	3.000000000000000e-06	3.000000000000000e-06
1.206778e+06	2.535718236765230e-02	1.589423376963723e-02	3.000000000000000e-06	3.000000000000000e-06
1.229596e+06	2.528204966857067e-02	1.586407542000777e-02	3.000000000000000e-06	3.000000000000000e-06
1.252834e+06	2.520709285428246e-02	1.583395772682470e-02	3.000000000000000e-06	3.000000000000000e-06
1.276502e+06	2.513231233406193e-02	1.580388089978089e-02	3.000000000000000e-06	3.000000000000000e-06
1.300605e+06	2.505770850292911e-02	1.577384514446371e-02	3.000000000000000e-06	3.000000000000000e-06
1.325152e+06	2.498328174185926e-02	1.574385066240638e-02	3.000000000000000e-06	3.000000000000000e-06
1.350151e+06	2.490903241799072e-02	1.571389765113902e-02	3.000000000000000e-06	3.000000000000000e-06
1.375611e+06	2.483496088483129e-02	1.568398630423934e-02	3.000000000000000e-06	3.000000000000000e-06
1.401539e+06	2.476106748246307e-02	1.565411681138311e-02	3.000000000000000e-06	3.000000000000000e-06
1.427945e+06	2.468735253774567e-02	1.562428935839427e-02	3.000000000000000e-06	3.000000000000000e-06
1.454837e+06	2.461381636451784e-02	1.559450412729469e-02	3.000000000000000e-06	3.000000000000000e-06
1.482223e+06	2.454045926379753e-02	1.556476129635365e-02	3.000000000000000e-06	3.000000000000000e-06
1.510113e+06	2.446728152398028e-02	1.553506104013692e-02	3.000000000000000e-06	3.000000000000000e-06
1.538516e+06	2.439428342103595e-02	1.550540352955562e-02	3.000000000000000e-06	3.000000000000000e-06
1.567442e+06	2.432146521870380e-02	1.547578893191458e-02	3.000000000000000e-06	3.000000000000000e-06
1.596899e+06	2.424882716868592e-02	1.544621741096047e-02	3.000000000000000e-06	3.000000000000000e-06
1.626898e+06	2.417636951083892e-02	1.541668912692951e-02	3.000000000000000e-06	3.000000000000000e-06
1.657449e+06	2.410409247336396e-02	1.538720423659489e-02	3.000000000000000e-06	3.000000000000000e-06
1.688560e+06	2.403199627299507e-02	1.535776289331377e-02	3.000000000000000e-06	3.000000000000000e-06
1.720244e+06	2.396008111518569e-02	1.532836524707390e-02	3.000000000000000e-06	3.000000000000000e-06
1.752509e+06	2.388834719429358e-02	1.529901144453997e-02	3.000000000000000e-06	3.000000000000000e-06
1.785368e+06	2.381679469376393e-02	1.526970162909951e-02	3.000000000000000e-06	3.000000000000000e-06
1.818829e+06	2.374542378631075e-02	1.524043594090840e-02	3.000000000000000e-06	3.000000000000000e-06
1.852905e+06	2.367423463409653e-02	1.521121451693612e-02	3.000000000000000e-06	3.000000000000000e-06
1.887607e+06	2.360322738891010e-02	1.518203749101048e-02	3.000000000000000e-06	3.000000000000000e-06
1.922946e+06	2.353240219234284e-02	1.515290499386208e-02	3.000000000000000e-06	3.000000000000000e-06
1.958934e+06	2.346175917596303e-02	1.512381715316835e-02	3.000000000000000e-06	3.000000000000000e-06
1.995582e+06	2.339129846148856e-02	1.509477409359720e-02	3.000000000000000e-06	3.000000000000000e-06
2.032902e+06	2.332102016095778e-02	1.506577593685032e-02	3.000000000000000e-06	3.000000000000000e-06
2.070908e+06	2.325092437689864e-02	1.503682280170604e-02	3.000000000000000e-06	3.000000000000000e-06
2.109610e+06	2.318101120249618e-02	1.500791480406190e-02	3.000000000000000e-06	3.000000000000000e-06
2.149023e+06	2.311128072175809e-02	1.497905205697675e-02	3.000000000000000e-06	3.000000000000000e-06
2.189158e+06	2.304173300967867e-02	1.495023467071249e-02	3.000000000000000e-06	3.000000000000000e-06
2.230030e+06	2.297236813240099e-02	1.492146275277544e-02	3.000000000000000e-06	3.000000000000000e-06
2.271651e+06	2.290318614737736e-02	1.489273640795733e-02	3.000000000000000e-06	3.000000000000000e-06
2.314035e+06	2.283418710352801e-02	1.486405573837590e-02	3.000000000000000e-06	3.000000000000000e-06
2.357196e+06	2.276537104139810e-02	1.483542084351506e-02	3.000000000000000e-06	3.000000000000000e-06
2.401149e+06	2.269673799331297e-02	1.480683182026479e-02	3.000000000000000e-06	3.000000000000000e-06
2.445907e+06	2.262828798353173e-02	1.477828876296053e-02	3.000000000000000e-06	3.000000000000000e-06
2.491485e+06	2.256002102839911e-02	1.474979176342224e-02	3.000000000000000e-06	3.000000000000000e-06
2.537899e+06	2.249193713649561e-02	1.472134091099313e-02	3.000000000000000e-06	3.000000000000000e-06
2.585163e+06	2.242403630878603e-02	1.469293629257791e-02	3.000000000000000e-06	3.000000000000000e-06
2.633294e+06	2.235631853876619e-02	1.466457799268073e-02	3.000000000000000e-06	3.000000000000000e-06
2.682306e+06	2.228878381260817e-02	1.463626609344272e-02	3.000000000000000e-06	3.000000000000000e-06
2.732216e+06	2.222143210930369e-02	1.460800067467915e-02	3.000000000000000e-06	3.000000000000000e-06
2.783041e+06	2.215426340080604e-02	1.457978181391625e-02	3.000000000000000e-06	3.000000000000000e-06
2.834796e+06	2.208727765217018e-02	1.455160958642757e-02	3.000000000000000e-06	3.000000000000000e-06
2.887499e+06	2.202047482169139e-02	1.452348406527008e-02	3.000000000000000e-06	3.000000000000000e-06
2.941168e+06	2.195385486104219e-02	1.449540532131983e-02	3.000000000000000e-06	3.000000000000000e-06
2.995820e+06	2.188741771540770e-02	1.446737342330723e-02	3.000000000000000e-06	3.000000000000000e-06
3.051472e+06	2.182116332361941e-02	1.443938843785204e-02	3.000000000000000e-06	3.000000000000000e-06
3.108143e+06	2.175509161828737e-02	1.441145042949788e-02	3.000000000000000e-06	3.000000000000000e-06
3.165852e+06	2.168920252593082e-02	1.438355946074652e-02	3.000000000000000e-06	3.000000000000000e-06
3.224618e+06	2.162349596710724e-02	1.435571559209167e-02	3.000000000000000e-06	3.000000000000000e-06
3.284459e+06	2.155797185653991e-02	1.432791888205253e-02	3.000000000000000e-06	3.000000000000000e-06
3.345396e+06	2.149263010324392e-02	1.430016938720687e-02	3.000000000000000e-06	3.000000000000000e-06
3.407449e+06	2.142747061065064e-02	1.427246716222389e-02	3.000000000000000e-06	3.000000000000000e-06
3.470637e+06	2.136249327673073e-02	1.424481225989661e-02	3.000000000000000e-06	3.000000000000000e-06
3.534982e+06	2.129769799411570e-02	1.421720473117395e-02	3.000000000000000e-06	3.000000000000000e-06
3.600504e+06	2.123308465021788e-02	1.418964462519253e-02	3.000000000000000e-06	3.000000000000000e-06
3.667226e+06	2.116865312734909e-02	1.416213198930802e-02	3.000000000000000e-06	3.000000000000000e-06
3.735169e+06	2.110440330283772e-02	1.413466686912625e-02	3.000000000000000e-06	3.000000000000000e-06
3.804355e+06	2.104033504914455e-02	1.410724930853389e-02	3.000000000000000e-06	3.000000000000000e-06
3.874807e+06	2.097644823397696e-02	1.407987934972886e-02	3.000000000000000e-06	3.000000000000000e-06
3.946549e+06	2.091274272040194e-02	1.405255703325039e-02	3.000000000000000e-06	3.000000000000000e-06
4.019603e+06	2.084921836695759e-02	1.402528239800879e-02	3.000000000000000e-06	3.000000000000000e-06
4.093995e+06	2.078587502776329e-02	1.399805548131478e-02	3.000000000000000e-06	3.000000000000000e-06
4.169747e+06	2.072271255262856e-02	1.397087631890862e-02	3.000000000000000e-06	3.000000000000000e-06
4.246885e+06	2.065973078716054e-02	1.394374494498890e-02	3.000000000000000e-06	3.000000000000000e-06
4.325435e+06	2.059692957287014e-02	1.391666139224093e-02	3.000000000000000e-06	3.000000000000000e-06
4.405422e+06	2.053430874727694e-02	1.388962569186491e-02	3.000000000000000e-06	3.000000000000000e-06
4.486872e+06	2.047186814401275e-02	1.386263787360374e-02	3.000000000000000e-06	3.000000000000000e-06
4.569812e+06	2.040960759292397e-02	1.383569796577054e-02	3.000000000000000e-06	3.000000000000000e-06
4.654270e+06	2.034752692017256e-02	1.380880599527587e-02	3.000000000000000e-06	3.000000000000000e-06
4.740273e+06	2.028562594833594e-02	1.378196198765464e-02	3.000000000000000e-06	3.000000000000000e-06
4.827849e+06	2.022390449650553e-02	1.375516596709271e-02	3.000000000000000e-06	3.000000000000000e-06
4.917027e+06	2.016236238038412e-02	1.372841795645321e-02	3.000000000000000e-06	3.000000000000000e-06
5.007836e+06	2.010099941238213e-02	1.370171797730259e-02	3.000000000000000e-06	3.000000000000000e-06
5.100307e+06	2.003981540171251e-02	1.367506604993634e-02	3.000000000000000e-06	3.000000000000000e-06
5.194470e+06	1.997881015448468e-02	1.364846219340445e-02	3.000000000000000e-06	3.000000000000000e-06
5.290354e+06	1.991798347379719e-02	1.362190642553657e-02	3.000000000000000e-06	3.000000000000000e-06
5.387993e+06	1.985733515982928e-02	1.359539876296692e-02	3.000000000000000e-06	3.000000000000000e-06
5.487418e+06	1.979686500993138e-02	1.356893922115892e-02	3.000000000000000e-06	3.000000000000000e-06
5.588662e+06	1.973657281871442e-02	1.354252781442951e-02	3.000000000000000e-06	3.000000000000000e-06
5.691758e+06	1.967645837813814e-02	1.351616455597323e-02	3.000000000000000e-06	3.000000000000000e-06
5.796739e+06	1.961652147759825e-02	1.348984945788605e-02	3.000000000000000e-06	3.000000000000000e-06
5.903641e+06	1.955676190401265e-02	1.346358253118892e-02	3.000000000000000e-06	3.000000000000000e-06
6.012498e+06	1.949717944190649e-02	1.343736378585106e-02	3.000000000000000e-06	3.000000000000000e-06
6.123347e+06	1.943777387349632e-02	1.341119323081297e-02	3.000000000000000e-06	3.000000000000000e-06
6.236224e+06	1.937854497877311e-02	1.338507087400927e-02	3.000000000000000e-06	3.000000000000000e-06
6.351165e+06	1.931949253558442e-02	1.335899672239117e-02	3.000000000000000e-06	3.000000000000000e-06
6.468209e+06	1.926061631971551e-02	1.333297078194881e-02	3.000000000000000e-06	3.000000000000000e-06
6.587394e+06	1.920191610496947e-02	1.330699305773329e-02	3.000000000000000e-06	3.000000000000000e-06
6.708759e+06	1.914339166324650e-02	1.328106355387847e-02	3.000000000000000e-06	3.000000000000000e-06
6.832344e+06	1.908504276462214e-02	1.325518227362256e-02	3.000000000000000e-06	3.000000000000000e-06
6.958191e+06	1.902686917742472e-02	1.322934921932945e-02	3.000000000000000e-06	3.000000000000000e-06
7.086339e+06	1.896887066831179e-02	1.320356439250981e-02	3.000000000000000e-06	3.000000000000000e-06
7.216832e+06	1.891104700234573e-02	1.317782779384199e-02	3.000000000000000e-06	3.000000000000000e-06
7.349712e+06	1.885339794306850e-02	1.315213942319269e-02	3.000000000000000e-06	3.000000000000000e-06
7.485023e+06	1.879592325257546e-02	1.312649927963737e-02	3.000000000000000e-06	3.000000000000000e-06
7.622810e+06	1.873862269158846e-02	1.310090736148049e-02	3.000000000000000e-06	3.000000000000000e-06
7.763117e+06	1.868149601952802e-02	1.307536366627555e-02	3.000000000000000e-06	3.000000000000000e-06
7.905991e+06	1.862454299458473e-02	1.304986819084485e-02	3.000000000000000e-06	3.000000000000000e-06
8.051480e+06	1.856776337378984e-02	1.302442093129910e-02	3.000000000000000e-06	3.000000000000000e-06
8.199630e+06	1.851115691308510e-02	1.299902188305683e-02	3.000000000000000e-06	3.000000000000000e-06
8.350492e+06	1.845472336739180e-02	1.297367104086354e-02	3.000000000000000e-06	3.000000000000000e-06
8.504113e+06	1.839846249067905e-02	1.294836839881074e-02	3.000000000000000e-06	3.000000000000000e-06
8.660546e+06	1.834237403603136e-02	1.292311395035472e-02	3.000000000000000e-06	3.000000000000000e-06
8.819840e+06	1.828645775571548e-02	1.289790768833517e-02	3.000000000000000e-06	3.000000000000000e-06
8.982050e+06	1.823071340124646e-02	1.287274960499358e-02	3.000000000000000e-06	3.000000000000000e-06
9.147228e+06	1.817514072345315e-02	1.284763969199151e-02	3.000000000000000e-06	3.000000000000000e-06
9.315429e+06	1.811973947254288e-02	1.282257794042860e-02	3.000000000000000e-06	3.000000000000000e-06
9.486708e+06	1.806450939816553e-02	1.279756434086048e-02	3.000000000000000e-06	3.000000000000000e-06
9.661122e+06	1.800945024947696e-02	1.277259888331647e-02	3.000000000000000e-06	3.000000000000000e-06
9.838728e+06	1.795456177520175e-02	1.274768155731706e-02	3.000000000000000e-06	3.000000000000000e-06
1.000000e+07	1.790577684682326e-02	1.272550761754047e-02	3.000000000000000e-06	3.000000000000000e-06
1.018417e+07	1.785110353016920e-02	1.270063266061723e-02	3.000000000000000e-06	3.000000000000000e-06
1.037134e+07	1.779670938912609e-02	1.267585541527979e-02	3.000000000000000e-06	3.000000000000000e-06
1.056194e+07	1.774248297598268e-02	1.265112536244650e-02	3.000000000000000e-06	3.000000000000000e-06
1.075603e+07	1.768842603900505e-02	1.262644339925194e-02	3.000000000000000e-06	3.000000000000000e-06
1.095368e+07	1.763453828961455e-02	1.260180949617310e-02	3.000000000000000e-06	3.000000000000000e-06
1.115494e+07	1.758081947586809e-02	1.257722363998160e-02	3.000000000000000e-06	3.000000000000000e-06
1.135989e+07	1.752726934520606e-02	1.255268581677221e-02	3.000000000000000e-06	3.000000000000000e-06
1.156859e+07	1.747388764518139e-02	1.252819601228508e-02	3.000000000000000e-06	3.000000000000000e-06
1.178111e+07	1.742067412350451e-02	1.250375421191616e-02	3.000000000000000e-06	3.000000000000000e-06
1.199752e+07	1.736762852810015e-02	1.247936040073318e-02	3.000000000000000e-06	3.000000000000000e-06
1.221790e+07	1.731475060716341e-02	1.245501456349128e-02	3.000000000000000e-06	3.000000000000000e-06
1.244231e+07	1.726204010921536e-02	1.243071668464865e-02	3.000000000000000e-06	3.000000000000000e-06
1.267082e+07	1.720949678315816e-02	1.240646674838186e-02	3.000000000000000e-06	3.000000000000000e-06
1.290353e+07	1.715712037832973e-02	1.238226473860125e-02	3.000000000000000e-06	3.000000000000000e-06
1.314049e+07	1.710491064455795e-02	1.235811063896603e-02	3.000000000000000e-06	3.000000000000000e-06
1.338180e+07	1.705286733221445e-02	1.233400443289938e-02	3.000000000000000e-06	3.000000000000000e-06
1.362752e+07	1.700099019226799e-02	1.230994610360331e-02	3.000000000000000e-06	3.000000000000000e-06
1.387775e+07	1.694927897633735e-02	1.228593563407353e-02	3.000000000000000e-06	3.000000000000000e-06
1.413255e+07	1.689773343674391e-02	1.226197300711411e-02	3.000000000000000e-06	3.000000000000000e-06
1.439203e+07	1.684635332656381e-02	1.223805820535204e-02	3.000000000000000e-06	3.000000000000000e-06
1.465626e+07	1.679513839967966e-02	1.221419121125171e-02	3.000000000000000e-06	3.000000000000000e-06
1.492532e+07	1.674408841083198e-02	1.219037200712926e-02	3.000000000000000e-06	3.000000000000000e-06
1.519932e+07	1.669320311567026e-02	1.216660057516684e-02	3.000000000000000e-06	3.000000000000000e-06
1.547834e+07	1.664248227080359e-02	1.214287689742673e-02	3.000000000000000e-06	3.000000000000000e-06
1.576247e+07	1.659192563385106e-02	1.211920095586541e-02	3.000000000000000e-06	3.000000000000000e-06
1.605180e+07	1.654153296349176e-02	1.209557273234749e-02	3.000000000000000e-06	3.000000000000000e-06
1.634644e+07	1.649130401951451e-02	1.207199220865957e-02	3.000000000000000e-06	3.000000000000000e-06
1.664648e+07	1.644123856286723e-02	1.204845936652399e-02	3.000000000000000e-06	3.000000000000000e-06
1.695201e+07	1.639133635570606e-02	1.202497418761251e-02	3.000000000000000e-06	3.000000000000000e-06
1.726314e+07	1.634159716144418e-02	1.200153665355986e-02	3.000000000000000e-06	3.000000000000000e-06
1.757998e+07	1.629202074480036e-02	1.197814674597726e-02	3.000000000000000e-06	3.000000000000000e-06
1.790262e+07	1.624260687184717e-02	1.195480444646582e-02	3.000000000000000e-06	3.000000000000000e-06
1.823118e+07	1.619335531005908e-02	1.193150973662987e-02	3.000000000000000e-06	3.000000000000000e-06
1.856576e+07	1.614426582836012e-02	1.190826259809020e-02	3.000000000000000e-06	3.000000000000000e-06
1.890647e+07	1.609533819717152e-02	1.188506301249723e-02	3.000000000000000e-06	3.000000000000000e-06
1.925343e+07	1.604657218845890e-02	1.186191096154414e-02	3.000000000000000e-06	3.000000000000000e-06
1.960675e+07	1.599796757577940e-02	1.183880642697986e-02	3.000000000000000e-06	3.000000000000000e-06
1.996654e+07	1.594952413432852e-02	1.181574939062204e-02	3.000000000000000e-06	3.000000000000000e-06
2.033294e+07	1.590124164098678e-02	1.179273983436995e-02	3.000000000000000e-06	3.000000000000000e-06
2.070605e+07	1.585311987436619e-02	1.176977774021732e-02	3.000000000000000e-06	3.000000000000000e-06
2.108601e+07	1.580515861485652e-02	1.174686309026507e-02	3.000000000000000e-06	3.000000000000000e-06
2.147293e+07	1.575735764467139e-02	1.172399586673402e-02	3.000000000000000e-06	3.000000000000000e-06
2.186695e+07	1.570971674789421e-02	1.170117605197757e-02	3.000000000000000e-06	3.000000000000000e-06
2.226819e+07	1.566223571052398e-02	1.167840362849426e-02	3.000000000000000e-06	3.000000000000000e-06
2.267680e+07	1.561491432052085e-02	1.165567857894032e-02	3.000000000000000e-06	3.000000000000000e-06
2.309290e+07	1.556775236785164e-02	1.163300088614216e-02	3.000000000000000e-06	3.000000000000000e-06
2.351663e+07	1.552074964453517e-02	1.161037053310878e-02	3.000000000000000e-06	3.000000000000000e-06
2.394814e+07	1.547390594468744e-02	1.158778750304420e-02	3.000000000000000e-06	3.000000000000000e-06
2.438756e+07	1.542722106456680e-02	1.156525177935980e-02	3.000000000000000e-06	3.000000000000000e-06
2.483504e+07	1.538069480261883e-02	1.154276334568658e-02	3.000000000000000e-06	3.000000000000000e-06
2.529074e+07	1.533432695952128e-02	1.152032218588750e-02	3.000000000000000e-06	3.000000000000000e-06
2.575480e+07	1.528811733822883e-02	1.149792828406962e-02	3.000000000000000e-06	3.000000000000000e-06
2.622737e+07	1.524206574401778e-02	1.147558162459636e-02	3.000000000000000e-06	3.000000000000000e-06
2.670862e+07	1.519617198453063e-02	1.145328219209962e-02	3.000000000000000e-06	3.000000000000000e-06
2.719870e+07	1.515043586982064e-02	1.143102997149189e-02	3.000000000000000e-06	3.000000000000000e-06
2.769777e+07	1.510485721239627e-02	1.140882494797840e-02	3.000000000000000e-06	3.000000000000000e-06
2.820600e+07	1.505943582726559e-02	1.138666710706910e-02	3.000000000000000e-06	3.000000000000000e-06
2.872357e+07	1.501417153198060e-02	1.136455643459080e-02	3.000000000000000e-06	3.000000000000000e-06
2.925063e+07	1.496906414668154e-02	1.134249291669910e-02	3.000000000000000e-06	3.000000000000000e-06
2.978737e+07	1.492411349414114e-02	1.132047653989041e-02	3.000000000000000e-06	3.000000000000000e-06
3.033397e+07	1.487931939980883e-02	1.129850729101395e-02	3.000000000000000e-06	3.000000000000000e-06
3.089060e+07	1.483468169185495e-02	1.127658515728369e-02	3.000000000000000e-06	3.000000000000000e-06
3.145746e+07	1.479020020121484e-02	1.125471012629026e-02	3.000000000000000e-06	3.000000000000000e-06
3.203472e+07	1.474587476163309e-02	1.123288218601293e-02	3.000000000000000e-06	3.000000000000000e-06
3.262259e+07	1.470170520970758e-02	1.121110132483149e-02	3.000000000000000e-06	3.000000000000000e-06
3.322125e+07	1.465769138493367e-02	1.118936753153813e-02	3.000000000000000e-06	3.000000000000000e-06
3.383091e+07	1.461383312974828e-02	1.116768079534941e-02	3.000000000000000e-06	3.000000000000000e-06
3.445176e+07	1.457013028957407e-02	1.114604110591809e-02	3.000000000000000e-06	3.000000000000000e-06
3.508402e+07	1.452658271286354e-02	1.112444845334501e-02	3.000000000000000e-06	3.000000000000000e-06
3.572790e+07	1.448319025114320e-02	1.110290282819103e-02	3.000000000000000e-06	3.000000000000000e-06
3.638361e+07	1.443995275905779e-02	1.108140422148883e-02	3.000000000000000e-06	3.000000000000000e-06
3.705136e+07	1.439687009441441e-02	1.105995262475488e-02	3.000000000000000e-06	3.000000000000000e-06
3.773139e+07	1.435394211822684e-02	1.103854803000125e-02	3.000000000000000e-06	3.000000000000000e-06
3.842390e+07	1.431116869475972e-02	1.101719042974756e-02	3.000000000000000e-06	3.000000000000000e-06
3.912915e+07	1.426854969157294e-02	1.099587981703284e-02	3.000000000000000e-06	3.000000000000000e-06
3.984736e+07	1.422608497956597e-02	1.097461618542743e-02	3.000000000000000e-06	3.000000000000000e-06
4.057877e+07	1.418377443302222e-02	1.095339952904496e-02	3.000000000000000e-06	3.000000000000000e-06
4.132362e+07	1.414161792965356e-02	1.093222984255418e-02	3.000000000000000e-06	3.000000000000000e-06
4.208216e+07	1.409961535064479e-02	1.091110712119098e-02	3.000000000000000e-06	3.000000000000000e-06
4.285465e+07	1.405776658069822e-02	1.089003136077033e-02	3.000000000000000e-06	3.000000000000000e-06
4.364134e+07	1.401607150807831e-02	1.086900255769823e-02	3.000000000000000e-06	3.000000000000000e-06
4.444250e+07	1.397453002465635e-02	1.084802070898373e-02	3.000000000000000e-06	3.000000000000000e-06
4.525839e+07	1.393314202595526e-02	1.082708581225092e-02	3.000000000000000e-06	3.000000000000000e-06
4.608928e+07	1.389190741119441e-02	1.080619786575100e-02	3.000000000000000e-06	3.000000000000000e-06
4.693545e+07	1.385082608333455e-02	1.078535686837432e-02	3.000000000000000e-06	3.000000000000000e-06
4.779718e+07	1.380989794912281e-02	1.076456281966247e-02	3.000000000000000e-06	3.000000000000000e-06
4.867476e+07	1.376912291913776e-02	1.074381571982040e-02	3.000000000000000e-06	3.000000000000000e-06
4.956848e+07	1.372850090783460e-02	1.072311556972855e-02	3.000000000000000e-06	3.000000000000000e-06
5.047864e+07	1.368803183359039e-02	1.070246237095506e-02	3.000000000000000e-06	3.000000000000000e-06
5.140555e+07	1.364771561874938e-02	1.068185612576793e-02	3.000000000000000e-06	3.000000000000000e-06
5.234951e+07	1.360755218966846e-02	1.066129683714731e-02	3.000000000000000e-06	3.000000000000000e-06
5.331083e+07	1.356754147676264e-02	1.064078450879773e-02	3.000000000000000e-06	3.000000000000000e-06
5.428985e+07	1.352768341455071e-02	1.062031914516046e-02	3.000000000000000e-06	3.000000000000000e-06
5.528688e+07	1.348797794170088e-02	1.059990075142585e-02	3.000000000000000e-06	3.000000000000000e-06
5.630226e+07	1.344842500107662e-02	1.057952933354569e-02	3.000000000000000e-06	3.000000000000000e-06
5.733632e+07	1.340902453978255e-02	1.055920489824572e-02	3.000000000000000e-06	3.000000000000000e-06
5.838942e+07	1.336977650921039e-02	1.053892745303804e-02	3.000000000000000e-06	3.000000000000000e-06
5.946190e+07	1.333068086508510e-02	1.051869700623368e-02	3.000000000000000e-06	3.000000000000000e-06
6.055413e+07	1.329173756751102e-02	1.049851356695517e-02	3.000000000000000e-06	3.000000000000000e-06
6.166646e+07	1.325294658101816e-02	1.047837714514915e-02	3.000000000000000e-06	3.000000000000000e-06
6.279927e+07	1.321430787460857e-02	1.045828775159903e-02	3.000000000000000e-06	3.000000000000000e-06
6.395293e+07	1.317582142180282e-02	1.043824539793776e-02	3.000000000000000e-06	3.000000000000000e-06
6.512784e+07	1.313748720068655e-02	1.041825009666057e-02	3.000000000000000e-06	3.000000000000000e-06
6.632438e+07	1.309930519395714e-02	1.039830186113782e-02	3.000000000000000e-06	3.000000000000000e-06
6.754296e+07	1.306127538897043e-02	1.037840070562786e-02	3.000000000000000e-06	3.000000000000000e-06
6.878399e+07	1.302339777778761e-02	1.035854664529003e-02	3.000000000000000e-06	3.000000000000000e-06
7.004786e+07	1.298567235722208e-02	1.033873969619762e-02	3.000000000000000e-06	3.000000000000000e-06
7.133502e+07	1.294809912888655e-02	1.031897987535095e-02	3.000000000000000e-06	3.000000000000000e-06
7.264589e+07	1.291067809924006e-02	1.029926720069049e-02	3.000000000000000e-06	3.000000000000000e-06
7.398091e+07	1.287340927963522e-02	1.027960169111010e-02	3.000000000000000e-06	3.000000000000000e-06
7.534053e+07	1.283629268636544e-02	1.025998336647019e-02	3.000000000000000e-06	3.000000000000000e-06
7.672519e+07	1.279932834071227e-02	1.024041224761116e-02	3.000000000000000e-06	3.000000000000000e-06
7.813537e+07	1.276251626899283e-02	1.022088835636669e-02	3.000000000000000e-06	3.000000000000000e-06
7.957154e+07	1.272585650260727e-02	1.020141171557727e-02	3.000000000000000e-06	3.000000000000000e-06
8.103417e+07	1.268934907808629e-02	1.018198234910369e-02	3.000000000000000e-06	3.000000000000000e-06
8.252376e+07	1.265299403713881e-02	1.016260028184067e-02	3.000000000000000e-06	3.000000000000000e-06
8.404081e+07	1.261679142669955e-02	1.014326553973050e-02	3.000000000000000e-06	3.000000000000000e-06
8.558581e+07	1.258074129897679e-02	1.012397814977684e-02	3.000000000000000e-06	3.000000000000000e-06
8.715930e+07	1.254484371150011e-02	1.010473814005850e-02	3.000000000000000e-06	3.000000000000000e-06
8.876180e+07	1.250909872716817e-02	1.008554553974339e-02	3.000000000000000e-06	3.000000000000000e-06
9.039384e+07	1.247350641429655e-02	1.006640037910245e-02	3.000000000000000e-06	3.000000000000000e-06
9.205597e+07	1.243806684666560e-02	1.004730268952377e-02	3.000000000000000e-06	3.000000000000000e-06
9.374875e+07	1.240278010356830e-02	1.002825250352668e-02	3.000000000000000e-06	3.000000000000000e-06
9.547275e+07	1.236764626985817e-02	1.000924985477601e-02	3.000000000000000e-06	3.000000000000000e-06
9.722854e+07	1.233266543599715e-02	9.990294778096400e-03	3.000000000000000e-06	3.000000000000000e-06
9.901672e+07	1.229783769810349e-02	9.971387309486674e-03	3.000000000000000e-06	3.000000000000000e-06
1.000000e+08	1.227912827724326e-02	9.961208891763869e-03	3.000000000000000e-06	3.000000000000000e-06
1.018547e+08	1.224424466777779e-02	9.942216016396640e-03	3.000000000000000e-06	3.000000000000000e-06
1.037279e+08	1.220981276671934e-02	9.923432910517404e-03	3.000000000000000e-06	3.000000000000000e-06
1.056360e+08	1.217552894758944e-02	9.904694610152117e-03	3.000000000000000e-06	3.000000000000000e-06
1.075792e+08	1.214139883273938e-02	9.886004150297063e-03	3.000000000000000e-06	3.000000000000000e-06
1.095583e+08	1.210742245093311e-02	9.867361519413913e-03	3.000000000000000e-06	3.000000000000000e-06
1.115739e+08	1.207359993831625e-02	9.848766762538859e-03	3.000000000000000e-06	3.000000000000000e-06
1.136267e+08	1.203993143521455e-02	9.830219924990250e-03	3.000000000000000e-06	3.000000000000000e-06
1.157174e+08	1.200641708805136e-02	9.811721053405567e-03	3.000000000000000e-06	3.000000000000000e-06
1.178466e+08	1.197305704936123e-02	9.793270195738123e-03	3.000000000000000e-06	3.000000000000000e-06
1.200152e+08	1.193985147783778e-02	9.774867401272780e-03	3.000000000000000e-06	3.000000000000000e-06
1.222238e+08	1.190680053838085e-02	9.756512720641403e-03	3.000000000000000e-06	3.000000000000000e-06
1.244732e+08	1.187390440214355e-02	9.738206205838406e-03	3.000000000000000e-06	3.000000000000000e-06
1.267641e+08	1.184116324657918e-02	9.719947910236434e-03	3.000000000000000e-06	3.000000000000000e-06
1.290972e+08	1.180857725548790e-02	9.701737888602107e-03	3.000000000000000e-06	3.000000000000000e-06
1.314735e+08	1.177614661906332e-02	9.683576197111894e-03	3.000000000000000e-06	3.000000000000000e-06
1.338937e+08	1.174387153393888e-02	9.665462893368075e-03	3.000000000000000e-06	3.000000000000000e-06
1.363585e+08	1.171175220323395e-02	9.647398036414815e-03	3.000000000000000e-06	3.000000000000000e-06
1.388688e+08	1.167978883659981e-02	9.629381686754339e-03	3.000000000000000e-06	3.000000000000000e-06
1.414256e+08	1.164798165026534e-02	9.611413906363213e-03	3.000000000000000e-06	3.000000000000000e-06
1.440295e+08	1.161633086708243e-02	9.593494758708734e-03	3.000000000000000e-06	3.000000000000000e-06
1.466816e+08	1.158483671657119e-02	9.575624308765423e-03	3.000000000000000e-06	3.000000000000000e-06
1.493826e+08	1.155349943496481e-02	9.557802623031636e-03	3.000000000000000e-06	3.000000000000000e-06
1.521335e+08	1.152231926525412e-02	9.540029769546267e-03	3.000000000000000e-06	3.000000000000000e-06
1.549353e+08	1.149129645723185e-02	9.522305817905580e-03	3.000000000000000e-06	3.000000000000000e-06
1.577888e+08	1.146043126753652e-02	9.504630839280137e-03	3.000000000000000e-06	3.000000000000000e-06
1.606951e+08	1.142972395969596e-02	9.487004906431848e-03	3.000000000000000e-06	3.000000000000000e-06
1.636550e+08	1.139917480417047e-02	9.469428093731126e-03	3.000000000000000e-06	3.000000000000000e-06
1.666697e+08	1.136878407839554e-02	9.451900477174148e-03	3.000000000000000e-06	3.000000000000000e-06
1.697401e+08	1.133855206682416e-02	9.434422134400254e-03	3.000000000000000e-06	3.000000000000000e-06
1.728672e+08	1.130847906096866e-02	9.416993144709432e-03	3.000000000000000e-06	3.000000000000000e-06
1.760521e+08	1.127856535944214e-02	9.399613589079927e-03	3.000000000000000e-06	3.000000000000000e-06
1.792960e+08	1.124881126799926e-02	9.382283550185975e-03	3.000000000000000e-06	3.000000000000000e-06
1.825997e+08	1.121921709957670e-02	9.365003112415638e-03	3.000000000000000e-06	3.000000000000000e-06
1.859646e+08	1.118978317433290e-02	9.347772361888764e-03	3.000000000000000e-06	3.000000000000000e-06
1.893917e+08	1.116050981968734e-02	9.330591386475058e-03	3.000000000000000e-06	3.000000000000000e-06
1.928821e+08	1.113139737035919e-02	9.313460275812270e-03	3.000000000000000e-06	3.000000000000000e-06
1.964371e+08	1.110244616840533e-02	9.296379121324505e-03	3.000000000000000e-06	3.000000000000000e-06
2.000579e+08	1.107365656325773e-02	9.279348016240646e-03	3.000000000000000e-06	3.000000000000000e-06
2.037456e+08	1.104502891176016e-02	9.262367055612893e-03	3.000000000000000e-06	3.000000000000000e-06
2.075015e+08	1.101656357820418e-02	9.245436336335422e-03	3.000000000000000e-06	3.000000000000000e-06
2.113269e+08	1.098826093436444e-02	9.228555957163168e-03	3.000000000000000e-06	3.000000000000000e-06
2.152231e+08	1.096012135953318e-02	9.211726018730711e-03	3.000000000000000e-06	3.000000000000000e-06
2.191913e+08	1.093214524055393e-02	9.194946623571298e-03	3.000000000000000e-06	3.000000000000000e-06
2.232330e+08	1.090433297185448e-02	9.178217876135967e-03	3.000000000000000e-06	3.000000000000000e-06
2.273495e+08	1.087668495547886e-02	9.161539882812805e-03	3.000000000000000e-06	3.000000000000000e-06
2.315421e+08	1.084920160111858e-02	9.144912751946309e-03	3.000000000000000e-06	3.000000000000000e-06
2.358123e+08	1.082188332614288e-02	9.128336593856878e-03	3.000000000000000e-06	3.000000000000000e-06
2.401615e+08	1.079473055562807e-02	9.111811520860415e-03	3.000000000000000e-06	3.000000000000000e-06
2.445913e+08	1.076774372238583e-02	9.095337647288048e-03	3.000000000000000e-06	3.000000000000000e-06
2.491030e+08	1.074092326699063e-02	9.078915089505979e-03	3.000000000000000e-06	3.000000000000000e-06
2.536982e+08	1.071426963780599e-02	9.062543965935432e-03	3.000000000000000e-06	3.000000000000000e-06
2.583785e+08	1.068778329100971e-02	9.046224397072731e-03	3.000000000000000e-06	3.000000000000000e-06
2.631455e+08	1.066146469061800e-02	9.029956505509496e-03	3.000000000000000e-06	3.000000000000000e-06
2.680007e+08	1.063531430850845e-02	9.013740415952947e-03	3.000000000000000e-06	3.000000000000000e-06
2.729458e+08	1.060933262444184e-02	8.997576255246331e-03	3.000000000000000e-06	3.000000000000000e-06
2.779825e+08	1.058352012608271e-02	8.981464152389464e-03	3.000000000000000e-06	3.000000000000000e-06
2.831124e+08	1.055787730901868e-02	8.965404238559373e-03	3.000000000000000e-06	3.000000000000000e-06
2.883374e+08	1.053240467677852e-02	8.949396647131087e-03	3.000000000000000e-06	3.000000000000000e-06
2.936591e+08	1.050710274084884e-02	8.933441513698494e-03	3.000000000000000e-06	3.000000000000000e-06
2.990794e+08	1.048197202068947e-02	8.917538976095358e-03	3.000000000000000e-06	3.000000000000000e-06
3.046001e+08	1.045701304374741e-02	8.901689174416409e-03	3.000000000000000e-06	3.000000000000000e-06
3.102230e+08	1.043222634546936e-02	8.885892251038571e-03	3.000000000000000e-06	3.000000000000000e-06
3.159502e+08	1.040761246931272e-02	8.870148350642284e-03	3.000000000000000e-06	3.000000000000000e-06
3.217834e+08	1.038317196675519e-02	8.854457620232943e-03	3.000000000000000e-06	3.000000000000000e-06
3.277247e+08	1.035890539730268e-02	8.838820209162440e-03	3.000000000000000e-06	3.000000000000000e-06
3.337762e+08	1.033481332849575e-02	8.823236269150816e-03	3.000000000000000e-06	3.000000000000000e-06
3.399397e+08	1.031089633591432e-02	8.807705954308019e-03	3.000000000000000e-06	3.000000000000000e-06
3.462175e+08	1.028715500318077e-02	8.792229421155758e-03	3.000000000000000e-06	3.000000000000000e-06
3.526116e+08	1.026358992196131e-02	8.776806828649475e-03	3.000000000000000e-06	3.000000000000000e-06
3.591243e+08	1.024020169196561e-02	8.761438338200400e-03	3.000000000000000e-06	3.000000000000000e-06
3.657576e+08	1.021699092094461e-02	8.746124113697719e-03	3.000000000000000e-06	3.000000000000000e-06
3.725140e+08	1.019395822468649e-02	8.730864321530833e-03	3.000000000000000e-06	3.000000000000000e-06
3.793955e+08	1.017110422701089e-02	8.715659130611720e-03	3.000000000000000e-06	3.000000000000000e-06
3.864047e+08	1.014842955976102e-02	8.700508712397382e-03	3.000000000000000e-06	3.000000000000000e-06
3.935438e+08	1.012593486279400e-02	8.685413240912388e-03	3.000000000000000e-06	3.000000000000000e-06
4.008153e+08	1.010362078396907e-02	8.670372892771522e-03	3.000000000000000e-06	3.000000000000000e-06
4.082216e+08	1.008148797913391e-02	8.655387847202489e-03	3.000000000000000e-06	3.000000000000000e-06
4.157653e+08	1.005953711210874e-02	8.640458286068731e-03	3.000000000000000e-06	3.000000000000000e-06
4.234489e+08	1.003776885466842e-02	8.625584393892331e-03	3.000000000000000e-06	3.000000000000000e-06
4.312750e+08	1.001618388652236e-02	8.610766357876968e-03	3.000000000000000e-06	3.000000000000000e-06
4.392463e+08	9.994782895292221e-03	8.596004367930997e-03	3.000000000000000e-06	3.000000000000000e-06
4.473654e+08	9.973566576487446e-03	8.581298616690556e-03	3.000000000000000e-06	3.000000000000000e-06
4.556352e+08	9.952535633478464e-03	8.566649299542786e-03	3.000000000000000e-06	3.000000000000000e-06
4.640583e+08	9.931690777467634e-03	8.552056614649108e-03	3.000000000000000e-06	3.000000000000000e-06
4.726378e+08	9.911032727457818e-03	8.537520762968560e-03	3.000000000000000e-06	3.000000000000000e-06
4.813764e+08	9.890562210218605e-03	8.523041948281216e-03	3.000000000000000e-06	3.000000000000000e-06
4.902772e+08	9.870279960250103e-03	8.508620377211656e-03	3.000000000000000e-06	3.000000000000000e-06
4.993432e+08	9.850186719744273e-03	8.494256259252498e-03	3.000000000000000e-06	3.000000000000000e-06
5.085774e+08	9.830283238543810e-03	8.479949806787988e-03	3.000000000000000e-06	3.000000000000000e-06
5.179830e+08	9.810570274098469e-03	8.465701235117643e-03	3.000000000000000e-06	3.000000000000000e-06
5.275631e+08	9.791048591418865e-03	8.451510762479939e-03	3.000000000000000e-06	3.000000000000000e-06
5.373211e+08	9.771718963027674e-03	8.437378610076049e-03	3.000000000000000e-06	3.000000000000000e-06
5.472603e+08	9.752582168908227e-03	8.423305002093623e-03	3.000000000000000e-06	3.000000000000000e-06
5.573839e+08	9.733638996450444e-03	8.409290165730599e-03	3.000000000000000e-06	3.000000000000000e-06
5.676955e+08	9.714890240394109e-03	8.395334331219058e-03	3.000000000000000e-06	3.000000000000000e-06
5.781986e+08	9.696336702769426e-03	8.381437731849104e-03	3.000000000000000e-06	3.000000000000000e-06
5.888967e+08	9.677979192834847e-03	8.367600603992768e-03	3.000000000000000e-06	3.000000000000000e-06
5.997934e+08	9.659818527012145e-03	8.353823187127934e-03	3.000000000000000e-06	3.000000000000000e-06
6.108925e+08	9.641855528818691e-03	8.340105723862292e-03	3.000000000000000e-06	3.000000000000000e-06
6.221977e+08	9.624091028796952e-03	8.326448459957279e-03	3.000000000000000e-06	3.000000000000000e-06
6.337129e+08	9.606525864441131e-03	8.312851644352063e-03	3.000000000000000e-06	3.000000000000000e-06
6.454420e+08	9.589160880120967e-03	8.299315529187492e-03	3.000000000000000e-06	3.000000000000000e-06
6.573890e+08	9.571996927002684e-03	8.285840369830070e-03	3.000000000000000e-06	3.000000000000000e-06
6.695579e+08	9.555034862967035e-03	8.272426424895913e-03	3.000000000000000e-06	3.000000000000000e-06
6.819528e+08	9.538275552524454e-03	8.259073956274692e-03	3.000000000000000e-06	3.000000000000000e-06
6.945781e+08	9.521719866727302e-03	8.245783229153559e-03	3.000000000000000e-06	3.000000000000000e-06
7.074379e+08	9.505368683079168e-03	8.232554512041053e-03	3.000000000000000e-06	3.000000000000000e-06
7.205367e+08	9.489222885441261e-03	8.219388076790974e-03	3.000000000000000e-06	3.000000000000000e-06
7.338789e+08	9.473283363935841e-03	8.206284198626221e-03	3.000000000000000e-06	3.000000000000000e-06
7.474690e+08	9.457551014846702e-03	8.193243156162591e-03	3.000000000000000e-06	3.000000000000000e-06
7.613117e+08	9.442026740516720e-03	8.180265231432532e-03	3.000000000000000e-06	3.000000000000000e-06
7.754117e+08	9.426711449242431e-03	8.167350709908835e-03	3.000000000000000e-06	3.000000000000000e-06
7.897738e+08	9.411606055165654e-03	8.154499880528278e-03	3.000000000000000e-06	3.000000000000000e-06
8.044028e+08	9.396711478162192e-03	8.141713035715191e-03	3.000000000000000e-06	3.000000000000000e-06
8.193038e+08	9.382028643727556e-03	8.128990471404968e-03	3.000000000000000e-06	3.000000000000000e-06
8.344818e+08	9.367558482859778e-03	8.116332487067465e-03	3.000000000000000e-06	3.000000000000000e-06
8.499420e+08	9.353301931939289e-03	8.103739385730347e-03	3.000000000000000e-06	3.000000000000000e-06
8.656896e+08	9.339259932605896e-03	8.091211474002323e-03	3.000000000000000e-06	3.000000000000000e-06
8.817301e+08	9.325433431632850e-03	8.078749062096274e-03	3.000000000000000e-06	3.000000000000000e-06
8.980689e+08	9.311823380798051e-03	8.066352463852292e-03	3.000000000000000e-06	3.000000000000000e-06
9.147114e+08	9.298430736752400e-03	8.054021996760582e-03	3.000000000000000e-06	3.000000000000000e-06
9.316636e+08	9.285256460885308e-03	8.041757981984249e-03	3.000000000000000e-06	3.000000000000000e-06
9.489310e+08	9.272301519187414e-03	8.029560744381952e-03	3.000000000000000e-06	3.000000000000000e-06
9.665196e+08	9.259566882110526e-03	8.017430612530421e-03	3.000000000000000e-06	3.000000000000000e-06
9.844353e+08	9.247053524424835e-03	8.005367918746818e-03	3.000000000000000e-06	3.000000000000000e-06
1.000000e+09	9.236571409378344e-03	7.995138519754990e-03	3.000000000000000e-06	3.000000000000000e-06
