#t[yr]	ecc	inc	eachmass	totalmass
0.000000e+00	5.000000000000000e-02	2.500000000000000e-02	3.000000000000000e-11	3.000000000000000e-07
1.000000e-03	5.000002340304213e-02	2.500000966001987e-02	3.000000000000000e-11	3.000000000000000e-07
1.000000e-02	5.000023402979965e-02	2.500009659999408e-02	3.000000000000000e-11	3.000000000000000e-07
1.000000e-01	5.000234023699707e-02	2.500096597981370e-02	3.000000000000000e-11	3.000000000000000e-07
1.000000e+00	5.002339627407605e-02	2.500965778654414e-02	3.000000000000000e-11	3.000000000000000e-07
1.000000e+01	5.023335602057293e-02	2.509637748646693e-02	3.000000000000000e-11	3.000000000000000e-07
2.069890e+01	5.048045757666279e-02	2.519869208203141e-02	3.000000000000000e-11	3.000000000000000e-07
3.154714e+01	5.072817674104591e-02	2.530155343248550e-02	3.000000000000000e-11	3.000000000000000e-07
4.257340e+01	5.097711084464677e-02	2.540521102574906e-02	3.000000000000000e-11	3.000000000000000e-07
5.378065e+01	5.122725608626561e-02	2.550966601450653e-02	3.000000000000000e-11	3.000000000000000e-07
6.517233e+01	5.147861844339253e-02	2.561492361216811e-02	3.000000000000000e-11	3.000000000000000e-07
7.675195e+01	5.173120376319928e-02	2.572098898719811e-02	3.000000000000000e-11	3.000000000000000e-07
8.852311e+01	5.198501792383641e-02	2.582786732995520e-02	3.000000000000000e-11	3.000000000000000e-07
1.000000e+02	5.222965905543325e-02	2.593116753912877e-02	3.000000000000000e-11	3.000000000000000e-07
1.121653e+02	5.248606985403123e-02	2.603972658665542e-02	3.000000000000000e-11	3.000000000000000e-07
1.245250e+02	5.274355321426506e-02	2.614904065424157e-02	3.000000000000000e-11	3.000000000000000e-07
1.370914e+02	5.300229185104434e-02	2.625918966370007e-02	3.000000000000000e-11	3.000000000000000e-07
1.498682e+02	5.326228886121735e-02	2.637017766808009e-02	3.000000000000000e-11	3.000000000000000e-07
1.628596e+02	5.352355034398432e-02	2.648200999985165e-02	3.000000000000000e-11	3.000000000000000e-07
1.760697e+02	5.378608237875006e-02	2.659469199045334e-02	3.000000000000000e-11	3.000000000000000e-07
1.895028e+02	5.404989107543679e-02	2.670822899144602e-02	3.000000000000000e-11	3.000000000000000e-07
2.031632e+02	5.431498257381956e-02	2.682262637400578e-02	3.000000000000000e-11	3.000000000000000e-07
2.170553e+02	5.458136304371095e-02	2.693788952877339e-02	3.000000000000000e-11	3.000000000000000e-07
2.311836e+02	5.484903868513293e-02	2.705402386569292e-02	3.000000000000000e-11	3.000000000000000e-07
2.455528e+02	5.511801572849023e-02	2.717103481384561e-02	3.000000000000000e-11	3.000000000000000e-07
2.601677e+02	5.538830043474521e-02	2.728892782127884e-02	3.000000000000000e-11	3.000000000000000e-07
2.750329e+02	5.565989909559381e-02	2.740770835483020e-02	3.000000000000000e-11	3.000000000000000e-07
2.901535e+02	5.593281803364309e-02	2.752738189994648e-02	3.000000000000000e-11	3.000000000000000e-07
3.055345e+02	5.620706360258997e-02	2.764795396049779e-02	3.000000000000000e-11	3.000000000000000e-07
3.211810e+02	5.648264218740137e-02	2.776943005858646e-02	3.000000000000000e-11	3.000000000000000e-07
3.370984e+02	5.675956020449572e-02	2.789181573435092e-02	3.000000000000000e-11	3.000000000000000e-07
3.532919e+02	5.703782410192582e-02	2.801511654576436e-02	3.000000000000000e-11	3.000000000000000e-07
3.697670e+02	5.731744035956304e-02	2.813933806842824e-02	3.000000000000000e-11	3.000000000000000e-07
3.865294e+02	5.759841548928300e-02	2.826448589536056e-02	3.000000000000000e-11	3.000000000000000e-07
4.035849e+02	5.788075603515246e-02	2.839056563677879e-02	3.000000000000000e-11	3.000000000000000e-07
4.209391e+02	5.816446857361776e-02	2.851758291987761e-02	3.000000000000000e-11	3.000000000000000e-07
4.385983e+02	5.844955971369453e-02	2.864554338860119e-02	3.000000000000000e-11	3.000000000000000e-07
4.565684e+02	5.873603609715881e-02	2.877445270341012e-02	3.000000000000000e-11	3.000000000000000e-07
4.748557e+02	5.902390439873961e-02	2.890431654104296e-02	3.000000000000000e-11	3.000000000000000e-07
4.934666e+02	5.931317132631277e-02	2.903514059427235e-02	3.000000000000000e-11	3.000000000000000e-07
5.124076e+02	5.960384362109633e-02	2.916693057165555e-02	3.000000000000000e-11	3.000000000000000e-07
5.316855e+02	5.989592805784719e-02	2.929969219727961e-02	3.000000000000000e-11	3.000000000000000e-07
5.513069e+02	6.018943144505920e-02	2.943343121050096e-02	3.000000000000000e-11	3.000000000000000e-07
5.712790e+02	6.048436062516267e-02	2.956815336567941e-02	3.000000000000000e-11	3.000000000000000e-07
5.916088e+02	6.078072247472528e-02	2.970386443190668e-02	3.000000000000000e-11	3.000000000000000e-07
6.123036e+02	6.107852390465428e-02	2.984057019272923e-02	3.000000000000000e-11	3.000000000000000e-07
6.333708e+02	6.137777186040030e-02	2.997827644586562e-02	3.000000000000000e-11	3.000000000000000e-07
6.548181e+02	6.167847332216230e-02	3.011698900291813e-02	3.000000000000000e-11	3.000000000000000e-07
6.766532e+02	6.198063530509413e-02	3.025671368907886e-02	3.000000000000000e-11	3.000000000000000e-07
6.988840e+02	6.228426485951232e-02	3.039745634283013e-02	3.000000000000000e-11	3.000000000000000e-07
7.215188e+02	6.258936907110541e-02	3.053922281563929e-02	3.000000000000000e-11	3.000000000000000e-07
7.445658e+02	6.289595506114445e-02	3.068201897164788e-02	3.000000000000000e-11	3.000000000000000e-07
7.680334e+02	6.320402998669523e-02	3.082585068735516e-02	3.000000000000000e-11	3.000000000000000e-07
7.919304e+02	6.351360104083148e-02	3.097072385129600e-02	3.000000000000000e-11	3.000000000000000e-07
8.162657e+02	6.382467545284973e-02	3.111664436371318e-02	3.000000000000000e-11	3.000000000000000e-07
8.410482e+02	6.413726048848545e-02	3.126361813622409e-02	3.000000000000000e-11	3.000000000000000e-07
8.662873e+02	6.445136345013058e-02	3.141165109148179e-02	3.000000000000000e-11	3.000000000000000e-07
8.919925e+02	6.476699167705238e-02	3.156074916283060e-02	3.000000000000000e-11	3.000000000000000e-07
9.181734e+02	6.508415254561364e-02	3.171091829395605e-02	3.000000000000000e-11	3.000000000000000e-07
9.448400e+02	6.540285346949430e-02	3.186216443852941e-02	3.000000000000000e-11	3.000000000000000e-07
9.720023e+02	6.572310189991430e-02	3.201449355984669e-02	3.000000000000000e-11	3.000000000000000e-07
9.996707e+02	6.604490532585792e-02	3.216791163046223e-02	3.000000000000000e-11	3.000000000000000e-07
1.000000e+03	6.604869268762528e-02	3.216972125160891e-02	3.000000000000000e-11	3.000000000000000e-07
1.028713e+03	6.637804302878501e-02	3.232709804759062e-02	3.000000000000000e-11	3.000000000000000e-07
1.057432e+03	6.670291578237354e-02	3.248269222842151e-02	3.000000000000000e-11	3.000000000000000e-07
1.086699e+03	6.702947870778865e-02	3.263944715397226e-02	3.000000000000000e-11	3.000000000000000e-07
1.116517e+03	6.735762510689712e-02	3.279731418288344e-02	3.000000000000000e-11	3.000000000000000e-07
1.146896e+03	6.768736478936714e-02	3.295630034751727e-02	3.000000000000000e-11	3.000000000000000e-07
1.177849e+03	6.801870543705836e-02	3.311641164914426e-02	3.000000000000000e-11	3.000000000000000e-07
1.209388e+03	6.835165481161251e-02	3.327765411496678e-02	3.000000000000000e-11	3.000000000000000e-07
1.241525e+03	6.868622071352852e-02	3.344003377794965e-02	3.000000000000000e-11	3.000000000000000e-07
1.274273e+03	6.902241098316748e-02	3.360355667677748e-02	3.000000000000000e-11	3.000000000000000e-07
1.307644e+03	6.936023350097539e-02	3.376822885543018e-02	3.000000000000000e-11	3.000000000000000e-07
1.341652e+03	6.969969618772164e-02	3.393405636276096e-02	3.000000000000000e-11	3.000000000000000e-07
1.376310e+03	7.004080700473854e-02	3.410104525206970e-02	3.000000000000000e-11	3.000000000000000e-07
1.411633e+03	7.038357395416202e-02	3.426920158067195e-02	3.000000000000000e-11	3.000000000000000e-07
1.447634e+03	7.072800507917346e-02	3.443853140946356e-02	3.000000000000000e-11	3.000000000000000e-07
1.484328e+03	7.107410846424270e-02	3.460904080248130e-02	3.000000000000000e-11	3.000000000000000e-07
1.521729e+03	7.142189223537217e-02	3.478073582645942e-02	3.000000000000000e-11	3.000000000000000e-07
1.559853e+03	7.177136456034217e-02	3.495362255038240e-02	3.000000000000000e-11	3.000000000000000e-07
1.598715e+03	7.212253364895722e-02	3.512770704503403e-02	3.000000000000000e-11	3.000000000000000e-07
1.638330e+03	7.247540775329360e-02	3.530299538254290e-02	3.000000000000000e-11	3.000000000000000e-07
1.678716e+03	7.282999516794772e-02	3.547949363592470e-02	3.000000000000000e-11	3.000000000000000e-07
1.719888e+03	7.318630423028580e-02	3.565720787862120e-02	3.000000000000000e-11	3.000000000000000e-07
1.761864e+03	7.354434332069444e-02	3.583614418403636e-02	3.000000000000000e-11	3.000000000000000e-07
1.804660e+03	7.390412086283225e-02	3.601630862506970e-02	3.000000000000000e-11	3.000000000000000e-07
1.848294e+03	7.426564532388243e-02	3.619770727364702e-02	3.000000000000000e-11	3.000000000000000e-07
1.892785e+03	7.462892521480628e-02	3.638034620024892e-02	3.000000000000000e-11	3.000000000000000e-07
1.938151e+03	7.499396909059784e-02	3.656423147343709e-02	3.000000000000000e-11	3.000000000000000e-07
1.984410e+03	7.536078555053918e-02	3.674936915937883e-02	3.000000000000000e-11	3.000000000000000e-07
2.031581e+03	7.572938323845683e-02	3.693576532136994e-02	3.000000000000000e-11	3.000000000000000e-07
2.079686e+03	7.609977084297899e-02	3.712342601935622e-02	3.000000000000000e-11	3.000000000000000e-07
2.128743e+03	7.647195709779353e-02	3.731235730945388e-02	3.000000000000000e-11	3.000000000000000e-07
2.178773e+03	7.684595078190694e-02	3.750256524346925e-02	3.000000000000000e-11	3.000000000000000e-07
2.229798e+03	7.722176071990404e-02	3.769405586841775e-02	3.000000000000000e-11	3.000000000000000e-07
2.281839e+03	7.759939578220844e-02	3.788683522604291e-02	3.000000000000000e-11	3.000000000000000e-07
2.334918e+03	7.797886488534382e-02	3.808090935233523e-02	3.000000000000000e-11	3.000000000000000e-07
2.389057e+03	7.836017699219586e-02	3.827628427705156e-02	3.000000000000000e-11	3.000000000000000e-07
2.444280e+03	7.874334111227492e-02	3.847296602323525e-02	3.000000000000000e-11	3.000000000000000e-07
2.500609e+03	7.912836630197946e-02	3.867096060673726e-02	3.000000000000000e-11	3.000000000000000e-07
2.558070e+03	7.951526166485998e-02	3.887027403573873e-02	3.000000000000000e-11	3.000000000000000e-07
2.616687e+03	7.990403635188366e-02	3.907091231027536e-02	3.000000000000000e-11	3.000000000000000e-07
2.676484e+03	8.029469956169967e-02	3.927288142176388e-02	3.000000000000000e-11	3.000000000000000e-07
2.737488e+03	8.068726054090487e-02	3.947618735253108e-02	3.000000000000000e-11	3.000000000000000e-07
2.799725e+03	8.108172858431020e-02	3.968083607534570e-02	3.000000000000000e-11	3.000000000000000e-07
2.863221e+03	8.147811303520758e-02	3.988683355295367e-02	3.000000000000000e-11	3.000000000000000e-07
2.928005e+03	8.187642328563717e-02	4.009418573761704e-02	3.000000000000000e-11	3.000000000000000e-07
2.994104e+03	8.227666877665524e-02	4.030289857065703e-02	3.000000000000000e-11	3.000000000000000e-07
3.061548e+03	8.267885899860240e-02	4.051297798200166e-02	3.000000000000000e-11	3.000000000000000e-07
3.130364e+03	8.308300349137221e-02	4.072442988973830e-02	3.000000000000000e-11	3.000000000000000e-07
3.200584e+03	8.348911184468018e-02	4.093726019967175e-02	3.000000000000000e-11	3.000000000000000e-07
3.272238e+03	8.389719369833315e-02	4.115147480488811e-02	3.000000000000000e-11	3.000000000000000e-07
3.345358e+03	8.430725874249896e-02	4.136707958532506e-02	3.000000000000000e-11	3.000000000000000e-07
3.419975e+03	8.471931671797636e-02	4.158408040734887e-02	3.000000000000000e-11	3.000000000000000e-07
3.496122e+03	8.513337741646526e-02	4.180248312333877e-02	3.000000000000000e-11	3.000000000000000e-07
3.573833e+03	8.554945068083712e-02	4.202229357127906e-02	3.000000000000000e-11	3.000000000000000e-07
3.653142e+03	8.596754640540563e-02	4.224351757435944e-02	3.000000000000000e-11	3.000000000000000e-07
3.734084e+03	8.638767453619751e-02	4.246616094058413e-02	3.000000000000000e-11	3.000000000000000e-07
3.816695e+03	8.680984507122345e-02	4.269022946239025e-02	3.000000000000000e-11	3.000000000000000e-07
3.901011e+03	8.723406806074918e-02	4.291572891627595e-02	3.000000000000000e-11	3.000000000000000e-07
3.987071e+03	8.766035360756660e-02	4.314266506243877e-02	3.000000000000000e-11	3.000000000000000e-07
4.074910e+03	8.808871186726507e-02	4.337104364442489e-02	3.000000000000000e-11	3.000000000000000e-07
4.164570e+03	8.851915304850254e-02	4.360087038878956e-02	3.000000000000000e-11	3.000000000000000e-07
4.256090e+03	8.895168741327694e-02	4.383215100476956e-02	3.000000000000000e-11	3.000000000000000e-07
4.349511e+03	8.938632527719727e-02	4.406489118396779e-02	3.000000000000000e-11	3.000000000000000e-07
4.444873e+03	8.982307700975492e-02	4.429909660005100e-02	3.000000000000000e-11	3.000000000000000e-07
4.542221e+03	9.026195303459469e-02	4.453477290846073e-02	3.000000000000000e-11	3.000000000000000e-07
4.641597e+03	9.070296382978586e-02	4.477192574613843e-02	3.000000000000000e-11	3.000000000000000e-07
4.743046e+03	9.114611992809306e-02	4.501056073126492e-02	3.000000000000000e-11	3.000000000000000e-07
4.846613e+03	9.159143191724708e-02	4.525068346301495e-02	3.000000000000000e-11	3.000000000000000e-07
4.952345e+03	9.203891044021539e-02	4.549229952132736e-02	3.000000000000000e-11	3.000000000000000e-07
5.060290e+03	9.248856619547260e-02	4.573541446669128e-02	3.000000000000000e-11	3.000000000000000e-07
5.170495e+03	9.294040993727061e-02	4.598003383994902e-02	3.000000000000000e-11	3.000000000000000e-07
5.283010e+03	9.339445247590859e-02	4.622616316211613e-02	3.000000000000000e-11	3.000000000000000e-07
5.397887e+03	9.385070467800273e-02	4.647380793421906e-02	3.000000000000000e-11	3.000000000000000e-07
5.515176e+03	9.430917746675561e-02	4.672297363715113e-02	3.000000000000000e-11	3.000000000000000e-07
5.634930e+03	9.476988182222543e-02	4.697366573154717e-02	3.000000000000000e-11	3.000000000000000e-07
5.757204e+03	9.523282878159478e-02	4.722588965767741e-02	3.000000000000000e-11	3.000000000000000e-07
5.882053e+03	9.569802943943928e-02	4.747965083536105e-02	3.000000000000000e-11	3.000000000000000e-07
6.009532e+03	9.616549494799573e-02	4.773495466390010e-02	3.000000000000000e-11	3.000000000000000e-07
6.139700e+03	9.663523651742995e-02	4.799180652203397e-02	3.000000000000000e-11	3.000000000000000e-07
6.272615e+03	9.710726541610429e-02	4.825021176791507e-02	3.000000000000000e-11	3.000000000000000e-07
6.408338e+03	9.758159297084482e-02	4.851017573910625e-02	3.000000000000000e-11	3.000000000000000e-07
6.546930e+03	9.805823056720794e-02	4.877170375260028e-02	3.000000000000000e-11	3.000000000000000e-07
6.688453e+03	9.853718964974695e-02	4.903480110486175e-02	3.000000000000000e-11	3.000000000000000e-07
6.832971e+03	9.901848172227780e-02	4.929947307189213e-02	3.000000000000000e-11	3.000000000000000e-07
6.980550e+03	9.950211834814481e-02	4.956572490931802e-02	3.000000000000000e-11	3.000000000000000e-07
7.131257e+03	9.998811115048573e-02	4.983356185250334e-02	3.000000000000000e-11	3.000000000000000e-07
7.285160e+03	1.004764718124966e-01	5.010298911668559e-02	3.000000000000000e-11	3.000000000000000e-07
7.442328e+03	1.009672120776960e-01	5.037401189713665e-02	3.000000000000000e-11	3.000000000000000e-07
7.602833e+03	1.014603437501892e-01	5.064663536934846e-02	3.000000000000000e-11	3.000000000000000e-07
7.766747e+03	1.019558786949311e-01	5.092086468924394e-02	3.000000000000000e-11	3.000000000000000e-07
7.934145e+03	1.024538288379903e-01	5.119670499341339e-02	3.000000000000000e-11	3.000000000000000e-07
8.105102e+03	1.029542061668110e-01	5.147416139937670e-02	3.000000000000000e-11	3.000000000000000e-07
8.279695e+03	1.034570227304757e-01	5.175323900587171e-02	3.000000000000000e-11	3.000000000000000e-07
8.458004e+03	1.039622906399673e-01	5.203394289316879e-02	3.000000000000000e-11	3.000000000000000e-07
8.640109e+03	1.044700220684302e-01	5.231627812341207e-02	3.000000000000000e-11	3.000000000000000e-07
8.826093e+03	1.049802292514320e-01	5.260024974098744e-02	3.000000000000000e-11	3.000000000000000e-07
9.016039e+03	1.054929244872242e-01	5.288586277291740e-02	3.000000000000000e-11	3.000000000000000e-07
9.210033e+03	1.060081201370029e-01	5.317312222928310e-02	3.000000000000000e-11	3.000000000000000e-07
9.408164e+03	1.065258286251685e-01	5.346203310367360e-02	3.000000000000000e-11	3.000000000000000e-07
9.610520e+03	1.070460624395865e-01	5.375260037366245e-02	3.000000000000000e-11	3.000000000000000e-07
9.817193e+03	1.075688341318462e-01	5.404482900131164e-02	3.000000000000000e-11	3.000000000000000e-07
1.000000e+04	1.080239354288105e-01	5.429944776531392e-02	3.000000000000000e-11	3.000000000000000e-07
1.021559e+04	1.085529629526899e-01	5.459562125091574e-02	3.000000000000000e-11	3.000000000000000e-07
1.043516e+04	1.090830557669302e-01	5.489262636878561e-02	3.000000000000000e-11	3.000000000000000e-07
1.065943e+04	1.096157675085510e-01	5.519132975799146e-02	3.000000000000000e-11	3.000000000000000e-07
1.088849e+04	1.101510784916753e-01	5.549171809360761e-02	3.000000000000000e-11	3.000000000000000e-07
1.112244e+04	1.106890023349509e-01	5.579379664349116e-02	3.000000000000000e-11	3.000000000000000e-07
1.136139e+04	1.112295520201779e-01	5.609757027076030e-02	3.000000000000000e-11	3.000000000000000e-07
1.160545e+04	1.117727406097608e-01	5.640304383626552e-02	3.000000000000000e-11	3.000000000000000e-07
1.185472e+04	1.123185812318096e-01	5.671022219083897e-02	3.000000000000000e-11	3.000000000000000e-07
1.210931e+04	1.128670870807187e-01	5.701911017624715e-02	3.000000000000000e-11	3.000000000000000e-07
1.236934e+04	1.134182714174188e-01	5.732971262598661e-02	3.000000000000000e-11	3.000000000000000e-07
1.263493e+04	1.139721475696354e-01	5.764203436610969e-02	3.000000000000000e-11	3.000000000000000e-07
1.290620e+04	1.145287289321478e-01	5.795608021607600e-02	3.000000000000000e-11	3.000000000000000e-07
1.318326e+04	1.150880289670479e-01	5.827185498962975e-02	3.000000000000000e-11	3.000000000000000e-07
1.346623e+04	1.156500612039992e-01	5.858936349570200e-02	3.000000000000000e-11	3.000000000000000e-07
1.375526e+04	1.162148392404966e-01	5.890861053933804e-02	3.000000000000000e-11	3.000000000000000e-07
1.405046e+04	1.167823767421261e-01	5.922960092264906e-02	3.000000000000000e-11	3.000000000000000e-07
1.435196e+04	1.173526874428247e-01	5.955233944578791e-02	3.000000000000000e-11	3.000000000000000e-07
1.465990e+04	1.179257851451415e-01	5.987683090794834e-02	3.000000000000000e-11	3.000000000000000e-07
1.497441e+04	1.185016837204983e-01	6.020308010838740e-02	3.000000000000000e-11	3.000000000000000e-07
1.529564e+04	1.190803971094516e-01	6.053109184747024e-02	3.000000000000000e-11	3.000000000000000e-07
1.562373e+04	1.196619393219549e-01	6.086087092773697e-02	3.000000000000000e-11	3.000000000000000e-07
1.595881e+04	1.202463244376213e-01	6.119242215499094e-02	3.000000000000000e-11	3.000000000000000e-07
1.630105e+04	1.208335666059872e-01	6.152575033940769e-02	3.000000000000000e-11	3.000000000000000e-07
1.665058e+04	1.214236800467772e-01	6.186086029666426e-02	3.000000000000000e-11	3.000000000000000e-07
1.700757e+04	1.220166790501684e-01	6.219775684908784e-02	3.000000000000000e-11	3.000000000000000e-07
1.737217e+04	1.226125779770573e-01	6.253644482682340e-02	3.000000000000000e-11	3.000000000000000e-07
1.774453e+04	1.232113912593269e-01	6.287692906901937e-02	3.000000000000000e-11	3.000000000000000e-07
1.812483e+04	1.238131334001140e-01	6.321921442503077e-02	3.000000000000000e-11	3.000000000000000e-07
1.851323e+04	1.244178189740793e-01	6.356330575563908e-02	3.000000000000000e-11	3.000000000000000e-07
1.890990e+04	1.250254626276774e-01	6.390920793428793e-02	3.000000000000000e-11	3.000000000000000e-07
1.931500e+04	1.256360790794279e-01	6.425692584833401e-02	3.000000000000000e-11	3.000000000000000e-07
1.972872e+04	1.262496831201889e-01	6.460646440031220e-02	3.000000000000000e-11	3.000000000000000e-07
2.015124e+04	1.268662896134310e-01	6.495782850921444e-02	3.000000000000000e-11	3.000000000000000e-07
2.058274e+04	1.274859134955122e-01	6.531102311178102e-02	3.000000000000000e-11	3.000000000000000e-07
2.102341e+04	1.281085697759560e-01	6.566605316380392e-02	3.000000000000000e-11	3.000000000000000e-07
2.147343e+04	1.287342735377289e-01	6.602292364144098e-02	3.000000000000000e-11	3.000000000000000e-07
2.193300e+04	1.293630399375215e-01	6.638163954254039e-02	3.000000000000000e-11	3.000000000000000e-07
2.240232e+04	1.299948842060294e-01	6.674220588797411e-02	3.000000000000000e-11	3.000000000000000e-07
2.288159e+04	1.306298216482378e-01	6.710462772297986e-02	3.000000000000000e-11	3.000000000000000e-07
2.337101e+04	1.312678676437060e-01	6.746891011851049e-02	3.000000000000000e-11	3.000000000000000e-07
2.387080e+04	1.319090376468549e-01	6.783505817258975e-02	3.000000000000000e-11	3.000000000000000e-07
2.438116e+04	1.325533471872563e-01	6.820307701167390e-02	3.000000000000000e-11	3.000000000000000e-07
2.490233e+04	1.332008118699239e-01	6.857297179201773e-02	3.000000000000000e-11	3.000000000000000e-07
2.543450e+04	1.338514473756068e-01	6.894474770104454e-02	3.000000000000000e-11	3.000000000000000e-07
2.597793e+04	1.345052694610844e-01	6.931840995871896e-02	3.000000000000000e-11	3.000000000000000e-07
2.653282e+04	1.351622939594642e-01	6.969396381892155e-02	3.000000000000000e-11	3.000000000000000e-07
2.709943e+04	1.358225367804813e-01	7.007141457082458e-02	3.000000000000000e-11	3.000000000000000e-07
2.767798e+04	1.364860139108010e-01	7.045076754026766e-02	3.000000000000000e-11	3.000000000000000e-07
2.826872e+04	1.371527414143228e-01	7.083202809113279e-02	3.000000000000000e-11	3.000000000000000e-07
2.887191e+04	1.378227354324873e-01	7.121520162671743e-02	3.000000000000000e-11	3.000000000000000e-07
2.948778e+04	1.384960121845858e-01	7.160029359110504e-02	3.000000000000000e-11	3.000000000000000e-07
3.011661e+04	1.391725879680723e-01	7.198730947053195e-02	3.000000000000000e-11	3.000000000000000e-07
3.075865e+04	1.398524791588775e-01	7.237625479474992e-02	3.000000000000000e-11	3.000000000000000e-07
3.141417e+04	1.405357022117266e-01	7.276713513838329e-02	3.000000000000000e-11	3.000000000000000e-07
3.208345e+04	1.412222736604588e-01	7.315995612227986e-02	3.000000000000000e-11	3.000000000000000e-07
3.276676e+04	1.419122101183502e-01	7.355472341485489e-02	3.000000000000000e-11	3.000000000000000e-07
3.346438e+04	1.426055282784393e-01	7.395144273342701e-02	3.000000000000000e-11	3.000000000000000e-07
3.417661e+04	1.433022449138552e-01	7.435011984554556e-02	3.000000000000000e-11	3.000000000000000e-07
3.490373e+04	1.440023768781492e-01	7.475076057030827e-02	3.000000000000000e-11	3.000000000000000e-07
3.564605e+04	1.447059411056286e-01	7.515337077966876e-02	3.000000000000000e-11	3.000000000000000e-07
3.640388e+04	1.454129546116947e-01	7.555795639973274e-02	3.000000000000000e-11	3.000000000000000e-07
3.717752e+04	1.461234344931825e-01	7.596452341204248e-02	3.000000000000000e-11	3.000000000000000e-07
3.796729e+04	1.468373979287043e-01	7.637307785484863e-02	3.000000000000000e-11	3.000000000000000e-07
3.877351e+04	1.475548621789969e-01	7.678362582436878e-02	3.000000000000000e-11	3.000000000000000e-07
3.959651e+04	1.482758445872705e-01	7.719617347603180e-02	3.000000000000000e-11	3.000000000000000e-07
4.043663e+04	1.490003625795626e-01	7.761072702570779e-02	3.000000000000000e-11	3.000000000000000e-07
4.129420e+04	1.497284336650936e-01	7.802729275092245e-02	3.000000000000000e-11	3.000000000000000e-07
4.216958e+04	1.504600754366271e-01	7.844587699205552e-02	3.000000000000000e-11	3.000000000000000e-07
4.306311e+04	1.511953055708323e-01	7.886648615352281e-02	3.000000000000000e-11	3.000000000000000e-07
4.397516e+04	1.519341418286506e-01	7.928912670494084e-02	3.000000000000000e-11	3.000000000000000e-07
4.490610e+04	1.526766020556653e-01	7.971380518227403e-02	3.000000000000000e-11	3.000000000000000e-07
4.585629e+04	1.534227041824749e-01	8.014052818896342e-02	3.000000000000000e-11	3.000000000000000e-07
4.682612e+04	1.541724662250693e-01	8.056930239703684e-02	3.000000000000000e-11	3.000000000000000e-07
4.781598e+04	1.549259062852107e-01	8.100013454819989e-02	3.000000000000000e-11	3.000000000000000e-07
4.882626e+04	1.556830425508164e-01	8.143303145490718e-02	3.000000000000000e-11	3.000000000000000e-07
4.985736e+04	1.564438932963464e-01	8.186800000141356e-02	3.000000000000000e-11	3.000000000000000e-07
5.090969e+04	1.572084768831944e-01	8.230504714480498e-02	3.000000000000000e-11	3.000000000000000e-07
5.198367e+04	1.579768117600814e-01	8.274417991600840e-02	3.000000000000000e-11	3.000000000000000e-07
5.307972e+04	1.587489164634542e-01	8.318540542078073e-02	3.000000000000000e-11	3.000000000000000e-07
5.419828e+04	1.595248096178866e-01	8.362873084067624e-02	3.000000000000000e-11	3.000000000000000e-07
5.533979e+04	1.603045099364849e-01	8.407416343399221e-02	3.000000000000000e-11	3.000000000000000e-07
5.650468e+04	1.610880362212961e-01	8.452171053669276e-02	3.000000000000000e-11	3.000000000000000e-07
5.769343e+04	1.618754073637210e-01	8.497137956331031e-02	3.000000000000000e-11	3.000000000000000e-07
5.890650e+04	1.626666423449297e-01	8.542317800782490e-02	3.000000000000000e-11	3.000000000000000e-07
6.014435e+04	1.634617602362818e-01	8.587711344452068e-02	3.000000000000000e-11	3.000000000000000e-07
6.140748e+04	1.642607801997498e-01	8.633319352881999e-02	3.000000000000000e-11	3.000000000000000e-07
6.269636e+04	1.650637214883458e-01	8.679142599809453e-02	3.000000000000000e-11	3.000000000000000e-07
6.401151e+04	1.658706034465530e-01	8.725181867245362e-02	3.000000000000000e-11	3.000000000000000e-07
6.535343e+04	1.666814455107598e-01	8.771437945550961e-02	3.000000000000000e-11	3.000000000000000e-07
6.672264e+04	1.674962672096980e-01	8.817911633512038e-02	3.000000000000000e-11	3.000000000000000e-07
6.811966e+04	1.683150881648849e-01	8.864603738410874e-02	3.000000000000000e-11	3.000000000000000e-07
6.954504e+04	1.691379280910690e-01	8.911515076095895e-02	3.000000000000000e-11	3.000000000000000e-07
7.099931e+04	1.699648067966789e-01	8.958646471049046e-02	3.000000000000000e-11	3.000000000000000e-07
7.248304e+04	1.707957441842768e-01	9.005998756450868e-02	3.000000000000000e-11	3.000000000000000e-07
7.399680e+04	1.716307602510148e-01	9.053572774243310e-02	3.000000000000000e-11	3.000000000000000e-07
7.554116e+04	1.724698750890956e-01	9.101369375190274e-02	3.000000000000000e-11	3.000000000000000e-07
7.711671e+04	1.733131088862364e-01	9.149389418935926e-02	3.000000000000000e-11	3.000000000000000e-07
7.872404e+04	1.741604819261366e-01	9.197633774060757e-02	3.000000000000000e-11	3.000000000000000e-07
8.036377e+04	1.750120145889495e-01	9.246103318135454e-02	3.000000000000000e-11	3.000000000000000e-07
8.203652e+04	1.758677273517568e-01	9.294798937772560e-02	3.000000000000000e-11	3.000000000000000e-07
8.374292e+04	1.767276407890482e-01	9.343721528675973e-02	3.000000000000000e-11	3.000000000000000e-07
8.548360e+04	1.775917755732027e-01	9.392871995688300e-02	3.000000000000000e-11	3.000000000000000e-07
8.725924e+04	1.784601524749757e-01	9.442251252836087e-02	3.000000000000000e-11	3.000000000000000e-07
8.907048e+04	1.793327923639876e-01	9.491860223372967e-02	3.000000000000000e-11	3.000000000000000e-07
9.091802e+04	1.802097162092178e-01	9.541699839820733e-02	3.000000000000000e-11	3.000000000000000e-07
9.280254e+04	1.810909450795010e-01	9.591771044008390e-02	3.000000000000000e-11	3.000000000000000e-07
9.472474e+04	1.819765001440282e-01	9.642074787109207e-02	3.000000000000000e-11	3.000000000000000e-07
9.668535e+04	1.828664026728498e-01	9.692612029675804e-02	3.000000000000000e-11	3.000000000000000e-07
9.868508e+04	1.837606740373841e-01	9.743383741673307e-02	3.000000000000000e-11	3.000000000000000e-07
1.000000e+05	1.843405356493555e-01	9.776298122116114e-02	3.000000000000000e-11	3.000000000000000e-07
1.020802e+05	1.852483472891288e-01	9.827815465379672e-02	3.000000000000000e-11	3.000000000000000e-07
1.041871e+05	1.861541883336644e-01	9.879206864484479e-02	3.000000000000000e-11	3.000000000000000e-07
1.063362e+05	1.870646031887263e-01	9.930843509051460e-02	3.000000000000000e-11	3.000000000000000e-07
1.085279e+05	1.879794851798362e-01	9.982719120940771e-02	3.000000000000000e-11	3.000000000000000e-07
1.107632e+05	1.888988587912866e-01	1.003483486734912e-01	3.000000000000000e-11	3.000000000000000e-07
1.130428e+05	1.898227460322749e-01	1.008719177872049e-01	3.000000000000000e-11	3.000000000000000e-07
1.153676e+05	1.907511690681064e-01	1.013979089798319e-01	3.000000000000000e-11	3.000000000000000e-07
1.177383e+05	1.916841501689942e-01	1.019263327763423e-01	3.000000000000000e-11	3.000000000000000e-07
1.201560e+05	1.926217117116179e-01	1.024571997981350e-01	3.000000000000000e-11	3.000000000000000e-07
1.226214e+05	1.935638761796474e-01	1.029905207631775e-01	3.000000000000000e-11	3.000000000000000e-07
1.251354e+05	1.945106661642916e-01	1.035263064861431e-01	3.000000000000000e-11	3.000000000000000e-07
1.276991e+05	1.954621043648496e-01	1.040645678785334e-01	3.000000000000000e-11	3.000000000000000e-07
1.303132e+05	1.964182135892651e-01	1.046053159487874e-01	3.000000000000000e-11	3.000000000000000e-07
1.329788e+05	1.973790167546848e-01	1.051485618023792e-01	3.000000000000000e-11	3.000000000000000e-07
1.356967e+05	1.983445368880193e-01	1.056943166419000e-01	3.000000000000000e-11	3.000000000000000e-07
1.384681e+05	1.993147971265077e-01	1.062425917671312e-01	3.000000000000000e-11	3.000000000000000e-07
1.412939e+05	2.002898207182859e-01	1.067933985751037e-01	3.000000000000000e-11	3.000000000000000e-07
1.441751e+05	2.012696310229572e-01	1.073467485601479e-01	3.000000000000000e-11	3.000000000000000e-07
1.471127e+05	2.022542515121672e-01	1.079026533139317e-01	3.000000000000000e-11	3.000000000000000e-07
1.501078e+05	2.032437057701813e-01	1.084611245254890e-01	3.000000000000000e-11	3.000000000000000e-07
1.531615e+05	2.042380174944657e-01	1.090221739812383e-01	3.000000000000000e-11	3.000000000000000e-07
1.562749e+05	2.052372104962713e-01	1.095858135649927e-01	3.000000000000000e-11	3.000000000000000e-07
1.594490e+05	2.062413087012215e-01	1.101520552579600e-01	3.000000000000000e-11	3.000000000000000e-07
1.626851e+05	2.072503361499023e-01	1.107209111387359e-01	3.000000000000000e-11	3.000000000000000e-07
1.659842e+05	2.082643169984567e-01	1.112923933832882e-01	3.000000000000000e-11	3.000000000000000e-07
1.693475e+05	2.092832755191810e-01	1.118665142649344e-01	3.000000000000000e-11	3.000000000000000e-07
1.727763e+05	2.103072361011253e-01	1.124432861543124e-01	3.000000000000000e-11	3.000000000000000e-07
1.762717e+05	2.113362232506964e-01	1.130227215193441e-01	3.000000000000000e-11	3.000000000000000e-07
1.798350e+05	2.123702615922649e-01	1.136048329251938e-01	3.000000000000000e-11	3.000000000000000e-07
1.834674e+05	2.134093758687742e-01	1.141896330342209e-01	3.000000000000000e-11	3.000000000000000e-07
1.871703e+05	2.144535909423533e-01	1.147771346059266e-01	3.000000000000000e-11	3.000000000000000e-07
1.909449e+05	2.155029317949327e-01	1.153673504968972e-01	3.000000000000000e-11	3.000000000000000e-07
1.947925e+05	2.165574235288635e-01	1.159602936607424e-01	3.000000000000000e-11	3.000000000000000e-07
1.987145e+05	2.176170913675392e-01	1.165559771480297e-01	3.000000000000000e-11	3.000000000000000e-07
2.027124e+05	2.186819606560207e-01	1.171544141062156e-01	3.000000000000000e-11	3.000000000000000e-07
2.067874e+05	2.197520568616653e-01	1.177556177795738e-01	3.000000000000000e-11	3.000000000000000e-07
2.109411e+05	2.208274055747572e-01	1.183596015091204e-01	3.000000000000000e-11	3.000000000000000e-07
2.151748e+05	2.219080325091424e-01	1.189663787325371e-01	3.000000000000000e-11	3.000000000000000e-07
2.194900e+05	2.229939635028660e-01	1.195759629840925e-01	3.000000000000000e-11	3.000000000000000e-07
2.238884e+05	2.240852245188130e-01	1.201883678945618e-01	3.000000000000000e-11	3.000000000000000e-07
2.283713e+05	2.251818416453519e-01	1.208036071911455e-01	3.000000000000000e-11	3.000000000000000e-07
2.329403e+05	2.262838410969813e-01	1.214216946973869e-01	3.000000000000000e-11	3.000000000000000e-07
2.375971e+05	2.273912492149800e-01	1.220426443330895e-01	3.000000000000000e-11	3.000000000000000e-07
2.423433e+05	2.285040924680594e-01	1.226664701142344e-01	3.000000000000000e-11	3.000000000000000e-07
2.471805e+05	2.296223974530202e-01	1.232931861528975e-01	3.000000000000000e-11	3.000000000000000e-07
2.521103e+05	2.307461908954106e-01	1.239228066571674e-01	3.000000000000000e-11	3.000000000000000e-07
2.571345e+05	2.318754996501892e-01	1.245553459310641e-01	3.000000000000000e-11	3.000000000000000e-07
2.622549e+05	2.330103507023896e-01	1.251908183744594e-01	3.000000000000000e-11	3.000000000000000e-07
2.674731e+05	2.341507711677887e-01	1.258292384829977e-01	3.000000000000000e-11	3.000000000000000e-07
2.727910e+05	2.352967882935783e-01	1.264706208480190e-01	3.000000000000000e-11	3.000000000000000e-07
2.782105e+05	2.364484294590394e-01	1.271149801564847e-01	3.000000000000000e-11	3.000000000000000e-07
2.837333e+05	2.376057221762194e-01	1.277623311909043e-01	3.000000000000000e-11	3.000000000000000e-07
2.893615e+05	2.387686940906130e-01	1.284126888292655e-01	3.000000000000000e-11	3.000000000000000e-07
2.950968e+05	2.399373729818457e-01	1.290660680449668e-01	3.000000000000000e-11	3.000000000000000e-07
3.009414e+05	2.411117867643606e-01	1.297224839067534e-01	3.000000000000000e-11	3.000000000000000e-07
3.068972e+05	2.422919634881082e-01	1.303819515786560e-01	3.000000000000000e-11	3.000000000000000e-07
3.129661e+05	2.434779313392394e-01	1.310444863199332e-01	3.000000000000000e-11	3.000000000000000e-07
3.191505e+05	2.446697186408014e-01	1.317101034850178e-01	3.000000000000000e-11	3.000000000000000e-07
3.254522e+05	2.458673538534372e-01	1.323788185234668e-01	3.000000000000000e-11	3.000000000000000e-07
3.318735e+05	2.470708655760874e-01	1.330506469799156e-01	3.000000000000000e-11	3.000000000000000e-07
3.384166e+05	2.482802825466963e-01	1.337256044940366e-01	3.000000000000000e-11	3.000000000000000e-07
3.450837e+05	2.494956336429198e-01	1.344037068005020e-01	3.000000000000000e-11	3.000000000000000e-07
3.518771e+05	2.507169478828379e-01	1.350849697289514e-01	3.000000000000000e-11	3.000000000000000e-07
3.587991e+05	2.519442544256687e-01	1.357694092039649e-01	3.000000000000000e-11	3.000000000000000e-07
3.658520e+05	2.531775825724872e-01	1.364570412450399e-01	3.000000000000000e-11	3.000000000000000e-07
3.730382e+05	2.544169617669463e-01	1.371478819665742e-01	3.000000000000000e-11	3.000000000000000e-07
3.803603e+05	2.556624215960011e-01	1.378419475778538e-01	3.000000000000000e-11	3.000000000000000e-07
3.878206e+05	2.569139917906368e-01	1.385392543830466e-01	3.000000000000000e-11	3.000000000000000e-07
3.954217e+05	2.581717022265994e-01	1.392398187812010e-01	3.000000000000000e-11	3.000000000000000e-07
4.031662e+05	2.594355829251296e-01	1.399436572662509e-01	3.000000000000000e-11	3.000000000000000e-07
4.110566e+05	2.607056640537010e-01	1.406507864270264e-01	3.000000000000000e-11	3.000000000000000e-07
4.190958e+05	2.619819759267594e-01	1.413612229472697e-01	3.000000000000000e-11	3.000000000000000e-07
4.272863e+05	2.632645490064677e-01	1.420749836056584e-01	3.000000000000000e-11	3.000000000000000e-07
4.356310e+05	2.645534139034524e-01	1.427920852758335e-01	3.000000000000000e-11	3.000000000000000e-07
4.441326e+05	2.658486013775545e-01	1.435125449264344e-01	3.000000000000000e-11	3.000000000000000e-07
4.527940e+05	2.671501423385829e-01	1.442363796211408e-01	3.000000000000000e-11	3.000000000000000e-07
4.616182e+05	2.684580678470717e-01	1.449636065187192e-01	3.000000000000000e-11	3.000000000000000e-07
4.706082e+05	2.697724091150404e-01	1.456942428730780e-01	3.000000000000000e-11	3.000000000000000e-07
4.797669e+05	2.710931975067577e-01	1.464283060333276e-01	3.000000000000000e-11	3.000000000000000e-07
4.890974e+05	2.724204645395090e-01	1.471658134438478e-01	3.000000000000000e-11	3.000000000000000e-07
4.986028e+05	2.737542418843661e-01	1.479067826443617e-01	3.000000000000000e-11	3.000000000000000e-07
5.082865e+05	2.750945613669624e-01	1.486512312700164e-01	3.000000000000000e-11	3.000000000000000e-07
5.181515e+05	2.764414549682687e-01	1.493991770514706e-01	3.000000000000000e-11	3.000000000000000e-07
5.282013e+05	2.777949548253754e-01	1.501506378149884e-01	3.000000000000000e-11	3.000000000000000e-07
5.384391e+05	2.791550932322759e-01	1.509056314825407e-01	3.000000000000000e-11	3.000000000000000e-07
5.488685e+05	2.805219026406546e-01	1.516641760719134e-01	3.000000000000000e-11	3.000000000000000e-07
5.594929e+05	2.818954156606781e-01	1.524262896968219e-01	3.000000000000000e-11	3.000000000000000e-07
5.703158e+05	2.832756650617900e-01	1.531919905670332e-01	3.000000000000000e-11	3.000000000000000e-07
5.813410e+05	2.846626837735089e-01	1.539612969884946e-01	3.000000000000000e-11	3.000000000000000e-07
5.925720e+05	2.860565048862306e-01	1.547342273634697e-01	3.000000000000000e-11	3.000000000000000e-07
6.040126e+05	2.874571616520333e-01	1.555108001906811e-01	3.000000000000000e-11	3.000000000000000e-07
6.156668e+05	2.888646874854864e-01	1.562910340654605e-01	3.000000000000000e-11	3.000000000000000e-07
6.275382e+05	2.902791159644632e-01	1.570749476799050e-01	3.000000000000000e-11	3.000000000000000e-07
6.396310e+05	2.917004808309574e-01	1.578625598230417e-01	3.000000000000000e-11	3.000000000000000e-07
6.519491e+05	2.931288159919025e-01	1.586538893809980e-01	3.000000000000000e-11	3.000000000000000e-07
6.644966e+05	2.945641555199955e-01	1.594489553371801e-01	3.000000000000000e-11	3.000000000000000e-07
6.772778e+05	2.960065336545244e-01	1.602477767724576e-01	3.000000000000000e-11	3.000000000000000e-07
6.902968e+05	2.974559848021984e-01	1.610503728653554e-01	3.000000000000000e-11	3.000000000000000e-07
7.035581e+05	2.989125435379836e-01	1.618567628922531e-01	3.000000000000000e-11	3.000000000000000e-07
7.170660e+05	3.003762446059405e-01	1.626669662275907e-01	3.000000000000000e-11	3.000000000000000e-07
7.308250e+05	3.018471229200666e-01	1.634810023440816e-01	3.000000000000000e-11	3.000000000000000e-07
7.448398e+05	3.033252135651424e-01	1.642988908129324e-01	3.000000000000000e-11	3.000000000000000e-07
7.591148e+05	3.048105517975811e-01	1.651206513040700e-01	3.000000000000000e-11	3.000000000000000e-07
7.736550e+05	3.063031730462823e-01	1.659463035863751e-01	3.000000000000000e-11	3.000000000000000e-07
7.884651e+05	3.078031129134895e-01	1.667758675279229e-01	3.000000000000000e-11	3.000000000000000e-07
8.035500e+05	3.093104071756516e-01	1.676093630962307e-01	3.000000000000000e-11	3.000000000000000e-07
8.189148e+05	3.108250917842880e-01	1.684468103585123e-01	3.000000000000000e-11	3.000000000000000e-07
8.345645e+05	3.123472028668580e-01	1.692882294819390e-01	3.000000000000000e-11	3.000000000000000e-07
8.505044e+05	3.138767767276340e-01	1.701336407339077e-01	3.000000000000000e-11	3.000000000000000e-07
8.667396e+05	3.154138498485786e-01	1.709830644823152e-01	3.000000000000000e-11	3.000000000000000e-07
8.832757e+05	3.169584588902258e-01	1.718365211958404e-01	3.000000000000000e-11	3.000000000000000e-07
9.001180e+05	3.185106406925663e-01	1.726940314442314e-01	3.000000000000000e-11	3.000000000000000e-07
9.172722e+05	3.200704322759367e-01	1.735556158986009e-01	3.000000000000000e-11	3.000000000000000e-07
9.347439e+05	3.216378708419125e-01	1.744212953317275e-01	3.000000000000000e-11	3.000000000000000e-07
9.525389e+05	3.232129937742060e-01	1.752910906183630e-01	3.000000000000000e-11	3.000000000000000e-07
9.706630e+05	3.247958386395678e-01	1.761650227355476e-01	3.000000000000000e-11	3.000000000000000e-07
9.891224e+05	3.263864431886922e-01	1.770431127629304e-01	3.000000000000000e-11	3.000000000000000e-07
1.000000e+06	3.273121901807211e-01	1.775541060014830e-01	3.000000000000000e-11	3.000000000000000e-07
1.019148e+06	3.289274841685449e-01	1.784456257600646e-01	3.000000000000000e-11	3.000000000000000e-07
1.038501e+06	3.305381168680012e-01	1.793344479841004e-01	3.000000000000000e-11	3.000000000000000e-07
1.058213e+06	3.321568754292223e-01	1.802276310967146e-01	3.000000000000000e-11	3.000000000000000e-07
1.078290e+06	3.337835650354954e-01	1.811250678272893e-01	3.000000000000000e-11	3.000000000000000e-07
1.098738e+06	3.354182287550591e-01	1.820267821928599e-01	3.000000000000000e-11	3.000000000000000e-07
1.119563e+06	3.370609054950393e-01	1.829327959143138e-01	3.000000000000000e-11	3.000000000000000e-07
1.140773e+06	3.387116344331439e-01	1.838431308617238e-01	3.000000000000000e-11	3.000000000000000e-07
1.162373e+06	3.403704549375193e-01	1.847578090099860e-01	3.000000000000000e-11	3.000000000000000e-07
1.184373e+06	3.420374065691803e-01	1.856768524400184e-01	3.000000000000000e-11	3.000000000000000e-07
1.206778e+06	3.437125290829346e-01	1.866002833391335e-01	3.000000000000000e-11	3.000000000000000e-07
1.229596e+06	3.453958624283387e-01	1.875281240014315e-01	3.000000000000000e-11	3.000000000000000e-07
1.252834e+06	3.470874467506573e-01	1.884603968281993e-01	3.000000000000000e-11	3.000000000000000e-07
1.276502e+06	3.487873223918286e-01	1.893971243283155e-01	3.000000000000000e-11	3.000000000000000e-07
1.300605e+06	3.504955298914326e-01	1.903383291186611e-01	3.000000000000000e-11	3.000000000000000e-07
1.325152e+06	3.522121099876649e-01	1.912840339245363e-01	3.000000000000000e-11	3.000000000000000e-07
1.350151e+06	3.539371036183147e-01	1.922342615800828e-01	3.000000000000000e-11	3.000000000000000e-07
1.375611e+06	3.556705519217476e-01	1.931890350287121e-01	3.000000000000000e-11	3.000000000000000e-07
1.401539e+06	3.574124962378925e-01	1.941483773235393e-01	3.000000000000000e-11	3.000000000000000e-07
1.427945e+06	3.591629781092339e-01	1.951123116278224e-01	3.000000000000000e-11	3.000000000000000e-07
1.454837e+06	3.609220392818084e-01	1.960808612154079e-01	3.000000000000000e-11	3.000000000000000e-07
1.482223e+06	3.626897217062057e-01	1.970540494711811e-01	3.000000000000000e-11	3.000000000000000e-07
1.510113e+06	3.644660675385749e-01	1.980318998915225e-01	3.000000000000000e-11	3.000000000000000e-07
1.538516e+06	3.662511191416351e-01	1.990144360847693e-01	3.000000000000000e-11	3.000000000000000e-07
1.567442e+06	3.680449190856908e-01	2.000016817716831e-01	3.000000000000000e-11	3.000000000000000e-07
1.596899e+06	3.698475101496527e-01	2.009936607859218e-01	3.000000000000000e-11	3.000000000000000e-07
1.626898e+06	3.716589353220621e-01	2.019903970745180e-01	3.000000000000000e-11	3.000000000000000e-07
1.657449e+06	3.734792378021216e-01	2.029919146983621e-01	3.000000000000000e-11	3.000000000000000e-07
1.688560e+06	3.753084610007295e-01	2.039982378326909e-01	3.000000000000000e-11	3.000000000000000e-07
1.720244e+06	3.771466485415199e-01	2.050093907675812e-01	3.000000000000000e-11	3.000000000000000e-07
1.752509e+06	3.789938442619072e-01	2.060253979084493e-01	3.000000000000000e-11	3.000000000000000e-07
1.785368e+06	3.808500922141360e-01	2.070462837765547e-01	3.000000000000000e-11	3.000000000000000e-07
1.818829e+06	3.827154366663355e-01	2.080720730095096e-01	3.000000000000000e-11	3.000000000000000e-07
1.852905e+06	3.845899221035797e-01	2.091027903617935e-01	3.000000000000000e-11	3.000000000000000e-07
1.887607e+06	3.864735932289515e-01	2.101384607052723e-01	3.000000000000000e-11	3.000000000000000e-07
1.922946e+06	3.883664949646132e-01	2.111791090297235e-01	3.000000000000000e-11	3.000000000000000e-07
1.958934e+06	3.902686724528807e-01	2.122247604433649e-01	3.000000000000000e-11	3.000000000000000e-07
1.995582e+06	3.921801710573045e-01	2.132754401733898e-01	3.000000000000000e-11	3.000000000000000e-07
2.032902e+06	3.941010363637539e-01	2.143311735665061e-01	3.000000000000000e-11	3.000000000000000e-07
2.070908e+06	3.960313141815083e-01	2.153919860894808e-01	3.000000000000000e-11	3.000000000000000e-07
2.109610e+06	3.979710505443521e-01	2.164579033296889e-01	3.000000000000000e-11	3.000000000000000e-07
2.149023e+06	3.999202917116760e-01	2.175289509956679e-01	3.000000000000000e-11	3.000000000000000e-07
2.189158e+06	4.018790841695833e-01	2.186051549176762e-01	3.000000000000000e-11	3.000000000000000e-07
2.230030e+06	4.038474746320008e-01	2.196865410482571e-01	3.000000000000000e-11	3.000000000000000e-07
2.271651e+06	4.058255100417961e-01	2.207731354628069e-01	3.000000000000000e-11	3.000000000000000e-07
2.314035e+06	4.078132375718992e-01	2.218649643601482e-01	3.000000000000000e-11	3.000000000000000e-07
2.357196e+06	4.098107046264307e-01	2.229620540631076e-01	3.000000000000000e-11	3.000000000000000e-07
2.401149e+06	4.118179588418342e-01	2.240644310190983e-01	3.000000000000000e-11	3.000000000000000e-07
2.445907e+06	4.138350480880148e-01	2.251721218007069e-01	3.000000000000000e-11	3.000000000000000e-07
2.491485e+06	4.158620204694831e-01	2.262851531062856e-01	3.000000000000000e-11	3.000000000000000e-07
2.537899e+06	4.178989243265046e-01	2.274035517605481e-01	3.000000000000000e-11	3.000000000000000e-07
2.585163e+06	4.199458082362543e-01	2.285273447151707e-01	3.000000000000000e-11	3.000000000000000e-07
2.633294e+06	4.220027210139774e-01	2.296565590493979e-01	3.000000000000000e-11	3.000000000000000e-07
2.682306e+06	4.240697117141554e-01	2.307912219706520e-01	3.000000000000000e-11	3.000000000000000e-07
2.732216e+06	4.261468296316775e-01	2.319313608151477e-01	3.000000000000000e-11	3.000000000000000e-07
2.783041e+06	4.282341243030184e-01	2.330770030485114e-01	3.000000000000000e-11	3.000000000000000e-07
2.834796e+06	4.303316455074206e-01	2.342281762664041e-01	3.000000000000000e-11	3.000000000000000e-07
2.887499e+06	4.324394432680841e-01	2.353849081951497e-01	3.000000000000000e-11	3.000000000000000e-07
2.941168e+06	4.345575678533599e-01	2.365472266923668e-01	3.000000000000000e-11	3.000000000000000e-07
2.995820e+06	4.366860697779506e-01	2.377151597476060e-01	3.000000000000000e-11	3.000000000000000e-07
3.051472e+06	4.388249998041169e-01	2.388887354829905e-01	3.000000000000000e-11	3.000000000000000e-07
3.108143e+06	4.409744089428887e-01	2.400679821538619e-01	3.000000000000000e-11	3.000000000000000e-07
3.165852e+06	4.431343484552834e-01	2.412529281494295e-01	3.000000000000000e-11	3.000000000000000e-07
3.224618e+06	4.453048698535292e-01	2.424436019934253e-01	3.000000000000000e-11	3.000000000000000e-07
3.284459e+06	4.474860249022948e-01	2.436400323447616e-01	3.000000000000000e-11	3.000000000000000e-07
3.345396e+06	4.496778656199251e-01	2.448422479981942e-01	3.000000000000000e-11	3.000000000000000e-07
3.407449e+06	4.518804442796824e-01	2.460502778849898e-01	3.000000000000000e-11	3.000000000000000e-07
3.470637e+06	4.540938134109938e-01	2.472641510735968e-01	3.000000000000000e-11	3.000000000000000e-07
3.534982e+06	4.563180258007052e-01	2.484838967703211e-01	3.000000000000000e-11	3.000000000000000e-07
3.600504e+06	4.585531344943408e-01	2.497095443200067e-01	3.000000000000000e-11	3.000000000000000e-07
3.667226e+06	4.607991927973686e-01	2.509411232067187e-01	3.000000000000000e-11	3.000000000000000e-07
3.735169e+06	4.630562542764727e-01	2.521786630544327e-01	3.000000000000000e-11	3.000000000000000e-07
3.804355e+06	4.653243727608308e-01	2.534221936277272e-01	3.000000000000000e-11	3.000000000000000e-07
3.874807e+06	4.676036023433993e-01	2.546717448324801e-01	3.000000000000000e-11	3.000000000000000e-07
3.946549e+06	4.698939973822031e-01	2.559273467165702e-01	3.000000000000000e-11	3.000000000000000e-07
4.019603e+06	4.721956125016326e-01	2.571890294705827e-01	3.000000000000000e-11	3.000000000000000e-07
4.093995e+06	4.745085025937471e-01	2.584568234285181e-01	3.000000000000000e-11	3.000000000000000e-07
4.169747e+06	4.768327228195838e-01	2.597307590685063e-01	3.000000000000000e-11	3.000000000000000e-07
4.246885e+06	4.791683286104739e-01	2.610108670135246e-01	3.000000000000000e-11	3.000000000000000e-07
4.325435e+06	4.815153756693646e-01	2.622971780321194e-01	3.000000000000000e-11	3.000000000000000e-07
4.405422e+06	4.838739199721479e-01	2.635897230391330e-01	3.000000000000000e-11	3.000000000000000e-07
4.486872e+06	4.862440177689956e-01	2.648885330964335e-01	3.000000000000000e-11	3.000000000000000e-07
4.569812e+06	4.886257255857007e-01	2.661936394136498e-01	3.000000000000000e-11	3.000000000000000e-07
4.654270e+06	4.910191002250260e-01	2.675050733489103e-01	3.000000000000000e-11	3.000000000000000e-07
4.740273e+06	4.934241987680586e-01	2.688228664095859e-01	3.000000000000000e-11	3.000000000000000e-07
4.827849e+06	4.958410785755707e-01	2.701470502530370e-01	3.000000000000000e-11	3.000000000000000e-07
4.917027e+06	4.982697972893885e-01	2.714776566873649e-01	3.000000000000000e-11	3.000000000000000e-07
5.007836e+06	5.007104128337657e-01	2.728147176721673e-01	3.000000000000000e-11	3.000000000000000e-07
5.100307e+06	5.031629834167657e-01	2.741582653192979e-01	3.000000000000000e-11	3.000000000000000e-07
5.194470e+06	5.056275675316491e-01	2.755083318936302e-01	3.000000000000000e-11	3.000000000000000e-07
5.290354e+06	5.081042239582685e-01	2.768649498138253e-01	3.000000000000000e-11	3.000000000000000e-07
5.387993e+06	5.105930117644704e-01	2.782281516531044e-01	3.000000000000000e-11	3.000000000000000e-07
5.487418e+06	5.130939903075034e-01	2.795979701400250e-01	3.000000000000000e-11	3.000000000000000e-07
5.588662e+06	5.156072192354333e-01	2.809744381592609e-01	3.000000000000000e-11	3.000000000000000e-07
5.691758e+06	5.181327584885660e-01	2.823575887523877e-01	3.000000000000000e-11	3.000000000000000e-07
5.796739e+06	5.206706683008756e-01	2.837474551186708e-01	3.000000000000000e-11	3.000000000000000e-07
5.903641e+06	5.232210092014415e-01	2.851440706158589e-01	3.000000000000000e-11	3.000000000000000e-07
6.012498e+06	5.257838420158910e-01	2.865474687609814e-01	3.000000000000000e-11	3.000000000000000e-07
6.123347e+06	5.283592278678494e-01	2.879576832311490e-01	3.000000000000000e-11	3.000000000000000e-07
6.236224e+06	5.309472281803974e-01	2.893747478643602e-01	3.000000000000000e-11	3.000000000000000e-07
6.351165e+06	5.335479046775357e-01	2.907986966603105e-01	3.000000000000000e-11	3.000000000000000e-07
6.468209e+06	5.361613193856558e-01	2.922295637812067e-01	3.000000000000000e-11	3.000000000000000e-07
6.587394e+06	5.387875346350198e-01	2.936673835525849e-01	3.000000000000000e-11	3.000000000000000e-07
6.708759e+06	5.414266130612453e-01	2.951121904641333e-01	3.000000000000000e-11	3.000000000000000e-07
6.832344e+06	5.440786176067989e-01	2.965640191705183e-01	3.000000000000000e-11	3.000000000000000e-07
6.958191e+06	5.467436115224968e-01	2.980229044922161e-01	3.000000000000000e-11	3.000000000000000e-07
7.086339e+06	5.494216583690127e-01	2.994888814163474e-01	3.000000000000000e-11	3.000000000000000e-07
7.216832e+06	5.521128220183925e-01	3.009619850975168e-01	3.000000000000000e-11	3.000000000000000e-07
7.349712e+06	5.548171666555773e-01	3.024422508586566e-01	3.000000000000000e-11	3.000000000000000e-07
7.485023e+06	5.575347567799337e-01	3.039297141918751e-01	3.000000000000000e-11	3.000000000000000e-07
7.622810e+06	5.602656572067900e-01	3.054244107593082e-01	3.000000000000000e-11	3.000000000000000e-07
7.763117e+06	5.630099330689829e-01	3.069263763939761e-01	3.000000000000000e-11	3.000000000000000e-07
7.905991e+06	5.657676498184090e-01	3.084356471006444e-01	3.000000000000000e-11	3.000000000000000e-07
8.051480e+06	5.685388732275851e-01	3.099522590566893e-01	3.000000000000000e-11	3.000000000000000e-07
8.199630e+06	5.713236693912161e-01	3.114762486129664e-01	3.000000000000000e-11	3.000000000000000e-07
8.350492e+06	5.741221047277708e-01	3.130076522946851e-01	3.000000000000000e-11	3.000000000000000e-07
8.504113e+06	5.769342459810642e-01	3.145465068022868e-01	3.000000000000000e-11	3.000000000000000e-07
8.660546e+06	5.797601602218492e-01	3.160928490123270e-01	3.000000000000000e-11	3.000000000000000e-07
8.819840e+06	5.825999148494149e-01	3.176467159783623e-01	3.000000000000000e-11	3.000000000000000e-07
8.982050e+06	5.854535775931931e-01	3.192081449318421e-01	3.000000000000000e-11	3.000000000000000e-07
9.147228e+06	5.883212165143729e-01	3.207771732830035e-01	3.000000000000000e-11	3.000000000000000e-07
9.315429e+06	5.912029000075225e-01	3.223538386217722e-01	3.000000000000000e-11	3.000000000000000e-07
9.486708e+06	5.940986968022202e-01	3.239381787186665e-01	3.000000000000000e-11	3.000000000000000e-07
9.661122e+06	5.970086759646912e-01	3.255302315257061e-01	3.000000000000000e-11	3.000000000000000e-07
9.838728e+06	5.999329068994554e-01	3.271300351773262e-01	3.000000000000000e-11	3.000000000000000e-07
1.000000e+07	6.025539551207506e-01	3.285639323067347e-01	3.000000000000000e-11	3.000000000000000e-07
1.018417e+07	6.055111071135463e-01	3.301816596357871e-01	3.000000000000000e-11	3.000000000000000e-07
1.037134e+07	6.084768743056663e-01	3.318040546935614e-01	3.000000000000000e-11	3.000000000000000e-07
1.056194e+07	6.114572727083962e-01	3.334344087915028e-01	3.000000000000000e-11	3.000000000000000e-07
1.075603e+07	6.144522655692720e-01	3.350727019780239e-01	3.000000000000000e-11	3.000000000000000e-07
1.095368e+07	6.174619262766882e-01	3.367189745515739e-01	3.000000000000000e-11	3.000000000000000e-07
1.115494e+07	6.204863265773632e-01	3.383732659099937e-01	3.000000000000000e-11	3.000000000000000e-07
1.135989e+07	6.235255386057172e-01	3.400356156606696e-01	3.000000000000000e-11	3.000000000000000e-07
1.156859e+07	6.265796348488089e-01	3.417060636013666e-01	3.000000000000000e-11	3.000000000000000e-07
1.178111e+07	6.296486881487304e-01	3.433846497215517e-01	3.000000000000000e-11	3.000000000000000e-07
1.199752e+07	6.327327717043322e-01	3.450714142033507e-01	3.000000000000000e-11	3.000000000000000e-07
1.221790e+07	6.358319590729670e-01	3.467663974225152e-01	3.000000000000000e-11	3.000000000000000e-07
1.244231e+07	6.389463241722432e-01	3.484696399493958e-01	3.000000000000000e-11	3.000000000000000e-07
1.267082e+07	6.420759412817869e-01	3.501811825499184e-01	3.000000000000000e-11	3.000000000000000e-07
1.290353e+07	6.452208850450118e-01	3.519010661865662e-01	3.000000000000000e-11	3.000000000000000e-07
1.314049e+07	6.483812304708985e-01	3.536293320193661e-01	3.000000000000000e-11	3.000000000000000e-07
1.338180e+07	6.515570529357819e-01	3.553660214068801e-01	3.000000000000000e-11	3.000000000000000e-07
1.362752e+07	6.547484281851483e-01	3.571111759072006e-01	3.000000000000000e-11	3.000000000000000e-07
1.387775e+07	6.579554323354400e-01	3.588648372789519e-01	3.000000000000000e-11	3.000000000000000e-07
1.413255e+07	6.611781418758698e-01	3.606270474822951e-01	3.000000000000000e-11	3.000000000000000e-07
1.439203e+07	6.644166336702438e-01	3.623978486799391e-01	3.000000000000000e-11	3.000000000000000e-07
1.465626e+07	6.676709849587936e-01	3.641772832381550e-01	3.000000000000000e-11	3.000000000000000e-07
1.492532e+07	6.709412733600169e-01	3.659653937277970e-01	3.000000000000000e-11	3.000000000000000e-07
1.519932e+07	6.742275768725273e-01	3.677622229253266e-01	3.000000000000000e-11	3.000000000000000e-07
1.547834e+07	6.775299738769139e-01	3.695678138138431e-01	3.000000000000000e-11	3.000000000000000e-07
1.576247e+07	6.808485431376089e-01	3.713822095841182e-01	3.000000000000000e-11	3.000000000000000e-07
1.605180e+07	6.841833638047643e-01	3.732054536356352e-01	3.000000000000000e-11	3.000000000000000e-07
1.634644e+07	6.875345154161395e-01	3.750375895776346e-01	3.000000000000000e-11	3.000000000000000e-07
1.664648e+07	6.909020778989962e-01	3.768786612301633e-01	3.000000000000000e-11	3.000000000000000e-07
1.695201e+07	6.942861315720031e-01	3.787287126251294e-01	3.000000000000000e-11	3.000000000000000e-07
1.726314e+07	6.976867571471508e-01	3.805877880073620e-01	3.000000000000000e-11	3.000000000000000e-07
1.757998e+07	7.011040357316751e-01	3.824559318356761e-01	3.000000000000000e-11	3.000000000000000e-07
1.790262e+07	7.045380488299900e-01	3.843331887839423e-01	3.000000000000000e-11	3.000000000000000e-07
1.823118e+07	7.079888783456306e-01	3.862196037421623e-01	3.000000000000000e-11	3.000000000000000e-07
1.856576e+07	7.114566065832043e-01	3.881152218175483e-01	3.000000000000000e-11	3.000000000000000e-07
1.890647e+07	7.149413162503533e-01	3.900200883356092e-01	3.000000000000000e-11	3.000000000000000e-07
1.925343e+07	7.184430904597253e-01	3.919342488412404e-01	3.000000000000000e-11	3.000000000000000e-07
1.960675e+07	7.219620127309546e-01	3.938577490998199e-01	3.000000000000000e-11	3.000000000000000e-07
1.996654e+07	7.254981669926525e-01	3.957906350983091e-01	3.000000000000000e-11	3.000000000000000e-07
2.033294e+07	7.290516375844075e-01	3.977329530463589e-01	3.000000000000000e-11	3.000000000000000e-07
2.070605e+07	7.326225092587958e-01	3.996847493774214e-01	3.000000000000000e-11	3.000000000000000e-07
2.108601e+07	7.362108671834007e-01	4.016460707498662e-01	3.000000000000000e-11	3.000000000000000e-07
2.147293e+07	7.398167969428427e-01	4.036169640481032e-01	3.000000000000000e-11	3.000000000000000e-07
2.186695e+07	7.434403845408196e-01	4.055974763837092e-01	3.000000000000000e-11	3.000000000000000e-07
2.226819e+07	7.470817164021558e-01	4.075876550965616e-01	3.000000000000000e-11	3.000000000000000e-07
2.267680e+07	7.507408793748621e-01	4.095875477559759e-01	3.000000000000000e-11	3.000000000000000e-07
2.309290e+07	7.544179607322060e-01	4.115972021618497e-01	3.000000000000000e-11	3.000000000000000e-07
2.351663e+07	7.581130481747914e-01	4.136166663458115e-01	3.000000000000000e-11	3.000000000000000e-07
2.394814e+07	7.618262298326489e-01	4.156459885723758e-01	3.000000000000000e-11	3.000000000000000e-07
2.438756e+07	7.655575942673364e-01	4.176852173401028e-01	3.000000000000000e-11	3.000000000000000e-07
2.483504e+07	7.693072304740495e-01	4.197344013827642e-01	3.000000000000000e-11	3.000000000000000e-07
2.529074e+07	7.730752278837429e-01	4.217935896705140e-01	3.000000000000000e-11	3.000000000000000e-07
2.575480e+07	7.768616763652620e-01	4.238628314110659e-01	3.000000000000000e-11	3.000000000000000e-07
2.622737e+07	7.806666662274843e-01	4.259421760508753e-01	3.000000000000000e-11	3.000000000000000e-07
2.670862e+07	7.844902882214718e-01	4.280316732763271e-01	3.000000000000000e-11	3.000000000000000e-07
2.719870e+07	7.883326335426351e-01	4.301313730149302e-01	3.000000000000000e-11	3.000000000000000e-07
2.769777e+07	7.921937938329051e-01	4.322413254365158e-01	3.000000000000000e-11	3.000000000000000e-07
2.820600e+07	7.960738611829189e-01	4.343615809544435e-01	3.000000000000000e-11	3.000000000000000e-07
2.872357e+07	7.999729281342134e-01	4.364921902268116e-01	3.000000000000000e-11	3.000000000000000e-07
2.925063e+07	8.038910876814317e-01	4.386332041576739e-01	3.000000000000000e-11	3.000000000000000e-07
2.978737e+07	8.078284332745392e-01	4.407846738982623e-01	3.000000000000000e-11	3.000000000000000e-07
3.033397e+07	8.117850588210510e-01	4.429466508482145e-01	3.000000000000000e-11	3.000000000000000e-07
3.089060e+07	8.157610586882701e-01	4.451191866568092e-01	3.000000000000000e-11	3.000000000000000e-07
3.145746e+07	8.197565277055363e-01	4.473023332242052e-01	3.000000000000000e-11	3.000000000000000e-07
3.203472e+07	8.237715611664870e-01	4.494961427026878e-01	3.000000000000000e-11	3.000000000000000e-07
3.262259e+07	8.278062548313275e-01	4.517006674979208e-01	3.000000000000000e-11	3.000000000000000e-07
3.322125e+07	8.318607049291142e-01	4.539159602702040e-01	3.000000000000000e-11	3.000000000000000e-07
3.383091e+07	8.359350081600481e-01	4.561420739357376e-01	3.000000000000000e-11	3.000000000000000e-07
3.445176e+07	8.400292616977785e-01	4.583790616678921e-01	3.000000000000000e-11	3.000000000000000e-07
3.508402e+07	8.441435631917206e-01	4.606269768984839e-01	3.000000000000000e-11	3.000000000000000e-07
3.572790e+07	8.482780107693819e-01	4.628858733190578e-01	3.000000000000000e-11	3.000000000000000e-07
3.638361e+07	8.524327030387013e-01	4.651558048821756e-01	3.000000000000000e-11	3.000000000000000e-07
3.705136e+07	8.566077390903994e-01	4.674368258027095e-01	3.000000000000000e-11	3.000000000000000e-07
3.773139e+07	8.608032185003401e-01	4.697289905591438e-01	3.000000000000000e-11	3.000000000000000e-07
3.842390e+07	8.650192413319041e-01	4.720323538948812e-01	3.000000000000000e-11	3.000000000000000e-07
3.912915e+07	8.692559081383738e-01	4.743469708195561e-01	3.000000000000000e-11	3.000000000000000e-07
3.984736e+07	8.735133199653299e-01	4.766728966103538e-01	3.000000000000000e-11	3.000000000000000e-07
4.057877e+07	8.777915783530598e-01	4.790101868133362e-01	3.000000000000000e-11	3.000000000000000e-07
4.132362e+07	8.820907853389777e-01	4.813588972447742e-01	3.000000000000000e-11	3.000000000000000e-07
4.208216e+07	8.864110434600568e-01	4.837190839924858e-01	3.000000000000000e-11	3.000000000000000e-07
4.285465e+07	8.907524557552733e-01	4.860908034171809e-01	3.000000000000000e-11	3.000000000000000e-07
4.364134e+07	8.951151257680618e-01	4.884741121538128e-01	3.000000000000000e-11	3.000000000000000e-07
4.444250e+07	8.994991575487838e-01	4.908690671129360e-01	3.000000000000000e-11	3.000000000000000e-07
4.525839e+07	9.039046556572073e-01	4.932757254820702e-01	3.000000000000000e-11	3.000000000000000e-07
4.608928e+07	9.083317251649993e-01	4.956941447270714e-01	3.000000000000000e-11	3.000000000000000e-07
4.693545e+07	9.127804716582298e-01	4.981243825935092e-01	3.000000000000000e-11	3.000000000000000e-07
4.779718e+07	9.172510012398889e-01	5.005664971080505e-01	3.000000000000000e-11	3.000000000000000e-07
4.867476e+07	9.217434205324151e-01	5.030205465798505e-01	3.000000000000000e-11	3.000000000000000e-07
4.956848e+07	9.262578366802371e-01	5.054865896019500e-01	3.000000000000000e-11	3.000000000000000e-07
5.047864e+07	9.307943573523279e-01	5.079646850526793e-01	3.000000000000000e-11	3.000000000000000e-07
5.140555e+07	9.353530907447700e-01	5.104548920970688e-01	3.000000000000000e-11	3.000000000000000e-07
5.234951e+07	9.399341455833355e-01	5.129572701882668e-01	3.000000000000000e-11	3.000000000000000e-07
5.331083e+07	9.445376311260767e-01	5.154718790689635e-01	3.000000000000000e-11	3.000000000000000e-07
5.428985e+07	9.491636571659308e-01	5.179987787728226e-01	3.000000000000000e-11	3.000000000000000e-07
5.528688e+07	9.538123340333361e-01	5.205380296259192e-01	3.000000000000000e-11	3.000000000000000e-07
5.630226e+07	9.584837725988627e-01	5.230896922481844e-01	3.000000000000000e-11	3.000000000000000e-07
5.733632e+07	9.631780842758548e-01	5.256538275548575e-01	3.000000000000000e-11	3.000000000000000e-07
5.838942e+07	9.678953810230857e-01	5.282304967579451e-01	3.000000000000000e-11	3.000000000000000e-07
5.946190e+07	9.726357753474268e-01	5.308197613676867e-01	3.000000000000000e-11	3.000000000000000e-07
6.055413e+07	9.773993803065294e-01	5.334216831940275e-01	3.000000000000000e-11	3.000000000000000e-07
6.166646e+07	9.821863095115191e-01	5.360363243480989e-01	3.000000000000000e-11	3.000000000000000e-07
6.279927e+07	9.869966771297041e-01	5.386637472437052e-01	3.000000000000000e-11	3.000000000000000e-07
6.395293e+07	9.918305978872960e-01	5.413040145988181e-01	3.000000000000000e-11	3.000000000000000e-07
6.512784e+07	9.966881870721447e-01	5.439571894370783e-01	3.000000000000000e-11	3.000000000000000e-07
6.632438e+07	1.001569560536486e+00	5.466233350893039e-01	3.000000000000000e-11	3.000000000000000e-07
6.754296e+07	1.006474834699704e+00	5.493025151950069e-01	3.000000000000000e-11	3.000000000000000e-07
6.878399e+07	1.011404126551103e+00	5.519947937039161e-01	3.000000000000000e-11	3.000000000000000e-07
7.004786e+07	1.016357553652701e+00	5.547002348775075e-01	3.000000000000000e-11	3.000000000000000e-07
7.133502e+07	1.021335234142028e+00	5.574189032905431e-01	3.000000000000000e-11	3.000000000000000e-07
7.264589e+07	1.026337286734941e+00	5.601508638326155e-01	3.000000000000000e-11	3.000000000000000e-07
7.398091e+07	1.031363830728458e+00	5.628961817097012e-01	3.000000000000000e-11	3.000000000000000e-07
7.534053e+07	1.036414986003599e+00	5.656549224457209e-01	3.000000000000000e-11	3.000000000000000e-07
7.672519e+07	1.041490873028241e+00	5.684271518841071e-01	3.000000000000000e-11	3.000000000000000e-07
7.813537e+07	1.046591612859994e+00	5.712129361893798e-01	3.000000000000000e-11	3.000000000000000e-07
7.957154e+07	1.051717327149084e+00	5.740123418487297e-01	3.000000000000000e-11	3.000000000000000e-07
8.103417e+07	1.056868138141253e+00	5.768254356736083e-01	3.000000000000000e-11	3.000000000000000e-07
8.252376e+07	1.062044168680673e+00	5.796522848013267e-01	3.000000000000000e-11	3.000000000000000e-07
8.404081e+07	1.067245542212872e+00	5.824929566966613e-01	3.000000000000000e-11	3.000000000000000e-07
8.558581e+07	1.072472382787682e+00	5.853475191534683e-01	3.000000000000000e-11	3.000000000000000e-07
8.715930e+07	1.077724815062189e+00	5.882160402963039e-01	3.000000000000000e-11	3.000000000000000e-07
8.876180e+07	1.083002964303707e+00	5.910985885820557e-01	3.000000000000000e-11	3.000000000000000e-07
9.039384e+07	1.088306956392767e+00	5.939952328015778e-01	3.000000000000000e-11	3.000000000000000e-07
9.205597e+07	1.093636917826114e+00	5.969060420813381e-01	3.000000000000000e-11	3.000000000000000e-07
9.374875e+07	1.098992975719720e+00	5.998310858850698e-01	3.000000000000000e-11	3.000000000000000e-07
9.547275e+07	1.104375257811820e+00	6.027704340154332e-01	3.000000000000000e-11	3.000000000000000e-07
9.722854e+07	1.109783892465953e+00	6.057241566156850e-01	3.000000000000000e-11	3.000000000000000e-07
9.901672e+07	1.115219008674020e+00	6.086923241713552e-01	3.000000000000000e-11	3.000000000000000e-07
1.000000e+08	1.118171234490220e+00	6.103045540713327e-01	3.000000000000000e-11	3.000000000000000e-07
1.018547e+08	1.123693426201340e+00	6.133202482314732e-01	3.000000000000000e-11	3.000000000000000e-07
1.037279e+08	1.129195804608528e+00	6.163251055127729e-01	3.000000000000000e-11	3.000000000000000e-07
1.056360e+08	1.134725979784791e+00	6.193451261366838e-01	3.000000000000000e-11	3.000000000000000e-07
1.075792e+08	1.140283215783731e+00	6.223799082388499e-01	3.000000000000000e-11	3.000000000000000e-07
1.095583e+08	1.145867661005195e+00	6.254295328987667e-01	3.000000000000000e-11	3.000000000000000e-07
1.115739e+08	1.151479448343141e+00	6.284940727273143e-01	3.000000000000000e-11	3.000000000000000e-07
1.136267e+08	1.157118711638816e+00	6.315736008518564e-01	3.000000000000000e-11	3.000000000000000e-07
1.157174e+08	1.162785585383209e+00	6.346681907537550e-01	3.000000000000000e-11	3.000000000000000e-07
1.178466e+08	1.168480204725755e+00	6.377779162731291e-01	3.000000000000000e-11	3.000000000000000e-07
1.200152e+08	1.174202705477454e+00	6.409028516105648e-01	3.000000000000000e-11	3.000000000000000e-07
1.222238e+08	1.179953224114115e+00	6.440430713288899e-01	3.000000000000000e-11	3.000000000000000e-07
1.244732e+08	1.185731897779603e+00	6.471986503549562e-01	3.000000000000000e-11	3.000000000000000e-07
1.267641e+08	1.191538864289112e+00	6.503696639814287e-01	3.000000000000000e-11	3.000000000000000e-07
1.290972e+08	1.197374262132448e+00	6.535561878685867e-01	3.000000000000000e-11	3.000000000000000e-07
1.314735e+08	1.203238230477330e+00	6.567582980461306e-01	3.000000000000000e-11	3.000000000000000e-07
1.338937e+08	1.209130909172711e+00	6.599760709149989e-01	3.000000000000000e-11	3.000000000000000e-07
1.363585e+08	1.215052438752105e+00	6.632095832491939e-01	3.000000000000000e-11	3.000000000000000e-07
1.388688e+08	1.221002960436943e+00	6.664589121976162e-01	3.000000000000000e-11	3.000000000000000e-07
1.414256e+08	1.226982616139933e+00	6.697241352859077e-01	3.000000000000000e-11	3.000000000000000e-07
1.440295e+08	1.232991548468449e+00	6.730053304183041e-01	3.000000000000000e-11	3.000000000000000e-07
1.466816e+08	1.239029900727926e+00	6.763025758794959e-01	3.000000000000000e-11	3.000000000000000e-07
1.493826e+08	1.245097816925278e+00	6.796159503364988e-01	3.000000000000000e-11	3.000000000000000e-07
1.521335e+08	1.251195441772328e+00	6.829455328405329e-01	3.000000000000000e-11	3.000000000000000e-07
1.549353e+08	1.257322920689261e+00	6.862914028289112e-01	3.000000000000000e-11	3.000000000000000e-07
1.577888e+08	1.263480399808087e+00	6.896536401269372e-01	3.000000000000000e-11	3.000000000000000e-07
1.606951e+08	1.269668025976125e+00	6.930323249498115e-01	3.000000000000000e-11	3.000000000000000e-07
1.636550e+08	1.275885946759506e+00	6.964275379045480e-01	3.000000000000000e-11	3.000000000000000e-07
1.666697e+08	1.282134310446685e+00	6.998393599918995e-01	3.000000000000000e-11	3.000000000000000e-07
1.697401e+08	1.288413266051984e+00	7.032678726082918e-01	3.000000000000000e-11	3.000000000000000e-07
1.728672e+08	1.294722963319132e+00	7.067131575477681e-01	3.000000000000000e-11	3.000000000000000e-07
1.760521e+08	1.301063552724848e+00	7.101752970039426e-01	3.000000000000000e-11	3.000000000000000e-07
1.792960e+08	1.307435185482416e+00	7.136543735719630e-01	3.000000000000000e-11	3.000000000000000e-07
1.825997e+08	1.313838013545297e+00	7.171504702504842e-01	3.000000000000000e-11	3.000000000000000e-07
1.859646e+08	1.320272189610746e+00	7.206636704436488e-01	3.000000000000000e-11	3.000000000000000e-07
1.893917e+08	1.326737867123458e+00	7.241940579630798e-01	3.000000000000000e-11	3.000000000000000e-07
1.928821e+08	1.333235200279216e+00	7.277417170298822e-01	3.000000000000000e-11	3.000000000000000e-07
1.964371e+08	1.339764344028579e+00	7.313067322766533e-01	3.000000000000000e-11	3.000000000000000e-07
2.000579e+08	1.346325454080561e+00	7.348891887495045e-01	3.000000000000000e-11	3.000000000000000e-07
2.037456e+08	1.352918686906357e+00	7.384891719100912e-01	3.000000000000000e-11	3.000000000000000e-07
2.075015e+08	1.359544199743060e+00	7.421067676376537e-01	3.000000000000000e-11	3.000000000000000e-07
2.113269e+08	1.366202150597419e+00	7.457420622310681e-01	3.000000000000000e-11	3.000000000000000e-07
2.152231e+08	1.372892698249598e+00	7.493951424109062e-01	3.000000000000000e-11	3.000000000000000e-07
2.191913e+08	1.379616002256966e+00	7.530660953215060e-01	3.000000000000000e-11	3.000000000000000e-07
2.232330e+08	1.386372222957897e+00	7.567550085330530e-01	3.000000000000000e-11	3.000000000000000e-07
2.273495e+08	1.393161521475593e+00	7.604619700436696e-01	3.000000000000000e-11	3.000000000000000e-07
2.315421e+08	1.399984059721923e+00	7.641870682815171e-01	3.000000000000000e-11	3.000000000000000e-07
2.358123e+08	1.406840000401287e+00	7.679303921069058e-01	3.000000000000000e-11	3.000000000000000e-07
2.401615e+08	1.413729507014489e+00	7.716920308144175e-01	3.000000000000000e-11	3.000000000000000e-07
2.445913e+08	1.420652743862636e+00	7.754720741350355e-01	3.000000000000000e-11	3.000000000000000e-07
2.491030e+08	1.427609876051056e+00	7.792706122382882e-01	3.000000000000000e-11	3.000000000000000e-07
2.536982e+08	1.434601069493232e+00	7.830877357344003e-01	3.000000000000000e-11	3.000000000000000e-07
2.583785e+08	1.441626490914756e+00	7.869235356764563e-01	3.000000000000000e-11	3.000000000000000e-07
2.631455e+08	1.448686307857306e+00	7.907781035625739e-01	3.000000000000000e-11	3.000000000000000e-07
2.680007e+08	1.455780688682636e+00	7.946515313380879e-01	3.000000000000000e-11	3.000000000000000e-07
2.729458e+08	1.462909802576592e+00	7.985439113977442e-01	3.000000000000000e-11	3.000000000000000e-07
2.779825e+08	1.470073819553144e+00	8.024553365879062e-01	3.000000000000000e-11	3.000000000000000e-07
2.831124e+08	1.477272910458435e+00	8.063859002087702e-01	3.000000000000000e-11	3.000000000000000e-07
2.883374e+08	1.484507246974861e+00	8.103356960165921e-01	3.000000000000000e-11	3.000000000000000e-07
2.936591e+08	1.491777001625157e+00	8.143048182259250e-01	3.000000000000000e-11	3.000000000000000e-07
2.990794e+08	1.499082347776509e+00	8.182933615118685e-01	3.000000000000000e-11	3.000000000000000e-07
3.046001e+08	1.506423459644692e+00	8.223014210123273e-01	3.000000000000000e-11	3.000000000000000e-07
3.102230e+08	1.513800512298216e+00	8.263290923302818e-01	3.000000000000000e-11	3.000000000000000e-07
3.159502e+08	1.521213681662505e+00	8.303764715360702e-01	3.000000000000000e-11	3.000000000000000e-07
3.217834e+08	1.528663144524087e+00	8.344436551696808e-01	3.000000000000000e-11	3.000000000000000e-07
3.277247e+08	1.536149078534807e+00	8.385307402430555e-01	3.000000000000000e-11	3.000000000000000e-07
3.337762e+08	1.543671662216065e+00	8.426378242424056e-01	3.000000000000000e-11	3.000000000000000e-07
3.399397e+08	1.551231074963068e+00	8.467650051305373e-01	3.000000000000000e-11	3.000000000000000e-07
3.462175e+08	1.558827497049110e+00	8.509123813491899e-01	3.000000000000000e-11	3.000000000000000e-07
3.526116e+08	1.566461109629863e+00	8.550800518213846e-01	3.000000000000000e-11	3.000000000000000e-07
3.591243e+08	1.574132094747701e+00	8.592681159537850e-01	3.000000000000000e-11	3.000000000000000e-07
3.657576e+08	1.581840635336038e+00	8.634766736390692e-01	3.000000000000000e-11	3.000000000000000e-07
3.725140e+08	1.589586915223686e+00	8.677058252583131e-01	3.000000000000000e-11	3.000000000000000e-07
3.793955e+08	1.597371119139238e+00	8.719556716833858e-01	3.000000000000000e-11	3.000000000000000e-07
3.864047e+08	1.605193432715473e+00	8.762263142793562e-01	3.000000000000000e-11	3.000000000000000e-07
3.935438e+08	1.613054042493777e+00	8.805178549069115e-01	3.000000000000000e-11	3.000000000000000e-07
4.008153e+08	1.620953135928594e+00	8.848303959247881e-01	3.000000000000000e-11	3.000000000000000e-07
4.082216e+08	1.628890901391890e+00	8.891640401922131e-01	3.000000000000000e-11	3.000000000000000e-07
4.157653e+08	1.636867528177648e+00	8.935188910713584e-01	3.000000000000000e-11	3.000000000000000e-07
4.234489e+08	1.644883206506375e+00	8.978950524298074e-01	3.000000000000000e-11	3.000000000000000e-07
4.312750e+08	1.652938127529638e+00	9.022926286430325e-01	3.000000000000000e-11	3.000000000000000e-07
4.392463e+08	1.661032483334622e+00	9.067117245968854e-01	3.000000000000000e-11	3.000000000000000e-07
4.473654e+08	1.669166466948708e+00	9.111524456900995e-01	3.000000000000000e-11	3.000000000000000e-07
4.556352e+08	1.677340272344071e+00	9.156148978368037e-01	3.000000000000000e-11	3.000000000000000e-07
4.640583e+08	1.685554094442308e+00	9.200991874690507e-01	3.000000000000000e-11	3.000000000000000e-07
4.726378e+08	1.693808129119081e+00	9.246054215393543e-01	3.000000000000000e-11	3.000000000000000e-07
4.813764e+08	1.702102573208789e+00	9.291337075232420e-01	3.000000000000000e-11	3.000000000000000e-07
4.902772e+08	1.710437624509255e+00	9.336841534218185e-01	3.000000000000000e-11	3.000000000000000e-07
4.993432e+08	1.718813481786448e+00	9.382568677643421e-01	3.000000000000000e-11	3.000000000000000e-07
5.085774e+08	1.727230344779211e+00	9.428519596108137e-01	3.000000000000000e-11	3.000000000000000e-07
5.179830e+08	1.735688414204034e+00	9.474695385545785e-01	3.000000000000000e-11	3.000000000000000e-07
5.275631e+08	1.744187891759827e+00	9.521097147249400e-01	3.000000000000000e-11	3.000000000000000e-07
5.373211e+08	1.752728980132734e+00	9.567725987897874e-01	3.000000000000000e-11	3.000000000000000e-07
5.472603e+08	1.761311883000965e+00	9.614583019582350e-01	3.000000000000000e-11	3.000000000000000e-07
5.573839e+08	1.769936805039647e+00	9.661669359832755e-01	3.000000000000000e-11	3.000000000000000e-07
5.676955e+08	1.778603951925704e+00	9.708986131644454e-01	3.000000000000000e-11	3.000000000000000e-07
5.781986e+08	1.787313530342763e+00	9.756534463505031e-01	3.000000000000000e-11	3.000000000000000e-07
5.888967e+08	1.796065747986074e+00	9.804315489421218e-01	3.000000000000000e-11	3.000000000000000e-07
5.997934e+08	1.804860813567468e+00	9.852330348945935e-01	3.000000000000000e-11	3.000000000000000e-07
6.108925e+08	1.813698936820327e+00	9.900580187205472e-01	3.000000000000000e-11	3.000000000000000e-07
6.221977e+08	1.822580328504584e+00	9.949066154926806e-01	3.000000000000000e-11	3.000000000000000e-07
6.337129e+08	1.831505200411747e+00	9.997789408465044e-01	3.000000000000000e-11	3.000000000000000e-07
6.454420e+08	1.840473765369950e+00	1.004675110983101e+00	3.000000000000000e-11	3.000000000000000e-07
6.573890e+08	1.849486237249021e+00	1.009595242671894e+00	3.000000000000000e-11	3.000000000000000e-07
6.695579e+08	1.858542830965584e+00	1.014539453253437e+00	3.000000000000000e-11	3.000000000000000e-07
6.819528e+08	1.867643762488180e+00	1.019507860642209e+00	3.000000000000000e-11	3.000000000000000e-07
6.945781e+08	1.876789248842414e+00	1.024500583329427e+00	3.000000000000000e-11	3.000000000000000e-07
7.074379e+08	1.885979508116133e+00	1.029517740385873e+00	3.000000000000000e-11	3.000000000000000e-07
7.205367e+08	1.895214759464615e+00	1.034559451464735e+00	3.000000000000000e-11	3.000000000000000e-07
7.338789e+08	1.904495223115803e+00	1.039625836804458e+00	3.000000000000000e-11	3.000000000000000e-07
7.474690e+08	1.913821120375549e+00	1.044717017231614e+00	3.000000000000000e-11	3.000000000000000e-07
7.613117e+08	1.923192673632887e+00	1.049833114163780e+00	3.000000000000000e-11	3.000000000000000e-07
7.754117e+08	1.932610106365342e+00	1.054974249612439e+00	3.000000000000000e-11	3.000000000000000e-07
7.897738e+08	1.942073643144246e+00	1.060140546185886e+00	3.000000000000000e-11	3.000000000000000e-07
8.044028e+08	1.951583509640101e+00	1.065332127092154e+00	3.000000000000000e-11	3.000000000000000e-07
8.193038e+08	1.961139932627951e+00	1.070549116141949e+00	3.000000000000000e-11	3.000000000000000e-07
8.344818e+08	1.970743139992792e+00	1.075791637751608e+00	3.000000000000000e-11	3.000000000000000e-07
8.499420e+08	1.980393360735001e+00	1.081059816946060e+00	3.000000000000000e-11	3.000000000000000e-07
8.656896e+08	1.990090824975796e+00	1.086353779361814e+00	3.000000000000000e-11	3.000000000000000e-07
8.817301e+08	1.999835763962720e+00	1.091673651249950e+00	3.000000000000000e-11	3.000000000000000e-07
8.980689e+08	2.009628410075154e+00	1.097019559479131e+00	3.000000000000000e-11	3.000000000000000e-07
9.147114e+08	2.019468996829857e+00	1.102391631538630e+00	3.000000000000000e-11	3.000000000000000e-07
9.316636e+08	2.029357758886528e+00	1.107789995541369e+00	3.000000000000000e-11	3.000000000000000e-07
9.489310e+08	2.039294932053407e+00	1.113214780226976e+00	3.000000000000000e-11	3.000000000000000e-07
9.665196e+08	2.049280753292886e+00	1.118666114964850e+00	3.000000000000000e-11	3.000000000000000e-07
9.844353e+08	2.059315460727165e+00	1.124144129757253e+00	3.000000000000000e-11	3.000000000000000e-07
1.000000e+09	2.067919097519701e+00	1.128840907282563e+00	3.000000000000000e-11	3.000000000000000e-07
