#t[yr]	ecc	inc	eachmass	totalmass
0.000000e+00	5.000000000000000e-02	2.500000000000000e-02	3.000000000000000e-06	3.000000000000000e-06
1.000000e-03	4.999999839348294e-02	2.499999942732267e-02	3.000000000000000e-06	3.000000000000000e-06
1.000000e-02	4.999998393483696e-02	2.499999427322934e-02	3.000000000000000e-06	3.000000000000000e-06
1.000000e-01	4.999983934904199e-02	2.499994273253212e-02	3.000000000000000e-06	3.000000000000000e-06
1.000000e+00	4.999839355757676e-02	2.499942734916509e-02	3.000000000000000e-06	3.000000000000000e-06
1.000000e+01	4.998394228860473e-02	2.499427587505750e-02	3.000000000000000e-06	3.000000000000000e-06
2.069881e+01	4.996686360269579e-02	2.498818547073283e-02	3.000000000000000e-06	3.000000000000000e-06
3.154696e+01	4.994966626814738e-02	2.498204996830871e-02	3.000000000000000e-06	3.000000000000000e-06
4.257314e+01	4.993230809917752e-02	2.497585429627044e-02	3.000000000000000e-06	3.000000000000000e-06
5.378029e+01	4.991478838545924e-02	2.496959816676512e-02	3.000000000000000e-06	3.000000000000000e-06
6.517188e+01	4.989710573186640e-02	2.496328104800661e-02	3.000000000000000e-06	3.000000000000000e-06
7.675141e+01	4.987925874538290e-02	2.495690240924830e-02	3.000000000000000e-06	3.000000000000000e-06
8.852246e+01	4.986124602390512e-02	2.495046171680733e-02	3.000000000000000e-06	3.000000000000000e-06
1.000000e+02	4.984380876764184e-02	2.494422406698550e-02	3.000000000000000e-06	3.000000000000000e-06
1.121652e+02	4.982545490158028e-02	2.493765582609008e-02	3.000000000000000e-06	3.000000000000000e-06
1.245248e+02	4.980694350350225e-02	2.493102837255431e-02	3.000000000000000e-06	3.000000000000000e-06
1.370911e+02	4.978826052497554e-02	2.492433665053691e-02	3.000000000000000e-06	3.000000000000000e-06
1.498678e+02	4.976940472975067e-02	2.491758018756226e-02	3.000000000000000e-06	3.000000000000000e-06
1.628591e+02	4.975037465975459e-02	2.491075843220801e-02	3.000000000000000e-06	3.000000000000000e-06
1.760691e+02	4.973116885178869e-02	2.490387083167324e-02	3.000000000000000e-06	3.000000000000000e-06
1.895021e+02	4.971178583396366e-02	2.489691683052308e-02	3.000000000000000e-06	3.000000000000000e-06
2.031624e+02	4.969222412580836e-02	2.488989587074878e-02	3.000000000000000e-06	3.000000000000000e-06
2.170544e+02	4.967248223832069e-02	2.488280739180733e-02	3.000000000000000e-06	3.000000000000000e-06
2.311826e+02	4.965255867402301e-02	2.487565083066272e-02	3.000000000000000e-06	3.000000000000000e-06
2.455517e+02	4.963245192702104e-02	2.486842562182880e-02	3.000000000000000e-06	3.000000000000000e-06
2.601664e+02	4.961216048306641e-02	2.486113119741343e-02	3.000000000000000e-06	3.000000000000000e-06
2.750315e+02	4.959168281962286e-02	2.485376698716426e-02	3.000000000000000e-06	3.000000000000000e-06
2.901520e+02	4.957101740593636e-02	2.484633241851587e-02	3.000000000000000e-06	3.000000000000000e-06
3.055329e+02	4.955016270310898e-02	2.483882691663848e-02	3.000000000000000e-06	3.000000000000000e-06
3.211793e+02	4.952911716417684e-02	2.483124990448826e-02	3.000000000000000e-06	3.000000000000000e-06
3.370965e+02	4.950787923419206e-02	2.482360080285904e-02	3.000000000000000e-06	3.000000000000000e-06
3.532898e+02	4.948644735030886e-02	2.481587903043571e-02	3.000000000000000e-06	3.000000000000000e-06
3.697648e+02	4.946481994187396e-02	2.480808400384917e-02	3.000000000000000e-06	3.000000000000000e-06
3.865271e+02	4.944299543052125e-02	2.480021513773286e-02	3.000000000000000e-06	3.000000000000000e-06
4.035824e+02	4.942097223027089e-02	2.479227184478091e-02	3.000000000000000e-06	3.000000000000000e-06
4.209365e+02	4.939874874763298e-02	2.478425353580799e-02	3.000000000000000e-06	3.000000000000000e-06
4.385955e+02	4.937632338171581e-02	2.477615961981074e-02	3.000000000000000e-06	3.000000000000000e-06
4.565654e+02	4.935369452433879e-02	2.476798950403089e-02	3.000000000000000e-06	3.000000000000000e-06
4.748526e+02	4.933086056015019e-02	2.475974259402008e-02	3.000000000000000e-06	3.000000000000000e-06
4.934633e+02	4.930781986674979e-02	2.475141829370640e-02	3.000000000000000e-06	3.000000000000000e-06
5.124042e+02	4.928457081481653e-02	2.474301600546258e-02	3.000000000000000e-06	3.000000000000000e-06
5.316819e+02	4.926111176824116e-02	2.473453513017601e-02	3.000000000000000e-06	3.000000000000000e-06
5.513031e+02	4.923744108426421e-02	2.472597506732039e-02	3.000000000000000e-06	3.000000000000000e-06
5.712750e+02	4.921355711361904e-02	2.471733521502926e-02	3.000000000000000e-06	3.000000000000000e-06
5.916046e+02	4.918945820068047e-02	2.470861497017123e-02	3.000000000000000e-06	3.000000000000000e-06
6.122992e+02	4.916514268361866e-02	2.469981372842700e-02	3.000000000000000e-06	3.000000000000000e-06
6.333662e+02	4.914060889455875e-02	2.469093088436825e-02	3.000000000000000e-06	3.000000000000000e-06
6.548133e+02	4.911585515974597e-02	2.468196583153820e-02	3.000000000000000e-06	3.000000000000000e-06
6.766482e+02	4.909087979971662e-02	2.467291796253419e-02	3.000000000000000e-06	3.000000000000000e-06
6.988788e+02	4.906568112947488e-02	2.466378666909192e-02	3.000000000000000e-06	3.000000000000000e-06
7.215134e+02	4.904025745867545e-02	2.465457134217163e-02	3.000000000000000e-06	3.000000000000000e-06
7.445601e+02	4.901460709181236e-02	2.464527137204615e-02	3.000000000000000e-06	3.000000000000000e-06
7.680275e+02	4.898872832841381e-02	2.463588614839071e-02	3.000000000000000e-06	3.000000000000000e-06
7.919243e+02	4.896261946324325e-02	2.462641506037474e-02	3.000000000000000e-06	3.000000000000000e-06
8.162593e+02	4.893627878650673e-02	2.461685749675548e-02	3.000000000000000e-06	3.000000000000000e-06
8.410416e+02	4.890970458406672e-02	2.460721284597356e-02	3.000000000000000e-06	3.000000000000000e-06
8.662805e+02	4.888289513766236e-02	2.459748049625033e-02	3.000000000000000e-06	3.000000000000000e-06
8.919854e+02	4.885584872513623e-02	2.458765983568727e-02	3.000000000000000e-06	3.000000000000000e-06
9.181660e+02	4.882856362066790e-02	2.457775025236713e-02	3.000000000000000e-06	3.000000000000000e-06
9.448322e+02	4.880103809501409e-02	2.456775113445714e-02	3.000000000000000e-06	3.000000000000000e-06
9.719943e+02	4.877327041575576e-02	2.455766187031400e-02	3.000000000000000e-06	3.000000000000000e-06
9.996624e+02	4.874525884755201e-02	2.454748184859090e-02	3.000000000000000e-06	3.000000000000000e-06
1.000000e+03	4.874492046284509e-02	2.454735883714792e-02	3.000000000000000e-06	3.000000000000000e-06
1.028712e+03	4.871613764884510e-02	2.453689637699094e-02	3.000000000000000e-06	3.000000000000000e-06
1.057431e+03	4.868763526846653e-02	2.452653373876476e-02	3.000000000000000e-06	3.000000000000000e-06
1.086698e+03	4.865887389009622e-02	2.451607491847716e-02	3.000000000000000e-06	3.000000000000000e-06
1.116516e+03	4.862986178868304e-02	2.450552294885335e-02	3.000000000000000e-06	3.000000000000000e-06
1.146895e+03	4.860059703116174e-02	2.449487715369817e-02	3.000000000000000e-06	3.000000000000000e-06
1.177848e+03	4.857107787385932e-02	2.448413692710191e-02	3.000000000000000e-06	3.000000000000000e-06
1.209387e+03	4.854130256859941e-02	2.447330166295984e-02	3.000000000000000e-06	3.000000000000000e-06
1.241523e+03	4.851126936664937e-02	2.446237075641628e-02	3.000000000000000e-06	3.000000000000000e-06
1.274271e+03	4.848097651897181e-02	2.445134360396406e-02	3.000000000000000e-06	3.000000000000000e-06
1.307642e+03	4.845042227655306e-02	2.444021960357094e-02	3.000000000000000e-06	3.000000000000000e-06
1.341650e+03	4.841960489073790e-02	2.442899815480765e-02	3.000000000000000e-06	3.000000000000000e-06
1.376308e+03	4.838852261357219e-02	2.441767865897760e-02	3.000000000000000e-06	3.000000000000000e-06
1.411630e+03	4.835717369815306e-02	2.440626051924857e-02	3.000000000000000e-06	3.000000000000000e-06
1.447631e+03	4.832555639898699e-02	2.439474314078617e-02	3.000000000000000e-06	3.000000000000000e-06
1.484325e+03	4.829366897235560e-02	2.438312593088913e-02	3.000000000000000e-06	3.000000000000000e-06
1.521726e+03	4.826150967668940e-02	2.437140829912639e-02	3.000000000000000e-06	3.000000000000000e-06
1.559849e+03	4.822907677294925e-02	2.435958965747597e-02	3.000000000000000e-06	3.000000000000000e-06
1.598711e+03	4.819636852501585e-02	2.434766942046563e-02	3.000000000000000e-06	3.000000000000000e-06
1.638326e+03	4.816338320008710e-02	2.433564700531524e-02	3.000000000000000e-06	3.000000000000000e-06
1.678712e+03	4.813011906908328e-02	2.432352183208088e-02	3.000000000000000e-06	3.000000000000000e-06
1.719884e+03	4.809657440706028e-02	2.431129332380064e-02	3.000000000000000e-06	3.000000000000000e-06
1.761859e+03	4.806274749363073e-02	2.429896090664210e-02	3.000000000000000e-06	3.000000000000000e-06
1.804655e+03	4.802863661339292e-02	2.428652401005142e-02	3.000000000000000e-06	3.000000000000000e-06
1.848289e+03	4.799424005636783e-02	2.427398206690408e-02	3.000000000000000e-06	3.000000000000000e-06
1.892779e+03	4.795955611844387e-02	2.426133451365717e-02	3.000000000000000e-06	3.000000000000000e-06
1.938144e+03	4.792458310182959e-02	2.424858079050328e-02	3.000000000000000e-06	3.000000000000000e-06
1.984403e+03	4.788931931551422e-02	2.423572034152586e-02	3.000000000000000e-06	3.000000000000000e-06
2.031574e+03	4.785376307573588e-02	2.422275261485605e-02	3.000000000000000e-06	3.000000000000000e-06
2.079678e+03	4.781791270645774e-02	2.420967706283100e-02	3.000000000000000e-06	3.000000000000000e-06
2.128735e+03	4.778176653985173e-02	2.419649314215359e-02	3.000000000000000e-06	3.000000000000000e-06
2.178765e+03	4.774532291678991e-02	2.418320031405344e-02	3.000000000000000e-06	3.000000000000000e-06
2.229790e+03	4.770858018734353e-02	2.416979804444933e-02	3.000000000000000e-06	3.000000000000000e-06
2.281830e+03	4.767153671128938e-02	2.415628580411282e-02	3.000000000000000e-06	3.000000000000000e-06
2.334908e+03	4.763419085862376e-02	2.414266306883316e-02	3.000000000000000e-06	3.000000000000000e-06
2.389047e+03	4.759654101008366e-02	2.412892931958329e-02	3.000000000000000e-06	3.000000000000000e-06
2.444269e+03	4.755858555767518e-02	2.411508404268707e-02	3.000000000000000e-06	3.000000000000000e-06
2.500598e+03	4.752032290520909e-02	2.410112672998747e-02	3.000000000000000e-06	3.000000000000000e-06
2.558059e+03	4.748175146884336e-02	2.408705687901588e-02	3.000000000000000e-06	3.000000000000000e-06
2.616675e+03	4.744286967763259e-02	2.407287399316228e-02	3.000000000000000e-06	3.000000000000000e-06
2.676472e+03	4.740367597408419e-02	2.405857758184640e-02	3.000000000000000e-06	3.000000000000000e-06
2.737475e+03	4.736416881472109e-02	2.404416716068965e-02	3.000000000000000e-06	3.000000000000000e-06
2.799711e+03	4.732434667065095e-02	2.402964225168786e-02	3.000000000000000e-06	3.000000000000000e-06
2.863207e+03	4.728420802814164e-02	2.401500238338470e-02	3.000000000000000e-06	3.000000000000000e-06
2.927991e+03	4.724375138920280e-02	2.400024709104577e-02	3.000000000000000e-06	3.000000000000000e-06
2.994089e+03	4.720297527217335e-02	2.398537591683328e-02	3.000000000000000e-06	3.000000000000000e-06
3.061532e+03	4.716187821231470e-02	2.397038840998112e-02	3.000000000000000e-06	3.000000000000000e-06
3.130347e+03	4.712045876240954e-02	2.395528412697053e-02	3.000000000000000e-06	3.000000000000000e-06
3.200567e+03	4.707871549336583e-02	2.394006263170596e-02	3.000000000000000e-06	3.000000000000000e-06
3.272220e+03	4.703664699482606e-02	2.392472349569129e-02	3.000000000000000e-06	3.000000000000000e-06
3.345339e+03	4.699425187578121e-02	2.390926629820622e-02	3.000000000000000e-06	3.000000000000000e-06
3.419955e+03	4.695152876518934e-02	2.389369062648277e-02	3.000000000000000e-06	3.000000000000000e-06
3.496102e+03	4.690847631259869e-02	2.387799607588182e-02	3.000000000000000e-06	3.000000000000000e-06
3.573812e+03	4.686509318877469e-02	2.386218225006958e-02	3.000000000000000e-06	3.000000000000000e-06
3.653120e+03	4.682137808633088e-02	2.384624876119387e-02	3.000000000000000e-06	3.000000000000000e-06
3.734061e+03	4.677732972036339e-02	2.383019523006027e-02	3.000000000000000e-06	3.000000000000000e-06
3.816671e+03	4.673294682908859e-02	2.381402128630784e-02	3.000000000000000e-06	3.000000000000000e-06
3.900987e+03	4.668822817448373e-02	2.379772656858450e-02	3.000000000000000e-06	3.000000000000000e-06
3.987045e+03	4.664317254293019e-02	2.378131072472178e-02	3.000000000000000e-06	3.000000000000000e-06
4.074884e+03	4.659777874585901e-02	2.376477341190912e-02	3.000000000000000e-06	3.000000000000000e-06
4.164543e+03	4.655204562039834e-02	2.374811429686731e-02	3.000000000000000e-06	3.000000000000000e-06
4.256061e+03	4.650597203002259e-02	2.373133305602119e-02	3.000000000000000e-06	3.000000000000000e-06
4.349481e+03	4.645955686520271e-02	2.371442937567143e-02	3.000000000000000e-06	3.000000000000000e-06
4.444842e+03	4.641279904405749e-02	2.369740295216532e-02	3.000000000000000e-06	3.000000000000000e-06
4.542189e+03	4.636569751300521e-02	2.368025349206633e-02	3.000000000000000e-06	3.000000000000000e-06
4.641564e+03	4.631825124741553e-02	2.366298071232261e-02	3.000000000000000e-06	3.000000000000000e-06
4.743012e+03	4.627045925226106e-02	2.364558434043400e-02	3.000000000000000e-06	3.000000000000000e-06
4.846578e+03	4.622232056276822e-02	2.362806411461766e-02	3.000000000000000e-06	3.000000000000000e-06
4.952308e+03	4.617383424506706e-02	2.361041978397222e-02	3.000000000000000e-06	3.000000000000000e-06
5.060252e+03	4.612499939683949e-02	2.359265110864009e-02	3.000000000000000e-06	3.000000000000000e-06
5.170455e+03	4.607581514796562e-02	2.357475785996818e-02	3.000000000000000e-06	3.000000000000000e-06
5.282969e+03	4.602628066116767e-02	2.355673982066657e-02	3.000000000000000e-06	3.000000000000000e-06
5.397844e+03	4.597639513265105e-02	2.353859678496533e-02	3.000000000000000e-06	3.000000000000000e-06
5.515132e+03	4.592615779274212e-02	2.352032855876907e-02	3.000000000000000e-06	3.000000000000000e-06
5.634884e+03	4.587556790652225e-02	2.350193495980937e-02	3.000000000000000e-06	3.000000000000000e-06
5.757157e+03	4.582462477445759e-02	2.348341581779479e-02	3.000000000000000e-06	3.000000000000000e-06
5.882004e+03	4.577332773302412e-02	2.346477097455848e-02	3.000000000000000e-06	3.000000000000000e-06
6.009481e+03	4.572167615532764e-02	2.344600028420315e-02	3.000000000000000e-06	3.000000000000000e-06
6.139648e+03	4.566966945171790e-02	2.342710361324333e-02	3.000000000000000e-06	3.000000000000000e-06
6.272561e+03	4.561730707039668e-02	2.340808084074492e-02	3.000000000000000e-06	3.000000000000000e-06
6.408282e+03	4.556458849801923e-02	2.338893185846166e-02	3.000000000000000e-06	3.000000000000000e-06
6.546872e+03	4.551151326028839e-02	2.336965657096870e-02	3.000000000000000e-06	3.000000000000000e-06
6.688393e+03	4.545808092254121e-02	2.335025489579285e-02	3.000000000000000e-06	3.000000000000000e-06
6.832909e+03	4.540429109032728e-02	2.333072676353971e-02	3.000000000000000e-06	3.000000000000000e-06
6.980486e+03	4.535014340997838e-02	2.331107211801729e-02	3.000000000000000e-06	3.000000000000000e-06
7.131191e+03	4.529563756916895e-02	2.329129091635617e-02	3.000000000000000e-06	3.000000000000000e-06
7.285091e+03	4.524077329746683e-02	2.327138312912603e-02	3.000000000000000e-06	3.000000000000000e-06
7.442257e+03	4.518555036687367e-02	2.325134874044841e-02	3.000000000000000e-06	3.000000000000000e-06
7.602760e+03	4.512996859235478e-02	2.323118774810573e-02	3.000000000000000e-06	3.000000000000000e-06
7.766672e+03	4.507402783235748e-02	2.321090016364621e-02	3.000000000000000e-06	3.000000000000000e-06
7.934067e+03	4.501772798931781e-02	2.319048601248483e-02	3.000000000000000e-06	3.000000000000000e-06
8.105021e+03	4.496106901015489e-02	2.316994533400009e-02	3.000000000000000e-06	3.000000000000000e-06
8.279611e+03	4.490405088675248e-02	2.314927818162647e-02	3.000000000000000e-06	3.000000000000000e-06
8.457917e+03	4.484667365642719e-02	2.312848462294257e-02	3.000000000000000e-06	3.000000000000000e-06
8.640020e+03	4.478893740238289e-02	2.310756473975467e-02	3.000000000000000e-06	3.000000000000000e-06
8.826000e+03	4.473084225415079e-02	2.308651862817584e-02	3.000000000000000e-06	3.000000000000000e-06
9.015943e+03	4.467238838801470e-02	2.306534639870026e-02	3.000000000000000e-06	3.000000000000000e-06
9.209935e+03	4.461357602742100e-02	2.304404817627283e-02	3.000000000000000e-06	3.000000000000000e-06
9.408062e+03	4.455440544337273e-02	2.302262410035391e-02	3.000000000000000e-06	3.000000000000000e-06
9.610415e+03	4.449487695480757e-02	2.300107432497909e-02	3.000000000000000e-06	3.000000000000000e-06
9.817084e+03	4.443499092895894e-02	2.297939901881396e-02	3.000000000000000e-06	3.000000000000000e-06
1.000000e+04	4.438279056250358e-02	2.296050835444088e-02	3.000000000000000e-06	3.000000000000000e-06
1.021558e+04	4.432206785709953e-02	2.293853758783806e-02	3.000000000000000e-06	3.000000000000000e-06
1.043515e+04	4.426116182900126e-02	2.291650440857880e-02	3.000000000000000e-06	3.000000000000000e-06
1.065942e+04	4.419989648931405e-02	2.289434516703470e-02	3.000000000000000e-06	3.000000000000000e-06
1.088848e+04	4.413827617858088e-02	2.287206145429947e-02	3.000000000000000e-06	3.000000000000000e-06
1.112243e+04	4.407630147489687e-02	2.284965349718254e-02	3.000000000000000e-06	3.000000000000000e-06
1.136138e+04	4.401397308728505e-02	2.282712156652205e-02	3.000000000000000e-06	3.000000000000000e-06
1.160544e+04	4.395129177356612e-02	2.280446594741566e-02	3.000000000000000e-06	3.000000000000000e-06
1.185470e+04	4.388825834229438e-02	2.278168693985730e-02	3.000000000000000e-06	3.000000000000000e-06
1.210929e+04	4.382487365289389e-02	2.275878485872502e-02	3.000000000000000e-06	3.000000000000000e-06
1.236933e+04	4.376113861581138e-02	2.273576003377666e-02	3.000000000000000e-06	3.000000000000000e-06
1.263491e+04	4.369705419264690e-02	2.271261280963957e-02	3.000000000000000e-06	3.000000000000000e-06
1.290618e+04	4.363262139626271e-02	2.268934354579439e-02	3.000000000000000e-06	3.000000000000000e-06
1.318323e+04	4.356784129087028e-02	2.266595261655303e-02	3.000000000000000e-06	3.000000000000000e-06
1.346621e+04	4.350271499209496e-02	2.264244041103085e-02	3.000000000000000e-06	3.000000000000000e-06
1.375523e+04	4.343724366701818e-02	2.261880733311283e-02	3.000000000000000e-06	3.000000000000000e-06
1.405042e+04	4.337142853419690e-02	2.259505380141384e-02	3.000000000000000e-06	3.000000000000000e-06
1.435192e+04	4.330527086366016e-02	2.257118024923314e-02	3.000000000000000e-06	3.000000000000000e-06
1.465986e+04	4.323877197688250e-02	2.254718712450270e-02	3.000000000000000e-06	3.000000000000000e-06
1.497437e+04	4.317193324673405e-02	2.252307488972982e-02	3.000000000000000e-06	3.000000000000000e-06
1.529560e+04	4.310475609740723e-02	2.249884402193365e-02	3.000000000000000e-06	3.000000000000000e-06
1.562368e+04	4.303724200431988e-02	2.247449501257589e-02	3.000000000000000e-06	3.000000000000000e-06
1.595877e+04	4.296939249399476e-02	2.245002836748556e-02	3.000000000000000e-06	3.000000000000000e-06
1.630100e+04	4.290120914391528e-02	2.242544460677784e-02	3.000000000000000e-06	3.000000000000000e-06
1.665053e+04	4.283269358235740e-02	2.240074426476707e-02	3.000000000000000e-06	3.000000000000000e-06
1.700752e+04	4.276384748819784e-02	2.237592788987397e-02	3.000000000000000e-06	3.000000000000000e-06
1.737211e+04	4.269467259069830e-02	2.235099604452695e-02	3.000000000000000e-06	3.000000000000000e-06
1.774447e+04	4.262517066926590e-02	2.232594930505774e-02	3.000000000000000e-06	3.000000000000000e-06
1.812477e+04	4.255534355318992e-02	2.230078826159130e-02	3.000000000000000e-06	3.000000000000000e-06
1.851316e+04	4.248519312135467e-02	2.227551351792999e-02	3.000000000000000e-06	3.000000000000000e-06
1.890982e+04	4.241472130192880e-02	2.225012569143223e-02	3.000000000000000e-06	3.000000000000000e-06
1.931492e+04	4.234393007203104e-02	2.222462541288554e-02	3.000000000000000e-06	3.000000000000000e-06
1.972864e+04	4.227282145737254e-02	2.219901332637412e-02	3.000000000000000e-06	3.000000000000000e-06
2.015116e+04	4.220139753187587e-02	2.217329008914100e-02	3.000000000000000e-06	3.000000000000000e-06
2.058265e+04	4.212966041727110e-02	2.214745637144486e-02	3.000000000000000e-06	3.000000000000000e-06
2.102331e+04	4.205761228266882e-02	2.212151285641161e-02	3.000000000000000e-06	3.000000000000000e-06
2.147333e+04	4.198525534411057e-02	2.209546023988075e-02	3.000000000000000e-06	3.000000000000000e-06
2.193289e+04	4.191259186409690e-02	2.206929923024666e-02	3.000000000000000e-06	3.000000000000000e-06
2.240221e+04	4.183962415109315e-02	2.204303054829496e-02	3.000000000000000e-06	3.000000000000000e-06
2.288147e+04	4.176635455901352e-02	2.201665492703386e-02	3.000000000000000e-06	3.000000000000000e-06
2.337089e+04	4.169278548668347e-02	2.199017311152083e-02	3.000000000000000e-06	3.000000000000000e-06
2.387067e+04	4.161891937728095e-02	2.196358585868453e-02	3.000000000000000e-06	3.000000000000000e-06
2.438103e+04	4.154475871775681e-02	2.193689393714220e-02	3.000000000000000e-06	3.000000000000000e-06
2.490219e+04	4.147030603823462e-02	2.191009812701252e-02	3.000000000000000e-06	3.000000000000000e-06
2.543436e+04	4.139556391139051e-02	2.188319921972427e-02	3.000000000000000e-06	3.000000000000000e-06
2.597778e+04	4.132053495181331e-02	2.185619801782065e-02	3.000000000000000e-06	3.000000000000000e-06
2.653267e+04	4.124522181534535e-02	2.182909533475957e-02	3.000000000000000e-06	3.000000000000000e-06
2.709926e+04	4.116962719840463e-02	2.180189199470995e-02	3.000000000000000e-06	3.000000000000000e-06
2.767781e+04	4.109375383728860e-02	2.177458883234428e-02	3.000000000000000e-06	3.000000000000000e-06
2.826855e+04	4.101760450746007e-02	2.174718669262736e-02	3.000000000000000e-06	3.000000000000000e-06
2.887172e+04	4.094118202281589e-02	2.171968643060160e-02	3.000000000000000e-06	3.000000000000000e-06
2.948759e+04	4.086448923493879e-02	2.169208891116889e-02	3.000000000000000e-06	3.000000000000000e-06
3.011641e+04	4.078752903233297e-02	2.166439500886912e-02	3.000000000000000e-06	3.000000000000000e-06
3.075844e+04	4.071030433964396e-02	2.163660560765573e-02	3.000000000000000e-06	3.000000000000000e-06
3.141395e+04	4.063281811686337e-02	2.160872160066817e-02	3.000000000000000e-06	3.000000000000000e-06
3.208322e+04	4.055507335851908e-02	2.158074389000160e-02	3.000000000000000e-06	3.000000000000000e-06
3.276652e+04	4.047707309285142e-02	2.155267338647390e-02	3.000000000000000e-06	3.000000000000000e-06
3.346414e+04	4.039882038097602e-02	2.152451100939020e-02	3.000000000000000e-06	3.000000000000000e-06
3.417635e+04	4.032031831603392e-02	2.149625768630502e-02	3.000000000000000e-06	3.000000000000000e-06
3.490347e+04	4.024157002232945e-02	2.146791435278220e-02	3.000000000000000e-06	3.000000000000000e-06
3.564578e+04	4.016257865445677e-02	2.143948195215287e-02	3.000000000000000e-06	3.000000000000000e-06
3.640360e+04	4.008334739641541e-02	2.141096143527143e-02	3.000000000000000e-06	3.000000000000000e-06
3.717723e+04	4.000387946071563e-02	2.138235376026987e-02	3.000000000000000e-06	3.000000000000000e-06
3.796698e+04	3.992417808747432e-02	2.135365989231052e-02	3.000000000000000e-06	3.000000000000000e-06
3.877319e+04	3.984424654350181e-02	2.132488080333739e-02	3.000000000000000e-06	3.000000000000000e-06
3.959618e+04	3.976408812138067e-02	2.129601747182622e-02	3.000000000000000e-06	3.000000000000000e-06
4.043629e+04	3.968370613853672e-02	2.126707088253354e-02	3.000000000000000e-06	3.000000000000000e-06
4.129385e+04	3.960310393630333e-02	2.123804202624472e-02	3.000000000000000e-06	3.000000000000000e-06
4.216921e+04	3.952228487897932e-02	2.120893189952128e-02	3.000000000000000e-06	3.000000000000000e-06
4.306274e+04	3.944125235288146e-02	2.117974150444759e-02	3.000000000000000e-06	3.000000000000000e-06
4.397477e+04	3.936000976539201e-02	2.115047184837716e-02	3.000000000000000e-06	3.000000000000000e-06
4.490570e+04	3.927856054400199e-02	2.112112394367853e-02	3.000000000000000e-06	3.000000000000000e-06
4.585587e+04	3.919690813535106e-02	2.109169880748114e-02	3.000000000000000e-06	3.000000000000000e-06
4.682569e+04	3.911505600426436e-02	2.106219746142113e-02	3.000000000000000e-06	3.000000000000000e-06
4.781553e+04	3.903300763278730e-02	2.103262093138733e-02	3.000000000000000e-06	3.000000000000000e-06
4.882580e+04	3.895076651921867e-02	2.100297024726759e-02	3.000000000000000e-06	3.000000000000000e-06
4.985688e+04	3.886833617714292e-02	2.097324644269551e-02	3.000000000000000e-06	3.000000000000000e-06
5.090920e+04	3.878572013446222e-02	2.094345055479786e-02	3.000000000000000e-06	3.000000000000000e-06
5.198316e+04	3.870292193242887e-02	2.091358362394268e-02	3.000000000000000e-06	3.000000000000000e-06
5.307920e+04	3.861994512467878e-02	2.088364669348833e-02	3.000000000000000e-06	3.000000000000000e-06
5.419774e+04	3.853679327626659e-02	2.085364080953355e-02	3.000000000000000e-06	3.000000000000000e-06
5.533923e+04	3.845346996270313e-02	2.082356702066870e-02	3.000000000000000e-06	3.000000000000000e-06
5.650411e+04	3.836997876899571e-02	2.079342637772828e-02	3.000000000000000e-06	3.000000000000000e-06
5.769284e+04	3.828632328869194e-02	2.076321993354494e-02	3.000000000000000e-06	3.000000000000000e-06
5.890589e+04	3.820250712292771e-02	2.073294874270501e-02	3.000000000000000e-06	3.000000000000000e-06
6.014372e+04	3.811853387947969e-02	2.070261386130575e-02	3.000000000000000e-06	3.000000000000000e-06
6.140682e+04	3.803440717182317e-02	2.067221634671439e-02	3.000000000000000e-06	3.000000000000000e-06
6.269569e+04	3.795013061819574e-02	2.064175725732912e-02	3.000000000000000e-06	3.000000000000000e-06
6.401082e+04	3.786570784066717e-02	2.061123765234214e-02	3.000000000000000e-06	3.000000000000000e-06
6.535271e+04	3.778114246421624e-02	2.058065859150482e-02	3.000000000000000e-06	3.000000000000000e-06
6.672190e+04	3.769643811581498e-02	2.055002113489520e-02	3.000000000000000e-06	3.000000000000000e-06
6.811890e+04	3.761159842352075e-02	2.051932634268785e-02	3.000000000000000e-06	3.000000000000000e-06
6.954425e+04	3.752662701557669e-02	2.048857527492614e-02	3.000000000000000e-06	3.000000000000000e-06
7.099850e+04	3.744152751952105e-02	2.045776899129717e-02	3.000000000000000e-06	3.000000000000000e-06
7.248221e+04	3.735630356130582e-02	2.042690855090934e-02	3.000000000000000e-06	3.000000000000000e-06
7.399594e+04	3.727095876442511e-02	2.039599501207267e-02	3.000000000000000e-06	3.000000000000000e-06
7.554027e+04	3.718549674905369e-02	2.036502943208199e-02	3.000000000000000e-06	3.000000000000000e-06
7.711580e+04	3.709992113119615e-02	2.033401286700307e-02	3.000000000000000e-06	3.000000000000000e-06
7.872310e+04	3.701423552184703e-02	2.030294637146171e-02	3.000000000000000e-06	3.000000000000000e-06
8.036281e+04	3.692844352616232e-02	2.027183099843598e-02	3.000000000000000e-06	3.000000000000000e-06
8.203553e+04	3.684254874264271e-02	2.024066779905160e-02	3.000000000000000e-06	3.000000000000000e-06
8.374189e+04	3.675655476232886e-02	2.020945782238054e-02	3.000000000000000e-06	3.000000000000000e-06
8.548255e+04	3.667046516800917e-02	2.017820211524290e-02	3.000000000000000e-06	3.000000000000000e-06
8.725815e+04	3.658428353344015e-02	2.014690172201222e-02	3.000000000000000e-06	3.000000000000000e-06
8.906937e+04	3.649801342257994e-02	2.011555768442407e-02	3.000000000000000e-06	3.000000000000000e-06
9.091688e+04	3.641165838883502e-02	2.008417104138823e-02	3.000000000000000e-06	3.000000000000000e-06
9.280136e+04	3.632522197432054e-02	2.005274282880432e-02	3.000000000000000e-06	3.000000000000000e-06
9.472353e+04	3.623870770913445e-02	2.002127407938101e-02	3.000000000000000e-06	3.000000000000000e-06
9.668410e+04	3.615211911064565e-02	1.998976582245879e-02	3.000000000000000e-06	3.000000000000000e-06
9.868380e+04	3.606545968279640e-02	1.995821908383646e-02	3.000000000000000e-06	3.000000000000000e-06
1.000000e+05	3.600951609893056e-02	1.993784254158126e-02	3.000000000000000e-06	3.000000000000000e-06
1.020802e+05	3.592213969579263e-02	1.990601333858012e-02	3.000000000000000e-06	3.000000000000000e-06
1.041871e+05	3.583532097753164e-02	1.987437376446950e-02	3.000000000000000e-06	3.000000000000000e-06
1.063361e+05	3.574843195208459e-02	1.984269499777533e-02	3.000000000000000e-06	3.000000000000000e-06
1.085279e+05	3.566148844212508e-02	1.981098255724870e-02	3.000000000000000e-06	3.000000000000000e-06
1.107631e+05	3.557449362041571e-02	1.977923735711163e-02	3.000000000000000e-06	3.000000000000000e-06
1.130427e+05	3.548745088967575e-02	1.974746039720045e-02	3.000000000000000e-06	3.000000000000000e-06
1.153674e+05	3.540036362949908e-02	1.971565267083731e-02	3.000000000000000e-06	3.000000000000000e-06
1.177382e+05	3.531323520073134e-02	1.968381516649139e-02	3.000000000000000e-06	3.000000000000000e-06
1.201558e+05	3.522606894482098e-02	1.965194886760643e-02	3.000000000000000e-06	3.000000000000000e-06
1.226212e+05	3.513886818328452e-02	1.962005475246812e-02	3.000000000000000e-06	3.000000000000000e-06
1.251353e+05	3.505163621718545e-02	1.958813379407460e-02	3.000000000000000e-06	3.000000000000000e-06
1.276989e+05	3.496437632662874e-02	1.955618696001077e-02	3.000000000000000e-06	3.000000000000000e-06
1.303130e+05	3.487709177027108e-02	1.952421521232671e-02	3.000000000000000e-06	3.000000000000000e-06
1.329785e+05	3.478978578484659e-02	1.949221950741900e-02	3.000000000000000e-06	3.000000000000000e-06
1.356965e+05	3.470246158470822e-02	1.946020079591712e-02	3.000000000000000e-06	3.000000000000000e-06
1.384679e+05	3.461512236138469e-02	1.942816002257287e-02	3.000000000000000e-06	3.000000000000000e-06
1.412936e+05	3.452777128315290e-02	1.939609812615361e-02	3.000000000000000e-06	3.000000000000000e-06
1.441748e+05	3.444041149462587e-02	1.936401603933946e-02	3.000000000000000e-06	3.000000000000000e-06
1.471124e+05	3.435304611635611e-02	1.933191468862408e-02	3.000000000000000e-06	3.000000000000000e-06
1.501075e+05	3.426567824445419e-02	1.929979499421918e-02	3.000000000000000e-06	3.000000000000000e-06
1.531612e+05	3.417831095022267e-02	1.926765786996281e-02	3.000000000000000e-06	3.000000000000000e-06
1.562745e+05	3.409094727980511e-02	1.923550422323115e-02	3.000000000000000e-06	3.000000000000000e-06
1.594487e+05	3.400359025385016e-02	1.920333495485409e-02	3.000000000000000e-06	3.000000000000000e-06
1.626847e+05	3.391624286719051e-02	1.917115095903425e-02	3.000000000000000e-06	3.000000000000000e-06
1.659838e+05	3.382890808853667e-02	1.913895312326967e-02	3.000000000000000e-06	3.000000000000000e-06
1.693471e+05	3.374158886018546e-02	1.910674232828000e-02	3.000000000000000e-06	3.000000000000000e-06
1.727758e+05	3.365428809774289e-02	1.907451944793609e-02	3.000000000000000e-06	3.000000000000000e-06
1.762712e+05	3.356700868986155e-02	1.904228534919318e-02	3.000000000000000e-06	3.000000000000000e-06
1.798345e+05	3.347975349799211e-02	1.901004089202738e-02	3.000000000000000e-06	3.000000000000000e-06
1.834669e+05	3.339252535614889e-02	1.897778692937555e-02	3.000000000000000e-06	3.000000000000000e-06
1.871697e+05	3.330532707068941e-02	1.894552430707851e-02	3.000000000000000e-06	3.000000000000000e-06
1.909443e+05	3.321816142010740e-02	1.891325386382754e-02	3.000000000000000e-06	3.000000000000000e-06
1.947919e+05	3.313103115483963e-02	1.888097643111410e-02	3.000000000000000e-06	3.000000000000000e-06
1.987139e+05	3.304393899708578e-02	1.884869283318273e-02	3.000000000000000e-06	3.000000000000000e-06
2.027117e+05	3.295688764064166e-02	1.881640388698713e-02	3.000000000000000e-06	3.000000000000000e-06
2.067867e+05	3.286987975074519e-02	1.878411040214924e-02	3.000000000000000e-06	3.000000000000000e-06
2.109403e+05	3.278291796393527e-02	1.875181318092151e-02	3.000000000000000e-06	3.000000000000000e-06
2.151740e+05	3.269600488792302e-02	1.871951301815203e-02	3.000000000000000e-06	3.000000000000000e-06
2.194893e+05	3.260914310147542e-02	1.868721070125264e-02	3.000000000000000e-06	3.000000000000000e-06
2.238875e+05	3.252233515431099e-02	1.865490701017001e-02	3.000000000000000e-06	3.000000000000000e-06
2.283704e+05	3.243558356700743e-02	1.862260271735941e-02	3.000000000000000e-06	3.000000000000000e-06
2.329395e+05	3.234889083092076e-02	1.859029858776141e-02	3.000000000000000e-06	3.000000000000000e-06
2.375962e+05	3.226225940811604e-02	1.855799537878125e-02	3.000000000000000e-06	3.000000000000000e-06
2.423423e+05	3.217569173130917e-02	1.852569384027086e-02	3.000000000000000e-06	3.000000000000000e-06
2.471795e+05	3.208919020381976e-02	1.849339471451355e-02	3.000000000000000e-06	3.000000000000000e-06
2.521093e+05	3.200275719953466e-02	1.846109873621129e-02	3.000000000000000e-06	3.000000000000000e-06
2.571335e+05	3.191639506288202e-02	1.842880663247447e-02	3.000000000000000e-06	3.000000000000000e-06
2.622538e+05	3.183010610881566e-02	1.839651912281413e-02	3.000000000000000e-06	3.000000000000000e-06
2.674720e+05	3.174389262280945e-02	1.836423691913659e-02	3.000000000000000e-06	3.000000000000000e-06
2.727899e+05	3.165775686086148e-02	1.833196072574048e-02	3.000000000000000e-06	3.000000000000000e-06
2.782093e+05	3.157170104950784e-02	1.829969123931603e-02	3.000000000000000e-06	3.000000000000000e-06
2.837321e+05	3.148572738584571e-02	1.826742914894659e-02	3.000000000000000e-06	3.000000000000000e-06
2.893602e+05	3.139983803756555e-02	1.823517513611244e-02	3.000000000000000e-06	3.000000000000000e-06
2.950955e+05	3.131403514299217e-02	1.820292987469656e-02	3.000000000000000e-06	3.000000000000000e-06
3.009400e+05	3.122832081113442e-02	1.817069403099269e-02	3.000000000000000e-06	3.000000000000000e-06
3.068957e+05	3.114269712174327e-02	1.813846826371524e-02	3.000000000000000e-06	3.000000000000000e-06
3.129647e+05	3.105716612537808e-02	1.810625322401131e-02	3.000000000000000e-06	3.000000000000000e-06
3.191489e+05	3.097172984348076e-02	1.807404955547452e-02	3.000000000000000e-06	3.000000000000000e-06
3.254506e+05	3.088639026845769e-02	1.804185789416083e-02	3.000000000000000e-06	3.000000000000000e-06
3.318719e+05	3.080114936376904e-02	1.800967886860602e-02	3.000000000000000e-06	3.000000000000000e-06
3.384149e+05	3.071600906402540e-02	1.797751309984510e-02	3.000000000000000e-06	3.000000000000000e-06
3.450820e+05	3.063097127509140e-02	1.794536120143332e-02	3.000000000000000e-06	3.000000000000000e-06
3.518753e+05	3.054603787419610e-02	1.791322377946888e-02	3.000000000000000e-06	3.000000000000000e-06
3.587972e+05	3.046121071005000e-02	1.788110143261724e-02	3.000000000000000e-06	3.000000000000000e-06
3.658501e+05	3.037649160296840e-02	1.784899475213700e-02	3.000000000000000e-06	3.000000000000000e-06
3.730363e+05	3.029188234500083e-02	1.781690432190725e-02	3.000000000000000e-06	3.000000000000000e-06
3.803583e+05	3.020738470006647e-02	1.778483071845647e-02	3.000000000000000e-06	3.000000000000000e-06
3.878185e+05	3.012300040409527e-02	1.775277451099273e-02	3.000000000000000e-06	3.000000000000000e-06
3.954196e+05	3.003873116517452e-02	1.772073626143531e-02	3.000000000000000e-06	3.000000000000000e-06
4.031640e+05	2.995457866370077e-02	1.768871652444767e-02	3.000000000000000e-06	3.000000000000000e-06
4.110544e+05	2.987054455253677e-02	1.765671584747157e-02	3.000000000000000e-06	3.000000000000000e-06
4.190935e+05	2.978663045717336e-02	1.762473477076256e-02	3.000000000000000e-06	3.000000000000000e-06
4.272839e+05	2.970283797589601e-02	1.759277382742654e-02	3.000000000000000e-06	3.000000000000000e-06
4.356285e+05	2.961916867995582e-02	1.756083354345746e-02	3.000000000000000e-06	3.000000000000000e-06
4.441301e+05	2.953562411374491e-02	1.752891443777619e-02	3.000000000000000e-06	3.000000000000000e-06
4.527915e+05	2.945220579497577e-02	1.749701702227031e-02	3.000000000000000e-06	3.000000000000000e-06
4.616156e+05	2.936891521486471e-02	1.746514180183500e-02	3.000000000000000e-06	3.000000000000000e-06
4.706055e+05	2.928575383831887e-02	1.743328927441483e-02	3.000000000000000e-06	3.000000000000000e-06
4.797641e+05	2.920272310412691e-02	1.740145993104649e-02	3.000000000000000e-06	3.000000000000000e-06
4.890945e+05	2.911982442515304e-02	1.736965425590240e-02	3.000000000000000e-06	3.000000000000000e-06
4.985999e+05	2.903705918853424e-02	1.733787272633513e-02	3.000000000000000e-06	3.000000000000000e-06
5.082834e+05	2.895442875588053e-02	1.730611581292265e-02	3.000000000000000e-06	3.000000000000000e-06
5.181484e+05	2.887193446347813e-02	1.727438397951428e-02	3.000000000000000e-06	3.000000000000000e-06
5.281981e+05	2.878957762249530e-02	1.724267768327746e-02	3.000000000000000e-06	3.000000000000000e-06
5.384359e+05	2.870735951919073e-02	1.721099737474509e-02	3.000000000000000e-06	3.000000000000000e-06
5.488651e+05	2.862528141512437e-02	1.717934349786357e-02	3.000000000000000e-06	3.000000000000000e-06
5.594894e+05	2.854334454737039e-02	1.714771649004148e-02	3.000000000000000e-06	3.000000000000000e-06
5.703123e+05	2.846155012873235e-02	1.711611678219879e-02	3.000000000000000e-06	3.000000000000000e-06
5.813374e+05	2.837989934796026e-02	1.708454479881660e-02	3.000000000000000e-06	3.000000000000000e-06
5.925683e+05	2.829839336996940e-02	1.705300095798746e-02	3.000000000000000e-06	3.000000000000000e-06
6.040089e+05	2.821703333606087e-02	1.702148567146607e-02	3.000000000000000e-06	3.000000000000000e-06
6.156629e+05	2.813582036414366e-02	1.698999934472054e-02	3.000000000000000e-06	3.000000000000000e-06
6.275343e+05	2.805475554895802e-02	1.695854237698394e-02	3.000000000000000e-06	3.000000000000000e-06
6.396269e+05	2.797383996230024e-02	1.692711516130630e-02	3.000000000000000e-06	3.000000000000000e-06
6.519449e+05	2.789307465324843e-02	1.689571808460700e-02	3.000000000000000e-06	3.000000000000000e-06
6.644924e+05	2.781246064838944e-02	1.686435152772740e-02	3.000000000000000e-06	3.000000000000000e-06
6.772734e+05	2.773199895204655e-02	1.683301586548381e-02	3.000000000000000e-06	3.000000000000000e-06
6.902924e+05	2.765169054650805e-02	1.680171146672072e-02	3.000000000000000e-06	3.000000000000000e-06
7.035535e+05	2.757153639225640e-02	1.677043869436434e-02	3.000000000000000e-06	3.000000000000000e-06
7.170613e+05	2.749153742819804e-02	1.673919790547621e-02	3.000000000000000e-06	3.000000000000000e-06
7.308202e+05	2.741169457189358e-02	1.670798945130712e-02	3.000000000000000e-06	3.000000000000000e-06
7.448349e+05	2.733200871978835e-02	1.667681367735119e-02	3.000000000000000e-06	3.000000000000000e-06
7.591098e+05	2.725248074744323e-02	1.664567092340005e-02	3.000000000000000e-06	3.000000000000000e-06
7.736499e+05	2.717311150976563e-02	1.661456152359713e-02	3.000000000000000e-06	3.000000000000000e-06
7.884598e+05	2.709390184124045e-02	1.658348580649210e-02	3.000000000000000e-06	3.000000000000000e-06
8.035446e+05	2.701485255616115e-02	1.655244409509538e-02	3.000000000000000e-06	3.000000000000000e-06
8.189093e+05	2.693596444886055e-02	1.652143670693261e-02	3.000000000000000e-06	3.000000000000000e-06
8.345589e+05	2.685723829394156e-02	1.649046395409932e-02	3.000000000000000e-06	3.000000000000000e-06
8.504986e+05	2.677867484650748e-02	1.645952614331544e-02	3.000000000000000e-06	3.000000000000000e-06
8.667337e+05	2.670027484239208e-02	1.642862357597993e-02	3.000000000000000e-06	3.000000000000000e-06
8.832697e+05	2.662203899838910e-02	1.639775654822531e-02	3.000000000000000e-06	3.000000000000000e-06
9.001119e+05	2.654396801248135e-02	1.636692535097220e-02	3.000000000000000e-06	3.000000000000000e-06
9.172659e+05	2.646606256406913e-02	1.633613026998378e-02	3.000000000000000e-06	3.000000000000000e-06
9.347374e+05	2.638832331419803e-02	1.630537158592011e-02	3.000000000000000e-06	3.000000000000000e-06
9.525323e+05	2.631075090578601e-02	1.627464957439250e-02	3.000000000000000e-06	3.000000000000000e-06
9.706563e+05	2.623334596384968e-02	1.624396450601762e-02	3.000000000000000e-06	3.000000000000000e-06
9.891156e+05	2.615610909572974e-02	1.621331664647157e-02	3.000000000000000e-06	3.000000000000000e-06
1.000000e+06	2.611151859822963e-02	1.619560197759392e-02	3.000000000000000e-06	3.000000000000000e-06
1.019148e+06	2.603395310154510e-02	1.616477702350698e-02	3.000000000000000e-06	3.000000000000000e-06
1.038500e+06	2.595716431816349e-02	1.613423087425882e-02	3.000000000000000e-06	3.000000000000000e-06
1.058213e+06	2.588053460862240e-02	1.610371846299326e-02	3.000000000000000e-06	3.000000000000000e-06
1.078290e+06	2.580407573989664e-02	1.607324449729423e-02	3.000000000000000e-06	3.000000000000000e-06
1.098738e+06	2.572778802041401e-02	1.604280913500778e-02	3.000000000000000e-06	3.000000000000000e-06
1.119563e+06	2.565167195035833e-02	1.601241261208297e-02	3.000000000000000e-06	3.000000000000000e-06
1.140772e+06	2.557572801013538e-02	1.598205515842880e-02	3.000000000000000e-06	3.000000000000000e-06
1.162373e+06	2.549995666443651e-02	1.595173699949802e-02	3.000000000000000e-06	3.000000000000000e-06
1.184372e+06	2.542435836238341e-02	1.592145835631145e-02	3.000000000000000e-06	3.000000000000000e-06
1.206777e+06	2.534893353774267e-02	1.589121944551044e-02	3.000000000000000e-06	3.000000000000000e-06
1.229595e+06	2.527368260913763e-02	1.586102047940853e-02	3.000000000000000e-06	3.000000000000000e-06
1.252834e+06	2.519860598025882e-02	1.583086166604277e-02	3.000000000000000e-06	3.000000000000000e-06
1.276501e+06	2.512370404007298e-02	1.580074320922490e-02	3.000000000000000e-06	3.000000000000000e-06
1.300604e+06	2.504897716303055e-02	1.577066530859212e-02	3.000000000000000e-06	3.000000000000000e-06
1.325151e+06	2.497442570927167e-02	1.574062815965759e-02	3.000000000000000e-06	3.000000000000000e-06
1.350151e+06	2.490005002483059e-02	1.571063195386068e-02	3.000000000000000e-06	3.000000000000000e-06
1.375610e+06	2.482585044183852e-02	1.568067687861682e-02	3.000000000000000e-06	3.000000000000000e-06
1.401539e+06	2.475182727872495e-02	1.565076311736709e-02	3.000000000000000e-06	3.000000000000000e-06
1.427944e+06	2.467798084041722e-02	1.562089084962746e-02	3.000000000000000e-06	3.000000000000000e-06
1.454836e+06	2.460431141853859e-02	1.559106025103769e-02	3.000000000000000e-06	3.000000000000000e-06
1.482222e+06	2.453081929160451e-02	1.556127149340991e-02	3.000000000000000e-06	3.000000000000000e-06
1.510112e+06	2.445750472521735e-02	1.553152474477685e-02	3.000000000000000e-06	3.000000000000000e-06
1.538516e+06	2.438436797225929e-02	1.550182016943970e-02	3.000000000000000e-06	3.000000000000000e-06
1.567441e+06	2.431140927308365e-02	1.547215792801564e-02	3.000000000000000e-06	3.000000000000000e-06
1.596898e+06	2.423862885570439e-02	1.544253817748499e-02	3.000000000000000e-06	3.000000000000000e-06
1.626897e+06	2.416602693598387e-02	1.541296107123804e-02	3.000000000000000e-06	3.000000000000000e-06
1.657448e+06	2.409360371781895e-02	1.538342675912145e-02	3.000000000000000e-06	3.000000000000000e-06
1.688559e+06	2.402135939332522e-02	1.535393538748430e-02	3.000000000000000e-06	3.000000000000000e-06
1.720243e+06	2.394929414301954e-02	1.532448709922381e-02	3.000000000000000e-06	3.000000000000000e-06
1.752508e+06	2.387740813600078e-02	1.529508203383063e-02	3.000000000000000e-06	3.000000000000000e-06
1.785366e+06	2.380570153012877e-02	1.526572032743376e-02	3.000000000000000e-06	3.000000000000000e-06
1.818828e+06	2.373417447220141e-02	1.523640211284510e-02	3.000000000000000e-06	3.000000000000000e-06
1.852904e+06	2.366282709813013e-02	1.520712751960362e-02	3.000000000000000e-06	3.000000000000000e-06
1.887606e+06	2.359165953311336e-02	1.517789667401911e-02	3.000000000000000e-06	3.000000000000000e-06
1.922945e+06	2.352067189180837e-02	1.514870969921559e-02	3.000000000000000e-06	3.000000000000000e-06
1.958932e+06	2.344986427850115e-02	1.511956671517425e-02	3.000000000000000e-06	3.000000000000000e-06
1.995580e+06	2.337923678727462e-02	1.509046783877611e-02	3.000000000000000e-06	3.000000000000000e-06
2.032901e+06	2.330878950217496e-02	1.506141318384418e-02	3.000000000000000e-06	3.000000000000000e-06
2.070906e+06	2.323852249737611e-02	1.503240286118530e-02	3.000000000000000e-06	3.000000000000000e-06
2.109609e+06	2.316843583734256e-02	1.500343697863152e-02	3.000000000000000e-06	3.000000000000000e-06
2.149021e+06	2.309852957699020e-02	1.497451564108113e-02	3.000000000000000e-06	3.000000000000000e-06
2.189156e+06	2.302880376184551e-02	1.494563895053931e-02	3.000000000000000e-06	3.000000000000000e-06
2.230028e+06	2.295925842820285e-02	1.491680700615829e-02	3.000000000000000e-06	3.000000000000000e-06
2.271649e+06	2.288989360327999e-02	1.488801990427723e-02	3.000000000000000e-06	3.000000000000000e-06
2.314033e+06	2.282070930537185e-02	1.485927773846163e-02	3.000000000000000e-06	3.000000000000000e-06
2.357194e+06	2.275170554400247e-02	1.483058059954234e-02	3.000000000000000e-06	3.000000000000000e-06
2.401147e+06	2.268288232007516e-02	1.480192857565421e-02	3.000000000000000e-06	3.000000000000000e-06
2.445905e+06	2.261423962602091e-02	1.477332175227434e-02	3.000000000000000e-06	3.000000000000000e-06
2.491483e+06	2.254577744594501e-02	1.474476021225989e-02	3.000000000000000e-06	3.000000000000000e-06
2.537897e+06	2.247749575577196e-02	1.471624403588554e-02	3.000000000000000e-06	3.000000000000000e-06
2.585161e+06	2.240939452338853e-02	1.468777330088052e-02	3.000000000000000e-06	3.000000000000000e-06
2.633292e+06	2.234147370878521e-02	1.465934808246529e-02	3.000000000000000e-06	3.000000000000000e-06
2.682304e+06	2.227373326419579e-02	1.463096845338782e-02	3.000000000000000e-06	3.000000000000000e-06
2.732214e+06	2.220617313423530e-02	1.460263448395939e-02	3.000000000000000e-06	3.000000000000000e-06
2.783038e+06	2.213879325603623e-02	1.457434624209015e-02	3.000000000000000e-06	3.000000000000000e-06
2.834794e+06	2.207159355938298e-02	1.454610379332416e-02	3.000000000000000e-06	3.000000000000000e-06
2.887497e+06	2.200457396684470e-02	1.451790720087412e-02	3.000000000000000e-06	3.000000000000000e-06
2.941165e+06	2.193773439390639e-02	1.448975652565569e-02	3.000000000000000e-06	3.000000000000000e-06
2.995817e+06	2.187107474909829e-02	1.446165182632141e-02	3.000000000000000e-06	3.000000000000000e-06
3.051469e+06	2.180459493412373e-02	1.443359315929427e-02	3.000000000000000e-06	3.000000000000000e-06
3.108140e+06	2.173829484398520e-02	1.440558057880088e-02	3.000000000000000e-06	3.000000000000000e-06
3.165849e+06	2.167217436710885e-02	1.437761413690425e-02	3.000000000000000e-06	3.000000000000000e-06
3.224615e+06	2.160623338546732e-02	1.434969388353624e-02	3.000000000000000e-06	3.000000000000000e-06
3.284456e+06	2.154047177470099e-02	1.432181986652956e-02	3.000000000000000e-06	3.000000000000000e-06
3.345393e+06	2.147488940423765e-02	1.429399213164949e-02	3.000000000000000e-06	3.000000000000000e-06
3.407445e+06	2.140948613741046e-02	1.426621072262516e-02	3.000000000000000e-06	3.000000000000000e-06
3.470634e+06	2.134426183157448e-02	1.423847568118048e-02	3.000000000000000e-06	3.000000000000000e-06
3.534978e+06	2.127921633822157e-02	1.421078704706472e-02	3.000000000000000e-06	3.000000000000000e-06
3.600501e+06	2.121434950309367e-02	1.418314485808271e-02	3.000000000000000e-06	3.000000000000000e-06
3.667223e+06	2.114966116629472e-02	1.415554915012470e-02	3.000000000000000e-06	3.000000000000000e-06
3.735165e+06	2.108515116240083e-02	1.412799995719584e-02	3.000000000000000e-06	3.000000000000000e-06
3.804352e+06	2.102081932056915e-02	1.410049731144530e-02	3.000000000000000e-06	3.000000000000000e-06
3.874804e+06	2.095666546464510e-02	1.407304124319509e-02	3.000000000000000e-06	3.000000000000000e-06
3.946545e+06	2.089268941326818e-02	1.404563178096845e-02	3.000000000000000e-06	3.000000000000000e-06
4.019600e+06	2.082889097997628e-02	1.401826895151796e-02	3.000000000000000e-06	3.000000000000000e-06
4.093991e+06	2.076526997330859e-02	1.399095277985328e-02	3.000000000000000e-06	3.000000000000000e-06
4.169743e+06	2.070182619690702e-02	1.396368328926853e-02	3.000000000000000e-06	3.000000000000000e-06
4.246881e+06	2.063855944961620e-02	1.393646050136936e-02	3.000000000000000e-06	3.000000000000000e-06
4.325431e+06	2.057546952558207e-02	1.390928443609967e-02	3.000000000000000e-06	3.000000000000000e-06
4.405417e+06	2.051255621434909e-02	1.388215511176801e-02	3.000000000000000e-06	3.000000000000000e-06
4.486867e+06	2.044981930095609e-02	1.385507254507361e-02	3.000000000000000e-06	3.000000000000000e-06
4.569808e+06	2.038725856603065e-02	1.382803675113215e-02	3.000000000000000e-06	3.000000000000000e-06
4.654265e+06	2.032487378588229e-02	1.380104774350115e-02	3.000000000000000e-06	3.000000000000000e-06
4.740268e+06	2.026266473259412e-02	1.377410553420502e-02	3.000000000000000e-06	3.000000000000000e-06
4.827844e+06	2.020063117411338e-02	1.374721013375988e-02	3.000000000000000e-06	3.000000000000000e-06
4.917022e+06	2.013877287434050e-02	1.372036155119799e-02	3.000000000000000e-06	3.000000000000000e-06
5.007832e+06	2.007708959321695e-02	1.369355979409186e-02	3.000000000000000e-06	3.000000000000000e-06
5.100302e+06	2.001558108681179e-02	1.366680486857812e-02	3.000000000000000e-06	3.000000000000000e-06
5.194465e+06	1.995424710740697e-02	1.364009677938100e-02	3.000000000000000e-06	3.000000000000000e-06
5.290349e+06	1.989308740358134e-02	1.361343552983558e-02	3.000000000000000e-06	3.000000000000000e-06
5.387988e+06	1.983210172029346e-02	1.358682112191068e-02	3.000000000000000e-06	3.000000000000000e-06
5.487413e+06	1.977128979896319e-02	1.356025355623148e-02	3.000000000000000e-06	3.000000000000000e-06
5.588657e+06	1.971065137755202e-02	1.353373283210186e-02	3.000000000000000e-06	3.000000000000000e-06
5.691752e+06	1.965018619064232e-02	1.350725894752640e-02	3.000000000000000e-06	3.000000000000000e-06
5.796734e+06	1.958989396951524e-02	1.348083189923214e-02	3.000000000000000e-06	3.000000000000000e-06
5.903635e+06	1.952977444222763e-02	1.345445168269005e-02	3.000000000000000e-06	3.000000000000000e-06
6.012493e+06	1.946982733368767e-02	1.342811829213615e-02	3.000000000000000e-06	3.000000000000000e-06
6.123341e+06	1.941005236572947e-02	1.340183172059247e-02	3.000000000000000e-06	3.000000000000000e-06
6.236218e+06	1.935044925718642e-02	1.337559195988761e-02	3.000000000000000e-06	3.000000000000000e-06
6.351159e+06	1.929101772396361e-02	1.334939900067709e-02	3.000000000000000e-06	3.000000000000000e-06
6.468203e+06	1.923175747910896e-02	1.332325283246347e-02	3.000000000000000e-06	3.000000000000000e-06
6.587388e+06	1.917266823288344e-02	1.329715344361607e-02	3.000000000000000e-06	3.000000000000000e-06
6.708753e+06	1.911374969283011e-02	1.327110082139057e-02	3.000000000000000e-06	3.000000000000000e-06
6.832338e+06	1.905500156384216e-02	1.324509495194829e-02	3.000000000000000e-06	3.000000000000000e-06
6.958184e+06	1.899642354822994e-02	1.321913582037514e-02	3.000000000000000e-06	3.000000000000000e-06
7.086332e+06	1.893801534578687e-02	1.319322341070045e-02	3.000000000000000e-06	3.000000000000000e-06
7.216825e+06	1.887977665385444e-02	1.316735770591546e-02	3.000000000000000e-06	3.000000000000000e-06
7.349705e+06	1.882170716738615e-02	1.314153868799154e-02	3.000000000000000e-06	3.000000000000000e-06
7.485016e+06	1.876380657901051e-02	1.311576633789825e-02	3.000000000000000e-06	3.000000000000000e-06
7.622802e+06	1.870607457909302e-02	1.309004063562108e-02	3.000000000000000e-06	3.000000000000000e-06
7.763110e+06	1.864851085579726e-02	1.306436156017897e-02	3.000000000000000e-06	3.000000000000000e-06
7.905984e+06	1.859111509514494e-02	1.303872908964162e-02	3.000000000000000e-06	3.000000000000000e-06
8.051473e+06	1.853388698107512e-02	1.301314320114651e-02	3.000000000000000e-06	3.000000000000000e-06
8.199623e+06	1.847682619550248e-02	1.298760387091574e-02	3.000000000000000e-06	3.000000000000000e-06
8.350484e+06	1.841993241837459e-02	1.296211107427261e-02	3.000000000000000e-06	3.000000000000000e-06
8.504105e+06	1.836320532772848e-02	1.293666478565797e-02	3.000000000000000e-06	3.000000000000000e-06
8.660538e+06	1.830664459974612e-02	1.291126497864638e-02	3.000000000000000e-06	3.000000000000000e-06
8.819832e+06	1.825024990880920e-02	1.288591162596200e-02	3.000000000000000e-06	3.000000000000000e-06
8.982042e+06	1.819402092755295e-02	1.286060469949430e-02	3.000000000000000e-06	3.000000000000000e-06
9.147220e+06	1.813795732691915e-02	1.283534417031351e-02	3.000000000000000e-06	3.000000000000000e-06
9.315421e+06	1.808205877620834e-02	1.281013000868595e-02	3.000000000000000e-06	3.000000000000000e-06
9.486700e+06	1.802632494313116e-02	1.278496218408902e-02	3.000000000000000e-06	3.000000000000000e-06
9.661113e+06	1.797075549385889e-02	1.275984066522606e-02	3.000000000000000e-06	3.000000000000000e-06
9.838719e+06	1.791535009307325e-02	1.273476542004104e-02	3.000000000000000e-06	3.000000000000000e-06
1.000000e+07	1.786609568664091e-02	1.271244778794636e-02	3.000000000000000e-06	3.000000000000000e-06
1.018417e+07	1.781089169012515e-02	1.268741104438728e-02	3.000000000000000e-06	3.000000000000000e-06
1.037134e+07	1.775596099000833e-02	1.266247038684351e-02	3.000000000000000e-06	3.000000000000000e-06
1.056194e+07	1.770119103603266e-02	1.263757497205798e-02	3.000000000000000e-06	3.000000000000000e-06
1.075603e+07	1.764658350560967e-02	1.261272567983415e-02	3.000000000000000e-06	3.000000000000000e-06
1.095368e+07	1.759213801926817e-02	1.258792245743416e-02	3.000000000000000e-06	3.000000000000000e-06
1.115494e+07	1.753785423336622e-02	1.256316526824602e-02	3.000000000000000e-06	3.000000000000000e-06
1.135989e+07	1.748373180247265e-02	1.253845407470453e-02	3.000000000000000e-06	3.000000000000000e-06
1.156859e+07	1.742977038008814e-02	1.251378883861212e-02	3.000000000000000e-06	3.000000000000000e-06
1.178111e+07	1.737596961867545e-02	1.248916952114609e-02	3.000000000000000e-06	3.000000000000000e-06
1.199752e+07	1.732232916970153e-02	1.246459608287125e-02	3.000000000000000e-06	3.000000000000000e-06
1.221790e+07	1.726884868367869e-02	1.244006848375237e-02	3.000000000000000e-06	3.000000000000000e-06
1.244231e+07	1.721552781020504e-02	1.241558668316634e-02	3.000000000000000e-06	3.000000000000000e-06
1.267083e+07	1.716236619800443e-02	1.239115063991425e-02	3.000000000000000e-06	3.000000000000000e-06
1.290353e+07	1.710936349496569e-02	1.236676031223330e-02	3.000000000000000e-06	3.000000000000000e-06
1.314049e+07	1.705651934818119e-02	1.234241565780848e-02	3.000000000000000e-06	3.000000000000000e-06
1.338180e+07	1.700383340398488e-02	1.231811663378414e-02	3.000000000000000e-06	3.000000000000000e-06
1.362752e+07	1.695130530798969e-02	1.229386319677543e-02	3.000000000000000e-06	3.000000000000000e-06
1.387775e+07	1.689893470512435e-02	1.226965530287945e-02	3.000000000000000e-06	3.000000000000000e-06
1.413255e+07	1.684672123966955e-02	1.224549290768642e-02	3.000000000000000e-06	3.000000000000000e-06
1.439203e+07	1.679466455529367e-02	1.222137596629053e-02	3.000000000000000e-06	3.000000000000000e-06
1.465626e+07	1.674276429508779e-02	1.219730443330076e-02	3.000000000000000e-06	3.000000000000000e-06
1.492532e+07	1.669102010160030e-02	1.217327826285150e-02	3.000000000000000e-06	3.000000000000000e-06
1.519932e+07	1.663943161687077e-02	1.214929740861302e-02	3.000000000000000e-06	3.000000000000000e-06
1.547834e+07	1.658799848246350e-02	1.212536182380179e-02	3.000000000000000e-06	3.000000000000000e-06
1.576247e+07	1.653672033950038e-02	1.210147146119067e-02	3.000000000000000e-06	3.000000000000000e-06
1.605180e+07	1.648559682869328e-02	1.207762627311897e-02	3.000000000000000e-06	3.000000000000000e-06
1.634644e+07	1.643462759037595e-02	1.205382621150235e-02	3.000000000000000e-06	3.000000000000000e-06
1.664648e+07	1.638381226453541e-02	1.203007122784256e-02	3.000000000000000e-06	3.000000000000000e-06
1.695201e+07	1.633315049084282e-02	1.200636127323713e-02	3.000000000000000e-06	3.000000000000000e-06
1.726314e+07	1.628264190868386e-02	1.198269629838881e-02	3.000000000000000e-06	3.000000000000000e-06
1.757998e+07	1.623228615718873e-02	1.195907625361498e-02	3.000000000000000e-06	3.000000000000000e-06
1.790262e+07	1.618208287526151e-02	1.193550108885686e-02	3.000000000000000e-06	3.000000000000000e-06
1.823118e+07	1.613203170160921e-02	1.191197075368865e-02	3.000000000000000e-06	3.000000000000000e-06
1.856576e+07	1.608213227477029e-02	1.188848519732649e-02	3.000000000000000e-06	3.000000000000000e-06
1.890647e+07	1.603238423314279e-02	1.186504436863734e-02	3.000000000000000e-06	3.000000000000000e-06
1.925343e+07	1.598278721501193e-02	1.184164821614769e-02	3.000000000000000e-06	3.000000000000000e-06
1.960675e+07	1.593334085857738e-02	1.181829668805224e-02	3.000000000000000e-06	3.000000000000000e-06
1.996655e+07	1.588404480198006e-02	1.179498973222233e-02	3.000000000000000e-06	3.000000000000000e-06
2.033294e+07	1.583489868332852e-02	1.177172729621438e-02	3.000000000000000e-06	3.000000000000000e-06
2.070605e+07	1.578590214072494e-02	1.174850932727814e-02	3.000000000000000e-06	3.000000000000000e-06
2.108601e+07	1.573705481229070e-02	1.172533577236484e-02	3.000000000000000e-06	3.000000000000000e-06
2.147293e+07	1.568835633619158e-02	1.170220657813525e-02	3.000000000000000e-06	3.000000000000000e-06
2.186695e+07	1.563980635066256e-02	1.167912169096764e-02	3.000000000000000e-06	3.000000000000000e-06
2.226820e+07	1.559140449403229e-02	1.165608105696556e-02	3.000000000000000e-06	3.000000000000000e-06
2.267680e+07	1.554315040474707e-02	1.163308462196560e-02	3.000000000000000e-06	3.000000000000000e-06
2.309290e+07	1.549504372139461e-02	1.161013233154501e-02	3.000000000000000e-06	3.000000000000000e-06
2.351663e+07	1.544708408272734e-02	1.158722413102921e-02	3.000000000000000e-06	3.000000000000000e-06
2.394814e+07	1.539927112768539e-02	1.156435996549920e-02	3.000000000000000e-06	3.000000000000000e-06
2.438756e+07	1.535160449541926e-02	1.154153977979889e-02	3.000000000000000e-06	3.000000000000000e-06
2.483505e+07	1.530408382531208e-02	1.151876351854235e-02	3.000000000000000e-06	3.000000000000000e-06
2.529074e+07	1.525670875700160e-02	1.149603112612085e-02	3.000000000000000e-06	3.000000000000000e-06
2.575480e+07	1.520947893040186e-02	1.147334254670999e-02	3.000000000000000e-06	3.000000000000000e-06
2.622738e+07	1.516239398572449e-02	1.145069772427656e-02	3.000000000000000e-06	3.000000000000000e-06
2.670862e+07	1.511545356349974e-02	1.142809660258545e-02	3.000000000000000e-06	3.000000000000000e-06
2.719870e+07	1.506865730459717e-02	1.140553912520634e-02	3.000000000000000e-06	3.000000000000000e-06
2.769777e+07	1.502200485024609e-02	1.138302523552042e-02	3.000000000000000e-06	3.000000000000000e-06
2.820601e+07	1.497549584205566e-02	1.136055487672696e-02	3.000000000000000e-06	3.000000000000000e-06
2.872357e+07	1.492912992203472e-02	1.133812799184976e-02	3.000000000000000e-06	3.000000000000000e-06
2.925064e+07	1.488290673261134e-02	1.131574452374365e-02	3.000000000000000e-06	3.000000000000000e-06
2.978738e+07	1.483682591665206e-02	1.129340441510072e-02	3.000000000000000e-06	3.000000000000000e-06
3.033398e+07	1.479088711748094e-02	1.127110760845666e-02	3.000000000000000e-06	3.000000000000000e-06
3.089061e+07	1.474508997889827e-02	1.124885404619683e-02	3.000000000000000e-06	3.000000000000000e-06
3.145747e+07	1.469943414519902e-02	1.122664367056246e-02	3.000000000000000e-06	3.000000000000000e-06
3.203473e+07	1.465391926119108e-02	1.120447642365656e-02	3.000000000000000e-06	3.000000000000000e-06
3.262260e+07	1.460854497221326e-02	1.118235224744992e-02	3.000000000000000e-06	3.000000000000000e-06
3.322126e+07	1.456331092415296e-02	1.116027108378696e-02	3.000000000000000e-06	3.000000000000000e-06
3.383092e+07	1.451821676346370e-02	1.113823287439149e-02	3.000000000000000e-06	3.000000000000000e-06
3.445177e+07	1.447326213718237e-02	1.111623756087247e-02	3.000000000000000e-06	3.000000000000000e-06
3.508403e+07	1.442844669294624e-02	1.109428508472963e-02	3.000000000000000e-06	3.000000000000000e-06
3.572791e+07	1.438377007900981e-02	1.107237538735906e-02	3.000000000000000e-06	3.000000000000000e-06
3.638362e+07	1.433923194426134e-02	1.105050841005871e-02	3.000000000000000e-06	3.000000000000000e-06
3.705137e+07	1.429483193823929e-02	1.102868409403383e-02	3.000000000000000e-06	3.000000000000000e-06
3.773140e+07	1.425056971114843e-02	1.100690238040237e-02	3.000000000000000e-06	3.000000000000000e-06
3.842392e+07	1.420644491387585e-02	1.098516321020027e-02	3.000000000000000e-06	3.000000000000000e-06
3.912916e+07	1.416245719800673e-02	1.096346652438673e-02	3.000000000000000e-06	3.000000000000000e-06
3.984737e+07	1.411860621583986e-02	1.094181226384937e-02	3.000000000000000e-06	3.000000000000000e-06
4.057878e+07	1.407489162040311e-02	1.092020036940939e-02	3.000000000000000e-06	3.000000000000000e-06
4.132363e+07	1.403131306546857e-02	1.089863078182662e-02	3.000000000000000e-06	3.000000000000000e-06
4.208218e+07	1.398787020556760e-02	1.087710344180452e-02	3.000000000000000e-06	3.000000000000000e-06
4.285467e+07	1.394456269600566e-02	1.085561828999516e-02	3.000000000000000e-06	3.000000000000000e-06
4.364136e+07	1.390139019287703e-02	1.083417526700410e-02	3.000000000000000e-06	3.000000000000000e-06
4.444251e+07	1.385835235307928e-02	1.081277431339522e-02	3.000000000000000e-06	3.000000000000000e-06
4.525840e+07	1.381544883432764e-02	1.079141536969553e-02	3.000000000000000e-06	3.000000000000000e-06
4.608929e+07	1.377267929516921e-02	1.077009837639989e-02	3.000000000000000e-06	3.000000000000000e-06
4.693546e+07	1.373004339499697e-02	1.074882327397570e-02	3.000000000000000e-06	3.000000000000000e-06
4.779719e+07	1.368754079406370e-02	1.072759000286752e-02	3.000000000000000e-06	3.000000000000000e-06
4.867477e+07	1.364517115349569e-02	1.070639850350165e-02	3.000000000000000e-06	3.000000000000000e-06
4.956850e+07	1.360293413530643e-02	1.068524871629070e-02	3.000000000000000e-06	3.000000000000000e-06
5.047866e+07	1.356082940240997e-02	1.066414058163801e-02	3.000000000000000e-06	3.000000000000000e-06
5.140557e+07	1.351885661863437e-02	1.064307403994216e-02	3.000000000000000e-06	3.000000000000000e-06
5.234953e+07	1.347701544873480e-02	1.062204903160131e-02	3.000000000000000e-06	3.000000000000000e-06
5.331085e+07	1.343530555840675e-02	1.060106549701756e-02	3.000000000000000e-06	3.000000000000000e-06
5.428987e+07	1.339372661429889e-02	1.058012337660127e-02	3.000000000000000e-06	3.000000000000000e-06
5.528690e+07	1.335227828402598e-02	1.055922261077531e-02	3.000000000000000e-06	3.000000000000000e-06
5.630228e+07	1.331096023618157e-02	1.053836313997929e-02	3.000000000000000e-06	3.000000000000000e-06
5.733635e+07	1.326977214035068e-02	1.051754490467371e-02	3.000000000000000e-06	3.000000000000000e-06
5.838944e+07	1.322871366712225e-02	1.049676784534415e-02	3.000000000000000e-06	3.000000000000000e-06
5.946193e+07	1.318778448810164e-02	1.047603190250531e-02	3.000000000000000e-06	3.000000000000000e-06
6.055415e+07	1.314698427592288e-02	1.045533701670512e-02	3.000000000000000e-06	3.000000000000000e-06
6.166648e+07	1.310631270426096e-02	1.043468312852873e-02	3.000000000000000e-06	3.000000000000000e-06
6.279929e+07	1.306576944784392e-02	1.041407017860254e-02	3.000000000000000e-06	3.000000000000000e-06
6.395296e+07	1.302535418246493e-02	1.039349810759810e-02	3.000000000000000e-06	3.000000000000000e-06
6.512787e+07	1.298506658499426e-02	1.037296685623606e-02	3.000000000000000e-06	3.000000000000000e-06
6.632441e+07	1.294490633339112e-02	1.035247636529008e-02	3.000000000000000e-06	3.000000000000000e-06
6.754299e+07	1.290487310671554e-02	1.033202657559060e-02	3.000000000000000e-06	3.000000000000000e-06
6.878402e+07	1.286496658514006e-02	1.031161742802876e-02	3.000000000000000e-06	3.000000000000000e-06
7.004790e+07	1.282518644996140e-02	1.029124886356012e-02	3.000000000000000e-06	3.000000000000000e-06
7.133506e+07	1.278553238361206e-02	1.027092082320843e-02	3.000000000000000e-06	3.000000000000000e-06
7.264593e+07	1.274600406967189e-02	1.025063324806937e-02	3.000000000000000e-06	3.000000000000000e-06
7.398095e+07	1.270660119287950e-02	1.023038607931427e-02	3.000000000000000e-06	3.000000000000000e-06
7.534056e+07	1.266732343914376e-02	1.021017925819374e-02	3.000000000000000e-06	3.000000000000000e-06
7.672523e+07	1.262817049555509e-02	1.019001272604133e-02	3.000000000000000e-06	3.000000000000000e-06
7.813541e+07	1.258914205039681e-02	1.016988642427716e-02	3.000000000000000e-06	3.000000000000000e-06
7.957158e+07	1.255023779315642e-02	1.014980029441153e-02	3.000000000000000e-06	3.000000000000000e-06
8.103421e+07	1.251145741453679e-02	1.012975427804843e-02	3.000000000000000e-06	3.000000000000000e-06
8.252380e+07	1.247280060646739e-02	1.010974831688915e-02	3.000000000000000e-06	3.000000000000000e-06
8.404085e+07	1.243426706211535e-02	1.008978235273575e-02	3.000000000000000e-06	3.000000000000000e-06
8.558586e+07	1.239585647589668e-02	1.006985632749459e-02	3.000000000000000e-06	3.000000000000000e-06
8.715934e+07	1.235756854348724e-02	1.004997018317983e-02	3.000000000000000e-06	3.000000000000000e-06
8.876184e+07	1.231940296183385e-02	1.003012386191680e-02	3.000000000000000e-06	3.000000000000000e-06
9.039388e+07	1.228135942916532e-02	1.001031730594555e-02	3.000000000000000e-06	3.000000000000000e-06
9.205602e+07	1.224343764500339e-02	9.990550457624158e-03	3.000000000000000e-06	3.000000000000000e-06
9.374880e+07	1.220563731017377e-02	9.970823259432226e-03	3.000000000000000e-06	3.000000000000000e-06
9.547280e+07	1.216795812681703e-02	9.951135653974185e-03	3.000000000000000e-06	3.000000000000000e-06
9.722859e+07	1.213039979839965e-02	9.931487583982703e-03	3.000000000000000e-06	3.000000000000000e-06
9.901677e+07	1.209296202972483e-02	9.911878992322008e-03	3.000000000000000e-06	3.000000000000000e-06
1.000000e+08	1.207282885855836e-02	9.901318517339618e-03	3.000000000000000e-06	3.000000000000000e-06
1.018548e+08	1.203526180513069e-02	9.881605770864041e-03	3.000000000000000e-06	3.000000000000000e-06
1.037279e+08	1.199813554753286e-02	9.862100498625535e-03	3.000000000000000e-06	3.000000000000000e-06
1.056360e+08	1.196112299446606e-02	9.842631451209139e-03	3.000000000000000e-06	3.000000000000000e-06
1.075792e+08	1.192422978154862e-02	9.823201679476118e-03	3.000000000000000e-06	3.000000000000000e-06
1.095583e+08	1.188745551376655e-02	9.803811070666420e-03	3.000000000000000e-06	3.000000000000000e-06
1.115739e+08	1.185079990689386e-02	9.784459569611562e-03	3.000000000000000e-06	3.000000000000000e-06
1.136267e+08	1.181426267614028e-02	9.765147120256565e-03	3.000000000000000e-06	3.000000000000000e-06
1.157174e+08	1.177784353818170e-02	9.745873666724988e-03	3.000000000000000e-06	3.000000000000000e-06
1.178466e+08	1.174154221113449e-02	9.726639153302873e-03	3.000000000000000e-06	3.000000000000000e-06
1.200152e+08	1.170535841456719e-02	9.707443524442298e-03	3.000000000000000e-06	3.000000000000000e-06
1.222238e+08	1.166929186951144e-02	9.688286724764593e-03	3.000000000000000e-06	3.000000000000000e-06
1.244732e+08	1.163334229847302e-02	9.669168699063516e-03	3.000000000000000e-06	3.000000000000000e-06
1.267641e+08	1.159750942544290e-02	9.650089392308454e-03	3.000000000000000e-06	3.000000000000000e-06
1.290973e+08	1.156179297590833e-02	9.631048749647597e-03	3.000000000000000e-06	3.000000000000000e-06
1.314735e+08	1.152619267686388e-02	9.612046716411119e-03	3.000000000000000e-06	3.000000000000000e-06
1.338937e+08	1.149070825682265e-02	9.593083238114340e-03	3.000000000000000e-06	3.000000000000000e-06
1.363585e+08	1.145533944582739e-02	9.574158260460895e-03	3.000000000000000e-06	3.000000000000000e-06
1.388689e+08	1.142008597546169e-02	9.555271729345897e-03	3.000000000000000e-06	3.000000000000000e-06
1.414256e+08	1.138494757886130e-02	9.536423590859083e-03	3.000000000000000e-06	3.000000000000000e-06
1.440295e+08	1.134992399072532e-02	9.517613791287974e-03	3.000000000000000e-06	3.000000000000000e-06
1.466816e+08	1.131501494732762e-02	9.498842277121021e-03	3.000000000000000e-06	3.000000000000000e-06
1.493826e+08	1.128022018652816e-02	9.480108995050762e-03	3.000000000000000e-06	3.000000000000000e-06
1.521335e+08	1.124553944778444e-02	9.461413891976952e-03	3.000000000000000e-06	3.000000000000000e-06
1.549353e+08	1.121097247216298e-02	9.442756915009728e-03	3.000000000000000e-06	3.000000000000000e-06
1.577888e+08	1.117651900235086e-02	9.424138011472740e-03	3.000000000000000e-06	3.000000000000000e-06
1.606951e+08	1.114217878266729e-02	9.405557128906306e-03	3.000000000000000e-06	3.000000000000000e-06
1.636550e+08	1.110795155907529e-02	9.387014215070552e-03	3.000000000000000e-06	3.000000000000000e-06
1.666697e+08	1.107383707919336e-02	9.368509217948569e-03	3.000000000000000e-06	3.000000000000000e-06
1.697401e+08	1.103983509230731e-02	9.350042085749556e-03	3.000000000000000e-06	3.000000000000000e-06
1.728672e+08	1.100594534938205e-02	9.331612766911976e-03	3.000000000000000e-06	3.000000000000000e-06
1.760522e+08	1.097216760307351e-02	9.313221210106720e-03	3.000000000000000e-06	3.000000000000000e-06
1.792960e+08	1.093850160774065e-02	9.294867364240253e-03	3.000000000000000e-06	3.000000000000000e-06
1.825998e+08	1.090494711945745e-02	9.276551178457793e-03	3.000000000000000e-06	3.000000000000000e-06
1.859646e+08	1.087150389602511e-02	9.258272602146476e-03	3.000000000000000e-06	3.000000000000000e-06
1.893917e+08	1.083817169698418e-02	9.240031584938529e-03	3.000000000000000e-06	3.000000000000000e-06
1.928822e+08	1.080495028362691e-02	9.221828076714459e-03	3.000000000000000e-06	3.000000000000000e-06
1.964372e+08	1.077183941900955e-02	9.203662027606236e-03	3.000000000000000e-06	3.000000000000000e-06
2.000579e+08	1.073883886796484e-02	9.185533388000489e-03	3.000000000000000e-06	3.000000000000000e-06
2.037456e+08	1.070594839711453e-02	9.167442108541715e-03	3.000000000000000e-06	3.000000000000000e-06
2.075016e+08	1.067316777488198e-02	9.149388140135490e-03	3.000000000000000e-06	3.000000000000000e-06
2.113270e+08	1.064049677150492e-02	9.131371433951683e-03	3.000000000000000e-06	3.000000000000000e-06
2.152231e+08	1.060793515904820e-02	9.113391941427700e-03	3.000000000000000e-06	3.000000000000000e-06
2.191914e+08	1.057548271141669e-02	9.095449614271715e-03	3.000000000000000e-06	3.000000000000000e-06
2.232331e+08	1.054313920436833e-02	9.077544404465926e-03	3.000000000000000e-06	3.000000000000000e-06
2.273495e+08	1.051090441552716e-02	9.059676264269817e-03	3.000000000000000e-06	3.000000000000000e-06
2.315421e+08	1.047877812439652e-02	9.041845146223432e-03	3.000000000000000e-06	3.000000000000000e-06
2.358123e+08	1.044676011237236e-02	9.024051003150667e-03	3.000000000000000e-06	3.000000000000000e-06
2.401616e+08	1.041485016275665e-02	9.006293788162563e-03	3.000000000000000e-06	3.000000000000000e-06
2.445913e+08	1.038304806077084e-02	8.988573454660625e-03	3.000000000000000e-06	3.000000000000000e-06
2.491030e+08	1.035135359356952e-02	8.970889956340147e-03	3.000000000000000e-06	3.000000000000000e-06
2.536983e+08	1.031976655025411e-02	8.953243247193557e-03	3.000000000000000e-06	3.000000000000000e-06
2.583786e+08	1.028828672188670e-02	8.935633281513766e-03	3.000000000000000e-06	3.000000000000000e-06
2.631455e+08	1.025691390150402e-02	8.918060013897555e-03	3.000000000000000e-06	3.000000000000000e-06
2.680007e+08	1.022564788413148e-02	8.900523399248949e-03	3.000000000000000e-06	3.000000000000000e-06
2.729458e+08	1.019448846679736e-02	8.883023392782631e-03	3.000000000000000e-06	3.000000000000000e-06
2.779825e+08	1.016343544854711e-02	8.865559950027371e-03	3.000000000000000e-06	3.000000000000000e-06
2.831125e+08	1.013248863045780e-02	8.848133026829449e-03	3.000000000000000e-06	3.000000000000000e-06
2.883374e+08	1.010164781565262e-02	8.830742579356132e-03	3.000000000000000e-06	3.000000000000000e-06
2.936592e+08	1.007091280931560e-02	8.813388564099143e-03	3.000000000000000e-06	3.000000000000000e-06
2.990795e+08	1.004028341870636e-02	8.796070937878158e-03	3.000000000000000e-06	3.000000000000000e-06
3.046002e+08	1.000975945317509e-02	8.778789657844335e-03	3.000000000000000e-06	3.000000000000000e-06
3.102231e+08	9.979340724177593e-03	8.761544681483834e-03	3.000000000000000e-06	3.000000000000000e-06
3.159503e+08	9.949027045290434e-03	8.744335966621393e-03	3.000000000000000e-06	3.000000000000000e-06
3.217835e+08	9.918818232226321e-03	8.727163471423901e-03	3.000000000000000e-06	3.000000000000000e-06
3.277248e+08	9.888714102849539e-03	8.710027154404000e-03	3.000000000000000e-06	3.000000000000000e-06
3.337762e+08	9.858714477191546e-03	8.692926974423719e-03	3.000000000000000e-06	3.000000000000000e-06
3.399398e+08	9.828819177466717e-03	8.675862890698115e-03	3.000000000000000e-06	3.000000000000000e-06
3.462176e+08	9.799028028088214e-03	8.658834862798949e-03	3.000000000000000e-06	3.000000000000000e-06
3.526117e+08	9.769340855684004e-03	8.641842850658386e-03	3.000000000000000e-06	3.000000000000000e-06
3.591244e+08	9.739757489113028e-03	8.624886814572717e-03	3.000000000000000e-06	3.000000000000000e-06
3.657577e+08	9.710277759481493e-03	8.607966715206099e-03	3.000000000000000e-06	3.000000000000000e-06
3.725141e+08	9.680901500159340e-03	8.591082513594346e-03	3.000000000000000e-06	3.000000000000000e-06
3.793956e+08	9.651628546796831e-03	8.574234171148713e-03	3.000000000000000e-06	3.000000000000000e-06
3.864048e+08	9.622458737341301e-03	8.557421649659735e-03	3.000000000000000e-06	3.000000000000000e-06
3.935439e+08	9.593391912054067e-03	8.540644911301073e-03	3.000000000000000e-06	3.000000000000000e-06
4.008154e+08	9.564427913527464e-03	8.523903918633410e-03	3.000000000000000e-06	3.000000000000000e-06
4.082218e+08	9.535566586702061e-03	8.507198634608354e-03	3.000000000000000e-06	3.000000000000000e-06
4.157655e+08	9.506807778884012e-03	8.490529022572385e-03	3.000000000000000e-06	3.000000000000000e-06
4.234491e+08	9.478151339762569e-03	8.473895046270821e-03	3.000000000000000e-06	3.000000000000000e-06
4.312752e+08	9.449597121427762e-03	8.457296669851832e-03	3.000000000000000e-06	3.000000000000000e-06
4.392464e+08	9.421144978388219e-03	8.440733857870459e-03	3.000000000000000e-06	3.000000000000000e-06
4.473656e+08	9.392794767589146e-03	8.424206575292697e-03	3.000000000000000e-06	3.000000000000000e-06
4.556353e+08	9.364546348430494e-03	8.407714787499573e-03	3.000000000000000e-06	3.000000000000000e-06
4.640585e+08	9.336399582785244e-03	8.391258460291286e-03	3.000000000000000e-06	3.000000000000000e-06
4.726379e+08	9.308354335017891e-03	8.374837559891379e-03	3.000000000000000e-06	3.000000000000000e-06
4.813766e+08	9.280410472003073e-03	8.358452052950917e-03	3.000000000000000e-06	3.000000000000000e-06
4.902774e+08	9.252567863144358e-03	8.342101906552737e-03	3.000000000000000e-06	3.000000000000000e-06
4.993433e+08	9.224826380393214e-03	8.325787088215698e-03	3.000000000000000e-06	3.000000000000000e-06
5.085775e+08	9.197185898268130e-03	8.309507565898998e-03	3.000000000000000e-06	3.000000000000000e-06
5.179831e+08	9.169646293873906e-03	8.293263308006508e-03	3.000000000000000e-06	3.000000000000000e-06
5.275633e+08	9.142207446921107e-03	8.277054283391139e-03	3.000000000000000e-06	3.000000000000000e-06
5.373213e+08	9.114869239745693e-03	8.260880461359267e-03	3.000000000000000e-06	3.000000000000000e-06
5.472605e+08	9.087631557328803e-03	8.244741811675171e-03	3.000000000000000e-06	3.000000000000000e-06
5.573841e+08	9.060494287316720e-03	8.228638304565532e-03	3.000000000000000e-06	3.000000000000000e-06
5.676957e+08	9.033457320040992e-03	8.212569910723956e-03	3.000000000000000e-06	3.000000000000000e-06
5.781988e+08	9.006520548538731e-03	8.196536601315536e-03	3.000000000000000e-06	3.000000000000000e-06
5.888969e+08	8.979683868573082e-03	8.180538347981475e-03	3.000000000000000e-06	3.000000000000000e-06
5.997936e+08	8.952947178653848e-03	8.164575122843711e-03	3.000000000000000e-06	3.000000000000000e-06
6.108927e+08	8.926310380058297e-03	8.148646898509630e-03	3.000000000000000e-06	3.000000000000000e-06
6.221980e+08	8.899773376852134e-03	8.132753648076779e-03	3.000000000000000e-06	3.000000000000000e-06
6.337132e+08	8.873336075910641e-03	8.116895345137652e-03	3.000000000000000e-06	3.000000000000000e-06
6.454423e+08	8.846998386939987e-03	8.101071963784496e-03	3.000000000000000e-06	3.000000000000000e-06
6.573892e+08	8.820760222498706e-03	8.085283478614185e-03	3.000000000000000e-06	3.000000000000000e-06
6.695581e+08	8.794621498019345e-03	8.069529864733110e-03	3.000000000000000e-06	3.000000000000000e-06
6.819531e+08	8.768582131830278e-03	8.053811097762138e-03	3.000000000000000e-06	3.000000000000000e-06
6.945783e+08	8.742642045177692e-03	8.038127153841605e-03	3.000000000000000e-06	3.000000000000000e-06
7.074382e+08	8.716801162247734e-03	8.022478009636357e-03	3.000000000000000e-06	3.000000000000000e-06
7.205370e+08	8.691059410188827e-03	8.006863642340833e-03	3.000000000000000e-06	3.000000000000000e-06
7.338792e+08	8.665416719134154e-03	7.991284029684208e-03	3.000000000000000e-06	3.000000000000000e-06
7.474693e+08	8.639873022224305e-03	7.975739149935570e-03	3.000000000000000e-06	3.000000000000000e-06
7.613120e+08	8.614428255630087e-03	7.960228981909149e-03	3.000000000000000e-06	3.000000000000000e-06
7.754120e+08	8.589082358575501e-03	7.944753504969605e-03	3.000000000000000e-06	3.000000000000000e-06
7.897741e+08	8.563835273360873e-03	7.929312699037348e-03	3.000000000000000e-06	3.000000000000000e-06
8.044031e+08	8.538686945386152e-03	7.913906544593927e-03	3.000000000000000e-06	3.000000000000000e-06
8.193041e+08	8.513637323174367e-03	7.898535022687454e-03	3.000000000000000e-06	3.000000000000000e-06
8.344821e+08	8.488686358395243e-03	7.883198114938088e-03	3.000000000000000e-06	3.000000000000000e-06
8.499424e+08	8.463834005888959e-03	7.867895803543570e-03	3.000000000000000e-06	3.000000000000000e-06
8.656900e+08	8.439080223690087e-03	7.852628071284808e-03	3.000000000000000e-06	3.000000000000000e-06
8.817305e+08	8.414424973051653e-03	7.837394901531519e-03	3.000000000000000e-06	3.000000000000000e-06
8.980693e+08	8.389868218469371e-03	7.822196278247923e-03	3.000000000000000e-06	3.000000000000000e-06
9.147119e+08	8.365409927706019e-03	7.807032185998486e-03	3.000000000000000e-06	3.000000000000000e-06
9.316640e+08	8.341050071815959e-03	7.791902609953731e-03	3.000000000000000e-06	3.000000000000000e-06
9.489314e+08	8.316788625169793e-03	7.776807535896095e-03	3.000000000000000e-06	3.000000000000000e-06
9.665200e+08	8.292625565479180e-03	7.761746950225838e-03	3.000000000000000e-06	3.000000000000000e-06
9.844358e+08	8.268560873821780e-03	7.746720839967025e-03	3.000000000000000e-06	3.000000000000000e-06
1.000000e+09	8.248124837840700e-03	7.733936591082781e-03	3.000000000000000e-06	3.000000000000000e-06
