#t[yr]	ecc	inc	eachmass	totalmass
0.000000e+00	3.000000000000000e-02	1.500000000000000e-02	3.000000000000000e-06	3.000000000000000e-06
1.000000e-03	2.999999612544646e-02	1.499999857947058e-02	3.000000000000000e-06	3.000000000000000e-06
1.000000e-02	2.999996125453118e-02	1.499998579472774e-02	3.000000000000000e-06	3.000000000000000e-06
1.000000e-01	2.999961255116564e-02	1.499985794922259e-02	3.000000000000000e-06	3.000000000000000e-06
1.000000e+00	2.999612609615871e-02	1.499857968646859e-02	3.000000000000000e-06	3.000000000000000e-06
3.081659e+00	2.998807903965506e-02	1.499562853057914e-02	3.000000000000000e-06	3.000000000000000e-06
5.176515e+00	2.998002158560175e-02	1.499267156559599e-02	3.000000000000000e-06	3.000000000000000e-06
7.301989e+00	2.997188736205638e-02	1.498968443113244e-02	3.000000000000000e-06	3.000000000000000e-06
9.458357e+00	2.996367663793374e-02	1.498666718987933e-02	3.000000000000000e-06	3.000000000000000e-06
1.000000e+01	2.996162497270657e-02	1.498591272946527e-02	3.000000000000000e-06	3.000000000000000e-06
1.221977e+01	2.995322665353226e-02	1.498282398598668e-02	3.000000000000000e-06	3.000000000000000e-06
1.444757e+01	2.994484185285147e-02	1.497973813972296e-02	3.000000000000000e-06	3.000000000000000e-06
1.670839e+01	2.993637694812426e-02	1.497662074556524e-02	3.000000000000000e-06	3.000000000000000e-06
1.900244e+01	2.992783259344075e-02	1.497347200824633e-02	3.000000000000000e-06	3.000000000000000e-06
2.133030e+01	2.991920806082897e-02	1.497029162408667e-02	3.000000000000000e-06	3.000000000000000e-06
2.369257e+01	2.991050263702095e-02	1.496707929471729e-02	3.000000000000000e-06	3.000000000000000e-06
2.608984e+01	2.990171560298455e-02	1.496383471955893e-02	3.000000000000000e-06	3.000000000000000e-06
2.852274e+01	2.989284623420625e-02	1.496055759593865e-02	3.000000000000000e-06	3.000000000000000e-06
3.099187e+01	2.988389380066998e-02	1.495724761909487e-02	3.000000000000000e-06	3.000000000000000e-06
3.349789e+01	2.987485756684137e-02	1.495390448218471e-02	3.000000000000000e-06	3.000000000000000e-06
3.604145e+01	2.986573679165263e-02	1.495052787629205e-02	3.000000000000000e-06	3.000000000000000e-06
3.862321e+01	2.985653072848840e-02	1.494711749043623e-02	3.000000000000000e-06	3.000000000000000e-06
4.124385e+01	2.984723862517250e-02	1.494367301158151e-02	3.000000000000000e-06	3.000000000000000e-06
4.390407e+01	2.983785972395553e-02	1.494019412464721e-02	3.000000000000000e-06	3.000000000000000e-06
4.660456e+01	2.982839326150361e-02	1.493668051251864e-02	3.000000000000000e-06	3.000000000000000e-06
4.934606e+01	2.981883846888793e-02	1.493313185605875e-02	3.000000000000000e-06	3.000000000000000e-06
5.212930e+01	2.980919457157554e-02	1.492954783412057e-02	3.000000000000000e-06	3.000000000000000e-06
5.495502e+01	2.979946078942114e-02	1.492592812356044e-02	3.000000000000000e-06	3.000000000000000e-06
5.782401e+01	2.978963633665996e-02	1.492227239925204e-02	3.000000000000000e-06	3.000000000000000e-06
6.073703e+01	2.977972042190192e-02	1.491858033410119e-02	3.000000000000000e-06	3.000000000000000e-06
6.369489e+01	2.976971224812694e-02	1.491485159906156e-02	3.000000000000000e-06	3.000000000000000e-06
6.669841e+01	2.975961101268149e-02	1.491108586315116e-02	3.000000000000000e-06	3.000000000000000e-06
6.974842e+01	2.974941590727648e-02	1.490728279346975e-02	3.000000000000000e-06	3.000000000000000e-06
7.284576e+01	2.973912611798652e-02	1.490344205521703e-02	3.000000000000000e-06	3.000000000000000e-06
7.599131e+01	2.972874082525046e-02	1.489956331171184e-02	3.000000000000000e-06	3.000000000000000e-06
7.918596e+01	2.971825920387351e-02	1.489564622441216e-02	3.000000000000000e-06	3.000000000000000e-06
8.243060e+01	2.970768042303075e-02	1.489169045293610e-02	3.000000000000000e-06	3.000000000000000e-06
8.572617e+01	2.969700364627220e-02	1.488769565508377e-02	3.000000000000000e-06	3.000000000000000e-06
8.907360e+01	2.968622803152949e-02	1.488366148686015e-02	3.000000000000000e-06	3.000000000000000e-06
9.247386e+01	2.967535273112417e-02	1.487958760249890e-02	3.000000000000000e-06	3.000000000000000e-06
9.592793e+01	2.966437689177765e-02	1.487547365448711e-02	3.000000000000000e-06	3.000000000000000e-06
9.943681e+01	2.965329965462297e-02	1.487131929359111e-02	3.000000000000000e-06	3.000000000000000e-06
1.000000e+02	2.965153369713967e-02	1.487065658878569e-02	3.000000000000000e-06	3.000000000000000e-06
1.036216e+02	2.964018769652968e-02	1.486639860228003e-02	3.000000000000000e-06	3.000000000000000e-06
1.072524e+02	2.962888963259439e-02	1.486215615438097e-02	3.000000000000000e-06	3.000000000000000e-06
1.109420e+02	2.961748500119024e-02	1.485787127090416e-02	3.000000000000000e-06	3.000000000000000e-06
1.146909e+02	2.960597536751032e-02	1.485354451412270e-02	3.000000000000000e-06	3.000000000000000e-06
1.185002e+02	2.959435980495007e-02	1.484917551167442e-02	3.000000000000000e-06	3.000000000000000e-06
1.223709e+02	2.958263742115050e-02	1.484476390457290e-02	3.000000000000000e-06	3.000000000000000e-06
1.263043e+02	2.957080731766801e-02	1.484030933208708e-02	3.000000000000000e-06	3.000000000000000e-06
1.303016e+02	2.955886859064893e-02	1.483581143201861e-02	3.000000000000000e-06	3.000000000000000e-06
1.343640e+02	2.954682033084948e-02	1.483126984073346e-02	3.000000000000000e-06	3.000000000000000e-06
1.384927e+02	2.953466162366861e-02	1.482668419319869e-02	3.000000000000000e-06	3.000000000000000e-06
1.426891e+02	2.952239154918308e-02	1.482205412302018e-02	3.000000000000000e-06	3.000000000000000e-06
1.469543e+02	2.951000918218495e-02	1.481737926248166e-02	3.000000000000000e-06	3.000000000000000e-06
1.512898e+02	2.949751359222168e-02	1.481265924258484e-02	3.000000000000000e-06	3.000000000000000e-06
1.556968e+02	2.948490384363879e-02	1.480789369309071e-02	3.000000000000000e-06	3.000000000000000e-06
1.601768e+02	2.947217899562516e-02	1.480308224256208e-02	3.000000000000000e-06	3.000000000000000e-06
1.647312e+02	2.945933810226111e-02	1.479822451840727e-02	3.000000000000000e-06	3.000000000000000e-06
1.693615e+02	2.944638021256928e-02	1.479332014692509e-02	3.000000000000000e-06	3.000000000000000e-06
1.740691e+02	2.943330437056830e-02	1.478836875335095e-02	3.000000000000000e-06	3.000000000000000e-06
1.788555e+02	2.942010961532953e-02	1.478336996190434e-02	3.000000000000000e-06	3.000000000000000e-06
1.837223e+02	2.940679498103672e-02	1.477832339583740e-02	3.000000000000000e-06	3.000000000000000e-06
1.886710e+02	2.939335949704882e-02	1.477322867748491e-02	3.000000000000000e-06	3.000000000000000e-06
1.937033e+02	2.937980218796587e-02	1.476808542831542e-02	3.000000000000000e-06	3.000000000000000e-06
1.988207e+02	2.936612207369818e-02	1.476289326898376e-02	3.000000000000000e-06	3.000000000000000e-06
2.040251e+02	2.935231816953886e-02	1.475765181938472e-02	3.000000000000000e-06	3.000000000000000e-06
2.093181e+02	2.933838948623961e-02	1.475236069870818e-02	3.000000000000000e-06	3.000000000000000e-06
2.147015e+02	2.932433503009005e-02	1.474701952549540e-02	3.000000000000000e-06	3.000000000000000e-06
2.201770e+02	2.931015380300059e-02	1.474162791769668e-02	3.000000000000000e-06	3.000000000000000e-06
2.257465e+02	2.929584480258884e-02	1.473618549273037e-02	3.000000000000000e-06	3.000000000000000e-06
2.314119e+02	2.928140702226977e-02	1.473069186754315e-02	3.000000000000000e-06	3.000000000000000e-06
2.371751e+02	2.926683945134958e-02	1.472514665867167e-02	3.000000000000000e-06	3.000000000000000e-06
2.430381e+02	2.925214107512343e-02	1.471954948230550e-02	3.000000000000000e-06	3.000000000000000e-06
2.490028e+02	2.923731087497704e-02	1.471389995435149e-02	3.000000000000000e-06	3.000000000000000e-06
2.550713e+02	2.922234782849237e-02	1.470819769049937e-02	3.000000000000000e-06	3.000000000000000e-06
2.612458e+02	2.920725090955723e-02	1.470244230628877e-02	3.000000000000000e-06	3.000000000000000e-06
2.675283e+02	2.919201908847912e-02	1.469663341717761e-02	3.000000000000000e-06	3.000000000000000e-06
2.739210e+02	2.917665133210326e-02	1.469077063861177e-02	3.000000000000000e-06	3.000000000000000e-06
2.804262e+02	2.916114660393491e-02	1.468485358609617e-02	3.000000000000000e-06	3.000000000000000e-06
2.870461e+02	2.914550386426602e-02	1.467888187526723e-02	3.000000000000000e-06	3.000000000000000e-06
2.937831e+02	2.912972207030637e-02	1.467285512196658e-02	3.000000000000000e-06	3.000000000000000e-06
3.006396e+02	2.911380017631916e-02	1.466677294231629e-02	3.000000000000000e-06	3.000000000000000e-06
3.076181e+02	2.909773713376124e-02	1.466063495279529e-02	3.000000000000000e-06	3.000000000000000e-06
3.147209e+02	2.908153189142798e-02	1.465444077031727e-02	3.000000000000000e-06	3.000000000000000e-06
3.219508e+02	2.906518339560278e-02	1.464819001230986e-02	3.000000000000000e-06	3.000000000000000e-06
3.293102e+02	2.904869059021154e-02	1.464188229679518e-02	3.000000000000000e-06	3.000000000000000e-06
3.368018e+02	2.903205241698181e-02	1.463551724247177e-02	3.000000000000000e-06	3.000000000000000e-06
3.444285e+02	2.901526781560703e-02	1.462909446879775e-02	3.000000000000000e-06	3.000000000000000e-06
3.521929e+02	2.899833572391562e-02	1.462261359607547e-02	3.000000000000000e-06	3.000000000000000e-06
3.600979e+02	2.898125507804527e-02	1.461607424553732e-02	3.000000000000000e-06	3.000000000000000e-06
3.681465e+02	2.896402481262221e-02	1.460947603943298e-02	3.000000000000000e-06	3.000000000000000e-06
3.763416e+02	2.894664386094579e-02	1.460281860111792e-02	3.000000000000000e-06	3.000000000000000e-06
3.846862e+02	2.892911115517819e-02	1.459610155514320e-02	3.000000000000000e-06	3.000000000000000e-06
3.931835e+02	2.891142562653951e-02	1.458932452734657e-02	3.000000000000000e-06	3.000000000000000e-06
4.018367e+02	2.889358620550811e-02	1.458248714494482e-02	3.000000000000000e-06	3.000000000000000e-06
4.106490e+02	2.887559182202650e-02	1.457558903662741e-02	3.000000000000000e-06	3.000000000000000e-06
4.196238e+02	2.885744140571250e-02	1.456862983265135e-02	3.000000000000000e-06	3.000000000000000e-06
4.287644e+02	2.883913388607602e-02	1.456160916493727e-02	3.000000000000000e-06	3.000000000000000e-06
4.380743e+02	2.882066819274130e-02	1.455452666716674e-02	3.000000000000000e-06	3.000000000000000e-06
4.475572e+02	2.880204325567479e-02	1.454738197488076e-02	3.000000000000000e-06	3.000000000000000e-06
4.572166e+02	2.878325800541859e-02	1.454017472557945e-02	3.000000000000000e-06	3.000000000000000e-06
4.670562e+02	2.876431137332953e-02	1.453290455882286e-02	3.000000000000000e-06	3.000000000000000e-06
4.770800e+02	2.874520229182395e-02	1.452557111633291e-02	3.000000000000000e-06	3.000000000000000e-06
4.872916e+02	2.872592969462815e-02	1.451817404209648e-02	3.000000000000000e-06	3.000000000000000e-06
4.976952e+02	2.870649251703459e-02	1.451071298246954e-02	3.000000000000000e-06	3.000000000000000e-06
5.082949e+02	2.868688969616374e-02	1.450318758628233e-02	3.000000000000000e-06	3.000000000000000e-06
5.190946e+02	2.866712017123181e-02	1.449559750494562e-02	3.000000000000000e-06	3.000000000000000e-06
5.300988e+02	2.864718288382407e-02	1.448794239255791e-02	3.000000000000000e-06	3.000000000000000e-06
5.413118e+02	2.862707677817408e-02	1.448022190601360e-02	3.000000000000000e-06	3.000000000000000e-06
5.527380e+02	2.860680080144852e-02	1.447243570511219e-02	3.000000000000000e-06	3.000000000000000e-06
5.643819e+02	2.858635390403790e-02	1.446458345266825e-02	3.000000000000000e-06	3.000000000000000e-06
5.762483e+02	2.856573503985289e-02	1.445666481462232e-02	3.000000000000000e-06	3.000000000000000e-06
5.883418e+02	2.854494316662644e-02	1.444867946015268e-02	3.000000000000000e-06	3.000000000000000e-06
6.006674e+02	2.852397724622154e-02	1.444062706178785e-02	3.000000000000000e-06	3.000000000000000e-06
6.132299e+02	2.850283624494464e-02	1.443250729551986e-02	3.000000000000000e-06	3.000000000000000e-06
6.260345e+02	2.848151913386473e-02	1.442431984091825e-02	3.000000000000000e-06	3.000000000000000e-06
6.390864e+02	2.846002488913794e-02	1.441606438124474e-02	3.000000000000000e-06	3.000000000000000e-06
6.523909e+02	2.843835249233771e-02	1.440774060356850e-02	3.000000000000000e-06	3.000000000000000e-06
6.659534e+02	2.841650093079039e-02	1.439934819888200e-02	3.000000000000000e-06	3.000000000000000e-06
6.797795e+02	2.839446919791632e-02	1.439088686221745e-02	3.000000000000000e-06	3.000000000000000e-06
6.938748e+02	2.837225629357617e-02	1.438235629276364e-02	3.000000000000000e-06	3.000000000000000e-06
7.082452e+02	2.834986122442257e-02	1.437375619398326e-02	3.000000000000000e-06	3.000000000000000e-06
7.228966e+02	2.832728300425697e-02	1.436508627373060e-02	3.000000000000000e-06	3.000000000000000e-06
7.378350e+02	2.830452065439150e-02	1.435634624436956e-02	3.000000000000000e-06	3.000000000000000e-06
7.530667e+02	2.828157320401587e-02	1.434753582289193e-02	3.000000000000000e-06	3.000000000000000e-06
7.685980e+02	2.825843969056915e-02	1.433865473103588e-02	3.000000000000000e-06	3.000000000000000e-06
7.844354e+02	2.823511916011631e-02	1.432970269540463e-02	3.000000000000000e-06	3.000000000000000e-06
8.005855e+02	2.821161066772940e-02	1.432067944758519e-02	3.000000000000000e-06	3.000000000000000e-06
8.170551e+02	2.818791327787323e-02	1.431158472426711e-02	3.000000000000000e-06	3.000000000000000e-06
8.338512e+02	2.816402606479544e-02	1.430241826736127e-02	3.000000000000000e-06	3.000000000000000e-06
8.509808e+02	2.813994811292084e-02	1.429317982411847e-02	3.000000000000000e-06	3.000000000000000e-06
8.684511e+02	2.811567851724970e-02	1.428386914724794e-02	3.000000000000000e-06	3.000000000000000e-06
8.862696e+02	2.809121638376010e-02	1.427448599503562e-02	3.000000000000000e-06	3.000000000000000e-06
9.044438e+02	2.806656082981389e-02	1.426503013146203e-02	3.000000000000000e-06	3.000000000000000e-06
9.229815e+02	2.804171098456628e-02	1.425550132631993e-02	3.000000000000000e-06	3.000000000000000e-06
9.418905e+02	2.801666598937874e-02	1.424589935533137e-02	3.000000000000000e-06	3.000000000000000e-06
9.611790e+02	2.799142499823515e-02	1.423622400026439e-02	3.000000000000000e-06	3.000000000000000e-06
9.808553e+02	2.796598717816078e-02	1.422647504904895e-02	3.000000000000000e-06	3.000000000000000e-06
1.000000e+03	2.794153696551643e-02	1.421710640183194e-02	3.000000000000000e-06	3.000000000000000e-06
1.020477e+03	2.791568843694014e-02	1.420720396021258e-02	3.000000000000000e-06	3.000000000000000e-06
1.041349e+03	2.788966474931846e-02	1.419723654742618e-02	3.000000000000000e-06	3.000000000000000e-06
1.062643e+03	2.786344059181810e-02	1.418719457748378e-02	3.000000000000000e-06	3.000000000000000e-06
1.084368e+03	2.783701569468752e-02	1.417707805911976e-02	3.000000000000000e-06	3.000000000000000e-06
1.106535e+03	2.781038930152914e-02	1.416688681552846e-02	3.000000000000000e-06	3.000000000000000e-06
1.129152e+03	2.778356068205874e-02	1.415662068071599e-02	3.000000000000000e-06	3.000000000000000e-06
1.152229e+03	2.775652912224211e-02	1.414627949566519e-02	3.000000000000000e-06	3.000000000000000e-06
1.175776e+03	2.772929392493733e-02	1.413586310852226e-02	3.000000000000000e-06	3.000000000000000e-06
1.199804e+03	2.770185441032602e-02	1.412537137470086e-02	3.000000000000000e-06	3.000000000000000e-06
1.224323e+03	2.767420991634897e-02	1.411480415698652e-02	3.000000000000000e-06	3.000000000000000e-06
1.249344e+03	2.764635979914154e-02	1.410416132563938e-02	3.000000000000000e-06	3.000000000000000e-06
1.274878e+03	2.761830343346866e-02	1.409344275849524e-02	3.000000000000000e-06	3.000000000000000e-06
1.300935e+03	2.759004021315890e-02	1.408264834106500e-02	3.000000000000000e-06	3.000000000000000e-06
1.327528e+03	2.756156955153763e-02	1.407177796663213e-02	3.000000000000000e-06	3.000000000000000e-06
1.354668e+03	2.753289088185853e-02	1.406083153634833e-02	3.000000000000000e-06	3.000000000000000e-06
1.382367e+03	2.750400365773351e-02	1.404980895932715e-02	3.000000000000000e-06	3.000000000000000e-06
1.410637e+03	2.747490735356037e-02	1.403871015273555e-02	3.000000000000000e-06	3.000000000000000e-06
1.439491e+03	2.744560146494807e-02	1.402753504188325e-02	3.000000000000000e-06	3.000000000000000e-06
1.468941e+03	2.741608550913917e-02	1.401628356030992e-02	3.000000000000000e-06	3.000000000000000e-06
1.499000e+03	2.738635902542905e-02	1.400495564986991e-02	3.000000000000000e-06	3.000000000000000e-06
1.529682e+03	2.735642157558163e-02	1.399355126081466e-02	3.000000000000000e-06	3.000000000000000e-06
1.561000e+03	2.732627274424121e-02	1.398207035187254e-02	3.000000000000000e-06	3.000000000000000e-06
1.592968e+03	2.729591213933992e-02	1.397051289032614e-02	3.000000000000000e-06	3.000000000000000e-06
1.625600e+03	2.726533939250065e-02	1.395887885208688e-02	3.000000000000000e-06	3.000000000000000e-06
1.658911e+03	2.723455415943489e-02	1.394716822176687e-02	3.000000000000000e-06	3.000000000000000e-06
1.692916e+03	2.720355612033516e-02	1.393538099274791e-02	3.000000000000000e-06	3.000000000000000e-06
1.727629e+03	2.717234498026168e-02	1.392351716724765e-02	3.000000000000000e-06	3.000000000000000e-06
1.763065e+03	2.714092046952291e-02	1.391157675638270e-02	3.000000000000000e-06	3.000000000000000e-06
1.799241e+03	2.710928234404946e-02	1.389955978022872e-02	3.000000000000000e-06	3.000000000000000e-06
1.836173e+03	2.707743038576120e-02	1.388746626787737e-02	3.000000000000000e-06	3.000000000000000e-06
1.873877e+03	2.704536440292691e-02	1.387529625749005e-02	3.000000000000000e-06	3.000000000000000e-06
1.912370e+03	2.701308423051643e-02	1.386304979634837e-02	3.000000000000000e-06	3.000000000000000e-06
1.951669e+03	2.698058973054462e-02	1.385072694090129e-02	3.000000000000000e-06	3.000000000000000e-06
1.991791e+03	2.694788079240692e-02	1.383832775680884e-02	3.000000000000000e-06	3.000000000000000e-06
2.032754e+03	2.691495733320614e-02	1.382585231898240e-02	3.000000000000000e-06	3.000000000000000e-06
2.074576e+03	2.688181929807002e-02	1.381330071162143e-02	3.000000000000000e-06	3.000000000000000e-06
2.117277e+03	2.684846666045933e-02	1.380067302824662e-02	3.000000000000000e-06	3.000000000000000e-06
2.160874e+03	2.681489942246596e-02	1.378796937172942e-02	3.000000000000000e-06	3.000000000000000e-06
2.205387e+03	2.678111761510088e-02	1.377518985431785e-02	3.000000000000000e-06	3.000000000000000e-06
2.250837e+03	2.674712129857138e-02	1.376233459765860e-02	3.000000000000000e-06	3.000000000000000e-06
2.297243e+03	2.671291056254747e-02	1.374940373281532e-02	3.000000000000000e-06	3.000000000000000e-06
2.344625e+03	2.667848552641690e-02	1.373639740028314e-02	3.000000000000000e-06	3.000000000000000e-06
2.393005e+03	2.664384633952867e-02	1.372331574999921e-02	3.000000000000000e-06	3.000000000000000e-06
2.442405e+03	2.660899318142452e-02	1.371015894134949e-02	3.000000000000000e-06	3.000000000000000e-06
2.492845e+03	2.657392626205825e-02	1.369692714317144e-02	3.000000000000000e-06	3.000000000000000e-06
2.544349e+03	2.653864582200244e-02	1.368362053375292e-02	3.000000000000000e-06	3.000000000000000e-06
2.596940e+03	2.650315213264239e-02	1.367023930082694e-02	3.000000000000000e-06	3.000000000000000e-06
2.650640e+03	2.646744549635689e-02	1.365678364156252e-02	3.000000000000000e-06	3.000000000000000e-06
2.705473e+03	2.643152624668566e-02	1.364325376255144e-02	3.000000000000000e-06	3.000000000000000e-06
2.761463e+03	2.639539474848312e-02	1.362964987979101e-02	3.000000000000000e-06	3.000000000000000e-06
2.818636e+03	2.635905139805825e-02	1.361597221866276e-02	3.000000000000000e-06	3.000000000000000e-06
2.877016e+03	2.632249662330035e-02	1.360222101390703e-02	3.000000000000000e-06	3.000000000000000e-06
2.936629e+03	2.628573088379047e-02	1.358839650959358e-02	3.000000000000000e-06	3.000000000000000e-06
2.997502e+03	2.624875467089824e-02	1.357449895908809e-02	3.000000000000000e-06	3.000000000000000e-06
3.059660e+03	2.621156850786398e-02	1.356052862501462e-02	3.000000000000000e-06	3.000000000000000e-06
3.123133e+03	2.617417294986595e-02	1.354648577921401e-02	3.000000000000000e-06	3.000000000000000e-06
3.187946e+03	2.613656858407236e-02	1.353237070269824e-02	3.000000000000000e-06	3.000000000000000e-06
3.254129e+03	2.609875602967826e-02	1.351818368560087e-02	3.000000000000000e-06	3.000000000000000e-06
3.321711e+03	2.606073593792706e-02	1.350392502712333e-02	3.000000000000000e-06	3.000000000000000e-06
3.390721e+03	2.602250899211651e-02	1.348959503547739e-02	3.000000000000000e-06	3.000000000000000e-06
3.461190e+03	2.598407590758908e-02	1.347519402782364e-02	3.000000000000000e-06	3.000000000000000e-06
3.533148e+03	2.594543743170673e-02	1.346072233020601e-02	3.000000000000000e-06	3.000000000000000e-06
3.606626e+03	2.590659434380989e-02	1.344618027748255e-02	3.000000000000000e-06	3.000000000000000e-06
3.681657e+03	2.586754745516063e-02	1.343156821325229e-02	3.000000000000000e-06	3.000000000000000e-06
3.758274e+03	2.582829760887004e-02	1.341688648977834e-02	3.000000000000000e-06	3.000000000000000e-06
3.836508e+03	2.578884567980974e-02	1.340213546790733e-02	3.000000000000000e-06	3.000000000000000e-06
3.916395e+03	2.574919257450753e-02	1.338731551698507e-02	3.000000000000000e-06	3.000000000000000e-06
3.997969e+03	2.570933923102721e-02	1.337242701476871e-02	3.000000000000000e-06	3.000000000000000e-06
4.081265e+03	2.566928661883263e-02	1.335747034733523e-02	3.000000000000000e-06	3.000000000000000e-06
4.166319e+03	2.562903573863596e-02	1.334244590898655e-02	3.000000000000000e-06	3.000000000000000e-06
4.253168e+03	2.558858762223025e-02	1.332735410215112e-02	3.000000000000000e-06	3.000000000000000e-06
4.341849e+03	2.554794333230651e-02	1.331219533728221e-02	3.000000000000000e-06	3.000000000000000e-06
4.432400e+03	2.550710396225515e-02	1.329697003275295e-02	3.000000000000000e-06	3.000000000000000e-06
4.524861e+03	2.546607063595217e-02	1.328167861474808e-02	3.000000000000000e-06	3.000000000000000e-06
4.619270e+03	2.542484450753004e-02	1.326632151715266e-02	3.000000000000000e-06	3.000000000000000e-06
4.715668e+03	2.538342676113352e-02	1.325089918143770e-02	3.000000000000000e-06	3.000000000000000e-06
4.814096e+03	2.534181861066059e-02	1.323541205654289e-02	3.000000000000000e-06	3.000000000000000e-06
4.914596e+03	2.530002129948861e-02	1.321986059875635e-02	3.000000000000000e-06	3.000000000000000e-06
5.017211e+03	2.525803610018599e-02	1.320424527159181e-02	3.000000000000000e-06	3.000000000000000e-06
5.121984e+03	2.521586431420953e-02	1.318856654566287e-02	3.000000000000000e-06	3.000000000000000e-06
5.228960e+03	2.517350727158772e-02	1.317282489855489e-02	3.000000000000000e-06	3.000000000000000e-06
5.338184e+03	2.513096633059011e-02	1.315702081469426e-02	3.000000000000000e-06	3.000000000000000e-06
5.449702e+03	2.508824287738326e-02	1.314115478521536e-02	3.000000000000000e-06	3.000000000000000e-06
5.563561e+03	2.504533832567327e-02	1.312522730782519e-02	3.000000000000000e-06	3.000000000000000e-06
5.679808e+03	2.500225411633539e-02	1.310923888666585e-02	3.000000000000000e-06	3.000000000000000e-06
5.798493e+03	2.495899171703084e-02	1.309319003217495e-02	3.000000000000000e-06	3.000000000000000e-06
5.919666e+03	2.491555262181135e-02	1.307708126094406e-02	3.000000000000000e-06	3.000000000000000e-06
6.043376e+03	2.487193835071154e-02	1.306091309557522e-02	3.000000000000000e-06	3.000000000000000e-06
6.169676e+03	2.482815044932962e-02	1.304468606453582e-02	3.000000000000000e-06	3.000000000000000e-06
6.298618e+03	2.478419048839673e-02	1.302840070201174e-02	3.000000000000000e-06	3.000000000000000e-06
6.430256e+03	2.474006006333523e-02	1.301205754775904e-02	3.000000000000000e-06	3.000000000000000e-06
6.564644e+03	2.469576079380636e-02	1.299565714695412e-02	3.000000000000000e-06	3.000000000000000e-06
6.701837e+03	2.465129432324761e-02	1.297920005004268e-02	3.000000000000000e-06	3.000000000000000e-06
6.841893e+03	2.460666231840026e-02	1.296268681258743e-02	3.000000000000000e-06	3.000000000000000e-06
6.984869e+03	2.456186646882733e-02	1.294611799511468e-02	3.000000000000000e-06	3.000000000000000e-06
7.130824e+03	2.451690848642257e-02	1.292949416296002e-02	3.000000000000000e-06	3.000000000000000e-06
7.279818e+03	2.447179010491070e-02	1.291281588611307e-02	3.000000000000000e-06	3.000000000000000e-06
7.431911e+03	2.442651307933935e-02	1.289608373906153e-02	3.000000000000000e-06	3.000000000000000e-06
7.587166e+03	2.438107918556325e-02	1.287929830063454e-02	3.000000000000000e-06	3.000000000000000e-06
7.745646e+03	2.433549021972091e-02	1.286246015384552e-02	3.000000000000000e-06	3.000000000000000e-06
7.907416e+03	2.428974799770440e-02	1.284556988573459e-02	3.000000000000000e-06	3.000000000000000e-06
8.072540e+03	2.424385435462247e-02	1.282862808721067e-02	3.000000000000000e-06	3.000000000000000e-06
8.241087e+03	2.419781114425762e-02	1.281163535289331e-02	3.000000000000000e-06	3.000000000000000e-06
8.413124e+03	2.415162023851748e-02	1.279459228095453e-02	3.000000000000000e-06	3.000000000000000e-06
8.588720e+03	2.410528352688089e-02	1.277749947296053e-02	3.000000000000000e-06	3.000000000000000e-06
8.767946e+03	2.405880291583923e-02	1.276035753371359e-02	3.000000000000000e-06	3.000000000000000e-06
8.950874e+03	2.401218032833335e-02	1.274316707109413e-02	3.000000000000000e-06	3.000000000000000e-06
9.137577e+03	2.396541770318654e-02	1.272592869590303e-02	3.000000000000000e-06	3.000000000000000e-06
9.328130e+03	2.391851699453412e-02	1.270864302170447e-02	3.000000000000000e-06	3.000000000000000e-06
9.522609e+03	2.387148017124982e-02	1.269131066466912e-02	3.000000000000000e-06	3.000000000000000e-06
9.721091e+03	2.382430921636968e-02	1.267393224341803e-02	3.000000000000000e-06	3.000000000000000e-06
9.923654e+03	2.377700612651370e-02	1.265650837886710e-02	3.000000000000000e-06	3.000000000000000e-06
1.000000e+04	2.375949962237670e-02	1.265005983867594e-02	3.000000000000000e-06	3.000000000000000e-06
1.021097e+04	2.371140682755974e-02	1.263234946807982e-02	3.000000000000000e-06	3.000000000000000e-06
1.042353e+04	2.366380932555054e-02	1.261482438926288e-02	3.000000000000000e-06	3.000000000000000e-06
1.064051e+04	2.361607392022461e-02	1.259725133814035e-02	3.000000000000000e-06	3.000000000000000e-06
1.086193e+04	2.356821553083502e-02	1.257963568173367e-02	3.000000000000000e-06	3.000000000000000e-06
1.108788e+04	2.352023595660555e-02	1.256197795479017e-02	3.000000000000000e-06	3.000000000000000e-06
1.131845e+04	2.347213727243627e-02	1.254427879121705e-02	3.000000000000000e-06	3.000000000000000e-06
1.155373e+04	2.342392155713898e-02	1.252653882411956e-02	3.000000000000000e-06	3.000000000000000e-06
1.179381e+04	2.337559089834125e-02	1.250875868767281e-02	3.000000000000000e-06	3.000000000000000e-06
1.203879e+04	2.332714739179695e-02	1.249093901693602e-02	3.000000000000000e-06	3.000000000000000e-06
1.228875e+04	2.327859314081190e-02	1.247308044770974e-02	3.000000000000000e-06	3.000000000000000e-06
1.254380e+04	2.322993025566964e-02	1.245518361639391e-02	3.000000000000000e-06	3.000000000000000e-06
1.280404e+04	2.318116085305992e-02	1.243724915984752e-02	3.000000000000000e-06	3.000000000000000e-06
1.306956e+04	2.313228705551033e-02	1.241927771524992e-02	3.000000000000000e-06	3.000000000000000e-06
1.334047e+04	2.308331099082135e-02	1.240126991996398e-02	3.000000000000000e-06	3.000000000000000e-06
1.361687e+04	2.303423479150522e-02	1.238322641140091e-02	3.000000000000000e-06	3.000000000000000e-06
1.389886e+04	2.298506059422881e-02	1.236514782688699e-02	3.000000000000000e-06	3.000000000000000e-06
1.418656e+04	2.293579053926099e-02	1.234703480353228e-02	3.000000000000000e-06	3.000000000000000e-06
1.448008e+04	2.288642676992466e-02	1.232888797810111e-02	3.000000000000000e-06	3.000000000000000e-06
1.477952e+04	2.283697143205379e-02	1.231070798688468e-02	3.000000000000000e-06	3.000000000000000e-06
1.508499e+04	2.278742667345580e-02	1.229249546557564e-02	3.000000000000000e-06	3.000000000000000e-06
1.539663e+04	2.273779464337943e-02	1.227425104914472e-02	3.000000000000000e-06	3.000000000000000e-06
1.571453e+04	2.268807749198850e-02	1.225597537171955e-02	3.000000000000000e-06	3.000000000000000e-06
1.603883e+04	2.263827736984172e-02	1.223766906646545e-02	3.000000000000000e-06	3.000000000000000e-06
1.636964e+04	2.258839642737889e-02	1.221933276546854e-02	3.000000000000000e-06	3.000000000000000e-06
1.670710e+04	2.253843681441356e-02	1.220096709962100e-02	3.000000000000000e-06	3.000000000000000e-06
1.705131e+04	2.248840067963256e-02	1.218257269850845e-02	3.000000000000000e-06	3.000000000000000e-06
1.740242e+04	2.243829017010248e-02	1.216415019029972e-02	3.000000000000000e-06	3.000000000000000e-06
1.776056e+04	2.238810743078336e-02	1.214570020163879e-02	3.000000000000000e-06	3.000000000000000e-06
1.812585e+04	2.233785460404981e-02	1.212722335753899e-02	3.000000000000000e-06	3.000000000000000e-06
1.849844e+04	2.228753382921958e-02	1.210872028127960e-02	3.000000000000000e-06	3.000000000000000e-06
1.887846e+04	2.223714724209000e-02	1.209019159430461e-02	3.000000000000000e-06	3.000000000000000e-06
1.926605e+04	2.218669697448224e-02	1.207163791612396e-02	3.000000000000000e-06	3.000000000000000e-06
1.966136e+04	2.213618515379364e-02	1.205305986421696e-02	3.000000000000000e-06	3.000000000000000e-06
2.006453e+04	2.208561390255822e-02	1.203445805393817e-02	3.000000000000000e-06	3.000000000000000e-06
2.047571e+04	2.203498533801549e-02	1.201583309842551e-02	3.000000000000000e-06	3.000000000000000e-06
2.089505e+04	2.198430157168773e-02	1.199718560851083e-02	3.000000000000000e-06	3.000000000000000e-06
2.132270e+04	2.193356470896573e-02	1.197851619263273e-02	3.000000000000000e-06	3.000000000000000e-06
2.175883e+04	2.188277684870329e-02	1.195982545675177e-02	3.000000000000000e-06	3.000000000000000e-06
2.220359e+04	2.183194008282034e-02	1.194111400426801e-02	3.000000000000000e-06	3.000000000000000e-06
2.265714e+04	2.178105649591491e-02	1.192238243594090e-02	3.000000000000000e-06	3.000000000000000e-06
2.311965e+04	2.173012816488398e-02	1.190363134981150e-02	3.000000000000000e-06	3.000000000000000e-06
2.359128e+04	2.167915715855329e-02	1.188486134112699e-02	3.000000000000000e-06	3.000000000000000e-06
2.407221e+04	2.162814553731607e-02	1.186607300226760e-02	3.000000000000000e-06	3.000000000000000e-06
2.456261e+04	2.157709535278092e-02	1.184726692267565e-02	3.000000000000000e-06	3.000000000000000e-06
2.506265e+04	2.152600864742863e-02	1.182844368878714e-02	3.000000000000000e-06	3.000000000000000e-06
2.557253e+04	2.147488745427822e-02	1.180960388396537e-02	3.000000000000000e-06	3.000000000000000e-06
2.609241e+04	2.142373379656202e-02	1.179074808843702e-02	3.000000000000000e-06	3.000000000000000e-06
2.662249e+04	2.137254968740988e-02	1.177187687923033e-02	3.000000000000000e-06	3.000000000000000e-06
2.716297e+04	2.132133712954257e-02	1.175299083011565e-02	3.000000000000000e-06	3.000000000000000e-06
2.771402e+04	2.127009811497425e-02	1.173409051154805e-02	3.000000000000000e-06	3.000000000000000e-06
2.827585e+04	2.121883462472410e-02	1.171517649061228e-02	3.000000000000000e-06	3.000000000000000e-06
2.884866e+04	2.116754862853696e-02	1.169624933096977e-02	3.000000000000000e-06	3.000000000000000e-06
2.943265e+04	2.111624208461317e-02	1.167730959280787e-02	3.000000000000000e-06	3.000000000000000e-06
3.002803e+04	2.106491693934736e-02	1.165835783279115e-02	3.000000000000000e-06	3.000000000000000e-06
3.063502e+04	2.101357512707626e-02	1.163939460401490e-02	3.000000000000000e-06	3.000000000000000e-06
3.125382e+04	2.096221856983546e-02	1.162042045596057e-02	3.000000000000000e-06	3.000000000000000e-06
3.188466e+04	2.091084917712515e-02	1.160143593445341e-02	3.000000000000000e-06	3.000000000000000e-06
3.252775e+04	2.085946884568459e-02	1.158244158162205e-02	3.000000000000000e-06	3.000000000000000e-06
3.318333e+04	2.080807945927545e-02	1.156343793586009e-02	3.000000000000000e-06	3.000000000000000e-06
3.385163e+04	2.075668288847390e-02	1.154442553178972e-02	3.000000000000000e-06	3.000000000000000e-06
3.453288e+04	2.070528099047126e-02	1.152540490022722e-02	3.000000000000000e-06	3.000000000000000e-06
3.522732e+04	2.065387560888332e-02	1.150637656815042e-02	3.000000000000000e-06	3.000000000000000e-06
3.593519e+04	2.060246857356811e-02	1.148734105866807e-02	3.000000000000000e-06	3.000000000000000e-06
3.665675e+04	2.055106170045209e-02	1.146829889099099e-02	3.000000000000000e-06	3.000000000000000e-06
3.739224e+04	2.049965679136468e-02	1.144925058040515e-02	3.000000000000000e-06	3.000000000000000e-06
3.814192e+04	2.044825563388101e-02	1.143019663824651e-02	3.000000000000000e-06	3.000000000000000e-06
3.890605e+04	2.039686000117278e-02	1.141113757187761e-02	3.000000000000000e-06	3.000000000000000e-06
3.968490e+04	2.034547165186726e-02	1.139207388466593e-02	3.000000000000000e-06	3.000000000000000e-06
4.047874e+04	2.029409232991409e-02	1.137300607596398e-02	3.000000000000000e-06	3.000000000000000e-06
4.128784e+04	2.024272376446001e-02	1.135393464109102e-02	3.000000000000000e-06	3.000000000000000e-06
4.211249e+04	2.019136766973125e-02	1.133486007131648e-02	3.000000000000000e-06	3.000000000000000e-06
4.295296e+04	2.014002574492360e-02	1.131578285384495e-02	3.000000000000000e-06	3.000000000000000e-06
4.380956e+04	2.008869967409991e-02	1.129670347180281e-02	3.000000000000000e-06	3.000000000000000e-06
4.468257e+04	2.003739112609502e-02	1.127762240422636e-02	3.000000000000000e-06	3.000000000000000e-06
4.557230e+04	1.998610175442795e-02	1.125854012605153e-02	3.000000000000000e-06	3.000000000000000e-06
4.647906e+04	1.993483319722119e-02	1.123945710810504e-02	3.000000000000000e-06	3.000000000000000e-06
4.740314e+04	1.988358707712713e-02	1.122037381709704e-02	3.000000000000000e-06	3.000000000000000e-06
4.834488e+04	1.983236500126126e-02	1.120129071561519e-02	3.000000000000000e-06	3.000000000000000e-06
4.930460e+04	1.978116856114226e-02	1.118220826212011e-02	3.000000000000000e-06	3.000000000000000e-06
5.028262e+04	1.972999933263869e-02	1.116312691094222e-02	3.000000000000000e-06	3.000000000000000e-06
5.127928e+04	1.967885887592225e-02	1.114404711227993e-02	3.000000000000000e-06	3.000000000000000e-06
5.229492e+04	1.962774873542741e-02	1.112496931219908e-02	3.000000000000000e-06	3.000000000000000e-06
5.332989e+04	1.957667043981737e-02	1.110589395263375e-02	3.000000000000000e-06	3.000000000000000e-06
5.438453e+04	1.952562550195611e-02	1.108682147138822e-02	3.000000000000000e-06	3.000000000000000e-06
5.545921e+04	1.947461541888652e-02	1.106775230214018e-02	3.000000000000000e-06	3.000000000000000e-06
5.655430e+04	1.942364167181442e-02	1.104868687444517e-02	3.000000000000000e-06	3.000000000000000e-06
5.767016e+04	1.937270572609832e-02	1.102962561374209e-02	3.000000000000000e-06	3.000000000000000e-06
5.880718e+04	1.932180903124486e-02	1.101056894135991e-02	3.000000000000000e-06	3.000000000000000e-06
5.996574e+04	1.927095302090974e-02	1.099151727452544e-02	3.000000000000000e-06	3.000000000000000e-06
6.114623e+04	1.922013911290402e-02	1.097247102637215e-02	3.000000000000000e-06	3.000000000000000e-06
6.234905e+04	1.916936870920576e-02	1.095343060595009e-02	3.000000000000000e-06	3.000000000000000e-06
6.357462e+04	1.911864319597664e-02	1.093439641823675e-02	3.000000000000000e-06	3.000000000000000e-06
6.482333e+04	1.906796394358379e-02	1.091536886414896e-02	3.000000000000000e-06	3.000000000000000e-06
6.609562e+04	1.901733230662629e-02	1.089634834055568e-02	3.000000000000000e-06	3.000000000000000e-06
6.739191e+04	1.896674962396659e-02	1.087733524029181e-02	3.000000000000000e-06	3.000000000000000e-06
6.871264e+04	1.891621721876646e-02	1.085832995217290e-02	3.000000000000000e-06	3.000000000000000e-06
7.005826e+04	1.886573639852747e-02	1.083933286101039e-02	3.000000000000000e-06	3.000000000000000e-06
7.142921e+04	1.881530845513591e-02	1.082034434762826e-02	3.000000000000000e-06	3.000000000000000e-06
7.282595e+04	1.876493466491186e-02	1.080136478888018e-02	3.000000000000000e-06	3.000000000000000e-06
7.424896e+04	1.871461628866252e-02	1.078239455766747e-02	3.000000000000000e-06	3.000000000000000e-06
7.569872e+04	1.866435457173951e-02	1.076343402295785e-02	3.000000000000000e-06	3.000000000000000e-06
7.717570e+04	1.861415074410001e-02	1.074448354980495e-02	3.000000000000000e-06	3.000000000000000e-06
7.868039e+04	1.856400602037185e-02	1.072554349936856e-02	3.000000000000000e-06	3.000000000000000e-06
8.021332e+04	1.851392159992208e-02	1.070661422893552e-02	3.000000000000000e-06	3.000000000000000e-06
8.177498e+04	1.846389866692928e-02	1.068769609194135e-02	3.000000000000000e-06	3.000000000000000e-06
8.336589e+04	1.841393839045915e-02	1.066878943799246e-02	3.000000000000000e-06	3.000000000000000e-06
8.498659e+04	1.836404192454356e-02	1.064989461288904e-02	3.000000000000000e-06	3.000000000000000e-06
8.663762e+04	1.831421040826279e-02	1.063101195864856e-02	3.000000000000000e-06	3.000000000000000e-06
8.831953e+04	1.826444496583081e-02	1.061214181352980e-02	3.000000000000000e-06	3.000000000000000e-06
9.003287e+04	1.821474670668373e-02	1.059328451205749e-02	3.000000000000000e-06	3.000000000000000e-06
9.177822e+04	1.816511672557096e-02	1.057444038504745e-02	3.000000000000000e-06	3.000000000000000e-06
9.355615e+04	1.811555610264933e-02	1.055560975963232e-02	3.000000000000000e-06	3.000000000000000e-06
9.536726e+04	1.806606590357986e-02	1.053679295928768e-02	3.000000000000000e-06	3.000000000000000e-06
9.721214e+04	1.801664717962707e-02	1.051799030385875e-02	3.000000000000000e-06	3.000000000000000e-06
9.909141e+04	1.796730096776090e-02	1.049920210958753e-02	3.000000000000000e-06	3.000000000000000e-06
1.000000e+05	1.794393128263921e-02	1.049029576952437e-02	3.000000000000000e-06	3.000000000000000e-06
1.019499e+05	1.789421469405917e-02	1.047134695068117e-02	3.000000000000000e-06	3.000000000000000e-06
1.039170e+05	1.784506168177900e-02	1.045259935015275e-02	3.000000000000000e-06	3.000000000000000e-06
1.059211e+05	1.779597573506063e-02	1.043386387533491e-02	3.000000000000000e-06	3.000000000000000e-06
1.079624e+05	1.774696694230356e-02	1.041514429890930e-02	3.000000000000000e-06	3.000000000000000e-06
1.100417e+05	1.769803609708092e-02	1.039644085422362e-02	3.000000000000000e-06	3.000000000000000e-06
1.121596e+05	1.764918414935213e-02	1.037775383600719e-02	3.000000000000000e-06	3.000000000000000e-06
1.143168e+05	1.760041203250338e-02	1.035908353441489e-02	3.000000000000000e-06	3.000000000000000e-06
1.165141e+05	1.755172066663488e-02	1.034043023626602e-02	3.000000000000000e-06	3.000000000000000e-06
1.187521e+05	1.750311095862390e-02	1.032179422505283e-02	3.000000000000000e-06	3.000000000000000e-06
1.210316e+05	1.745458380224854e-02	1.030317578097177e-02	3.000000000000000e-06	3.000000000000000e-06
1.233533e+05	1.740614007831171e-02	1.028457518095459e-02	3.000000000000000e-06	3.000000000000000e-06
1.257181e+05	1.735778065476673e-02	1.026599269869972e-02	3.000000000000000e-06	3.000000000000000e-06
1.281267e+05	1.730950638684419e-02	1.024742860470394e-02	3.000000000000000e-06	3.000000000000000e-06
1.305798e+05	1.726131811718012e-02	1.022888316629414e-02	3.000000000000000e-06	3.000000000000000e-06
1.330783e+05	1.721321667594530e-02	1.021035664765942e-02	3.000000000000000e-06	3.000000000000000e-06
1.356230e+05	1.716520288097579e-02	1.019184930988332e-02	3.000000000000000e-06	3.000000000000000e-06
1.382148e+05	1.711727753790449e-02	1.017336141097619e-02	3.000000000000000e-06	3.000000000000000e-06
1.408544e+05	1.706944144029367e-02	1.015489320590787e-02	3.000000000000000e-06	3.000000000000000e-06
1.435428e+05	1.702169536976847e-02	1.013644494664037e-02	3.000000000000000e-06	3.000000000000000e-06
1.462808e+05	1.697404009615127e-02	1.011801688216077e-02	3.000000000000000e-06	3.000000000000000e-06
1.490694e+05	1.692647637759687e-02	1.009960925851427e-02	3.000000000000000e-06	3.000000000000000e-06
1.519094e+05	1.687900496072841e-02	1.008122231883734e-02	3.000000000000000e-06	3.000000000000000e-06
1.548017e+05	1.683162658077399e-02	1.006285630339097e-02	3.000000000000000e-06	3.000000000000000e-06
1.577474e+05	1.678434196170397e-02	1.004451144959403e-02	3.000000000000000e-06	3.000000000000000e-06
1.607474e+05	1.673715181636879e-02	1.002618799205673e-02	3.000000000000000e-06	3.000000000000000e-06
1.638026e+05	1.669005684663733e-02	1.000788616261419e-02	3.000000000000000e-06	3.000000000000000e-06
1.669140e+05	1.664305774353582e-02	9.989606190359993e-03	3.000000000000000e-06	3.000000000000000e-06
1.700827e+05	1.659615518738711e-02	9.971348301679906e-03	3.000000000000000e-06	3.000000000000000e-06
1.733097e+05	1.654934984795034e-02	9.953112720285586e-03	3.000000000000000e-06	3.000000000000000e-06
1.765961e+05	1.650264238456096e-02	9.934899667248360e-03	3.000000000000000e-06	3.000000000000000e-06
1.799429e+05	1.645603344627104e-02	9.916709361033033e-03	3.000000000000000e-06	3.000000000000000e-06
1.833512e+05	1.640952367198978e-02	9.898542017531728e-03	3.000000000000000e-06	3.000000000000000e-06
1.868221e+05	1.636311369062432e-02	9.880397850097750e-03	3.000000000000000e-06	3.000000000000000e-06
1.903568e+05	1.631680412122058e-02	9.862277069579459e-03	3.000000000000000e-06	3.000000000000000e-06
1.939564e+05	1.627059557310439e-02	9.844179884354147e-03	3.000000000000000e-06	3.000000000000000e-06
1.976220e+05	1.622448864602252e-02	9.826106500361928e-03	3.000000000000000e-06	3.000000000000000e-06
2.013549e+05	1.617848393028389e-02	9.808057121139606e-03	3.000000000000000e-06	3.000000000000000e-06
2.051563e+05	1.613258200690079e-02	9.790031947854534e-03	3.000000000000000e-06	3.000000000000000e-06
2.090274e+05	1.608678344772996e-02	9.772031179338458e-03	3.000000000000000e-06	3.000000000000000e-06
2.129695e+05	1.604108881561376e-02	9.754055012121331e-03	3.000000000000000e-06	3.000000000000000e-06
2.169838e+05	1.599549866452114e-02	9.736103640465094e-03	3.000000000000000e-06	3.000000000000000e-06
2.210717e+05	1.595001353968857e-02	9.718177256397424e-03	3.000000000000000e-06	3.000000000000000e-06
2.252344e+05	1.590463397776077e-02	9.700276049745431e-03	3.000000000000000e-06	3.000000000000000e-06
2.294734e+05	1.585936050693130e-02	9.682400208169325e-03	3.000000000000000e-06	3.000000000000000e-06
2.337900e+05	1.581419364708289e-02	9.664549917196005e-03	3.000000000000000e-06	3.000000000000000e-06
2.381856e+05	1.576913390992763e-02	9.646725360252618e-03	3.000000000000000e-06	3.000000000000000e-06
2.426616e+05	1.572418179914684e-02	9.628926718700035e-03	3.000000000000000e-06	3.000000000000000e-06
2.472195e+05	1.567933781053063e-02	9.611154171866270e-03	3.000000000000000e-06	3.000000000000000e-06
2.518608e+05	1.563460243211726e-02	9.593407897079836e-03	3.000000000000000e-06	3.000000000000000e-06
2.565869e+05	1.558997614433210e-02	9.575688069703011e-03	3.000000000000000e-06	3.000000000000000e-06
2.613995e+05	1.554545942012626e-02	9.557994863165043e-03	3.000000000000000e-06	3.000000000000000e-06
2.662999e+05	1.550105272511486e-02	9.540328448995265e-03	3.000000000000000e-06	3.000000000000000e-06
2.712899e+05	1.545675651771493e-02	9.522688996856123e-03	3.000000000000000e-06	3.000000000000000e-06
2.763711e+05	1.541257124928285e-02	9.505076674576131e-03	3.000000000000000e-06	3.000000000000000e-06
2.815450e+05	1.536849736425149e-02	9.487491648182720e-03	3.000000000000000e-06	3.000000000000000e-06
2.868134e+05	1.532453530026675e-02	9.469934081935005e-03	3.000000000000000e-06	3.000000000000000e-06
2.921780e+05	1.528068548832383e-02	9.452404138356447e-03	3.000000000000000e-06	3.000000000000000e-06
2.976405e+05	1.523694835290285e-02	9.434901978267433e-03	3.000000000000000e-06	3.000000000000000e-06
3.032027e+05	1.519332431210416e-02	9.417427760817733e-03	3.000000000000000e-06	3.000000000000000e-06
3.088663e+05	1.514981377778303e-02	9.399981643518870e-03	3.000000000000000e-06	3.000000000000000e-06
3.146332e+05	1.510641715568391e-02	9.382563782276396e-03	3.000000000000000e-06	3.000000000000000e-06
3.205054e+05	1.506313484557414e-02	9.365174331422031e-03	3.000000000000000e-06	3.000000000000000e-06
3.264845e+05	1.501996724137714e-02	9.347813443745717e-03	3.000000000000000e-06	3.000000000000000e-06
3.325727e+05	1.497691473130505e-02	9.330481270527567e-03	3.000000000000000e-06	3.000000000000000e-06
3.387718e+05	1.493397769799087e-02	9.313177961569682e-03	3.000000000000000e-06	3.000000000000000e-06
3.450839e+05	1.489115651861999e-02	9.295903665227874e-03	3.000000000000000e-06	3.000000000000000e-06
3.515110e+05	1.484845156506117e-02	9.278658528443265e-03	3.000000000000000e-06	3.000000000000000e-06
3.580551e+05	1.480586320399696e-02	9.261442696773783e-03	3.000000000000000e-06	3.000000000000000e-06
3.647185e+05	1.476339179705354e-02	9.244256314425530e-03	3.000000000000000e-06	3.000000000000000e-06
3.715032e+05	1.472103770092999e-02	9.227099524284041e-03	3.000000000000000e-06	3.000000000000000e-06
3.784114e+05	1.467880126752690e-02	9.209972467945427e-03	3.000000000000000e-06	3.000000000000000e-06
3.854454e+05	1.463668284407448e-02	9.192875285747405e-03	3.000000000000000e-06	3.000000000000000e-06
3.926074e+05	1.459468277326003e-02	9.175808116800190e-03	3.000000000000000e-06	3.000000000000000e-06
3.998997e+05	1.455280139335475e-02	9.158771099017299e-03	3.000000000000000e-06	3.000000000000000e-06
4.073247e+05	1.451103903834005e-02	9.141764369146207e-03	3.000000000000000e-06	3.000000000000000e-06
4.148848e+05	1.446939603803314e-02	9.124788062798914e-03	3.000000000000000e-06	3.000000000000000e-06
4.225825e+05	1.442787271821208e-02	9.107842314482367e-03	3.000000000000000e-06	3.000000000000000e-06
4.304201e+05	1.438646940074020e-02	9.090927257628780e-03	3.000000000000000e-06	3.000000000000000e-06
4.384003e+05	1.434518640368982e-02	9.074043024625823e-03	3.000000000000000e-06	3.000000000000000e-06
4.465256e+05	1.430402404146553e-02	9.057189746846715e-03	3.000000000000000e-06	3.000000000000000e-06
4.547986e+05	1.426298262492661e-02	9.040367554680170e-03	3.000000000000000e-06	3.000000000000000e-06
4.632220e+05	1.422206246150906e-02	9.023576577560248e-03	3.000000000000000e-06	3.000000000000000e-06
4.717985e+05	1.418126385534682e-02	9.006816943996077e-03	3.000000000000000e-06	3.000000000000000e-06
4.805309e+05	1.414058710739246e-02	8.990088781601463e-03	3.000000000000000e-06	3.000000000000000e-06
4.894220e+05	1.410003251553728e-02	8.973392217124385e-03	3.000000000000000e-06	3.000000000000000e-06
4.984746e+05	1.405960037473067e-02	8.956727376476370e-03	3.000000000000000e-06	3.000000000000000e-06
5.076917e+05	1.401929097709895e-02	8.940094384761767e-03	3.000000000000000e-06	3.000000000000000e-06
5.170763e+05	1.397910461206354e-02	8.923493366306875e-03	3.000000000000000e-06	3.000000000000000e-06
5.266313e+05	1.393904156645854e-02	8.906924444689004e-03	3.000000000000000e-06	3.000000000000000e-06
5.363599e+05	1.389910212464764e-02	8.890387742765385e-03	3.000000000000000e-06	3.000000000000000e-06
5.462652e+05	1.385928656864048e-02	8.873883382701991e-03	3.000000000000000e-06	3.000000000000000e-06
5.563503e+05	1.381959517820833e-02	8.857411486002236e-03	3.000000000000000e-06	3.000000000000000e-06
5.666185e+05	1.378002823099920e-02	8.840972173535572e-03	3.000000000000000e-06	3.000000000000000e-06
5.770732e+05	1.374058600265233e-02	8.824565565565982e-03	3.000000000000000e-06	3.000000000000000e-06
5.877177e+05	1.370126876691205e-02	8.808191781780352e-03	3.000000000000000e-06	3.000000000000000e-06
5.985555e+05	1.366207679574104e-02	8.791850941316752e-03	3.000000000000000e-06	3.000000000000000e-06
6.095899e+05	1.362301035943305e-02	8.775543162792611e-03	3.000000000000000e-06	3.000000000000000e-06
6.208246e+05	1.358406972672487e-02	8.759268564332777e-03	3.000000000000000e-06	3.000000000000000e-06
6.322633e+05	1.354525516490789e-02	8.743027263597495e-03	3.000000000000000e-06	3.000000000000000e-06
6.439095e+05	1.350656693993890e-02	8.726819377810268e-03	3.000000000000000e-06	3.000000000000000e-06
6.557671e+05	1.346800531655039e-02	8.710645023785629e-03	3.000000000000000e-06	3.000000000000000e-06
6.678398e+05	1.342957055836026e-02	8.694504317956818e-03	3.000000000000000e-06	3.000000000000000e-06
6.801316e+05	1.339126292798087e-02	8.678397376403350e-03	3.000000000000000e-06	3.000000000000000e-06
6.926463e+05	1.335308268712763e-02	8.662324314878509e-03	3.000000000000000e-06	3.000000000000000e-06
7.053882e+05	1.331503009672685e-02	8.646285248836734e-03	3.000000000000000e-06	3.000000000000000e-06
7.183611e+05	1.327710541702318e-02	8.630280293460921e-03	3.000000000000000e-06	3.000000000000000e-06
7.315695e+05	1.323930890768637e-02	8.614309563689629e-03	3.000000000000000e-06	3.000000000000000e-06
7.450174e+05	1.320164082791748e-02	8.598373174244217e-03	3.000000000000000e-06	3.000000000000000e-06
7.587092e+05	1.316410143655453e-02	8.582471239655871e-03	3.000000000000000e-06	3.000000000000000e-06
7.726493e+05	1.312669099217762e-02	8.566603874292561e-03	3.000000000000000e-06	3.000000000000000e-06
7.868423e+05	1.308940975321343e-02	8.550771192385924e-03	3.000000000000000e-06	3.000000000000000e-06
8.012927e+05	1.305225797803919e-02	8.534973308058035e-03	3.000000000000000e-06	3.000000000000000e-06
8.160051e+05	1.301523592508611e-02	8.519210335348146e-03	3.000000000000000e-06	3.000000000000000e-06
8.309844e+05	1.297834385294226e-02	8.503482388239300e-03	3.000000000000000e-06	3.000000000000000e-06
8.462352e+05	1.294158202045484e-02	8.487789580684902e-03	3.000000000000000e-06	3.000000000000000e-06
8.617627e+05	1.290495068683201e-02	8.472132026635212e-03	3.000000000000000e-06	3.000000000000000e-06
8.775716e+05	1.286845011174408e-02	8.456509840063749e-03	3.000000000000000e-06	3.000000000000000e-06
8.936672e+05	1.283208055542421e-02	8.440923134993646e-03	3.000000000000000e-06	3.000000000000000e-06
9.100547e+05	1.279584227876855e-02	8.425372025523927e-03	3.000000000000000e-06	3.000000000000000e-06
9.267392e+05	1.275973554343588e-02	8.409856625855718e-03	3.000000000000000e-06	3.000000000000000e-06
9.437263e+05	1.272376061194667e-02	8.394377050318397e-03	3.000000000000000e-06	3.000000000000000e-06
9.610214e+05	1.268791774778163e-02	8.378933413395677e-03	3.000000000000000e-06	3.000000000000000e-06
9.786300e+05	1.265220721547976e-02	8.363525829751634e-03	3.000000000000000e-06	3.000000000000000e-06
9.965578e+05	1.261662928073579e-02	8.348154414256674e-03	3.000000000000000e-06	3.000000000000000e-06
1.000000e+06	1.260995249405100e-02	8.345264593948435e-03	3.000000000000000e-06	3.000000000000000e-06
1.018584e+06	1.257401206296636e-02	8.329711214162859e-03	3.000000000000000e-06	3.000000000000000e-06
1.037231e+06	1.253873644643718e-02	8.314423901725409e-03	3.000000000000000e-06	3.000000000000000e-06
1.056221e+06	1.250358482095620e-02	8.299169032039392e-03	3.000000000000000e-06	3.000000000000000e-06
1.075555e+06	1.246856709358327e-02	8.283950889289536e-03	3.000000000000000e-06	3.000000000000000e-06
1.095240e+06	1.243368336595633e-02	8.268769515491700e-03	3.000000000000000e-06	3.000000000000000e-06
1.115282e+06	1.239893391614204e-02	8.253625028699012e-03	3.000000000000000e-06	3.000000000000000e-06
1.135686e+06	1.236431902093841e-02	8.238517546006760e-03	3.000000000000000e-06	3.000000000000000e-06
1.156461e+06	1.232983895913456e-02	8.223447184951667e-03	3.000000000000000e-06	3.000000000000000e-06
1.177613e+06	1.229549401154702e-02	8.208414063512914e-03	3.000000000000000e-06	3.000000000000000e-06
1.199148e+06	1.226128446111286e-02	8.193418300138046e-03	3.000000000000000e-06	3.000000000000000e-06
1.221073e+06	1.222721059298131e-02	8.178460013768386e-03	3.000000000000000e-06	3.000000000000000e-06
1.243395e+06	1.219327269460480e-02	8.163539323864450e-03	3.000000000000000e-06	3.000000000000000e-06
1.266123e+06	1.215947105582958e-02	8.148656350431299e-03	3.000000000000000e-06	3.000000000000000e-06
1.289262e+06	1.212580596898570e-02	8.133811214043862e-03	3.000000000000000e-06	3.000000000000000e-06
1.312821e+06	1.209227772897653e-02	8.119004035872245e-03	3.000000000000000e-06	3.000000000000000e-06
1.336807e+06	1.205888663336770e-02	8.104234937706989e-03	3.000000000000000e-06	3.000000000000000e-06
1.361228e+06	1.202563298247554e-02	8.089504041984313e-03	3.000000000000000e-06	3.000000000000000e-06
1.386091e+06	1.199251707945492e-02	8.074811471811322e-03	3.000000000000000e-06	3.000000000000000e-06
1.411405e+06	1.195953923038661e-02	8.060157350991203e-03	3.000000000000000e-06	3.000000000000000e-06
1.437178e+06	1.192669974436401e-02	8.045541804048380e-03	3.000000000000000e-06	3.000000000000000e-06
1.463419e+06	1.189399893357944e-02	8.030964956253658e-03	3.000000000000000e-06	3.000000000000000e-06
1.490135e+06	1.186143711340973e-02	8.016426933649347e-03	3.000000000000000e-06	3.000000000000000e-06
1.517335e+06	1.182901460250133e-02	8.001927863074366e-03	3.000000000000000e-06	3.000000000000000e-06
1.545029e+06	1.179673172285484e-02	7.987467872189322e-03	3.000000000000000e-06	3.000000000000000e-06
1.573224e+06	1.176458879990895e-02	7.973047089501587e-03	3.000000000000000e-06	3.000000000000000e-06
1.601931e+06	1.173258616262377e-02	7.958665644390347e-03	3.000000000000000e-06	3.000000000000000e-06
1.631159e+06	1.170072414356363e-02	7.944323667131650e-03	3.000000000000000e-06	3.000000000000000e-06
1.660916e+06	1.166900307897919e-02	7.930021288923427e-03	3.000000000000000e-06	3.000000000000000e-06
1.691213e+06	1.163742330888903e-02	7.915758641910525e-03	3.000000000000000e-06	3.000000000000000e-06
1.722059e+06	1.160598517716058e-02	7.901535859209703e-03	3.000000000000000e-06	3.000000000000000e-06
1.753465e+06	1.157468903159040e-02	7.887353074934642e-03	3.000000000000000e-06	3.000000000000000e-06
1.785440e+06	1.154353522398390e-02	7.873210424220940e-03	3.000000000000000e-06	3.000000000000000e-06
1.817995e+06	1.151252411023433e-02	7.859108043251102e-03	3.000000000000000e-06	3.000000000000000e-06
1.851140e+06	1.148165605040115e-02	7.845046069279524e-03	3.000000000000000e-06	3.000000000000000e-06
1.884887e+06	1.145093140878775e-02	7.831024640657470e-03	3.000000000000000e-06	3.000000000000000e-06
1.919245e+06	1.142035055401849e-02	7.817043896858061e-03	3.000000000000000e-06	3.000000000000000e-06
1.954227e+06	1.138991385911499e-02	7.803103978501246e-03	3.000000000000000e-06	3.000000000000000e-06
1.989843e+06	1.135962170157179e-02	7.789205027378778e-03	3.000000000000000e-06	3.000000000000000e-06
2.026105e+06	1.132947446343128e-02	7.775347186479194e-03	3.000000000000000e-06	3.000000000000000e-06
2.063025e+06	1.129947253135785e-02	7.761530600012797e-03	3.000000000000000e-06	3.000000000000000e-06
2.100615e+06	1.126961629671134e-02	7.747755413436626e-03	3.000000000000000e-06	3.000000000000000e-06
2.138886e+06	1.123990615561973e-02	7.734021773479449e-03	3.000000000000000e-06	3.000000000000000e-06
2.177852e+06	1.121034250905107e-02	7.720329828166742e-03	3.000000000000000e-06	3.000000000000000e-06
2.217525e+06	1.118092576288454e-02	7.706679726845682e-03	3.000000000000000e-06	3.000000000000000e-06
2.257917e+06	1.115165632798081e-02	7.693071620210142e-03	3.000000000000000e-06	3.000000000000000e-06
2.299043e+06	1.112253462025152e-02	7.679505660325690e-03	3.000000000000000e-06	3.000000000000000e-06
2.340914e+06	1.109356106072791e-02	7.665982000654588e-03	3.000000000000000e-06	3.000000000000000e-06
2.383545e+06	1.106473607562862e-02	7.652500796080815e-03	3.000000000000000e-06	3.000000000000000e-06
2.426950e+06	1.103606009642660e-02	7.639062202935067e-03	3.000000000000000e-06	3.000000000000000e-06
2.471143e+06	1.100753355991514e-02	7.625666379019794e-03	3.000000000000000e-06	3.000000000000000e-06
2.516137e+06	1.097915690827293e-02	7.612313483634222e-03	3.000000000000000e-06	3.000000000000000e-06
2.561948e+06	1.095093058912826e-02	7.599003677599392e-03	3.000000000000000e-06	3.000000000000000e-06
2.608590e+06	1.092285505562221e-02	7.585737123283203e-03	3.000000000000000e-06	3.000000000000000e-06
2.656079e+06	1.089493076647085e-02	7.572513984625455e-03	3.000000000000000e-06	3.000000000000000e-06
2.704430e+06	1.086715818602650e-02	7.559334427162917e-03	3.000000000000000e-06	3.000000000000000e-06
2.753659e+06	1.083953778433792e-02	7.546198618054380e-03	3.000000000000000e-06	3.000000000000000e-06
2.803781e+06	1.081207003720942e-02	7.533106726105729e-03	3.000000000000000e-06	3.000000000000000e-06
2.854813e+06	1.078475542625898e-02	7.520058921795019e-03	3.000000000000000e-06	3.000000000000000e-06
2.906772e+06	1.075759443897525e-02	7.507055377297558e-03	3.000000000000000e-06	3.000000000000000e-06
2.959674e+06	1.073058756877334e-02	7.494096266510986e-03	3.000000000000000e-06	3.000000000000000e-06
3.013536e+06	1.070373531504959e-02	7.481181765080371e-03	3.000000000000000e-06	3.000000000000000e-06
3.068377e+06	1.067703818323511e-02	7.468312050423303e-03	3.000000000000000e-06	3.000000000000000e-06
3.124213e+06	1.065049668484809e-02	7.455487301754993e-03	3.000000000000000e-06	3.000000000000000e-06
3.181063e+06	1.062411133754496e-02	7.442707700113368e-03	3.000000000000000e-06	3.000000000000000e-06
3.238946e+06	1.059788266517019e-02	7.429973428384183e-03	3.000000000000000e-06	3.000000000000000e-06
3.297880e+06	1.057181119780493e-02	7.417284671326117e-03	3.000000000000000e-06	3.000000000000000e-06
3.357885e+06	1.054589747181424e-02	7.404641615595876e-03	3.000000000000000e-06	3.000000000000000e-06
3.418979e+06	1.052014202989299e-02	7.392044449773302e-03	3.000000000000000e-06	3.000000000000000e-06
3.481183e+06	1.049454542111048e-02	7.379493364386466e-03	3.000000000000000e-06	3.000000000000000e-06
3.544517e+06	1.046910820095351e-02	7.366988551936765e-03	3.000000000000000e-06	3.000000000000000e-06
3.609002e+06	1.044383093136817e-02	7.354530206924014e-03	3.000000000000000e-06	3.000000000000000e-06
3.674658e+06	1.041871418080004e-02	7.342118525871530e-03	3.000000000000000e-06	3.000000000000000e-06
3.741508e+06	1.039375852423294e-02	7.329753707351206e-03	3.000000000000000e-06	3.000000000000000e-06
3.809572e+06	1.036896454322620e-02	7.317435952008578e-03	3.000000000000000e-06	3.000000000000000e-06
3.878873e+06	1.034433282595030e-02	7.305165462587880e-03	3.000000000000000e-06	3.000000000000000e-06
3.949433e+06	1.031986396722092e-02	7.292942443957082e-03	3.000000000000000e-06	3.000000000000000e-06
4.021276e+06	1.029555856853141e-02	7.280767103132919e-03	3.000000000000000e-06	3.000000000000000e-06
4.094424e+06	1.027141723808357e-02	7.268639649305897e-03	3.000000000000000e-06	3.000000000000000e-06
4.168902e+06	1.024744059081670e-02	7.256560293865277e-03	3.000000000000000e-06	3.000000000000000e-06
4.244734e+06	1.022362924843496e-02	7.244529250424047e-03	3.000000000000000e-06	3.000000000000000e-06
4.321945e+06	1.019998383943298e-02	7.232546734843861e-03	3.000000000000000e-06	3.000000000000000e-06
4.400559e+06	1.017650499911960e-02	7.220612965259948e-03	3.000000000000000e-06	3.000000000000000e-06
4.480602e+06	1.015319336963983e-02	7.208728162106008e-03	3.000000000000000e-06	3.000000000000000e-06
4.562101e+06	1.013004959999492e-02	7.196892548139052e-03	3.000000000000000e-06	3.000000000000000e-06
4.645082e+06	1.010707434606052e-02	7.185106348464229e-03	3.000000000000000e-06	3.000000000000000e-06
4.729572e+06	1.008426827060288e-02	7.173369790559597e-03	3.000000000000000e-06	3.000000000000000e-06
4.815599e+06	1.006163204329309e-02	7.161683104300867e-03	3.000000000000000e-06	3.000000000000000e-06
4.903190e+06	1.003916634071928e-02	7.150046521986092e-03	3.000000000000000e-06	3.000000000000000e-06
4.992375e+06	1.001687184639678e-02	7.138460278360315e-03	3.000000000000000e-06	3.000000000000000e-06
5.083181e+06	9.994749250776182e-03	7.126924610640162e-03	3.000000000000000e-06	3.000000000000000e-06
5.175640e+06	9.972799251249284e-03	7.115439758538383e-03	3.000000000000000e-06	3.000000000000000e-06
5.269781e+06	9.951022552152827e-03	7.104005964288329e-03	3.000000000000000e-06	3.000000000000000e-06
5.365634e+06	9.929419864770085e-03	7.092623472668376e-03	3.000000000000000e-06	3.000000000000000e-06
5.463232e+06	9.907991907330176e-03	7.081292531026272e-03	3.000000000000000e-06	3.000000000000000e-06
5.562606e+06	9.886739405005118e-03	7.070013389303424e-03	3.000000000000000e-06	3.000000000000000e-06
5.663788e+06	9.865663089904560e-03	7.058786300059101e-03	3.000000000000000e-06	3.000000000000000e-06
5.766811e+06	9.844763701068172e-03	7.047611518494565e-03	3.000000000000000e-06	3.000000000000000e-06
5.871710e+06	9.824041984455649e-03	7.036489302477117e-03	3.000000000000000e-06	3.000000000000000e-06
5.978518e+06	9.803498692934303e-03	7.025419912564053e-03	3.000000000000000e-06	3.000000000000000e-06
6.087271e+06	9.783134586264184e-03	7.014403612026526e-03	3.000000000000000e-06	3.000000000000000e-06
6.198003e+06	9.762950431080721e-03	7.003440666873321e-03	3.000000000000000e-06	3.000000000000000e-06
6.310751e+06	9.742947000874858e-03	6.992531345874508e-03	3.000000000000000e-06	3.000000000000000e-06
6.425553e+06	9.723125075970587e-03	6.981675920585007e-03	3.000000000000000e-06	3.000000000000000e-06
6.542444e+06	9.703485443499946e-03	6.970874665368033e-03	3.000000000000000e-06	3.000000000000000e-06
6.661465e+06	9.684028897375350e-03	6.960127857418411e-03	3.000000000000000e-06	3.000000000000000e-06
6.782653e+06	9.664756238259293e-03	6.949435776785793e-03	3.000000000000000e-06	3.000000000000000e-06
6.906048e+06	9.645668273531346e-03	6.938798706397712e-03	3.000000000000000e-06	3.000000000000000e-06
7.031691e+06	9.626765817252466e-03	6.928216932082534e-03	3.000000000000000e-06	3.000000000000000e-06
7.159622e+06	9.608049690126526e-03	6.917690742592242e-03	3.000000000000000e-06	3.000000000000000e-06
7.289884e+06	9.589520719459094e-03	6.907220429625088e-03	3.000000000000000e-06	3.000000000000000e-06
7.422520e+06	9.571179739113408e-03	6.896806287848082e-03	3.000000000000000e-06	3.000000000000000e-06
7.557572e+06	9.553027589463511e-03	6.886448614919333e-03	3.000000000000000e-06	3.000000000000000e-06
7.695085e+06	9.535065117344550e-03	6.876147711510205e-03	3.000000000000000e-06	3.000000000000000e-06
7.835104e+06	9.517293176000181e-03	6.865903881327315e-03	3.000000000000000e-06	3.000000000000000e-06
7.977675e+06	9.499712625027086e-03	6.855717431134343e-03	3.000000000000000e-06	3.000000000000000e-06
8.122844e+06	9.482324330316559e-03	6.845588670773660e-03	3.000000000000000e-06	3.000000000000000e-06
8.270659e+06	9.465129163993160e-03	6.835517913187752e-03	3.000000000000000e-06	3.000000000000000e-06
8.421169e+06	9.448128004350393e-03	6.825505474440454e-03	3.000000000000000e-06	3.000000000000000e-06
8.574423e+06	9.431321735783425e-03	6.815551673737963e-03	3.000000000000000e-06	3.000000000000000e-06
8.730471e+06	9.414711248718790e-03	6.805656833449649e-03	3.000000000000000e-06	3.000000000000000e-06
8.889364e+06	9.398297439541100e-03	6.795821279128621e-03	3.000000000000000e-06	3.000000000000000e-06
9.051154e+06	9.382081210516733e-03	6.786045339532085e-03	3.000000000000000e-06	3.000000000000000e-06
9.215895e+06	9.366063469714489e-03	6.776329346641438e-03	3.000000000000000e-06	3.000000000000000e-06
9.383641e+06	9.350245130923193e-03	6.766673635682134e-03	3.000000000000000e-06	3.000000000000000e-06
9.554446e+06	9.334627113566281e-03	6.757078545143276e-03	3.000000000000000e-06	3.000000000000000e-06
9.728366e+06	9.319210342613309e-03	6.747544416796957e-03	3.000000000000000e-06	3.000000000000000e-06
9.905460e+06	9.303995748488418e-03	6.738071595717317e-03	3.000000000000000e-06	3.000000000000000e-06
1.000000e+07	9.296128558880418e-03	6.733139154702499e-03	3.000000000000000e-06	3.000000000000000e-06
1.018361e+07	9.281095446176783e-03	6.723679608990206e-03	3.000000000000000e-06	3.000000000000000e-06
1.036898e+07	9.266399458166154e-03	6.714365106414234e-03	3.000000000000000e-06	3.000000000000000e-06
1.055776e+07	9.251906624686678e-03	6.705111676558323e-03	3.000000000000000e-06	3.000000000000000e-06
1.074998e+07	9.237620294091725e-03	6.695921186888392e-03	3.000000000000000e-06	3.000000000000000e-06
1.094572e+07	9.223541382699501e-03	6.686793974139284e-03	3.000000000000000e-06	3.000000000000000e-06
1.114502e+07	9.209670854861216e-03	6.677730405889685e-03	3.000000000000000e-06	3.000000000000000e-06
1.134796e+07	9.196009678827831e-03	6.668730852663996e-03	3.000000000000000e-06	3.000000000000000e-06
1.155461e+07	9.182558827413789e-03	6.659795688447700e-03	3.000000000000000e-06	3.000000000000000e-06
1.176503e+07	9.169319277862829e-03	6.650925290694446e-03	3.000000000000000e-06	3.000000000000000e-06
1.197929e+07	9.156292011724942e-03	6.642120040341829e-03	3.000000000000000e-06	3.000000000000000e-06
1.219746e+07	9.143478014730196e-03	6.633380321826639e-03	3.000000000000000e-06	3.000000000000000e-06
1.241962e+07	9.130878276659642e-03	6.624706523099718e-03	3.000000000000000e-06	3.000000000000000e-06
1.264584e+07	9.118493791213404e-03	6.616099035640406e-03	3.000000000000000e-06	3.000000000000000e-06
1.287618e+07	9.106325555875934e-03	6.607558254470591e-03	3.000000000000000e-06	3.000000000000000e-06
1.311074e+07	9.094374571778488e-03	6.599084578168325e-03	3.000000000000000e-06	3.000000000000000e-06
1.334957e+07	9.082641843558868e-03	6.590678408881011e-03	3.000000000000000e-06	3.000000000000000e-06
1.359278e+07	9.071128379218463e-03	6.582340152338150e-03	3.000000000000000e-06	3.000000000000000e-06
1.384042e+07	9.059835189976655e-03	6.574070217863629e-03	3.000000000000000e-06	3.000000000000000e-06
1.409259e+07	9.048763290122603e-03	6.565869018387549e-03	3.000000000000000e-06	3.000000000000000e-06
1.434937e+07	9.037913696864512e-03	6.557736970457573e-03	3.000000000000000e-06	3.000000000000000e-06
1.461084e+07	9.027287430176391e-03	6.549674494249797e-03	3.000000000000000e-06	3.000000000000000e-06
1.487709e+07	9.016885512642386e-03	6.541682013579109e-03	3.000000000000000e-06	3.000000000000000e-06
1.514820e+07	9.006708969298753e-03	6.533759955909059e-03	3.000000000000000e-06	3.000000000000000e-06
1.542427e+07	8.996758827473531e-03	6.525908752361193e-03	3.000000000000000e-06	3.000000000000000e-06
1.570539e+07	8.987036116623976e-03	6.518128837723868e-03	3.000000000000000e-06	3.000000000000000e-06
1.599165e+07	8.977541868171837e-03	6.510420650460523e-03	3.000000000000000e-06	3.000000000000000e-06
1.628314e+07	8.968277115336563e-03	6.502784632717393e-03	3.000000000000000e-06	3.000000000000000e-06
1.657996e+07	8.959242892966486e-03	6.495221230330673e-03	3.000000000000000e-06	3.000000000000000e-06
1.688221e+07	8.950440237368103e-03	6.487730892833089e-03	3.000000000000000e-06	3.000000000000000e-06
1.718999e+07	8.941870186133495e-03	6.480314073459901e-03	3.000000000000000e-06	3.000000000000000e-06
1.750339e+07	8.933533777966027e-03	6.472971229154296e-03	3.000000000000000e-06	3.000000000000000e-06
1.782253e+07	8.925432052504369e-03	6.465702820572186e-03	3.000000000000000e-06	3.000000000000000e-06
1.814751e+07	8.917566050144966e-03	6.458509312086374e-03	3.000000000000000e-06	3.000000000000000e-06
1.847843e+07	8.909936811863041e-03	6.451391171790100e-03	3.000000000000000e-06	3.000000000000000e-06
1.881540e+07	8.902545379032234e-03	6.444348871499942e-03	3.000000000000000e-06	3.000000000000000e-06
1.915855e+07	8.895392793242980e-03	6.437382886758061e-03	3.000000000000000e-06	3.000000000000000e-06
1.950797e+07	8.888480096119740e-03	6.430493696833797e-03	3.000000000000000e-06	3.000000000000000e-06
1.986378e+07	8.881808329137172e-03	6.423681784724570e-03	3.000000000000000e-06	3.000000000000000e-06
2.022611e+07	8.875378533435391e-03	6.416947637156114e-03	3.000000000000000e-06	3.000000000000000e-06
2.059507e+07	8.869191749634402e-03	6.410291744582010e-03	3.000000000000000e-06	3.000000000000000e-06
2.097079e+07	8.863249017647821e-03	6.403714601182510e-03	3.000000000000000e-06	3.000000000000000e-06
2.135338e+07	8.857551376496044e-03	6.397216704862644e-03	3.000000000000000e-06	3.000000000000000e-06
2.174298e+07	8.852099864118931e-03	6.390798557249609e-03	3.000000000000000e-06	3.000000000000000e-06
2.213971e+07	8.846895517188169e-03	6.384460663689408e-03	3.000000000000000e-06	3.000000000000000e-06
2.254370e+07	8.841939370919438e-03	6.378203533242750e-03	3.000000000000000e-06	3.000000000000000e-06
2.295510e+07	8.837232458884474e-03	6.372027678680189e-03	3.000000000000000e-06	3.000000000000000e-06
2.337402e+07	8.832775812823221e-03	6.365933616476497e-03	3.000000000000000e-06	3.000000000000000e-06
2.380062e+07	8.828570462456128e-03	6.359921866804258e-03	3.000000000000000e-06	3.000000000000000e-06
2.423504e+07	8.824617435296807e-03	6.353992953526678e-03	3.000000000000000e-06	3.000000000000000e-06
2.467741e+07	8.820917756465117e-03	6.348147404189595e-03	3.000000000000000e-06	3.000000000000000e-06
2.512789e+07	8.817472448500863e-03	6.342385750012691e-03	3.000000000000000e-06	3.000000000000000e-06
2.558662e+07	8.814282531178207e-03	6.336708525879880e-03	3.000000000000000e-06	3.000000000000000e-06
2.605376e+07	8.811349021320981e-03	6.331116270328884e-03	3.000000000000000e-06	3.000000000000000e-06
2.652946e+07	8.808672932618977e-03	6.325609525539966e-03	3.000000000000000e-06	3.000000000000000e-06
2.701388e+07	8.806255275445428e-03	6.320188837323839e-03	3.000000000000000e-06	3.000000000000000e-06
2.750717e+07	8.804097056675760e-03	6.314854755108714e-03	3.000000000000000e-06	3.000000000000000e-06
2.800951e+07	8.802199279507804e-03	6.309607831926500e-03	3.000000000000000e-06	3.000000000000000e-06
2.852105e+07	8.800562943283574e-03	6.304448624398143e-03	3.000000000000000e-06	3.000000000000000e-06
2.904198e+07	8.799189043312792e-03	6.299377692718092e-03	3.000000000000000e-06	3.000000000000000e-06
2.957245e+07	8.798078570698262e-03	6.294395600637892e-03	3.000000000000000e-06	3.000000000000000e-06
3.011265e+07	8.797232512163281e-03	6.289502915448900e-03	3.000000000000000e-06	3.000000000000000e-06
3.066276e+07	8.796651849881189e-03	6.284700207964098e-03	3.000000000000000e-06	3.000000000000000e-06
3.122296e+07	8.796337561307228e-03	6.279988052499035e-03	3.000000000000000e-06	3.000000000000000e-06
3.179343e+07	8.796290619012836e-03	6.275367026851850e-03	3.000000000000000e-06	3.000000000000000e-06
3.237436e+07	8.796511990522528e-03	6.270837712282405e-03	3.000000000000000e-06	3.000000000000000e-06
3.296595e+07	8.797002638153495e-03	6.266400693490505e-03	3.000000000000000e-06	3.000000000000000e-06
3.356840e+07	8.797763518858064e-03	6.262056558593205e-03	3.000000000000000e-06	3.000000000000000e-06
3.418189e+07	8.798795584069147e-03	6.257805899101207e-03	3.000000000000000e-06	3.000000000000000e-06
3.480665e+07	8.800099779548841e-03	6.253649309894336e-03	3.000000000000000e-06	3.000000000000000e-06
3.544287e+07	8.801677045240264e-03	6.249587389196095e-03	3.000000000000000e-06	3.000000000000000e-06
3.609076e+07	8.803528315122811e-03	6.245620738547297e-03	3.000000000000000e-06	3.000000000000000e-06
3.675054e+07	8.805654517070929e-03	6.241749962778777e-03	3.000000000000000e-06	3.000000000000000e-06
3.742244e+07	8.808056572716532e-03	6.237975669983170e-03	3.000000000000000e-06	3.000000000000000e-06
3.810666e+07	8.810735397315207e-03	6.234298471485774e-03	3.000000000000000e-06	3.000000000000000e-06
3.880345e+07	8.813691899616305e-03	6.230718981814477e-03	3.000000000000000e-06	3.000000000000000e-06
3.951303e+07	8.816926981737064e-03	6.227237818668763e-03	3.000000000000000e-06	3.000000000000000e-06
4.023564e+07	8.820441539040833e-03	6.223855602887799e-03	3.000000000000000e-06	3.000000000000000e-06
4.097152e+07	8.824236460019579e-03	6.220572958417587e-03	3.000000000000000e-06	3.000000000000000e-06
4.172091e+07	8.828312626180706e-03	6.217390512277206e-03	3.000000000000000e-06	3.000000000000000e-06
4.248406e+07	8.832670911938352e-03	6.214308894524134e-03	3.000000000000000e-06	3.000000000000000e-06
4.326123e+07	8.837312184509243e-03	6.211328738218651e-03	3.000000000000000e-06	3.000000000000000e-06
4.405268e+07	8.842237303813193e-03	6.208450679387341e-03	3.000000000000000e-06	3.000000000000000e-06
4.485866e+07	8.847447122378359e-03	6.205675356985678e-03	3.000000000000000e-06	3.000000000000000e-06
4.567945e+07	8.852942485251328e-03	6.203003412859725e-03	3.000000000000000e-06	3.000000000000000e-06
4.651532e+07	8.858724229912131e-03	6.200435491706925e-03	3.000000000000000e-06	3.000000000000000e-06
4.736655e+07	8.864793186194250e-03	6.197972241036017e-03	3.000000000000000e-06	3.000000000000000e-06
4.823343e+07	8.871150176209725e-03	6.195614311126065e-03	3.000000000000000e-06	3.000000000000000e-06
4.911623e+07	8.877796014279380e-03	6.193362354984618e-03	3.000000000000000e-06	3.000000000000000e-06
5.001526e+07	8.884731506868289e-03	6.191217028305007e-03	3.000000000000000e-06	3.000000000000000e-06
5.093081e+07	8.891957452526508e-03	6.189178989422789e-03	3.000000000000000e-06	3.000000000000000e-06
5.186319e+07	8.899474641835148e-03	6.187248899271347e-03	3.000000000000000e-06	3.000000000000000e-06
5.281271e+07	8.907283857357829e-03	6.185427421336652e-03	3.000000000000000e-06	3.000000000000000e-06
5.377969e+07	8.915385873597569e-03	6.183715221611223e-03	3.000000000000000e-06	3.000000000000000e-06
5.476445e+07	8.923781456959143e-03	6.182112968547249e-03	3.000000000000000e-06	3.000000000000000e-06
5.576732e+07	8.932471365716961e-03	6.180621333008945e-03	3.000000000000000e-06	3.000000000000000e-06
5.678862e+07	8.941456349988483e-03	6.179240988224106e-03	3.000000000000000e-06	3.000000000000000e-06
5.782871e+07	8.950737151713196e-03	6.177972609734905e-03	3.000000000000000e-06	3.000000000000000e-06
5.888793e+07	8.960314504637187e-03	6.176816875347934e-03	3.000000000000000e-06	3.000000000000000e-06
5.996664e+07	8.970189134303315e-03	6.175774465083507e-03	3.000000000000000e-06	3.000000000000000e-06
6.106518e+07	8.980361758046999e-03	6.174846061124257e-03	3.000000000000000e-06	3.000000000000000e-06
6.218394e+07	8.990833084997618e-03	6.174032347763009e-03	3.000000000000000e-06	3.000000000000000e-06
6.332328e+07	9.001603816085535e-03	6.173334011349992e-03	3.000000000000000e-06	3.000000000000000e-06
6.448358e+07	9.012674644054721e-03	6.172751740239376e-03	3.000000000000000e-06	3.000000000000000e-06
6.566524e+07	9.024046253480991e-03	6.172286224735160e-03	3.000000000000000e-06	3.000000000000000e-06
6.686864e+07	9.035719320795811e-03	6.171938157036447e-03	3.000000000000000e-06	3.000000000000000e-06
6.809419e+07	9.047694514315682e-03	6.171708231182108e-03	3.000000000000000e-06	3.000000000000000e-06
6.934229e+07	9.059972494277032e-03	6.171597142994867e-03	3.000000000000000e-06	3.000000000000000e-06
7.061337e+07	9.072553912876638e-03	6.171605590024826e-03	3.000000000000000e-06	3.000000000000000e-06
7.190785e+07	9.085439414317498e-03	6.171734271492462e-03	3.000000000000000e-06	3.000000000000000e-06
7.322616e+07	9.098629634860122e-03	6.171983888231099e-03	3.000000000000000e-06	3.000000000000000e-06
7.456875e+07	9.112125202879219e-03	6.172355142628908e-03	3.000000000000000e-06	3.000000000000000e-06
7.593605e+07	9.125926738925691e-03	6.172848738570438e-03	3.000000000000000e-06	3.000000000000000e-06
7.732853e+07	9.140034855793898e-03	6.173465381377716e-03	3.000000000000000e-06	3.000000000000000e-06
7.874666e+07	9.154450158594139e-03	6.174205777750933e-03	3.000000000000000e-06	3.000000000000000e-06
8.019091e+07	9.169173244830275e-03	6.175070635708756e-03	3.000000000000000e-06	3.000000000000000e-06
8.166175e+07	9.184204704482418e-03	6.176060664528285e-03	3.000000000000000e-06	3.000000000000000e-06
8.315970e+07	9.199545120094629e-03	6.177176574684684e-03	3.000000000000000e-06	3.000000000000000e-06
8.468523e+07	9.215195066867531e-03	6.178419077790522e-03	3.000000000000000e-06	3.000000000000000e-06
8.623887e+07	9.231155112755771e-03	6.179788886534841e-03	3.000000000000000e-06	3.000000000000000e-06
8.782114e+07	9.247425818570233e-03	6.181286714622001e-03	3.000000000000000e-06	3.000000000000000e-06
8.943256e+07	9.264007738084910e-03	6.182913276710313e-03	3.000000000000000e-06	3.000000000000000e-06
9.107368e+07	9.280901418148369e-03	6.184669288350499e-03	3.000000000000000e-06	3.000000000000000e-06
9.274505e+07	9.298107398799677e-03	6.186555465924023e-03	3.000000000000000e-06	3.000000000000000e-06
9.444721e+07	9.315626213388712e-03	6.188572526581301e-03	3.000000000000000e-06	3.000000000000000e-06
9.618076e+07	9.333458388700751e-03	6.190721188179848e-03	3.000000000000000e-06	3.000000000000000e-06
9.794626e+07	9.351604445085237e-03	6.193002169222376e-03	3.000000000000000e-06	3.000000000000000e-06
9.974430e+07	9.370064896588598e-03	6.195416188794892e-03	3.000000000000000e-06	3.000000000000000e-06
1.000000e+08	9.372688848962370e-03	6.195772010196517e-03	3.000000000000000e-06	3.000000000000000e-06
1.018650e+08	9.391805969567155e-03	6.198379198487664e-03	3.000000000000000e-06	3.000000000000000e-06
1.037347e+08	9.410940394438827e-03	6.201081691791447e-03	3.000000000000000e-06	3.000000000000000e-06
1.056395e+08	9.430396311169223e-03	6.203920249922382e-03	3.000000000000000e-06	3.000000000000000e-06
1.075794e+08	9.450168593193239e-03	6.206894825337958e-03	3.000000000000000e-06	3.000000000000000e-06
1.095550e+08	9.470257828142377e-03	6.210006153854221e-03	3.000000000000000e-06	3.000000000000000e-06
1.115671e+08	9.490664492500297e-03	6.213254956508637e-03	3.000000000000000e-06	3.000000000000000e-06
1.136163e+08	9.511389059461231e-03	6.216641954767948e-03	3.000000000000000e-06	3.000000000000000e-06
1.157034e+08	9.532431997100880e-03	6.220167870176019e-03	3.000000000000000e-06	3.000000000000000e-06
1.178289e+08	9.553793768577871e-03	6.223833424299052e-03	3.000000000000000e-06	3.000000000000000e-06
1.199936e+08	9.575474832300616e-03	6.227639338665503e-03	3.000000000000000e-06	3.000000000000000e-06
1.221983e+08	9.597475642097585e-03	6.231586334706488e-03	3.000000000000000e-06	3.000000000000000e-06
1.244436e+08	9.619796647390181e-03	6.235675133696631e-03	3.000000000000000e-06	3.000000000000000e-06
1.267304e+08	9.642438293368099e-03	6.239906456695358e-03	3.000000000000000e-06	3.000000000000000e-06
1.290594e+08	9.665401021167025e-03	6.244281024488706e-03	3.000000000000000e-06	3.000000000000000e-06
1.314314e+08	9.688685268048582e-03	6.248799557531670e-03	3.000000000000000e-06	3.000000000000000e-06
1.338472e+08	9.712291467582368e-03	6.253462775891114e-03	3.000000000000000e-06	3.000000000000000e-06
1.363075e+08	9.736220049829955e-03	6.258271399189304e-03	3.000000000000000e-06	3.000000000000000e-06
1.388133e+08	9.760471441530754e-03	6.263226146548092e-03	3.000000000000000e-06	3.000000000000000e-06
1.413654e+08	9.785046066289594e-03	6.268327736533770e-03	3.000000000000000e-06	3.000000000000000e-06
1.439645e+08	9.809944344765884e-03	6.273576887102661e-03	3.000000000000000e-06	3.000000000000000e-06
1.466117e+08	9.835166694864259e-03	6.278974315547454e-03	3.000000000000000e-06	3.000000000000000e-06
1.493077e+08	9.860713531926571e-03	6.284520738444339e-03	3.000000000000000e-06	3.000000000000000e-06
1.520536e+08	9.886585268925092e-03	6.290216871600961e-03	3.000000000000000e-06	3.000000000000000e-06
1.548501e+08	9.912782316656836e-03	6.296063430005249e-03	3.000000000000000e-06	3.000000000000000e-06
1.576983e+08	9.939305083938850e-03	6.302061127775125e-03	3.000000000000000e-06	3.000000000000000e-06
1.605992e+08	9.966153977804365e-03	6.308210678109157e-03	3.000000000000000e-06	3.000000000000000e-06
1.635536e+08	9.993329403699710e-03	6.314512793238170e-03	3.000000000000000e-06	3.000000000000000e-06
1.665626e+08	1.002083176568184e-02	6.320968184377855e-03	3.000000000000000e-06	3.000000000000000e-06
1.696271e+08	1.004866146661637e-02	6.327577561682412e-03	3.000000000000000e-06	3.000000000000000e-06
1.727484e+08	1.007681890837606e-02	6.334341634199245e-03	3.000000000000000e-06	3.000000000000000e-06
1.759272e+08	1.010530449203952e-02	6.341261109824769e-03	3.000000000000000e-06	3.000000000000000e-06
1.791649e+08	1.013411861809016e-02	6.348336695261318e-03	3.000000000000000e-06	3.000000000000000e-06
1.824624e+08	1.016326168661520e-02	6.355569095975227e-03	3.000000000000000e-06	3.000000000000000e-06
1.858208e+08	1.019273409750463e-02	6.362959016156090e-03	3.000000000000000e-06	3.000000000000000e-06
1.892413e+08	1.022253625065010e-02	6.370507158677233e-03	3.000000000000000e-06	3.000000000000000e-06
1.927250e+08	1.025266854614350e-02	6.378214225057426e-03	3.000000000000000e-06	3.000000000000000e-06
1.962732e+08	1.028313138447530e-02	6.386080915423868e-03	3.000000000000000e-06	3.000000000000000e-06
1.998869e+08	1.031392516673243e-02	6.394107928476465e-03	3.000000000000000e-06	3.000000000000000e-06
2.035675e+08	1.034505029479563e-02	6.402295961453424e-03	3.000000000000000e-06	3.000000000000000e-06
2.073161e+08	1.037650717153623e-02	6.410645710098202e-03	3.000000000000000e-06	3.000000000000000e-06
2.111341e+08	1.040829620101224e-02	6.419157868627822e-03	3.000000000000000e-06	3.000000000000000e-06
2.150226e+08	1.044041778866366e-02	6.427833129702577e-03	3.000000000000000e-06	3.000000000000000e-06
2.189831e+08	1.047287234150691e-02	6.436672184397154e-03	3.000000000000000e-06	3.000000000000000e-06
2.230169e+08	1.050566026832838e-02	6.445675722173192e-03	3.000000000000000e-06	3.000000000000000e-06
2.271252e+08	1.053878197987691e-02	6.454844430853301e-03	3.000000000000000e-06	3.000000000000000e-06
2.313096e+08	1.057223788905522e-02	6.464178996596554e-03	3.000000000000000e-06	3.000000000000000e-06
2.355714e+08	1.060602841111016e-02	6.473680103875469e-03	3.000000000000000e-06	3.000000000000000e-06
2.399120e+08	1.064015396382179e-02	6.483348435454512e-03	3.000000000000000e-06	3.000000000000000e-06
2.443329e+08	1.067461496769105e-02	6.493184672370123e-03	3.000000000000000e-06	3.000000000000000e-06
2.488357e+08	1.070941184612621e-02	6.503189493912284e-03	3.000000000000000e-06	3.000000000000000e-06
2.534218e+08	1.074454502562783e-02	6.513363577607646e-03	3.000000000000000e-06	3.000000000000000e-06
2.580928e+08	1.078001493597221e-02	6.523707599204230e-03	3.000000000000000e-06	3.000000000000000e-06
2.628502e+08	1.081582201039343e-02	6.534222232657702e-03	3.000000000000000e-06	3.000000000000000e-06
2.676957e+08	1.085196668576367e-02	6.544908150119254e-03	3.000000000000000e-06	3.000000000000000e-06
2.726309e+08	1.088844940277198e-02	6.555766021925071e-03	3.000000000000000e-06	3.000000000000000e-06
2.776574e+08	1.092527060610140e-02	6.566796516587433e-03	3.000000000000000e-06	3.000000000000000e-06
2.827771e+08	1.096243074460421e-02	6.578000300787411e-03	3.000000000000000e-06	3.000000000000000e-06
2.879915e+08	1.099993027147559e-02	6.589378039369214e-03	3.000000000000000e-06	3.000000000000000e-06
2.933025e+08	1.103776964442538e-02	6.600930395336145e-03	3.000000000000000e-06	3.000000000000000e-06
2.987118e+08	1.107594932584795e-02	6.612658029848212e-03	3.000000000000000e-06	3.000000000000000e-06
3.042213e+08	1.111446978299034e-02	6.624561602221367e-03	3.000000000000000e-06	3.000000000000000e-06
3.098328e+08	1.115333148811833e-02	6.636641769928386e-03	3.000000000000000e-06	3.000000000000000e-06
3.155483e+08	1.119253491868065e-02	6.648899188601400e-03	3.000000000000000e-06	3.000000000000000e-06
3.213697e+08	1.123208055747123e-02	6.661334512036055e-03	3.000000000000000e-06	3.000000000000000e-06
3.272989e+08	1.127196889278943e-02	6.673948392197322e-03	3.000000000000000e-06	3.000000000000000e-06
3.333379e+08	1.131220041859827e-02	6.686741479226946e-03	3.000000000000000e-06	3.000000000000000e-06
3.394889e+08	1.135277563468057e-02	6.699714421452522e-03	3.000000000000000e-06	3.000000000000000e-06
3.457538e+08	1.139369504679314e-02	6.712867865398206e-03	3.000000000000000e-06	3.000000000000000e-06
3.521348e+08	1.143495916681878e-02	6.726202455797053e-03	3.000000000000000e-06	3.000000000000000e-06
3.586341e+08	1.147656851291631e-02	6.739718835604967e-03	3.000000000000000e-06	3.000000000000000e-06
3.652538e+08	1.151852360966838e-02	6.753417646016268e-03	3.000000000000000e-06	3.000000000000000e-06
3.719962e+08	1.156082498822731e-02	6.767299526480852e-03	3.000000000000000e-06	3.000000000000000e-06
3.788635e+08	1.160347318645866e-02	6.781365114722957e-03	3.000000000000000e-06	3.000000000000000e-06
3.858582e+08	1.164646874908282e-02	6.795615046761494e-03	3.000000000000000e-06	3.000000000000000e-06
3.929826e+08	1.168981222781438e-02	6.810049956931956e-03	3.000000000000000e-06	3.000000000000000e-06
4.002390e+08	1.173350418149941e-02	6.824670477909887e-03	3.000000000000000e-06	3.000000000000000e-06
4.076299e+08	1.177754517625062e-02	6.839477240735886e-03	3.000000000000000e-06	3.000000000000000e-06
4.151579e+08	1.182193578558032e-02	6.854470874842151e-03	3.000000000000000e-06	3.000000000000000e-06
4.228255e+08	1.186667659053135e-02	6.869652008080519e-03	3.000000000000000e-06	3.000000000000000e-06
4.306353e+08	1.191176817980585e-02	6.885021266752027e-03	3.000000000000000e-06	3.000000000000000e-06
4.385900e+08	1.195721114989184e-02	6.900579275637930e-03	3.000000000000000e-06	3.000000000000000e-06
4.466921e+08	1.200300610518783e-02	6.916326658032201e-03	3.000000000000000e-06	3.000000000000000e-06
4.549446e+08	1.204915365812518e-02	6.932264035775456e-03	3.000000000000000e-06	3.000000000000000e-06
4.633501e+08	1.209565442928849e-02	6.948392029290321e-03	3.000000000000000e-06	3.000000000000000e-06
4.719116e+08	1.214250904753383e-02	6.964711257618191e-03	3.000000000000000e-06	3.000000000000000e-06
4.806319e+08	1.218971815010491e-02	6.981222338457376e-03	3.000000000000000e-06	3.000000000000000e-06
4.895140e+08	1.223728238274724e-02	6.997925888202610e-03	3.000000000000000e-06	3.000000000000000e-06
4.985609e+08	1.228520239982019e-02	7.014822521985896e-03	3.000000000000000e-06	3.000000000000000e-06
5.077756e+08	1.233347886440707e-02	7.031912853718670e-03	3.000000000000000e-06	3.000000000000000e-06
5.171614e+08	1.238211244842317e-02	7.049197496135255e-03	3.000000000000000e-06	3.000000000000000e-06
5.267214e+08	1.243110383272183e-02	7.066677060837590e-03	3.000000000000000e-06	3.000000000000000e-06
5.364587e+08	1.248045370719849e-02	7.084352158341189e-03	3.000000000000000e-06	3.000000000000000e-06
5.463769e+08	1.253016277089288e-02	7.102223398122340e-03	3.000000000000000e-06	3.000000000000000e-06
5.564791e+08	1.258023173208918e-02	7.120291388666477e-03	3.000000000000000e-06	3.000000000000000e-06
5.667689e+08	1.263066130841432e-02	7.138556737517733e-03	3.000000000000000e-06	3.000000000000000e-06
5.772496e+08	1.268145222693439e-02	7.157020051329624e-03	3.000000000000000e-06	3.000000000000000e-06
5.879250e+08	1.273260522424913e-02	7.175681935916857e-03	3.000000000000000e-06	3.000000000000000e-06
5.987986e+08	1.278412104658468e-02	7.194542996308214e-03	3.000000000000000e-06	3.000000000000000e-06
6.098741e+08	1.283600044988440e-02	7.213603836800502e-03	3.000000000000000e-06	3.000000000000000e-06
6.211553e+08	1.288824419989795e-02	7.232865061013532e-03	3.000000000000000e-06	3.000000000000000e-06
6.326459e+08	1.294085307226864e-02	7.252327271946100e-03	3.000000000000000e-06	3.000000000000000e-06
6.443500e+08	1.299382785261889e-02	7.271991072032942e-03	3.000000000000000e-06	3.000000000000000e-06
6.562714e+08	1.304716933663419e-02	7.291857063202639e-03	3.000000000000000e-06	3.000000000000000e-06
6.684143e+08	1.310087833014516e-02	7.311925846936431e-03	3.000000000000000e-06	3.000000000000000e-06
6.807828e+08	1.315495564920807e-02	7.332198024327928e-03	3.000000000000000e-06	3.000000000000000e-06
6.933810e+08	1.320940212018368e-02	7.352674196143672e-03	3.000000000000000e-06	3.000000000000000e-06
7.062133e+08	1.326421857981448e-02	7.373354962884533e-03	3.000000000000000e-06	3.000000000000000e-06
7.192840e+08	1.331940587530033e-02	7.394240924847903e-03	3.000000000000000e-06	3.000000000000000e-06
7.325976e+08	1.337496486437259e-02	7.415332682190664e-03	3.000000000000000e-06	3.000000000000000e-06
7.461585e+08	1.343089641536666e-02	7.436630834992893e-03	3.000000000000000e-06	3.000000000000000e-06
7.599715e+08	1.348720140729309e-02	7.458135983322283e-03	3.000000000000000e-06	3.000000000000000e-06
7.740411e+08	1.354388072990716e-02	7.479848727299247e-03	3.000000000000000e-06	3.000000000000000e-06
7.883723e+08	1.360093528377708e-02	7.501769667162668e-03	3.000000000000000e-06	3.000000000000000e-06
8.029698e+08	1.365836598035073e-02	7.523899403336286e-03	3.000000000000000e-06	3.000000000000000e-06
8.178387e+08	1.371617374202102e-02	7.546238536495674e-03	3.000000000000000e-06	3.000000000000000e-06
8.329840e+08	1.377435950218998e-02	7.568787667635772e-03	3.000000000000000e-06	3.000000000000000e-06
8.484108e+08	1.383292420533138e-02	7.591547398138977e-03	3.000000000000000e-06	3.000000000000000e-06
8.641244e+08	1.389186880705222e-02	7.614518329843726e-03	3.000000000000000e-06	3.000000000000000e-06
8.801302e+08	1.395119427415280e-02	7.637701065113568e-03	3.000000000000000e-06	3.000000000000000e-06
8.964337e+08	1.401090158468567e-02	7.661096206906686e-03	3.000000000000000e-06	3.000000000000000e-06
9.130402e+08	1.407099172801335e-02	7.684704358845842e-03	3.000000000000000e-06	3.000000000000000e-06
9.299556e+08	1.413146570486478e-02	7.708526125288723e-03	3.000000000000000e-06	3.000000000000000e-06
9.471856e+08	1.419232452739077e-02	7.732562111398653e-03	3.000000000000000e-06	3.000000000000000e-06
9.647360e+08	1.425356921921821e-02	7.756812923215649e-03	3.000000000000000e-06	3.000000000000000e-06
9.826129e+08	1.431520081550325e-02	7.781279167727793e-03	3.000000000000000e-06	3.000000000000000e-06
1.000000e+09	1.437442536714460e-02	7.804848498843784e-03	3.000000000000000e-06	3.000000000000000e-06
