#t[yr]	ecc	inc	eachmass	totalmass
0.000000e+00	3.000000000000000e-02	1.500000000000000e-02	3.000000000000000e-06	3.000000000000000e-06
1.000000e-03	2.999999612451231e-02	1.499999857915828e-02	3.000000000000000e-06	3.000000000000000e-06
1.000000e-02	2.999996124518964e-02	1.499998579160478e-02	3.000000000000000e-06	3.000000000000000e-06
1.000000e-01	2.999961245775039e-02	1.499985791799300e-02	3.000000000000000e-06	3.000000000000000e-06
1.000000e+00	2.999612516202052e-02	1.499857937417559e-02	3.000000000000000e-06	3.000000000000000e-06
3.081479e+00	2.998807685923433e-02	1.499562782400404e-02	3.000000000000000e-06	3.000000000000000e-06
5.176155e+00	2.998001814619076e-02	1.499267046013131e-02	3.000000000000000e-06	3.000000000000000e-06
7.301445e+00	2.997188264648611e-02	1.498968292104623e-02	3.000000000000000e-06	3.000000000000000e-06
9.457626e+00	2.996367062880752e-02	1.498666526934870e-02	3.000000000000000e-06	3.000000000000000e-06
1.000000e+01	2.996161569000869e-02	1.498590962145879e-02	3.000000000000000e-06	3.000000000000000e-06
1.221957e+01	2.995321605831793e-02	1.498282046127228e-02	3.000000000000000e-06	3.000000000000000e-06
1.444719e+01	2.994482989573842e-02	1.497973417999247e-02	3.000000000000000e-06	3.000000000000000e-06
1.670782e+01	2.993636361104852e-02	1.497661634474762e-02	3.000000000000000e-06	3.000000000000000e-06
1.900168e+01	2.992781785755669e-02	1.497346715997157e-02	3.000000000000000e-06	3.000000000000000e-06
2.132935e+01	2.991919190700314e-02	1.497028632187804e-02	3.000000000000000e-06	3.000000000000000e-06
2.369142e+01	2.991048504581905e-02	1.496707353198608e-02	3.000000000000000e-06	3.000000000000000e-06
2.608849e+01	2.990169655466612e-02	1.496382848960228e-02	3.000000000000000e-06	3.000000000000000e-06
2.852118e+01	2.989282570871917e-02	1.496055089193719e-02	3.000000000000000e-06	3.000000000000000e-06
3.099011e+01	2.988387177764484e-02	1.495724043411039e-02	3.000000000000000e-06	3.000000000000000e-06
3.349592e+01	2.987483402558570e-02	1.495389680915773e-02	3.000000000000000e-06	3.000000000000000e-06
3.603926e+01	2.986571171114507e-02	1.495051970803936e-02	3.000000000000000e-06	3.000000000000000e-06
3.862080e+01	2.985650408737271e-02	1.494710881964836e-02	3.000000000000000e-06	3.000000000000000e-06
4.124121e+01	2.984721040175144e-02	1.494366383082014e-02	3.000000000000000e-06	3.000000000000000e-06
4.390119e+01	2.983782989618469e-02	1.494018442634254e-02	3.000000000000000e-06	3.000000000000000e-06
4.660145e+01	2.982836180698499e-02	1.493667028896670e-02	3.000000000000000e-06	3.000000000000000e-06
4.934271e+01	2.981880536486352e-02	1.493312109941863e-02	3.000000000000000e-06	3.000000000000000e-06
5.212570e+01	2.980915979492068e-02	1.492953653641161e-02	3.000000000000000e-06	3.000000000000000e-06
5.495118e+01	2.979942431663775e-02	1.492591627665934e-02	3.000000000000000e-06	3.000000000000000e-06
5.781991e+01	2.978959814386969e-02	1.492225999488990e-02	3.000000000000000e-06	3.000000000000000e-06
6.073267e+01	2.977968048483912e-02	1.491856736386053e-02	3.000000000000000e-06	3.000000000000000e-06
6.369027e+01	2.976967054213143e-02	1.491483805437321e-02	3.000000000000000e-06	3.000000000000000e-06
6.669352e+01	2.975956751269131e-02	1.491107173529112e-02	3.000000000000000e-06	3.000000000000000e-06
6.974325e+01	2.974937058782039e-02	1.490726807355596e-02	3.000000000000000e-06	3.000000000000000e-06
7.284031e+01	2.973907895317634e-02	1.490342673420611e-02	3.000000000000000e-06	3.000000000000000e-06
7.598558e+01	2.972869178877333e-02	1.489954738039568e-02	3.000000000000000e-06	3.000000000000000e-06
7.917993e+01	2.971820826898392e-02	1.489562967341449e-02	3.000000000000000e-06	3.000000000000000e-06
8.242427e+01	2.970762756254242e-02	1.489167327270900e-02	3.000000000000000e-06	3.000000000000000e-06
8.571953e+01	2.969694883254983e-02	1.488767783590403e-02	3.000000000000000e-06	3.000000000000000e-06
8.906665e+01	2.968617123648027e-02	1.488364301882564e-02	3.000000000000000e-06	3.000000000000000e-06
9.246659e+01	2.967529392618917e-02	1.487956847552476e-02	3.000000000000000e-06	3.000000000000000e-06
9.592033e+01	2.966431604792300e-02	1.487545385830193e-02	3.000000000000000e-06	3.000000000000000e-06
9.942889e+01	2.965323674233086e-02	1.487129881773302e-02	3.000000000000000e-06	3.000000000000000e-06
1.000000e+02	2.965144542874076e-02	1.487062661325171e-02	3.000000000000000e-06	3.000000000000000e-06
1.036213e+02	2.964009747058416e-02	1.486636798523904e-02	3.000000000000000e-06	3.000000000000000e-06
1.072518e+02	2.962879703709851e-02	1.486212474060206e-02	3.000000000000000e-06	3.000000000000000e-06
1.109412e+02	2.961739000918910e-02	1.485783905081897e-02	3.000000000000000e-06	3.000000000000000e-06
1.146899e+02	2.960587794531103e-02	1.485351147560389e-02	3.000000000000000e-06	3.000000000000000e-06
1.184989e+02	2.959425991841409e-02	1.484914164241685e-02	3.000000000000000e-06	3.000000000000000e-06
1.223694e+02	2.958253503558182e-02	1.484472919205066e-02	3.000000000000000e-06	3.000000000000000e-06
1.263026e+02	2.957070239780434e-02	1.484027376354963e-02	3.000000000000000e-06	3.000000000000000e-06
1.302996e+02	2.955876110065111e-02	1.483577499448612e-02	3.000000000000000e-06	3.000000000000000e-06
1.343618e+02	2.954671023429067e-02	1.483123252099209e-02	3.000000000000000e-06	3.000000000000000e-06
1.384902e+02	2.953454888352323e-02	1.482664597779572e-02	3.000000000000000e-06	3.000000000000000e-06
1.426863e+02	2.952227612781551e-02	1.482201499825912e-02	3.000000000000000e-06	3.000000000000000e-06
1.469512e+02	2.950989104133804e-02	1.481733921441718e-02	3.000000000000000e-06	3.000000000000000e-06
1.512864e+02	2.949739269300498e-02	1.481261825701760e-02	3.000000000000000e-06	3.000000000000000e-06
1.556932e+02	2.948478014651656e-02	1.480785175556210e-02	3.000000000000000e-06	3.000000000000000e-06
1.601729e+02	2.947205246040411e-02	1.480303933834881e-02	3.000000000000000e-06	3.000000000000000e-06
1.647270e+02	2.945920868807790e-02	1.479818063251588e-02	3.000000000000000e-06	3.000000000000000e-06
1.693569e+02	2.944624787787770e-02	1.479327526408632e-02	3.000000000000000e-06	3.000000000000000e-06
1.740642e+02	2.943316907312630e-02	1.478832285801400e-02	3.000000000000000e-06	3.000000000000000e-06
1.788503e+02	2.941997131218585e-02	1.478332303823095e-02	3.000000000000000e-06	3.000000000000000e-06
1.837167e+02	2.940665362851731e-02	1.477827542769590e-02	3.000000000000000e-06	3.000000000000000e-06
1.886651e+02	2.939321505074295e-02	1.477317964844404e-02	3.000000000000000e-06	3.000000000000000e-06
1.936970e+02	2.937965460271194e-02	1.476803532163810e-02	3.000000000000000e-06	3.000000000000000e-06
1.988141e+02	2.936597130356929e-02	1.476284206762063e-02	3.000000000000000e-06	3.000000000000000e-06
2.040181e+02	2.935216416782795e-02	1.475759950596766e-02	3.000000000000000e-06	3.000000000000000e-06
2.093107e+02	2.933823220544442e-02	1.475230725554358e-02	3.000000000000000e-06	3.000000000000000e-06
2.146937e+02	2.932417442189769e-02	1.474696493455732e-02	3.000000000000000e-06	3.000000000000000e-06
2.201688e+02	2.930998981827177e-02	1.474157216061991e-02	3.000000000000000e-06	3.000000000000000e-06
2.257380e+02	2.929567739134184e-02	1.473612855080327e-02	3.000000000000000e-06	3.000000000000000e-06
2.314029e+02	2.928123613366398e-02	1.473063372170038e-02	3.000000000000000e-06	3.000000000000000e-06
2.371657e+02	2.926666503366874e-02	1.472508728948674e-02	3.000000000000000e-06	3.000000000000000e-06
2.430282e+02	2.925196307575850e-02	1.471948886998318e-02	3.000000000000000e-06	3.000000000000000e-06
2.489925e+02	2.923712924040875e-02	1.471383807872004e-02	3.000000000000000e-06	3.000000000000000e-06
2.550606e+02	2.922216250427330e-02	1.470813453100261e-02	3.000000000000000e-06	3.000000000000000e-06
2.612345e+02	2.920706184029362e-02	1.470237784197799e-02	3.000000000000000e-06	3.000000000000000e-06
2.675165e+02	2.919182621781222e-02	1.469656762670330e-02	3.000000000000000e-06	3.000000000000000e-06
2.739087e+02	2.917645460269032e-02	1.469070350021515e-02	3.000000000000000e-06	3.000000000000000e-06
2.804134e+02	2.916094595742971e-02	1.468478507760062e-02	3.000000000000000e-06	3.000000000000000e-06
2.870328e+02	2.914529924129907e-02	1.467881197406940e-02	3.000000000000000e-06	3.000000000000000e-06
2.937693e+02	2.912951341046463e-02	1.467278380502748e-02	3.000000000000000e-06	3.000000000000000e-06
3.006252e+02	2.911358741812535e-02	1.466670018615206e-02	3.000000000000000e-06	3.000000000000000e-06
3.076031e+02	2.909752021465269e-02	1.466056073346782e-02	3.000000000000000e-06	3.000000000000000e-06
3.147054e+02	2.908131074773504e-02	1.465436506342466e-02	3.000000000000000e-06	3.000000000000000e-06
3.219346e+02	2.906495796252681e-02	1.464811279297662e-02	3.000000000000000e-06	3.000000000000000e-06
3.292934e+02	2.904846080180234e-02	1.464180353966228e-02	3.000000000000000e-06	3.000000000000000e-06
3.367844e+02	2.903181820611469e-02	1.463543692168643e-02	3.000000000000000e-06	3.000000000000000e-06
3.444104e+02	2.901502911395927e-02	1.462901255800307e-02	3.000000000000000e-06	3.000000000000000e-06
3.521741e+02	2.899809246194253e-02	1.462253006839979e-02	3.000000000000000e-06	3.000000000000000e-06
3.600785e+02	2.898100718495568e-02	1.461598907358343e-02	3.000000000000000e-06	3.000000000000000e-06
3.681263e+02	2.896377221635348e-02	1.460938919526707e-02	3.000000000000000e-06	3.000000000000000e-06
3.763207e+02	2.894638648813826e-02	1.460273005625826e-02	3.000000000000000e-06	3.000000000000000e-06
3.846646e+02	2.892884893114909e-02	1.459601128054869e-02	3.000000000000000e-06	3.000000000000000e-06
3.931611e+02	2.891115847525634e-02	1.458923249340497e-02	3.000000000000000e-06	3.000000000000000e-06
4.018135e+02	2.889331404956148e-02	1.458239332146077e-02	3.000000000000000e-06	3.000000000000000e-06
4.106250e+02	2.887531458260230e-02	1.457549339281024e-02	3.000000000000000e-06	3.000000000000000e-06
4.195990e+02	2.885715900256360e-02	1.456853233710258e-02	3.000000000000000e-06	3.000000000000000e-06
4.287387e+02	2.883884623749328e-02	1.456150978563792e-02	3.000000000000000e-06	3.000000000000000e-06
4.380478e+02	2.882037521552406e-02	1.455442537146437e-02	3.000000000000000e-06	3.000000000000000e-06
4.475297e+02	2.880174486510065e-02	1.454727872947622e-02	3.000000000000000e-06	3.000000000000000e-06
4.571882e+02	2.878295411521262e-02	1.454006949651340e-02	3.000000000000000e-06	3.000000000000000e-06
4.670269e+02	2.876400189563278e-02	1.453279731146203e-02	3.000000000000000e-06	3.000000000000000e-06
4.770496e+02	2.874488713716139e-02	1.452546181535606e-02	3.000000000000000e-06	3.000000000000000e-06
4.872603e+02	2.872560877187584e-02	1.451806265148012e-02	3.000000000000000e-06	3.000000000000000e-06
4.976629e+02	2.870616573338622e-02	1.451059946547332e-02	3.000000000000000e-06	3.000000000000000e-06
5.082614e+02	2.868655695709650e-02	1.450307190543423e-02	3.000000000000000e-06	3.000000000000000e-06
5.190601e+02	2.866678138047148e-02	1.449547962202674e-02	3.000000000000000e-06	3.000000000000000e-06
5.300632e+02	2.864683794330946e-02	1.448782226858708e-02	3.000000000000000e-06	3.000000000000000e-06
5.412750e+02	2.862672558802066e-02	1.448009950123166e-02	3.000000000000000e-06	3.000000000000000e-06
5.527000e+02	2.860644325991137e-02	1.447231097896591e-02	3.000000000000000e-06	3.000000000000000e-06
5.643427e+02	2.858598990747388e-02	1.446445636379400e-02	3.000000000000000e-06	3.000000000000000e-06
5.762078e+02	2.856536448268203e-02	1.445653532082947e-02	3.000000000000000e-06	3.000000000000000e-06
5.883000e+02	2.854456594129250e-02	1.444854751840660e-02	3.000000000000000e-06	3.000000000000000e-06
6.006242e+02	2.852359324315184e-02	1.444049262819265e-02	3.000000000000000e-06	3.000000000000000e-06
6.131854e+02	2.850244535250904e-02	1.443237032530080e-02	3.000000000000000e-06	3.000000000000000e-06
6.259886e+02	2.848112123833374e-02	1.442418028840382e-02	3.000000000000000e-06	3.000000000000000e-06
6.390390e+02	2.845961987464005e-02	1.441592219984840e-02	3.000000000000000e-06	3.000000000000000e-06
6.523420e+02	2.843794024081583e-02	1.440759574577012e-02	3.000000000000000e-06	3.000000000000000e-06
6.659030e+02	2.841608132195741e-02	1.439920061620893e-02	3.000000000000000e-06	3.000000000000000e-06
6.797274e+02	2.839404210920978e-02	1.439073650522526e-02	3.000000000000000e-06	3.000000000000000e-06
6.938211e+02	2.837182160011205e-02	1.438220311101652e-02	3.000000000000000e-06	3.000000000000000e-06
7.081898e+02	2.834941879894814e-02	1.437360013603406e-02	3.000000000000000e-06	3.000000000000000e-06
7.228395e+02	2.832683271710272e-02	1.436492728710053e-02	3.000000000000000e-06	3.000000000000000e-06
7.377761e+02	2.830406237342211e-02	1.435618427552750e-02	3.000000000000000e-06	3.000000000000000e-06
7.530060e+02	2.828110679458024e-02	1.434737081723343e-02	3.000000000000000e-06	3.000000000000000e-06
7.685354e+02	2.825796501544944e-02	1.433848663286176e-02	3.000000000000000e-06	3.000000000000000e-06
7.843709e+02	2.823463607947598e-02	1.432953144789920e-02	3.000000000000000e-06	3.000000000000000e-06
8.005190e+02	2.821111903906025e-02	1.432050499279414e-02	3.000000000000000e-06	3.000000000000000e-06
8.169866e+02	2.818741295594143e-02	1.431140700307498e-02	3.000000000000000e-06	3.000000000000000e-06
8.337805e+02	2.816351690158654e-02	1.430223721946855e-02	3.000000000000000e-06	3.000000000000000e-06
8.509079e+02	2.813942995758368e-02	1.429299538801834e-02	3.000000000000000e-06	3.000000000000000e-06
8.683760e+02	2.811515121603929e-02	1.428368126020261e-02	3.000000000000000e-06	3.000000000000000e-06
8.861922e+02	2.809067977997941e-02	1.427429459305223e-02	3.000000000000000e-06	3.000000000000000e-06
9.043640e+02	2.806601476375457e-02	1.426483514926824e-02	3.000000000000000e-06	3.000000000000000e-06
9.228993e+02	2.804115529344823e-02	1.425530269733905e-02	3.000000000000000e-06	3.000000000000000e-06
9.418058e+02	2.801610050728860e-02	1.424569701165712e-02	3.000000000000000e-06	3.000000000000000e-06
9.610917e+02	2.799084955606360e-02	1.423601787263521e-02	3.000000000000000e-06	3.000000000000000e-06
9.807653e+02	2.796540160353877e-02	1.422626506682198e-02	3.000000000000000e-06	3.000000000000000e-06
1.000000e+03	2.794082316188419e-02	1.421684731285250e-02	3.000000000000000e-06	3.000000000000000e-06
1.020474e+03	2.791496560522837e-02	1.420694143947325e-02	3.000000000000000e-06	3.000000000000000e-06
1.041345e+03	2.788893030870002e-02	1.419696960161487e-02	3.000000000000000e-06	3.000000000000000e-06
1.062638e+03	2.786269440098193e-02	1.418692314781957e-02	3.000000000000000e-06	3.000000000000000e-06
1.084362e+03	2.783625755975007e-02	1.417680206654757e-02	3.000000000000000e-06	3.000000000000000e-06
1.106528e+03	2.780961902599967e-02	1.416660617985668e-02	3.000000000000000e-06	3.000000000000000e-06
1.129143e+03	2.778277806576289e-02	1.415633532020272e-02	3.000000000000000e-06	3.000000000000000e-06
1.152219e+03	2.775573396127068e-02	1.414598932699708e-02	3.000000000000000e-06	3.000000000000000e-06
1.175765e+03	2.772848601157306e-02	1.413556804678492e-02	3.000000000000000e-06	3.000000000000000e-06
1.199792e+03	2.770103353296953e-02	1.412507133334912e-02	3.000000000000000e-06	3.000000000000000e-06
1.224310e+03	2.767337585944339e-02	1.411449904781414e-02	3.000000000000000e-06	3.000000000000000e-06
1.249329e+03	2.764551234309583e-02	1.410385105874834e-02	3.000000000000000e-06	3.000000000000000e-06
1.274861e+03	2.761744235457958e-02	1.409312724226464e-02	3.000000000000000e-06	3.000000000000000e-06
1.300917e+03	2.758916528353171e-02	1.408232748211941e-02	3.000000000000000e-06	3.000000000000000e-06
1.327508e+03	2.756068053900535e-02	1.407145166980957e-02	3.000000000000000e-06	3.000000000000000e-06
1.354646e+03	2.753198754989989e-02	1.406049970466776e-02	3.000000000000000e-06	3.000000000000000e-06
1.382343e+03	2.750308576538954e-02	1.404947149395551e-02	3.000000000000000e-06	3.000000000000000e-06
1.410612e+03	2.747397465534955e-02	1.403836695295435e-02	3.000000000000000e-06	3.000000000000000e-06
1.439463e+03	2.744465371078013e-02	1.402718600505471e-02	3.000000000000000e-06	3.000000000000000e-06
1.468911e+03	2.741512244422744e-02	1.401592858184259e-02	3.000000000000000e-06	3.000000000000000e-06
1.498968e+03	2.738538039020143e-02	1.400459462318392e-02	3.000000000000000e-06	3.000000000000000e-06
1.529648e+03	2.735542710559013e-02	1.399318407730646e-02	3.000000000000000e-06	3.000000000000000e-06
1.560964e+03	2.732526217006996e-02	1.398169690087916e-02	3.000000000000000e-06	3.000000000000000e-06
1.592930e+03	2.729488518651185e-02	1.397013305908903e-02	3.000000000000000e-06	3.000000000000000e-06
1.625559e+03	2.726429578138263e-02	1.395849252571526e-02	3.000000000000000e-06	3.000000000000000e-06
1.658868e+03	2.723349360514144e-02	1.394677528320059e-02	3.000000000000000e-06	3.000000000000000e-06
1.692869e+03	2.720247833263065e-02	1.393498132271993e-02	3.000000000000000e-06	3.000000000000000e-06
1.727579e+03	2.717124966346107e-02	1.392311064424596e-02	3.000000000000000e-06	3.000000000000000e-06
1.763013e+03	2.713980732239095e-02	1.391116325661183e-02	3.000000000000000e-06	3.000000000000000e-06
1.799187e+03	2.710815105969847e-02	1.389913917757075e-02	3.000000000000000e-06	3.000000000000000e-06
1.836115e+03	2.707628065154722e-02	1.388703843385252e-02	3.000000000000000e-06	3.000000000000000e-06
1.873816e+03	2.704419590034448e-02	1.387486106121676e-02	3.000000000000000e-06	3.000000000000000e-06
1.912305e+03	2.701189663509169e-02	1.386260710450296e-02	3.000000000000000e-06	3.000000000000000e-06
1.951601e+03	2.697938271172701e-02	1.385027661767709e-02	3.000000000000000e-06	3.000000000000000e-06
1.991719e+03	2.694665401345926e-02	1.383786966387496e-02	3.000000000000000e-06	3.000000000000000e-06
2.032678e+03	2.691371045109322e-02	1.382538631544192e-02	3.000000000000000e-06	3.000000000000000e-06
2.074497e+03	2.688055196334563e-02	1.381282665396923e-02	3.000000000000000e-06	3.000000000000000e-06
2.117193e+03	2.684717851715173e-02	1.380019077032667e-02	3.000000000000000e-06	3.000000000000000e-06
2.160786e+03	2.681359010796182e-02	1.378747876469168e-02	3.000000000000000e-06	3.000000000000000e-06
2.205296e+03	2.677978676002762e-02	1.377469074657465e-02	3.000000000000000e-06	3.000000000000000e-06
2.250741e+03	2.674576852667801e-02	1.376182683484062e-02	3.000000000000000e-06	3.000000000000000e-06
2.297142e+03	2.671153549058381e-02	1.374888715772708e-02	3.000000000000000e-06	3.000000000000000e-06
2.344520e+03	2.667708776401133e-02	1.373587185285804e-02	3.000000000000000e-06	3.000000000000000e-06
2.392895e+03	2.664242548906416e-02	1.372278106725413e-02	3.000000000000000e-06	3.000000000000000e-06
2.442289e+03	2.660754883791326e-02	1.370961495733891e-02	3.000000000000000e-06	3.000000000000000e-06
2.492725e+03	2.657245801301459e-02	1.369637368894121e-02	3.000000000000000e-06	3.000000000000000e-06
2.544223e+03	2.653715324731432e-02	1.368305743729342e-02	3.000000000000000e-06	3.000000000000000e-06
2.596808e+03	2.650163480444118e-02	1.366966638702594e-02	3.000000000000000e-06	3.000000000000000e-06
2.650502e+03	2.646590297888569e-02	1.365620073215752e-02	3.000000000000000e-06	3.000000000000000e-06
2.705329e+03	2.642995809616600e-02	1.364266067608162e-02	3.000000000000000e-06	3.000000000000000e-06
2.761313e+03	2.639380051298008e-02	1.362904643154870e-02	3.000000000000000e-06	3.000000000000000e-06
2.818479e+03	2.635743061734407e-02	1.361535822064446e-02	3.000000000000000e-06	3.000000000000000e-06
2.876853e+03	2.632084882871641e-02	1.360159627476409e-02	3.000000000000000e-06	3.000000000000000e-06
2.936459e+03	2.628405559810775e-02	1.358776083458233e-02	3.000000000000000e-06	3.000000000000000e-06
2.997324e+03	2.624705140817620e-02	1.357385215001961e-02	3.000000000000000e-06	3.000000000000000e-06
3.059476e+03	2.620983677330790e-02	1.355987048020407e-02	3.000000000000000e-06	3.000000000000000e-06
3.122940e+03	2.617241223968264e-02	1.354581609342952e-02	3.000000000000000e-06	3.000000000000000e-06
3.187746e+03	2.613477838532442e-02	1.353168926710941e-02	3.000000000000000e-06	3.000000000000000e-06
3.253921e+03	2.609693582013672e-02	1.351749028772679e-02	3.000000000000000e-06	3.000000000000000e-06
3.321494e+03	2.605888518592247e-02	1.350321945078025e-02	3.000000000000000e-06	3.000000000000000e-06
3.390496e+03	2.602062715638848e-02	1.348887706072592e-02	3.000000000000000e-06	3.000000000000000e-06
3.460955e+03	2.598216243713432e-02	1.347446343091555e-02	3.000000000000000e-06	3.000000000000000e-06
3.532904e+03	2.594349176562549e-02	1.345997888353063e-02	3.000000000000000e-06	3.000000000000000e-06
3.606373e+03	2.590461591115089e-02	1.344542374951275e-02	3.000000000000000e-06	3.000000000000000e-06
3.681394e+03	2.586553567476444e-02	1.343079836849003e-02	3.000000000000000e-06	3.000000000000000e-06
3.758000e+03	2.582625188921092e-02	1.341610308869986e-02	3.000000000000000e-06	3.000000000000000e-06
3.836224e+03	2.578676541883596e-02	1.340133826690785e-02	3.000000000000000e-06	3.000000000000000e-06
3.916100e+03	2.574707715948014e-02	1.338650426832319e-02	3.000000000000000e-06	3.000000000000000e-06
3.997662e+03	2.570718803835734e-02	1.337160146651032e-02	3.000000000000000e-06	3.000000000000000e-06
4.080947e+03	2.566709901391715e-02	1.335663024329705e-02	3.000000000000000e-06	3.000000000000000e-06
4.165989e+03	2.562681107569173e-02	1.334159098867927e-02	3.000000000000000e-06	3.000000000000000e-06
4.252825e+03	2.558632524412680e-02	1.332648410072213e-02	3.000000000000000e-06	3.000000000000000e-06
4.341494e+03	2.554564257039717e-02	1.331130998545794e-02	3.000000000000000e-06	3.000000000000000e-06
4.432032e+03	2.550476413620670e-02	1.329606905678078e-02	3.000000000000000e-06	3.000000000000000e-06
4.524479e+03	2.546369105357296e-02	1.328076173633788e-02	3.000000000000000e-06	3.000000000000000e-06
4.618874e+03	2.542242446459656e-02	1.326538845341793e-02	3.000000000000000e-06	3.000000000000000e-06
4.715257e+03	2.538096554121552e-02	1.324994964483631e-02	3.000000000000000e-06	3.000000000000000e-06
4.813671e+03	2.533931548494457e-02	1.323444575481734e-02	3.000000000000000e-06	3.000000000000000e-06
4.914155e+03	2.529747552659991e-02	1.321887723487381e-02	3.000000000000000e-06	3.000000000000000e-06
5.016755e+03	2.525544692600926e-02	1.320324454368353e-02	3.000000000000000e-06	3.000000000000000e-06
5.121512e+03	2.521323097170771e-02	1.318754814696337e-02	3.000000000000000e-06	3.000000000000000e-06
5.228471e+03	2.517082898061949e-02	1.317178851734066e-02	3.000000000000000e-06	3.000000000000000e-06
5.337677e+03	2.512824229772583e-02	1.315596613422207e-02	3.000000000000000e-06	3.000000000000000e-06
5.449178e+03	2.508547229571930e-02	1.314008148366014e-02	3.000000000000000e-06	3.000000000000000e-06
5.563018e+03	2.504252037464490e-02	1.312413505821757e-02	3.000000000000000e-06	3.000000000000000e-06
5.679247e+03	2.499938796152802e-02	1.310812735682921e-02	3.000000000000000e-06	3.000000000000000e-06
5.797913e+03	2.495607650998978e-02	1.309205888466210e-02	3.000000000000000e-06	3.000000000000000e-06
5.919065e+03	2.491258749984997e-02	1.307593015297346e-02	3.000000000000000e-06	3.000000000000000e-06
6.042755e+03	2.486892243671788e-02	1.305974167896685e-02	3.000000000000000e-06	3.000000000000000e-06
6.169034e+03	2.482508285157142e-02	1.304349398564655e-02	3.000000000000000e-06	3.000000000000000e-06
6.297954e+03	2.478107030032486e-02	1.302718760167033e-02	3.000000000000000e-06	3.000000000000000e-06
6.429570e+03	2.473688636338552e-02	1.301082306120067e-02	3.000000000000000e-06	3.000000000000000e-06
6.563935e+03	2.469253264519984e-02	1.299440090375451e-02	3.000000000000000e-06	3.000000000000000e-06
6.701104e+03	2.464801077378912e-02	1.297792167405176e-02	3.000000000000000e-06	3.000000000000000e-06
6.841136e+03	2.460332240027542e-02	1.296138592186255e-02	3.000000000000000e-06	3.000000000000000e-06
6.984087e+03	2.455846919839786e-02	1.294479420185339e-02	3.000000000000000e-06	3.000000000000000e-06
7.130016e+03	2.451345286401996e-02	1.292814707343239e-02	3.000000000000000e-06	3.000000000000000e-06
7.278984e+03	2.446827511462816e-02	1.291144510059354e-02	3.000000000000000e-06	3.000000000000000e-06
7.431050e+03	2.442293768882211e-02	1.289468885176030e-02	3.000000000000000e-06	3.000000000000000e-06
7.586277e+03	2.437744234579712e-02	1.287787889962848e-02	3.000000000000000e-06	3.000000000000000e-06
7.744728e+03	2.433179086481911e-02	1.286101582100860e-02	3.000000000000000e-06	3.000000000000000e-06
7.906469e+03	2.428598504469260e-02	1.284410019666782e-02	3.000000000000000e-06	3.000000000000000e-06
8.071563e+03	2.424002670322212e-02	1.282713261117152e-02	3.000000000000000e-06	3.000000000000000e-06
8.240079e+03	2.419391767666741e-02	1.281011365272470e-02	3.000000000000000e-06	3.000000000000000e-06
8.412084e+03	2.414765981919301e-02	1.279304391301322e-02	3.000000000000000e-06	3.000000000000000e-06
8.587647e+03	2.410125500231249e-02	1.277592398704506e-02	3.000000000000000e-06	3.000000000000000e-06
8.766839e+03	2.405470511432786e-02	1.275875447299162e-02	3.000000000000000e-06	3.000000000000000e-06
8.949733e+03	2.400801205976468e-02	1.274153597202930e-02	3.000000000000000e-06	3.000000000000000e-06
9.136401e+03	2.396117775880302e-02	1.272426908818127e-02	3.000000000000000e-06	3.000000000000000e-06
9.326917e+03	2.391420414670513e-02	1.270695442815972e-02	3.000000000000000e-06	3.000000000000000e-06
9.521358e+03	2.386709317323981e-02	1.268959260120848e-02	3.000000000000000e-06	3.000000000000000e-06
9.719802e+03	2.381984680210427e-02	1.267218421894637e-02	3.000000000000000e-06	3.000000000000000e-06
9.922326e+03	2.377246701034375e-02	1.265472989521107e-02	3.000000000000000e-06	3.000000000000000e-06
1.000000e+04	2.375462295256483e-02	1.264815618784822e-02	3.000000000000000e-06	3.000000000000000e-06
1.021093e+04	2.370645620450478e-02	1.263041632716604e-02	3.000000000000000e-06	3.000000000000000e-06
1.042348e+04	2.365877793311470e-02	1.261285925183044e-02	3.000000000000000e-06	3.000000000000000e-06
1.064044e+04	2.361096052942501e-02	1.259525372601693e-02	3.000000000000000e-06	3.000000000000000e-06
1.086184e+04	2.356301877808330e-02	1.257760506795185e-02	3.000000000000000e-06	3.000000000000000e-06
1.108778e+04	2.351495445981252e-02	1.255991380573397e-02	3.000000000000000e-06	3.000000000000000e-06
1.131833e+04	2.346676962839365e-02	1.254218056568298e-02	3.000000000000000e-06	3.000000000000000e-06
1.155359e+04	2.341846634131139e-02	1.252440597325242e-02	3.000000000000000e-06	3.000000000000000e-06
1.179366e+04	2.337004666460687e-02	1.250659065488304e-02	3.000000000000000e-06	3.000000000000000e-06
1.203861e+04	2.332151267218676e-02	1.248873523781664e-02	3.000000000000000e-06	3.000000000000000e-06
1.228856e+04	2.327286644524643e-02	1.247084034995263e-02	3.000000000000000e-06	3.000000000000000e-06
1.254359e+04	2.322411007169321e-02	1.245290661970540e-02	3.000000000000000e-06	3.000000000000000e-06
1.280381e+04	2.317524564557237e-02	1.243493467586317e-02	3.000000000000000e-06	3.000000000000000e-06
1.306931e+04	2.312627526649610e-02	1.241692514744862e-02	3.000000000000000e-06	3.000000000000000e-06
1.334019e+04	2.307720103907600e-02	1.239887866358122e-02	3.000000000000000e-06	3.000000000000000e-06
1.361657e+04	2.302802507235915e-02	1.238079585334133e-02	3.000000000000000e-06	3.000000000000000e-06
1.389854e+04	2.297874947926833e-02	1.236267734563615e-02	3.000000000000000e-06	3.000000000000000e-06
1.418622e+04	2.292937637604655e-02	1.234452376906754e-02	3.000000000000000e-06	3.000000000000000e-06
1.447970e+04	2.287990788170627e-02	1.232633575180174e-02	3.000000000000000e-06	3.000000000000000e-06
1.477912e+04	2.283034611748352e-02	1.230811392144117e-02	3.000000000000000e-06	3.000000000000000e-06
1.508457e+04	2.278069320629731e-02	1.228985890489805e-02	3.000000000000000e-06	3.000000000000000e-06
1.539618e+04	2.273095127221453e-02	1.227157132827029e-02	3.000000000000000e-06	3.000000000000000e-06
1.571405e+04	2.268112243992066e-02	1.225325181671929e-02	3.000000000000000e-06	3.000000000000000e-06
1.603832e+04	2.263120883419641e-02	1.223490099434992e-02	3.000000000000000e-06	3.000000000000000e-06
1.636911e+04	2.258121257940074e-02	1.221651948409270e-02	3.000000000000000e-06	3.000000000000000e-06
1.670653e+04	2.253113579896034e-02	1.219810790758802e-02	3.000000000000000e-06	3.000000000000000e-06
1.705071e+04	2.248098061486579e-02	1.217966688507274e-02	3.000000000000000e-06	3.000000000000000e-06
1.740179e+04	2.243074914717475e-02	1.216119703526882e-02	3.000000000000000e-06	3.000000000000000e-06
1.775989e+04	2.238044351352216e-02	1.214269897527437e-02	3.000000000000000e-06	3.000000000000000e-06
1.812515e+04	2.233006582863788e-02	1.212417332045680e-02	3.000000000000000e-06	3.000000000000000e-06
1.849770e+04	2.227961820387175e-02	1.210562068434839e-02	3.000000000000000e-06	3.000000000000000e-06
1.887768e+04	2.222910274672639e-02	1.208704167854405e-02	3.000000000000000e-06	3.000000000000000e-06
1.926524e+04	2.217852156039775e-02	1.206843691260141e-02	3.000000000000000e-06	3.000000000000000e-06
1.966050e+04	2.212787674332371e-02	1.204980699394324e-02	3.000000000000000e-06	3.000000000000000e-06
2.006363e+04	2.207717038874078e-02	1.203115252776217e-02	3.000000000000000e-06	3.000000000000000e-06
2.047477e+04	2.202640458424898e-02	1.201247411692774e-02	3.000000000000000e-06	3.000000000000000e-06
2.089407e+04	2.197558141138518e-02	1.199377236189576e-02	3.000000000000000e-06	3.000000000000000e-06
2.132168e+04	2.192470294520484e-02	1.197504786061998e-02	3.000000000000000e-06	3.000000000000000e-06
2.175776e+04	2.187377125387234e-02	1.195630120846618e-02	3.000000000000000e-06	3.000000000000000e-06
2.220247e+04	2.182278839825997e-02	1.193753299812844e-02	3.000000000000000e-06	3.000000000000000e-06
2.265598e+04	2.177175643155561e-02	1.191874381954784e-02	3.000000000000000e-06	3.000000000000000e-06
2.311843e+04	2.172067739887931e-02	1.189993425983343e-02	3.000000000000000e-06	3.000000000000000e-06
2.359002e+04	2.166955333690864e-02	1.188110490318551e-02	3.000000000000000e-06	3.000000000000000e-06
2.407089e+04	2.161838627351296e-02	1.186225633082118e-02	3.000000000000000e-06	3.000000000000000e-06
2.456124e+04	2.156717822739675e-02	1.184338912090223e-02	3.000000000000000e-06	3.000000000000000e-06
2.506123e+04	2.151593120775180e-02	1.182450384846525e-02	3.000000000000000e-06	3.000000000000000e-06
2.557105e+04	2.146464721391851e-02	1.180560108535403e-02	3.000000000000000e-06	3.000000000000000e-06
2.609088e+04	2.141332823505619e-02	1.178668140015415e-02	3.000000000000000e-06	3.000000000000000e-06
2.662090e+04	2.136197624982245e-02	1.176774535812991e-02	3.000000000000000e-06	3.000000000000000e-06
2.716131e+04	2.131059322606153e-02	1.174879352116333e-02	3.000000000000000e-06	3.000000000000000e-06
2.771230e+04	2.125918112050183e-02	1.172982644769544e-02	3.000000000000000e-06	3.000000000000000e-06
2.827407e+04	2.120774187846236e-02	1.171084469266973e-02	3.000000000000000e-06	3.000000000000000e-06
2.884682e+04	2.115627743356824e-02	1.169184880747766e-02	3.000000000000000e-06	3.000000000000000e-06
2.943074e+04	2.110478970747517e-02	1.167283933990643e-02	3.000000000000000e-06	3.000000000000000e-06
3.002606e+04	2.105328060960291e-02	1.165381683408877e-02	3.000000000000000e-06	3.000000000000000e-06
3.063297e+04	2.100175203687759e-02	1.163478183045485e-02	3.000000000000000e-06	3.000000000000000e-06
3.125170e+04	2.095020587348296e-02	1.161573486568620e-02	3.000000000000000e-06	3.000000000000000e-06
3.188246e+04	2.089864399062043e-02	1.159667647267171e-02	3.000000000000000e-06	3.000000000000000e-06
3.252549e+04	2.084706824627790e-02	1.157760718046564e-02	3.000000000000000e-06	3.000000000000000e-06
3.318099e+04	2.079548048500723e-02	1.155852751424757e-02	3.000000000000000e-06	3.000000000000000e-06
3.384921e+04	2.074388253771043e-02	1.153943799528431e-02	3.000000000000000e-06	3.000000000000000e-06
3.453038e+04	2.069227622143433e-02	1.152033914089377e-02	3.000000000000000e-06	3.000000000000000e-06
3.522473e+04	2.064066333917382e-02	1.150123146441070e-02	3.000000000000000e-06	3.000000000000000e-06
3.593252e+04	2.058904567968342e-02	1.148211547515429e-02	3.000000000000000e-06	3.000000000000000e-06
3.665399e+04	2.053742501729722e-02	1.146299167839763e-02	3.000000000000000e-06	3.000000000000000e-06
3.738939e+04	2.048580311175703e-02	1.144386057533895e-02	3.000000000000000e-06	3.000000000000000e-06
3.813898e+04	2.043418170804865e-02	1.142472266307465e-02	3.000000000000000e-06	3.000000000000000e-06
3.890302e+04	2.038256253624626e-02	1.140557843457414e-02	3.000000000000000e-06	3.000000000000000e-06
3.968177e+04	2.033094731136465e-02	1.138642837865625e-02	3.000000000000000e-06	3.000000000000000e-06
4.047551e+04	2.027933773321933e-02	1.136727297996749e-02	3.000000000000000e-06	3.000000000000000e-06
4.128452e+04	2.022773548629445e-02	1.134811271896186e-02	3.000000000000000e-06	3.000000000000000e-06
4.210906e+04	2.017614223961815e-02	1.132894807188230e-02	3.000000000000000e-06	3.000000000000000e-06
4.294943e+04	2.012455964664568e-02	1.130977951074380e-02	3.000000000000000e-06	3.000000000000000e-06
4.380592e+04	2.007298934514969e-02	1.129060750331797e-02	3.000000000000000e-06	3.000000000000000e-06
4.467883e+04	2.002143295711792e-02	1.127143251311921e-02	3.000000000000000e-06	3.000000000000000e-06
4.556845e+04	1.996989208865807e-02	1.125225499939236e-02	3.000000000000000e-06	3.000000000000000e-06
4.647508e+04	1.991836832990962e-02	1.123307541710179e-02	3.000000000000000e-06	3.000000000000000e-06
4.739906e+04	1.986686325496269e-02	1.121389421692201e-02	3.000000000000000e-06	3.000000000000000e-06
4.834068e+04	1.981537842178359e-02	1.119471184522954e-02	3.000000000000000e-06	3.000000000000000e-06
4.930027e+04	1.976391537214715e-02	1.117552874409632e-02	3.000000000000000e-06	3.000000000000000e-06
5.027817e+04	1.971247563157554e-02	1.115634535128430e-02	3.000000000000000e-06	3.000000000000000e-06
5.127470e+04	1.966106070928349e-02	1.113716210024148e-02	3.000000000000000e-06	3.000000000000000e-06
5.229021e+04	1.960967209812993e-02	1.111797942009910e-02	3.000000000000000e-06	3.000000000000000e-06
5.332504e+04	1.955831127457566e-02	1.109879773567023e-02	3.000000000000000e-06	3.000000000000000e-06
5.437955e+04	1.950697969864713e-02	1.107961746744940e-02	3.000000000000000e-06	3.000000000000000e-06
5.545409e+04	1.945567881390618e-02	1.106043903161355e-02	3.000000000000000e-06	3.000000000000000e-06
5.654904e+04	1.940441004742545e-02	1.104126284002411e-02	3.000000000000000e-06	3.000000000000000e-06
5.766476e+04	1.935317480976956e-02	1.102208930023013e-02	3.000000000000000e-06	3.000000000000000e-06
5.880163e+04	1.930197449498177e-02	1.100291881547264e-02	3.000000000000000e-06	3.000000000000000e-06
5.996003e+04	1.925081048057600e-02	1.098375178468994e-02	3.000000000000000e-06	3.000000000000000e-06
6.114037e+04	1.919968412753421e-02	1.096458860252403e-02	3.000000000000000e-06	3.000000000000000e-06
6.234304e+04	1.914859678030883e-02	1.094542965932796e-02	3.000000000000000e-06	3.000000000000000e-06
6.356844e+04	1.909754976683029e-02	1.092627534117427e-02	3.000000000000000e-06	3.000000000000000e-06
6.481699e+04	1.904654439851935e-02	1.090712602986429e-02	3.000000000000000e-06	3.000000000000000e-06
6.608911e+04	1.899558197030426e-02	1.088798210293837e-02	3.000000000000000e-06	3.000000000000000e-06
6.738523e+04	1.894466376064250e-02	1.086884393368708e-02	3.000000000000000e-06	3.000000000000000e-06
6.870579e+04	1.889379103154708e-02	1.084971189116330e-02	3.000000000000000e-06	3.000000000000000e-06
7.005122e+04	1.884296502861717e-02	1.083058634019477e-02	3.000000000000000e-06	3.000000000000000e-06
7.142199e+04	1.879218698107301e-02	1.081146764139806e-02	3.000000000000000e-06	3.000000000000000e-06
7.281855e+04	1.874145810179499e-02	1.079235615119299e-02	3.000000000000000e-06	3.000000000000000e-06
7.424137e+04	1.869077958736668e-02	1.077325222181781e-02	3.000000000000000e-06	3.000000000000000e-06
7.569093e+04	1.864015261812180e-02	1.075415620134516e-02	3.000000000000000e-06	3.000000000000000e-06
7.716771e+04	1.858957835819499e-02	1.073506843369879e-02	3.000000000000000e-06	3.000000000000000e-06
7.867221e+04	1.853905795557613e-02	1.071598925867087e-02	3.000000000000000e-06	3.000000000000000e-06
8.020492e+04	1.848859254216832e-02	1.069691901194008e-02	3.000000000000000e-06	3.000000000000000e-06
8.176637e+04	1.843818323384924e-02	1.067785802509022e-02	3.000000000000000e-06	3.000000000000000e-06
8.335707e+04	1.838783113053578e-02	1.065880662562955e-02	3.000000000000000e-06	3.000000000000000e-06
8.497756e+04	1.833753731625196e-02	1.063976513701062e-02	3.000000000000000e-06	3.000000000000000e-06
8.662836e+04	1.828730285919983e-02	1.062073387865075e-02	3.000000000000000e-06	3.000000000000000e-06
8.831004e+04	1.823712881183343e-02	1.060171316595302e-02	3.000000000000000e-06	3.000000000000000e-06
9.002315e+04	1.818701621093560e-02	1.058270331032778e-02	3.000000000000000e-06	3.000000000000000e-06
9.176826e+04	1.813696607769752e-02	1.056370461921469e-02	3.000000000000000e-06	3.000000000000000e-06
9.354595e+04	1.808697941780097e-02	1.054471739610523e-02	3.000000000000000e-06	3.000000000000000e-06
9.535681e+04	1.803705722150307e-02	1.052574194056567e-02	3.000000000000000e-06	3.000000000000000e-06
9.720145e+04	1.798720046372358e-02	1.050677854826049e-02	3.000000000000000e-06	3.000000000000000e-06
9.908046e+04	1.793741010413442e-02	1.048782751097621e-02	3.000000000000000e-06	3.000000000000000e-06
1.000000e+05	1.791353923229035e-02	1.047873333632604e-02	3.000000000000000e-06	3.000000000000000e-06
1.019497e+05	1.786337068307848e-02	1.045961902598140e-02	3.000000000000000e-06	3.000000000000000e-06
1.039167e+05	1.781375836467913e-02	1.044070330788595e-02	3.000000000000000e-06	3.000000000000000e-06
1.059207e+05	1.776420674394083e-02	1.042179753155564e-02	3.000000000000000e-06	3.000000000000000e-06
1.079620e+05	1.771472580925249e-02	1.040290543573679e-02	3.000000000000000e-06	3.000000000000000e-06
1.100412e+05	1.766531627166426e-02	1.038402722787661e-02	3.000000000000000e-06	3.000000000000000e-06
1.121590e+05	1.761597899725998e-02	1.036516317636175e-02	3.000000000000000e-06	3.000000000000000e-06
1.143161e+05	1.756671483450637e-02	1.034631354470663e-02	3.000000000000000e-06	3.000000000000000e-06
1.165133e+05	1.751752461752127e-02	1.032747859278615e-02	3.000000000000000e-06	3.000000000000000e-06
1.187513e+05	1.746840916612311e-02	1.030865857684058e-02	3.000000000000000e-06	3.000000000000000e-06
1.210307e+05	1.741936928594070e-02	1.028985374950310e-02	3.000000000000000e-06	3.000000000000000e-06
1.233524e+05	1.737040576852322e-02	1.027106435982725e-02	3.000000000000000e-06	3.000000000000000e-06
1.257171e+05	1.732151939145160e-02	1.025229065331449e-02	3.000000000000000e-06	3.000000000000000e-06
1.281255e+05	1.727271091845099e-02	1.023353287194204e-02	3.000000000000000e-06	3.000000000000000e-06
1.305786e+05	1.722398109950436e-02	1.021479125419083e-02	3.000000000000000e-06	3.000000000000000e-06
1.330770e+05	1.717533067096714e-02	1.019606603507368e-02	3.000000000000000e-06	3.000000000000000e-06
1.356216e+05	1.712676035568282e-02	1.017735744616356e-02	3.000000000000000e-06	3.000000000000000e-06
1.382133e+05	1.707827086309945e-02	1.015866571562205e-02	3.000000000000000e-06	3.000000000000000e-06
1.408529e+05	1.702986288938692e-02	1.013999106822792e-02	3.000000000000000e-06	3.000000000000000e-06
1.435412e+05	1.698153711755509e-02	1.012133372540574e-02	3.000000000000000e-06	3.000000000000000e-06
1.462791e+05	1.693329421757250e-02	1.010269390525473e-02	3.000000000000000e-06	3.000000000000000e-06
1.490675e+05	1.688513484648582e-02	1.008407182257758e-02	3.000000000000000e-06	3.000000000000000e-06
1.519074e+05	1.683705964853979e-02	1.006546768890941e-02	3.000000000000000e-06	3.000000000000000e-06
1.547997e+05	1.678906925529773e-02	1.004688171254675e-02	3.000000000000000e-06	3.000000000000000e-06
1.577453e+05	1.674116428576245e-02	1.002831409857663e-02	3.000000000000000e-06	3.000000000000000e-06
1.607451e+05	1.669334534649763e-02	1.000976504890567e-02	3.000000000000000e-06	3.000000000000000e-06
1.638002e+05	1.664561303174945e-02	9.991234762289244e-03	3.000000000000000e-06	3.000000000000000e-06
1.669115e+05	1.659796792356860e-02	9.972723434360602e-03	3.000000000000000e-06	3.000000000000000e-06
1.700801e+05	1.655041059193245e-02	9.954231257660085e-03	3.000000000000000e-06	3.000000000000000e-06
1.733070e+05	1.650294159486751e-02	9.935758421664295e-03	3.000000000000000e-06	3.000000000000000e-06
1.765933e+05	1.645556147857189e-02	9.917305112815276e-03	3.000000000000000e-06	3.000000000000000e-06
1.799399e+05	1.640827077753799e-02	9.898871514549682e-03	3.000000000000000e-06	3.000000000000000e-06
1.833481e+05	1.636107001467518e-02	9.880457807327920e-03	3.000000000000000e-06	3.000000000000000e-06
1.868189e+05	1.631395970143242e-02	9.862064168663268e-03	3.000000000000000e-06	3.000000000000000e-06
1.903535e+05	1.626694033792096e-02	9.843690773150948e-03	3.000000000000000e-06	3.000000000000000e-06
1.939529e+05	1.622001241303690e-02	9.825337792497165e-03	3.000000000000000e-06	3.000000000000000e-06
1.976184e+05	1.617317640458358e-02	9.807005395548079e-03	3.000000000000000e-06	3.000000000000000e-06
2.013512e+05	1.612643277939393e-02	9.788693748318728e-03	3.000000000000000e-06	3.000000000000000e-06
2.051524e+05	1.607978199345247e-02	9.770403014021876e-03	3.000000000000000e-06	3.000000000000000e-06
2.090234e+05	1.603322449201723e-02	9.752133353096794e-03	3.000000000000000e-06	3.000000000000000e-06
2.129653e+05	1.598676070974129e-02	9.733884923237951e-03	3.000000000000000e-06	3.000000000000000e-06
2.169795e+05	1.594039107079405e-02	9.715657879423627e-03	3.000000000000000e-06	3.000000000000000e-06
2.210672e+05	1.589411598898218e-02	9.697452373944428e-03	3.000000000000000e-06	3.000000000000000e-06
2.252298e+05	1.584793586787023e-02	9.679268556431708e-03	3.000000000000000e-06	3.000000000000000e-06
2.294687e+05	1.580185110090073e-02	9.661106573885870e-03	3.000000000000000e-06	3.000000000000000e-06
2.337851e+05	1.575586207151401e-02	9.642966570704584e-03	3.000000000000000e-06	3.000000000000000e-06
2.381805e+05	1.570996915326744e-02	9.624848688710863e-03	3.000000000000000e-06	3.000000000000000e-06
2.426564e+05	1.566417270995431e-02	9.606753067181036e-03	3.000000000000000e-06	3.000000000000000e-06
2.472141e+05	1.561847309572209e-02	9.588679842872590e-03	3.000000000000000e-06	3.000000000000000e-06
2.518552e+05	1.557287065519022e-02	9.570629150051885e-03	3.000000000000000e-06	3.000000000000000e-06
2.565812e+05	1.552736572356733e-02	9.552601120521727e-03	3.000000000000000e-06	3.000000000000000e-06
2.613935e+05	1.548195862676791e-02	9.534595883648817e-03	3.000000000000000e-06	3.000000000000000e-06
2.662938e+05	1.543664968152833e-02	9.516613566391045e-03	3.000000000000000e-06	3.000000000000000e-06
2.712836e+05	1.539143919552227e-02	9.498654293324645e-03	3.000000000000000e-06	3.000000000000000e-06
2.763646e+05	1.534632746747552e-02	9.480718186671188e-03	3.000000000000000e-06	3.000000000000000e-06
2.815383e+05	1.530131478728010e-02	9.462805366324451e-03	3.000000000000000e-06	3.000000000000000e-06
2.868065e+05	1.525640143610770e-02	9.444915949877092e-03	3.000000000000000e-06	3.000000000000000e-06
2.921709e+05	1.521158768652246e-02	9.427050052647188e-03	3.000000000000000e-06	3.000000000000000e-06
2.976332e+05	1.516687380259301e-02	9.409207787704609e-03	3.000000000000000e-06	3.000000000000000e-06
3.031952e+05	1.512226004000375e-02	9.391389265897219e-03	3.000000000000000e-06	3.000000000000000e-06
3.088586e+05	1.507774664616550e-02	9.373594595876908e-03	3.000000000000000e-06	3.000000000000000e-06
3.146253e+05	1.503333386032526e-02	9.355823884125463e-03	3.000000000000000e-06	3.000000000000000e-06
3.204972e+05	1.498902191367533e-02	9.338077234980254e-03	3.000000000000000e-06	3.000000000000000e-06
3.264761e+05	1.494481102946152e-02	9.320354750659747e-03	3.000000000000000e-06	3.000000000000000e-06
3.325641e+05	1.490070142309070e-02	9.302656531288847e-03	3.000000000000000e-06	3.000000000000000e-06
3.387630e+05	1.485669330223743e-02	9.284982674924050e-03	3.000000000000000e-06	3.000000000000000e-06
3.450748e+05	1.481278686694988e-02	9.267333277578414e-03	3.000000000000000e-06	3.000000000000000e-06
3.515017e+05	1.476898230975482e-02	9.249708433246361e-03	3.000000000000000e-06	3.000000000000000e-06
3.580456e+05	1.472527981576192e-02	9.232108233928265e-03	3.000000000000000e-06	3.000000000000000e-06
3.647087e+05	1.468167956276702e-02	9.214532769654888e-03	3.000000000000000e-06	3.000000000000000e-06
3.714931e+05	1.463818172135477e-02	9.196982128511593e-03	3.000000000000000e-06	3.000000000000000e-06
3.784011e+05	1.459478645500022e-02	9.179456396662396e-03	3.000000000000000e-06	3.000000000000000e-06
3.854348e+05	1.455149392016968e-02	9.161955658373806e-03	3.000000000000000e-06	3.000000000000000e-06
3.925965e+05	1.450830426642065e-02	9.144479996038487e-03	3.000000000000000e-06	3.000000000000000e-06
3.998886e+05	1.446521763650092e-02	9.127029490198713e-03	3.000000000000000e-06	3.000000000000000e-06
4.073133e+05	1.442223416644670e-02	9.109604219569651e-03	3.000000000000000e-06	3.000000000000000e-06
4.148731e+05	1.437935398568004e-02	9.092204261062416e-03	3.000000000000000e-06	3.000000000000000e-06
4.225705e+05	1.433657721710515e-02	9.074829689806965e-03	3.000000000000000e-06	3.000000000000000e-06
4.304079e+05	1.429390397720404e-02	9.057480579174774e-03	3.000000000000000e-06	3.000000000000000e-06
4.383877e+05	1.425133437613109e-02	9.040157000801319e-03	3.000000000000000e-06	3.000000000000000e-06
4.465127e+05	1.420886851780684e-02	9.022859024608367e-03	3.000000000000000e-06	3.000000000000000e-06
4.547854e+05	1.416650650001085e-02	9.005586718826071e-03	3.000000000000000e-06	3.000000000000000e-06
4.632085e+05	1.412424841447368e-02	8.988340150014854e-03	3.000000000000000e-06	3.000000000000000e-06
4.717847e+05	1.408209434696787e-02	8.971119383087103e-03	3.000000000000000e-06	3.000000000000000e-06
4.805168e+05	1.404004437739821e-02	8.953924481328677e-03	3.000000000000000e-06	3.000000000000000e-06
4.894075e+05	1.399809857989091e-02	8.936755506420188e-03	3.000000000000000e-06	3.000000000000000e-06
4.984598e+05	1.395625702288200e-02	8.919612518458112e-03	3.000000000000000e-06	3.000000000000000e-06
5.076766e+05	1.391451976920478e-02	8.902495575975682e-03	3.000000000000000e-06	3.000000000000000e-06
5.170608e+05	1.387288687617640e-02	8.885404735963592e-03	3.000000000000000e-06	3.000000000000000e-06
5.266155e+05	1.383135839568345e-02	8.868340053890507e-03	3.000000000000000e-06	3.000000000000000e-06
5.363437e+05	1.378993437426682e-02	8.851301583723364e-03	3.000000000000000e-06	3.000000000000000e-06
5.462486e+05	1.374861485320549e-02	8.834289377947478e-03	3.000000000000000e-06	3.000000000000000e-06
5.563333e+05	1.370739986859951e-02	8.817303487586459e-03	3.000000000000000e-06	3.000000000000000e-06
5.666012e+05	1.366628945145212e-02	8.800343962221934e-03	3.000000000000000e-06	3.000000000000000e-06
5.770555e+05	1.362528362775088e-02	8.783410850013048e-03	3.000000000000000e-06	3.000000000000000e-06
5.876996e+05	1.358438241854805e-02	8.766504197715805e-03	3.000000000000000e-06	3.000000000000000e-06
5.985370e+05	1.354358584003990e-02	8.749624050702185e-03	3.000000000000000e-06	3.000000000000000e-06
6.095710e+05	1.350289390364534e-02	8.732770452979084e-03	3.000000000000000e-06	3.000000000000000e-06
6.208053e+05	1.346230661608354e-02	8.715943447207053e-03	3.000000000000000e-06	3.000000000000000e-06
6.322435e+05	1.342182397945071e-02	8.699143074718845e-03	3.000000000000000e-06	3.000000000000000e-06
6.438893e+05	1.338144599129600e-02	8.682369375537768e-03	3.000000000000000e-06	3.000000000000000e-06
6.557465e+05	1.334117264469661e-02	8.665622388395850e-03	3.000000000000000e-06	3.000000000000000e-06
6.678187e+05	1.330100392833189e-02	8.648902150751809e-03	3.000000000000000e-06	3.000000000000000e-06
6.801101e+05	1.326093982655672e-02	8.632208698808841e-03	3.000000000000000e-06	3.000000000000000e-06
6.926244e+05	1.322098031947398e-02	8.615542067532208e-03	3.000000000000000e-06	3.000000000000000e-06
7.053658e+05	1.318112538300617e-02	8.598902290666646e-03	3.000000000000000e-06	3.000000000000000e-06
7.183383e+05	1.314137498896615e-02	8.582289400753586e-03	3.000000000000000e-06	3.000000000000000e-06
7.315461e+05	1.310172910512717e-02	8.565703429148187e-03	3.000000000000000e-06	3.000000000000000e-06
7.449935e+05	1.306218769529191e-02	8.549144406036170e-03	3.000000000000000e-06	3.000000000000000e-06
7.586848e+05	1.302275071936077e-02	8.532612360450508e-03	3.000000000000000e-06	3.000000000000000e-06
7.726245e+05	1.298341813339935e-02	8.516107320287883e-03	3.000000000000000e-06	3.000000000000000e-06
7.868169e+05	1.294418988970509e-02	8.499629312324999e-03	3.000000000000000e-06	3.000000000000000e-06
8.012668e+05	1.290506593687309e-02	8.483178362234691e-03	3.000000000000000e-06	3.000000000000000e-06
8.159787e+05	1.286604621986113e-02	8.466754494601875e-03	3.000000000000000e-06	3.000000000000000e-06
8.309574e+05	1.282713068005390e-02	8.450357732939300e-03	3.000000000000000e-06	3.000000000000000e-06
8.462077e+05	1.278831925532645e-02	8.433988099703136e-03	3.000000000000000e-06	3.000000000000000e-06
8.617346e+05	1.274961188010681e-02	8.417645616308382e-03	3.000000000000000e-06	3.000000000000000e-06
8.775430e+05	1.271100848543786e-02	8.401330303144100e-03	3.000000000000000e-06	3.000000000000000e-06
8.936380e+05	1.267250899903840e-02	8.385042179588470e-03	3.000000000000000e-06	3.000000000000000e-06
9.100248e+05	1.263411334536353e-02	8.368781264023682e-03	3.000000000000000e-06	3.000000000000000e-06
9.267088e+05	1.259582144566413e-02	8.352547573850660e-03	3.000000000000000e-06	3.000000000000000e-06
9.436953e+05	1.255763321804568e-02	8.336341125503592e-03	3.000000000000000e-06	3.000000000000000e-06
9.609897e+05	1.251954857752635e-02	8.320161934464332e-03	3.000000000000000e-06	3.000000000000000e-06
9.785977e+05	1.248156743609428e-02	8.304010015276590e-03	3.000000000000000e-06	3.000000000000000e-06
9.965249e+05	1.244368970276413e-02	8.287885381559997e-03	3.000000000000000e-06	3.000000000000000e-06
1.000000e+06	1.243650644739441e-02	8.284822923852160e-03	3.000000000000000e-06	3.000000000000000e-06
1.018583e+06	1.239819810949114e-02	8.268494981566357e-03	3.000000000000000e-06	3.000000000000000e-06
1.037230e+06	1.236055787342679e-02	8.252434754516497e-03	3.000000000000000e-06	3.000000000000000e-06
1.056220e+06	1.232301066492415e-02	8.236397560679343e-03	3.000000000000000e-06	3.000000000000000e-06
1.075554e+06	1.228556663044489e-02	8.220387776396918e-03	3.000000000000000e-06	3.000000000000000e-06
1.095239e+06	1.224822548166428e-02	8.204405332763950e-03	3.000000000000000e-06	3.000000000000000e-06
1.115281e+06	1.221098711362426e-02	8.188450239360823e-03	3.000000000000000e-06	3.000000000000000e-06
1.135685e+06	1.217385141546332e-02	8.172522503524451e-03	3.000000000000000e-06	3.000000000000000e-06
1.156460e+06	1.213681827384288e-02	8.156622131802124e-03	3.000000000000000e-06	3.000000000000000e-06
1.177612e+06	1.209988757293721e-02	8.140749129938368e-03	3.000000000000000e-06	3.000000000000000e-06
1.199146e+06	1.206305919448392e-02	8.124903502887852e-03	3.000000000000000e-06	3.000000000000000e-06
1.221071e+06	1.202633301783273e-02	8.109085254827656e-03	3.000000000000000e-06	3.000000000000000e-06
1.243394e+06	1.198970891999364e-02	8.093294389169409e-03	3.000000000000000e-06	3.000000000000000e-06
1.266121e+06	1.195318677568438e-02	8.077530908571289e-03	3.000000000000000e-06	3.000000000000000e-06
1.289261e+06	1.191676645737723e-02	8.061794814949856e-03	3.000000000000000e-06	3.000000000000000e-06
1.312819e+06	1.188044783534531e-02	8.046086109491762e-03	3.000000000000000e-06	3.000000000000000e-06
1.336805e+06	1.184423077770808e-02	8.030404792665305e-03	3.000000000000000e-06	3.000000000000000e-06
1.361226e+06	1.180811515047637e-02	8.014750864231838e-03	3.000000000000000e-06	3.000000000000000e-06
1.386089e+06	1.177210081759671e-02	7.999124323257056e-03	3.000000000000000e-06	3.000000000000000e-06
1.411403e+06	1.173618764099510e-02	7.983525168122131e-03	3.000000000000000e-06	3.000000000000000e-06
1.437176e+06	1.170037548062011e-02	7.967953396534706e-03	3.000000000000000e-06	3.000000000000000e-06
1.463417e+06	1.166466419448554e-02	7.952409005539762e-03	3.000000000000000e-06	3.000000000000000e-06
1.490133e+06	1.162905363871228e-02	7.936891991530351e-03	3.000000000000000e-06	3.000000000000000e-06
1.517333e+06	1.159354366756984e-02	7.921402350258193e-03	3.000000000000000e-06	3.000000000000000e-06
1.545026e+06	1.155813413351704e-02	7.905940076844137e-03	3.000000000000000e-06	3.000000000000000e-06
1.573222e+06	1.152282488724241e-02	7.890505165788498e-03	3.000000000000000e-06	3.000000000000000e-06
1.601929e+06	1.148761577770379e-02	7.875097610981263e-03	3.000000000000000e-06	3.000000000000000e-06
1.631156e+06	1.145250665216756e-02	7.859717405712173e-03	3.000000000000000e-06	3.000000000000000e-06
1.660914e+06	1.141749735624721e-02	7.844364542680667e-03	3.000000000000000e-06	3.000000000000000e-06
1.691210e+06	1.138258773394144e-02	7.829039014005728e-03	3.000000000000000e-06	3.000000000000000e-06
1.722057e+06	1.134777762767170e-02	7.813740811235568e-03	3.000000000000000e-06	3.000000000000000e-06
1.753462e+06	1.131306687831918e-02	7.798469925357222e-03	3.000000000000000e-06	3.000000000000000e-06
1.785437e+06	1.127845532526139e-02	7.783226346806010e-03	3.000000000000000e-06	3.000000000000000e-06
1.817992e+06	1.124394280640804e-02	7.768010065474878e-03	3.000000000000000e-06	3.000000000000000e-06
1.851138e+06	1.120952915823665e-02	7.752821070723625e-03	3.000000000000000e-06	3.000000000000000e-06
1.884884e+06	1.117521421582743e-02	7.737659351388014e-03	3.000000000000000e-06	3.000000000000000e-06
1.919242e+06	1.114099781289784e-02	7.722524895788763e-03	3.000000000000000e-06	3.000000000000000e-06
1.954224e+06	1.110687978183657e-02	7.707417691740428e-03	3.000000000000000e-06	3.000000000000000e-06
1.989840e+06	1.107285995373711e-02	7.692337726560171e-03	3.000000000000000e-06	3.000000000000000e-06
2.026102e+06	1.103893815843075e-02	7.677284987076415e-03	3.000000000000000e-06	3.000000000000000e-06
2.063022e+06	1.100511422451922e-02	7.662259459637393e-03	3.000000000000000e-06	3.000000000000000e-06
2.100612e+06	1.097138797940678e-02	7.647261130119588e-03	3.000000000000000e-06	3.000000000000000e-06
2.138883e+06	1.093775924933194e-02	7.632289983936059e-03	3.000000000000000e-06	3.000000000000000e-06
2.177849e+06	1.090422785939864e-02	7.617346006044676e-03	3.000000000000000e-06	3.000000000000000e-06
2.217521e+06	1.087079363360706e-02	7.602429180956230e-03	3.000000000000000e-06	3.000000000000000e-06
2.257914e+06	1.083745639488395e-02	7.587539492742462e-03	3.000000000000000e-06	3.000000000000000e-06
2.299039e+06	1.080421596511257e-02	7.572676925043969e-03	3.000000000000000e-06	3.000000000000000e-06
2.340910e+06	1.077107216516217e-02	7.557841461078026e-03	3.000000000000000e-06	3.000000000000000e-06
2.383542e+06	1.073802481491704e-02	7.543033083646296e-03	3.000000000000000e-06	3.000000000000000e-06
2.426946e+06	1.070507373330519e-02	7.528251775142451e-03	3.000000000000000e-06	3.000000000000000e-06
2.471139e+06	1.067221873832660e-02	7.513497517559690e-03	3.000000000000000e-06	3.000000000000000e-06
2.516133e+06	1.063945964708108e-02	7.498770292498164e-03	3.000000000000000e-06	3.000000000000000e-06
2.561944e+06	1.060679627579568e-02	7.484070081172306e-03	3.000000000000000e-06	3.000000000000000e-06
2.608586e+06	1.057422843985181e-02	7.469396864418064e-03	3.000000000000000e-06	3.000000000000000e-06
2.656075e+06	1.054175595381186e-02	7.454750622700048e-03	3.000000000000000e-06	3.000000000000000e-06
2.704426e+06	1.050937863144556e-02	7.440131336118583e-03	3.000000000000000e-06	3.000000000000000e-06
2.753655e+06	1.047709628575584e-02	7.425538984416670e-03	3.000000000000000e-06	3.000000000000000e-06
2.803777e+06	1.044490872900442e-02	7.410973546986860e-03	3.000000000000000e-06	3.000000000000000e-06
2.854809e+06	1.041281577273701e-02	7.396435002878041e-03	3.000000000000000e-06	3.000000000000000e-06
2.906768e+06	1.038081722780812e-02	7.381923330802140e-03	3.000000000000000e-06	3.000000000000000e-06
2.959669e+06	1.034891290440556e-02	7.367438509140737e-03	3.000000000000000e-06	3.000000000000000e-06
3.013532e+06	1.031710261207454e-02	7.352980515951595e-03	3.000000000000000e-06	3.000000000000000e-06
3.068372e+06	1.028538615974151e-02	7.338549328975109e-03	3.000000000000000e-06	3.000000000000000e-06
3.124209e+06	1.025376335573758e-02	7.324144925640671e-03	3.000000000000000e-06	3.000000000000000e-06
3.181059e+06	1.022223400782165e-02	7.309767283072956e-03	3.000000000000000e-06	3.000000000000000e-06
3.238942e+06	1.019079792320320e-02	7.295416378098126e-03	3.000000000000000e-06	3.000000000000000e-06
3.297876e+06	1.015945490856479e-02	7.281092187249961e-03	3.000000000000000e-06	3.000000000000000e-06
3.357880e+06	1.012820477008415e-02	7.266794686775903e-03	3.000000000000000e-06	3.000000000000000e-06
3.418975e+06	1.009704731345610e-02	7.252523852643034e-03	3.000000000000000e-06	3.000000000000000e-06
3.481179e+06	1.006598234391404e-02	7.238279660543967e-03	3.000000000000000e-06	3.000000000000000e-06
3.544513e+06	1.003500966625118e-02	7.224062085902678e-03	3.000000000000000e-06	3.000000000000000e-06
3.608998e+06	1.000412908484150e-02	7.209871103880248e-03	3.000000000000000e-06	3.000000000000000e-06
3.674654e+06	9.973340403660358e-03	7.195706689380544e-03	3.000000000000000e-06	3.000000000000000e-06
3.741503e+06	9.942643426304873e-03	7.181568817055826e-03	3.000000000000000e-06	3.000000000000000e-06
3.809567e+06	9.912037956013971e-03	7.167457461312280e-03	3.000000000000000e-06	3.000000000000000e-06
3.878868e+06	9.881523795688183e-03	7.153372596315488e-03	3.000000000000000e-06	3.000000000000000e-06
3.949429e+06	9.851100747909155e-03	7.139314195995824e-03	3.000000000000000e-06	3.000000000000000e-06
4.021271e+06	9.820768614958883e-03	7.125282234053785e-03	3.000000000000000e-06	3.000000000000000e-06
4.094420e+06	9.790527198838703e-03	7.111276683965261e-03	3.000000000000000e-06	3.000000000000000e-06
4.168898e+06	9.760376301287992e-03	7.097297518986725e-03	3.000000000000000e-06	3.000000000000000e-06
4.244730e+06	9.730315723802627e-03	7.083344712160376e-03	3.000000000000000e-06	3.000000000000000e-06
4.321941e+06	9.700345267653190e-03	7.069418236319208e-03	3.000000000000000e-06	3.000000000000000e-06
4.400555e+06	9.670464733902921e-03	7.055518064092018e-03	3.000000000000000e-06	3.000000000000000e-06
4.480598e+06	9.640673923425425e-03	7.041644167908355e-03	3.000000000000000e-06	3.000000000000000e-06
4.562097e+06	9.610972636922134e-03	7.027796520003405e-03	3.000000000000000e-06	3.000000000000000e-06
4.645078e+06	9.581360674939548e-03	7.013975092422818e-03	3.000000000000000e-06	3.000000000000000e-06
4.729568e+06	9.551837837886224e-03	7.000179857027478e-03	3.000000000000000e-06	3.000000000000000e-06
4.815595e+06	9.522403926049555e-03	6.986410785498214e-03	3.000000000000000e-06	3.000000000000000e-06
4.903186e+06	9.493058739612299e-03	6.972667849340446e-03	3.000000000000000e-06	3.000000000000000e-06
4.992371e+06	9.463802078668914e-03	6.958951019888791e-03	3.000000000000000e-06	3.000000000000000e-06
5.083178e+06	9.434633743241662e-03	6.945260268311597e-03	3.000000000000000e-06	3.000000000000000e-06
5.175636e+06	9.405553533296501e-03	6.931595565615434e-03	3.000000000000000e-06	3.000000000000000e-06
5.269777e+06	9.376561248758771e-03	6.917956882649526e-03	3.000000000000000e-06	3.000000000000000e-06
5.365631e+06	9.347656689528663e-03	6.904344190110128e-03	3.000000000000000e-06	3.000000000000000e-06
5.463229e+06	9.318839655496508e-03	6.890757458544862e-03	3.000000000000000e-06	3.000000000000000e-06
5.562603e+06	9.290109946557849e-03	6.877196658356986e-03	3.000000000000000e-06	3.000000000000000e-06
5.663785e+06	9.261467362628320e-03	6.863661759809624e-03	3.000000000000000e-06	3.000000000000000e-06
5.766809e+06	9.232911703658350e-03	6.850152733029946e-03	3.000000000000000e-06	3.000000000000000e-06
5.871708e+06	9.204442769647650e-03	6.836669548013292e-03	3.000000000000000e-06	3.000000000000000e-06
5.978516e+06	9.176060360659551e-03	6.823212174627252e-03	3.000000000000000e-06	3.000000000000000e-06
6.087269e+06	9.147764276835137e-03	6.809780582615707e-03	3.000000000000000e-06	3.000000000000000e-06
6.198001e+06	9.119554318407209e-03	6.796374741602804e-03	3.000000000000000e-06	3.000000000000000e-06
6.310750e+06	9.091430285714070e-03	6.782994621096908e-03	3.000000000000000e-06	3.000000000000000e-06
6.425551e+06	9.063391979213152e-03	6.769640190494491e-03	3.000000000000000e-06	3.000000000000000e-06
6.542443e+06	9.035439199494467e-03	6.756311419083989e-03	3.000000000000000e-06	3.000000000000000e-06
6.661463e+06	9.007571747293891e-03	6.743008276049606e-03	3.000000000000000e-06	3.000000000000000e-06
6.782652e+06	8.979789423506298e-03	6.729730730475084e-03	3.000000000000000e-06	3.000000000000000e-06
6.906047e+06	8.952092029198526e-03	6.716478751347425e-03	3.000000000000000e-06	3.000000000000000e-06
7.031690e+06	8.924479365622202e-03	6.703252307560577e-03	3.000000000000000e-06	3.000000000000000e-06
7.159622e+06	8.896951234226399e-03	6.690051367919072e-03	3.000000000000000e-06	3.000000000000000e-06
7.289884e+06	8.869507436670166e-03	6.676875901141630e-03	3.000000000000000e-06	3.000000000000000e-06
7.422520e+06	8.842147774834891e-03	6.663725875864726e-03	3.000000000000000e-06	3.000000000000000e-06
7.557572e+06	8.814872050836543e-03	6.650601260646111e-03	3.000000000000000e-06	3.000000000000000e-06
7.695086e+06	8.787680067037762e-03	6.637502023968299e-03	3.000000000000000e-06	3.000000000000000e-06
7.835105e+06	8.760571626059815e-03	6.624428134242022e-03	3.000000000000000e-06	3.000000000000000e-06
7.977676e+06	8.733546530794434e-03	6.611379559809640e-03	3.000000000000000e-06	3.000000000000000e-06
8.122845e+06	8.706604584415502e-03	6.598356268948522e-03	3.000000000000000e-06	3.000000000000000e-06
8.270661e+06	8.679745590390623e-03	6.585358229874385e-03	3.000000000000000e-06	3.000000000000000e-06
8.421171e+06	8.652969352492575e-03	6.572385410744607e-03	3.000000000000000e-06	3.000000000000000e-06
8.574425e+06	8.626275674810632e-03	6.559437779661502e-03	3.000000000000000e-06	3.000000000000000e-06
8.730474e+06	8.599664361761773e-03	6.546515304675558e-03	3.000000000000000e-06	3.000000000000000e-06
8.889367e+06	8.573135218101770e-03	6.533617953788653e-03	3.000000000000000e-06	3.000000000000000e-06
9.051158e+06	8.546688048936173e-03	6.520745694957226e-03	3.000000000000000e-06	3.000000000000000e-06
9.215900e+06	8.520322659731176e-03	6.507898496095428e-03	3.000000000000000e-06	3.000000000000000e-06
9.383645e+06	8.494038856324378e-03	6.495076325078236e-03	3.000000000000000e-06	3.000000000000000e-06
9.554451e+06	8.467836444935446e-03	6.482279149744538e-03	3.000000000000000e-06	3.000000000000000e-06
9.728372e+06	8.441715232176667e-03	6.469506937900192e-03	3.000000000000000e-06	3.000000000000000e-06
9.905466e+06	8.415675025063407e-03	6.456759657321054e-03	3.000000000000000e-06	3.000000000000000e-06
1.000000e+07	8.402075985721522e-03	6.450093161923682e-03	3.000000000000000e-06	3.000000000000000e-06
1.018361e+07	8.375935137719682e-03	6.437274180730343e-03	3.000000000000000e-06	3.000000000000000e-06
1.036898e+07	8.350103197324753e-03	6.424591859482037e-03	3.000000000000000e-06	3.000000000000000e-06
1.055776e+07	8.324347488142751e-03	6.411932347775788e-03	3.000000000000000e-06	3.000000000000000e-06
1.074999e+07	8.298671988916781e-03	6.399297657078266e-03	3.000000000000000e-06	3.000000000000000e-06
1.094572e+07	8.273076434270749e-03	6.386687718344772e-03	3.000000000000000e-06	3.000000000000000e-06
1.114502e+07	8.247560635445140e-03	6.374102499886809e-03	3.000000000000000e-06	3.000000000000000e-06
1.134797e+07	8.222124402793195e-03	6.361541969336639e-03	3.000000000000000e-06	3.000000000000000e-06
1.155461e+07	8.196767547181322e-03	6.349006094333328e-03	3.000000000000000e-06	3.000000000000000e-06
1.176503e+07	8.171489879973778e-03	6.336494842513258e-03	3.000000000000000e-06	3.000000000000000e-06
1.197929e+07	8.146291213042686e-03	6.324008181513107e-03	3.000000000000000e-06	3.000000000000000e-06
1.219747e+07	8.121171358777522e-03	6.311546078972579e-03	3.000000000000000e-06	3.000000000000000e-06
1.241963e+07	8.096130130094529e-03	6.299108502537121e-03	3.000000000000000e-06	3.000000000000000e-06
1.264584e+07	8.071167340446097e-03	6.286695419860616e-03	3.000000000000000e-06	3.000000000000000e-06
1.287619e+07	8.046282803830041e-03	6.274306798608054e-03	3.000000000000000e-06	3.000000000000000e-06
1.311074e+07	8.021476334798841e-03	6.261942606458189e-03	3.000000000000000e-06	3.000000000000000e-06
1.334958e+07	7.996747748468825e-03	6.249602811106166e-03	3.000000000000000e-06	3.000000000000000e-06
1.359278e+07	7.972096860529276e-03	6.237287380266139e-03	3.000000000000000e-06	3.000000000000000e-06
1.384043e+07	7.947523487251499e-03	6.224996281673865e-03	3.000000000000000e-06	3.000000000000000e-06
1.409260e+07	7.923027445497836e-03	6.212729483089279e-03	3.000000000000000e-06	3.000000000000000e-06
1.434938e+07	7.898608552730620e-03	6.200486952299055e-03	3.000000000000000e-06	3.000000000000000e-06
1.461085e+07	7.874266627021093e-03	6.188268657119150e-03	3.000000000000000e-06	3.000000000000000e-06
1.487710e+07	7.850001487058266e-03	6.176074565397325e-03	3.000000000000000e-06	3.000000000000000e-06
1.514822e+07	7.825812952157745e-03	6.163904645015652e-03	3.000000000000000e-06	3.000000000000000e-06
1.542429e+07	7.801700842270509e-03	6.151758863893020e-03	3.000000000000000e-06	3.000000000000000e-06
1.570541e+07	7.777664977991650e-03	6.139637189987594e-03	3.000000000000000e-06	3.000000000000000e-06
1.599166e+07	7.753705180569074e-03	6.127539591299295e-03	3.000000000000000e-06	3.000000000000000e-06
1.628316e+07	7.729821271912169e-03	6.115466035872237e-03	3.000000000000000e-06	3.000000000000000e-06
1.657998e+07	7.706013074600436e-03	6.103416491797172e-03	3.000000000000000e-06	3.000000000000000e-06
1.688223e+07	7.682280411892090e-03	6.091390927213901e-03	3.000000000000000e-06	3.000000000000000e-06
1.719001e+07	7.658623107732633e-03	6.079389310313692e-03	3.000000000000000e-06	3.000000000000000e-06
1.750341e+07	7.635040986763392e-03	6.067411609341667e-03	3.000000000000000e-06	3.000000000000000e-06
1.782255e+07	7.611533874330041e-03	6.055457792599196e-03	3.000000000000000e-06	3.000000000000000e-06
1.814753e+07	7.588101596491093e-03	6.043527828446260e-03	3.000000000000000e-06	3.000000000000000e-06
1.847845e+07	7.564743980026370e-03	6.031621685303820e-03	3.000000000000000e-06	3.000000000000000e-06
1.881543e+07	7.541460852445460e-03	6.019739331656161e-03	3.000000000000000e-06	3.000000000000000e-06
1.915858e+07	7.518252041996141e-03	6.007880736053236e-03	3.000000000000000e-06	3.000000000000000e-06
1.950800e+07	7.495117377672804e-03	5.996045867112995e-03	3.000000000000000e-06	3.000000000000000e-06
1.986382e+07	7.472056689224861e-03	5.984234693523708e-03	3.000000000000000e-06	3.000000000000000e-06
2.022615e+07	7.449069807165123e-03	5.972447184046273e-03	3.000000000000000e-06	3.000000000000000e-06
2.059511e+07	7.426156562778190e-03	5.960683307516522e-03	3.000000000000000e-06	3.000000000000000e-06
2.097082e+07	7.403316788128817e-03	5.948943032847519e-03	3.000000000000000e-06	3.000000000000000e-06
2.135342e+07	7.380550316070279e-03	5.937226329031840e-03	3.000000000000000e-06	3.000000000000000e-06
2.174302e+07	7.357856980252733e-03	5.925533165143861e-03	3.000000000000000e-06	3.000000000000000e-06
2.213975e+07	7.335236615131567e-03	5.913863510342025e-03	3.000000000000000e-06	3.000000000000000e-06
2.254374e+07	7.312689055975759e-03	5.902217333871114e-03	3.000000000000000e-06	3.000000000000000e-06
2.295514e+07	7.290214138876231e-03	5.890594605064507e-03	3.000000000000000e-06	3.000000000000000e-06
2.337407e+07	7.267811700754205e-03	5.878995293346436e-03	3.000000000000000e-06	3.000000000000000e-06
2.380067e+07	7.245481579369558e-03	5.867419368234234e-03	3.000000000000000e-06	3.000000000000000e-06
2.423509e+07	7.223223613329196e-03	5.855866799340584e-03	3.000000000000000e-06	3.000000000000000e-06
2.467747e+07	7.201037642095416e-03	5.844337556375755e-03	3.000000000000000e-06	3.000000000000000e-06
2.512795e+07	7.178923505994299e-03	5.832831609149843e-03	3.000000000000000e-06	3.000000000000000e-06
2.558668e+07	7.156881046224093e-03	5.821348927575000e-03	3.000000000000000e-06	3.000000000000000e-06
2.605382e+07	7.134910104863623e-03	5.809889481667665e-03	3.000000000000000e-06	3.000000000000000e-06
2.652952e+07	7.113010524880703e-03	5.798453241550794e-03	3.000000000000000e-06	3.000000000000000e-06
2.701394e+07	7.091182150140577e-03	5.787040177456080e-03	3.000000000000000e-06	3.000000000000000e-06
2.750724e+07	7.069424825414366e-03	5.775650259726175e-03	3.000000000000000e-06	3.000000000000000e-06
2.800958e+07	7.047738396387538e-03	5.764283458816914e-03	3.000000000000000e-06	3.000000000000000e-06
2.852112e+07	7.026122709668401e-03	5.752939745299532e-03	3.000000000000000e-06	3.000000000000000e-06
2.904205e+07	7.004577612796618e-03	5.741619089862886e-03	3.000000000000000e-06	3.000000000000000e-06
2.957253e+07	6.983102954251734e-03	5.730321463315666e-03	3.000000000000000e-06	3.000000000000000e-06
3.011273e+07	6.961698583461750e-03	5.719046836588619e-03	3.000000000000000e-06	3.000000000000000e-06
3.066284e+07	6.940364350811706e-03	5.707795180736762e-03	3.000000000000000e-06	3.000000000000000e-06
3.122304e+07	6.919100107652300e-03	5.696566466941607e-03	3.000000000000000e-06	3.000000000000000e-06
3.179351e+07	6.897905706308536e-03	5.685360666513373e-03	3.000000000000000e-06	3.000000000000000e-06
3.237445e+07	6.876781000088403e-03	5.674177750893211e-03	3.000000000000000e-06	3.000000000000000e-06
3.296605e+07	6.855725843291589e-03	5.663017691655428e-03	3.000000000000000e-06	3.000000000000000e-06
3.356849e+07	6.834740091218230e-03	5.651880460509709e-03	3.000000000000000e-06	3.000000000000000e-06
3.418199e+07	6.813823600177692e-03	5.640766029303343e-03	3.000000000000000e-06	3.000000000000000e-06
3.480675e+07	6.792976227497392e-03	5.629674370023458e-03	3.000000000000000e-06	3.000000000000000e-06
3.544297e+07	6.772197831531665e-03	5.618605454799252e-03	3.000000000000000e-06	3.000000000000000e-06
3.609087e+07	6.751488271670660e-03	5.607559255904224e-03	3.000000000000000e-06	3.000000000000000e-06
3.675065e+07	6.730847408349288e-03	5.596535745758426e-03	3.000000000000000e-06	3.000000000000000e-06
3.742255e+07	6.710275103056209e-03	5.585534896930700e-03	3.000000000000000e-06	3.000000000000000e-06
3.810678e+07	6.689771218342870e-03	5.574556682140931e-03	3.000000000000000e-06	3.000000000000000e-06
3.880357e+07	6.669335617832575e-03	5.563601074262300e-03	3.000000000000000e-06	3.000000000000000e-06
3.951316e+07	6.648968166229629e-03	5.552668046323548e-03	3.000000000000000e-06	3.000000000000000e-06
4.023577e+07	6.628668729328503e-03	5.541757571511236e-03	3.000000000000000e-06	3.000000000000000e-06
4.097165e+07	6.608437174023069e-03	5.530869623172028e-03	3.000000000000000e-06	3.000000000000000e-06
4.172105e+07	6.588273368315883e-03	5.520004174814955e-03	3.000000000000000e-06	3.000000000000000e-06
4.248420e+07	6.568177181327518e-03	5.509161200113715e-03	3.000000000000000e-06	3.000000000000000e-06
4.326138e+07	6.548148483305955e-03	5.498340672908957e-03	3.000000000000000e-06	3.000000000000000e-06
4.405283e+07	6.528187145636035e-03	5.487542567210586e-03	3.000000000000000e-06	3.000000000000000e-06
4.485882e+07	6.508293040848954e-03	5.476766857200070e-03	3.000000000000000e-06	3.000000000000000e-06
4.567961e+07	6.488466042631842e-03	5.466013517232755e-03	3.000000000000000e-06	3.000000000000000e-06
4.651549e+07	6.468706025837374e-03	5.455282521840196e-03	3.000000000000000e-06	3.000000000000000e-06
4.736672e+07	6.449012866493470e-03	5.444573845732485e-03	3.000000000000000e-06	3.000000000000000e-06
4.823360e+07	6.429386441813035e-03	5.433887463800602e-03	3.000000000000000e-06	3.000000000000000e-06
4.911641e+07	6.409826630203781e-03	5.423223351118763e-03	3.000000000000000e-06	3.000000000000000e-06
5.001544e+07	6.390333311278105e-03	5.412581482946786e-03	3.000000000000000e-06	3.000000000000000e-06
5.093100e+07	6.370906365863038e-03	5.401961834732466e-03	3.000000000000000e-06	3.000000000000000e-06
5.186339e+07	6.351545676010259e-03	5.391364382113962e-03	3.000000000000000e-06	3.000000000000000e-06
5.281292e+07	6.332251125006186e-03	5.380789100922189e-03	3.000000000000000e-06	3.000000000000000e-06
5.377990e+07	6.313022597382128e-03	5.370235967183229e-03	3.000000000000000e-06	3.000000000000000e-06
5.476466e+07	6.293859978924514e-03	5.359704957120751e-03	3.000000000000000e-06	3.000000000000000e-06
5.576754e+07	6.274763156685200e-03	5.349196047158446e-03	3.000000000000000e-06	3.000000000000000e-06
5.678885e+07	6.255732018991838e-03	5.338709213922464e-03	3.000000000000000e-06	3.000000000000000e-06
5.782895e+07	6.236766455458334e-03	5.328244434243878e-03	3.000000000000000e-06	3.000000000000000e-06
5.888817e+07	6.217866356995371e-03	5.317801685161157e-03	3.000000000000000e-06	3.000000000000000e-06
5.996689e+07	6.199031615821021e-03	5.307380943922645e-03	3.000000000000000e-06	3.000000000000000e-06
6.106544e+07	6.180262125471426e-03	5.296982187989066e-03	3.000000000000000e-06	3.000000000000000e-06
6.218420e+07	6.161557780811565e-03	5.286605395036030e-03	3.000000000000000e-06	3.000000000000000e-06
6.332355e+07	6.142918478046099e-03	5.276250542956571e-03	3.000000000000000e-06	3.000000000000000e-06
6.448386e+07	6.124344114730299e-03	5.265917609863684e-03	3.000000000000000e-06	3.000000000000000e-06
6.566552e+07	6.105834589781063e-03	5.255606574092884e-03	3.000000000000000e-06	3.000000000000000e-06
6.686893e+07	6.087389803488000e-03	5.245317414204784e-03	3.000000000000000e-06	3.000000000000000e-06
6.809449e+07	6.069009657524620e-03	5.235050108987686e-03	3.000000000000000e-06	3.000000000000000e-06
6.934260e+07	6.050694054959601e-03	5.224804637460183e-03	3.000000000000000e-06	3.000000000000000e-06
7.061369e+07	6.032442900268133e-03	5.214580978873792e-03	3.000000000000000e-06	3.000000000000000e-06
7.190818e+07	6.014256099343372e-03	5.204379112715590e-03	3.000000000000000e-06	3.000000000000000e-06
7.322650e+07	5.996133559507959e-03	5.194199018710876e-03	3.000000000000000e-06	3.000000000000000e-06
7.456909e+07	5.978075189525648e-03	5.184040676825849e-03	3.000000000000000e-06	3.000000000000000e-06
7.593640e+07	5.960080899613013e-03	5.173904067270304e-03	3.000000000000000e-06	3.000000000000000e-06
7.732890e+07	5.942150601451249e-03	5.163789170500346e-03	3.000000000000000e-06	3.000000000000000e-06
7.874703e+07	5.924284208198068e-03	5.153695967221123e-03	3.000000000000000e-06	3.000000000000000e-06
8.019129e+07	5.906481634499684e-03	5.143624438389586e-03	3.000000000000000e-06	3.000000000000000e-06
8.166215e+07	5.888742796502895e-03	5.133574565217252e-03	3.000000000000000e-06	3.000000000000000e-06
8.316010e+07	5.871067611867252e-03	5.123546329173011e-03	3.000000000000000e-06	3.000000000000000e-06
8.468564e+07	5.853455999777338e-03	5.113539711985924e-03	3.000000000000000e-06	3.000000000000000e-06
8.623930e+07	5.835907880955124e-03	5.103554695648074e-03	3.000000000000000e-06	3.000000000000000e-06
8.782158e+07	5.818423177672435e-03	5.093591262417415e-03	3.000000000000000e-06	3.000000000000000e-06
8.943301e+07	5.801001813763507e-03	5.083649394820649e-03	3.000000000000000e-06	3.000000000000000e-06
9.107414e+07	5.783643714637641e-03	5.073729075656132e-03	3.000000000000000e-06	3.000000000000000e-06
9.274552e+07	5.766348807291957e-03	5.063830287996791e-03	3.000000000000000e-06	3.000000000000000e-06
9.444770e+07	5.749117020324246e-03	5.053953015193076e-03	3.000000000000000e-06	3.000000000000000e-06
9.618125e+07	5.731948283945916e-03	5.044097240875922e-03	3.000000000000000e-06	3.000000000000000e-06
9.794676e+07	5.714842529995046e-03	5.034262948959749e-03	3.000000000000000e-06	3.000000000000000e-06
9.974482e+07	5.697799691949533e-03	5.024450123645471e-03	3.000000000000000e-06	3.000000000000000e-06
1.000000e+08	5.695436581566645e-03	5.023086848903999e-03	3.000000000000000e-06	3.000000000000000e-06
1.018650e+08	5.678196136285183e-03	5.013143279358746e-03	3.000000000000000e-06	3.000000000000000e-06
1.037347e+08	5.661293534989561e-03	5.003379477363673e-03	3.000000000000000e-06	3.000000000000000e-06
1.056395e+08	5.644448669375520e-03	4.993634222265169e-03	3.000000000000000e-06	3.000000000000000e-06
1.075794e+08	5.627666551462527e-03	4.983910423383854e-03	3.000000000000000e-06	3.000000000000000e-06
1.095550e+08	5.610947031515269e-03	4.974208013395591e-03	3.000000000000000e-06	3.000000000000000e-06
1.115672e+08	5.594290055064839e-03	4.964526979295228e-03	3.000000000000000e-06	3.000000000000000e-06
1.136164e+08	5.577695567684376e-03	4.954867307406348e-03	3.000000000000000e-06	3.000000000000000e-06
1.157034e+08	5.561163516728509e-03	4.945228984382363e-03	3.000000000000000e-06	3.000000000000000e-06
1.178289e+08	5.544693851316165e-03	4.935611997191657e-03	3.000000000000000e-06	3.000000000000000e-06
1.199937e+08	5.528286522345297e-03	4.926016333121192e-03	3.000000000000000e-06	3.000000000000000e-06
1.221983e+08	5.511941482507145e-03	4.916441979779820e-03	3.000000000000000e-06	3.000000000000000e-06
1.244437e+08	5.495658686300601e-03	4.906888925101615e-03	3.000000000000000e-06	3.000000000000000e-06
1.267305e+08	5.479438090046675e-03	4.897357157349238e-03	3.000000000000000e-06	3.000000000000000e-06
1.290595e+08	5.463279651903061e-03	4.887846665117338e-03	3.000000000000000e-06	3.000000000000000e-06
1.314315e+08	5.447183331878803e-03	4.878357437335979e-03	3.000000000000000e-06	3.000000000000000e-06
1.338473e+08	5.431149091849055e-03	4.868889463274087e-03	3.000000000000000e-06	3.000000000000000e-06
1.363076e+08	5.415176895569942e-03	4.859442732542948e-03	3.000000000000000e-06	3.000000000000000e-06
1.388134e+08	5.399266708693518e-03	4.850017235099716e-03	3.000000000000000e-06	3.000000000000000e-06
1.413655e+08	5.383418498782818e-03	4.840612961250965e-03	3.000000000000000e-06	3.000000000000000e-06
1.439647e+08	5.367632235327011e-03	4.831229901656273e-03	3.000000000000000e-06	3.000000000000000e-06
1.466118e+08	5.351907889756640e-03	4.821868047331828e-03	3.000000000000000e-06	3.000000000000000e-06
1.493079e+08	5.336245435458960e-03	4.812527389654074e-03	3.000000000000000e-06	3.000000000000000e-06
1.520537e+08	5.320644847793373e-03	4.803207920363394e-03	3.000000000000000e-06	3.000000000000000e-06
1.548503e+08	5.305106104106945e-03	4.793909631567814e-03	3.000000000000000e-06	3.000000000000000e-06
1.576985e+08	5.289629183750022e-03	4.784632515746751e-03	3.000000000000000e-06	3.000000000000000e-06
1.605993e+08	5.274214068091932e-03	4.775376565754791e-03	3.000000000000000e-06	3.000000000000000e-06
1.635537e+08	5.258860740536777e-03	4.766141774825498e-03	3.000000000000000e-06	3.000000000000000e-06
1.665627e+08	5.243569186539307e-03	4.756928136575270e-03	3.000000000000000e-06	3.000000000000000e-06
1.696273e+08	5.228339393620885e-03	4.747735645007212e-03	3.000000000000000e-06	3.000000000000000e-06
1.727486e+08	5.213171351385533e-03	4.738564294515063e-03	3.000000000000000e-06	3.000000000000000e-06
1.759275e+08	5.198065051536054e-03	4.729414079887142e-03	3.000000000000000e-06	3.000000000000000e-06
1.791651e+08	5.183020487890249e-03	4.720284996310345e-03	3.000000000000000e-06	3.000000000000000e-06
1.824626e+08	5.168037656397197e-03	4.711177039374169e-03	3.000000000000000e-06	3.000000000000000e-06
1.858210e+08	5.153116555153620e-03	4.702090205074781e-03	3.000000000000000e-06	3.000000000000000e-06
1.892416e+08	5.138257184420315e-03	4.693024489819111e-03	3.000000000000000e-06	3.000000000000000e-06
1.927253e+08	5.123459546638670e-03	4.683979890429003e-03	3.000000000000000e-06	3.000000000000000e-06
1.962735e+08	5.108723646447232e-03	4.674956404145386e-03	3.000000000000000e-06	3.000000000000000e-06
1.998872e+08	5.094049490698363e-03	4.665954028632492e-03	3.000000000000000e-06	3.000000000000000e-06
2.035678e+08	5.079437088474944e-03	4.656972761982117e-03	3.000000000000000e-06	3.000000000000000e-06
2.073164e+08	5.064886451107144e-03	4.648012602717910e-03	3.000000000000000e-06	3.000000000000000e-06
2.111344e+08	5.050397592189262e-03	4.639073549799715e-03	3.000000000000000e-06	3.000000000000000e-06
2.150230e+08	5.035970527596604e-03	4.630155602627941e-03	3.000000000000000e-06	3.000000000000000e-06
2.189835e+08	5.021605275502431e-03	4.621258761047984e-03	3.000000000000000e-06	3.000000000000000e-06
2.230172e+08	5.007301856394947e-03	4.612383025354680e-03	3.000000000000000e-06	3.000000000000000e-06
2.271256e+08	4.993060293094340e-03	4.603528396296810e-03	3.000000000000000e-06	3.000000000000000e-06
2.313100e+08	4.978880610769866e-03	4.594694875081635e-03	3.000000000000000e-06	3.000000000000000e-06
2.355718e+08	4.964762836956967e-03	4.585882463379484e-03	3.000000000000000e-06	3.000000000000000e-06
2.399124e+08	4.950707001574435e-03	4.577091163328377e-03	3.000000000000000e-06	3.000000000000000e-06
2.443334e+08	4.936713136941601e-03	4.568320977538697e-03	3.000000000000000e-06	3.000000000000000e-06
2.488362e+08	4.922781277795555e-03	4.559571909097901e-03	3.000000000000000e-06	3.000000000000000e-06
2.534223e+08	4.908911461308397e-03	4.550843961575276e-03	3.000000000000000e-06	3.000000000000000e-06
2.580933e+08	4.895103727104497e-03	4.542137139026741e-03	3.000000000000000e-06	3.000000000000000e-06
2.628507e+08	4.881358117277777e-03	4.533451445999689e-03	3.000000000000000e-06	3.000000000000000e-06
2.676962e+08	4.867674676409008e-03	4.524786887537883e-03	3.000000000000000e-06	3.000000000000000e-06
2.726315e+08	4.854053451583112e-03	4.516143469186387e-03	3.000000000000000e-06	3.000000000000000e-06
2.776580e+08	4.840494492406456e-03	4.507521196996548e-03	3.000000000000000e-06	3.000000000000000e-06
2.827777e+08	4.826997851024160e-03	4.498920077531026e-03	3.000000000000000e-06	3.000000000000000e-06
2.879921e+08	4.813563582137385e-03	4.490340117868861e-03	3.000000000000000e-06	3.000000000000000e-06
2.933031e+08	4.800191743020609e-03	4.481781325610607e-03	3.000000000000000e-06	3.000000000000000e-06
2.987125e+08	4.786882393538888e-03	4.473243708883484e-03	3.000000000000000e-06	3.000000000000000e-06
3.042220e+08	4.773635596165090e-03	4.464727276346605e-03	3.000000000000000e-06	3.000000000000000e-06
3.098336e+08	4.760451415997098e-03	4.456232037196238e-03	3.000000000000000e-06	3.000000000000000e-06
3.155491e+08	4.747329920774972e-03	4.447758001171114e-03	3.000000000000000e-06	3.000000000000000e-06
3.213705e+08	4.734271180898082e-03	4.439305178557790e-03	3.000000000000000e-06	3.000000000000000e-06
3.272997e+08	4.721275269442177e-03	4.430873580196060e-03	3.000000000000000e-06	3.000000000000000e-06
3.333388e+08	4.708342262176401e-03	4.422463217484412e-03	3.000000000000000e-06	3.000000000000000e-06
3.394897e+08	4.695472237580258e-03	4.414074102385540e-03	3.000000000000000e-06	3.000000000000000e-06
3.457547e+08	4.682665276860491e-03	4.405706247431899e-03	3.000000000000000e-06	3.000000000000000e-06
3.521357e+08	4.669921463967892e-03	4.397359665731319e-03	3.000000000000000e-06	3.000000000000000e-06
3.586350e+08	4.657240885614034e-03	4.389034370972661e-03	3.000000000000000e-06	3.000000000000000e-06
3.652547e+08	4.644623631287901e-03	4.380730377431535e-03	3.000000000000000e-06	3.000000000000000e-06
3.719972e+08	4.632069793272420e-03	4.372447699976054e-03	3.000000000000000e-06	3.000000000000000e-06
3.788646e+08	4.619579466660894e-03	4.364186354072659e-03	3.000000000000000e-06	3.000000000000000e-06
3.858593e+08	4.607152749373313e-03	4.355946355791977e-03	3.000000000000000e-06	3.000000000000000e-06
3.929836e+08	4.594789742172540e-03	4.347727721814747e-03	3.000000000000000e-06	3.000000000000000e-06
4.002401e+08	4.582490548680366e-03	4.339530469437789e-03	3.000000000000000e-06	3.000000000000000e-06
4.076311e+08	4.570255275393429e-03	4.331354616580032e-03	3.000000000000000e-06	3.000000000000000e-06
4.151591e+08	4.558084031698977e-03	4.323200181788589e-03	3.000000000000000e-06	3.000000000000000e-06
4.228268e+08	4.545976929890470e-03	4.315067184244892e-03	3.000000000000000e-06	3.000000000000000e-06
4.306366e+08	4.533934085183020e-03	4.306955643770882e-03	3.000000000000000e-06	3.000000000000000e-06
4.385913e+08	4.521955615728649e-03	4.298865580835240e-03	3.000000000000000e-06	3.000000000000000e-06
4.466935e+08	4.510041642631356e-03	4.290797016559693e-03	3.000000000000000e-06	3.000000000000000e-06
4.549460e+08	4.498192289961993e-03	4.282749972725357e-03	3.000000000000000e-06	3.000000000000000e-06
4.633515e+08	4.486407684772925e-03	4.274724471779148e-03	3.000000000000000e-06	3.000000000000000e-06
4.719130e+08	4.474687957112477e-03	4.266720536840235e-03	3.000000000000000e-06	3.000000000000000e-06
4.806334e+08	4.463033240039144e-03	4.258738191706566e-03	3.000000000000000e-06	3.000000000000000e-06
4.895155e+08	4.451443669635572e-03	4.250777460861431e-03	3.000000000000000e-06	3.000000000000000e-06
4.985624e+08	4.439919385022274e-03	4.242838369480096e-03	3.000000000000000e-06	3.000000000000000e-06
5.077773e+08	4.428460528371093e-03	4.234920943436486e-03	3.000000000000000e-06	3.000000000000000e-06
5.171631e+08	4.417067244918386e-03	4.227025209309924e-03	3.000000000000000e-06	3.000000000000000e-06
5.267231e+08	4.405739682977922e-03	4.219151194391934e-03	3.000000000000000e-06	3.000000000000000e-06
5.364605e+08	4.394477993953481e-03	4.211298926693090e-03	3.000000000000000e-06	3.000000000000000e-06
5.463787e+08	4.383282332351147e-03	4.203468434949933e-03	3.000000000000000e-06	3.000000000000000e-06
5.564810e+08	4.372152855791270e-03	4.195659748631937e-03	3.000000000000000e-06	3.000000000000000e-06
5.667708e+08	4.361089725020100e-03	4.187872897948537e-03	3.000000000000000e-06	3.000000000000000e-06
5.772516e+08	4.350093103921067e-03	4.180107913856214e-03	3.000000000000000e-06	3.000000000000000e-06
5.879270e+08	4.339163159525707e-03	4.172364828065636e-03	3.000000000000000e-06	3.000000000000000e-06
5.988007e+08	4.328300062024200e-03	4.164643673048863e-03	3.000000000000000e-06	3.000000000000000e-06
6.098762e+08	4.317503984775537e-03	4.156944482046596e-03	3.000000000000000e-06	3.000000000000000e-06
6.211575e+08	4.306775104317271e-03	4.149267289075506e-03	3.000000000000000e-06	3.000000000000000e-06
6.326482e+08	4.296113600374856e-03	4.141612128935596e-03	3.000000000000000e-06	3.000000000000000e-06
6.443523e+08	4.285519655870568e-03	4.133979037217648e-03	3.000000000000000e-06	3.000000000000000e-06
6.562738e+08	4.274993456931960e-03	4.126368050310704e-03	3.000000000000000e-06	3.000000000000000e-06
6.684168e+08	4.264535192899879e-03	4.118779205409619e-03	3.000000000000000e-06	3.000000000000000e-06
6.807853e+08	4.254145056336004e-03	4.111212540522676e-03	3.000000000000000e-06	3.000000000000000e-06
6.933836e+08	4.243823243029886e-03	4.103668094479249e-03	3.000000000000000e-06	3.000000000000000e-06
7.062160e+08	4.233569952005507e-03	4.096145906937525e-03	3.000000000000000e-06	3.000000000000000e-06
7.192867e+08	4.223385385527301e-03	4.088646018392299e-03	3.000000000000000e-06	3.000000000000000e-06
7.326004e+08	4.213269749105654e-03	4.081168470182810e-03	3.000000000000000e-06	3.000000000000000e-06
7.461614e+08	4.203223251501852e-03	4.073713304500647e-03	3.000000000000000e-06	3.000000000000000e-06
7.599744e+08	4.193246104732471e-03	4.066280564397712e-03	3.000000000000000e-06	3.000000000000000e-06
7.740442e+08	4.183338524073180e-03	4.058870293794230e-03	3.000000000000000e-06	3.000000000000000e-06
7.883754e+08	4.173500728061955e-03	4.051482537486842e-03	3.000000000000000e-06	3.000000000000000e-06
8.029730e+08	4.163732938501686e-03	4.044117341156725e-03	3.000000000000000e-06	3.000000000000000e-06
8.178420e+08	4.154035380462141e-03	4.036774751377802e-03	3.000000000000000e-06	3.000000000000000e-06
8.329873e+08	4.144408282281316e-03	4.029454815624983e-03	3.000000000000000e-06	3.000000000000000e-06
8.484142e+08	4.134851875566099e-03	4.022157582282481e-03	3.000000000000000e-06	3.000000000000000e-06
8.641280e+08	4.125366395192276e-03	4.014883100652183e-03	3.000000000000000e-06	3.000000000000000e-06
8.801339e+08	4.115952079303840e-03	4.007631420962069e-03	3.000000000000000e-06	3.000000000000000e-06
8.964374e+08	4.106609169311599e-03	4.000402594374701e-03	3.000000000000000e-06	3.000000000000000e-06
9.130440e+08	4.097337909891052e-03	3.993196672995765e-03	3.000000000000000e-06	3.000000000000000e-06
9.299595e+08	4.088138548979531e-03	3.986013709882662e-03	3.000000000000000e-06	3.000000000000000e-06
9.471896e+08	4.079011337772593e-03	3.978853759053168e-03	3.000000000000000e-06	3.000000000000000e-06
9.647402e+08	4.069956530719628e-03	3.971716875494141e-03	3.000000000000000e-06	3.000000000000000e-06
9.826171e+08	4.060974385518689e-03	3.964603115170292e-03	3.000000000000000e-06	3.000000000000000e-06
1.000000e+09	4.052470038370720e-03	3.957834700462331e-03	3.000000000000000e-06	3.000000000000000e-06
