#t[yr]	ecc	inc	eachmass	totalmass
0.000000e+00	3.000000000000000e-02	1.500000000000000e-02	3.000000000000000e-06	3.000000000000000e-06
1.000000e-03	2.999999612459724e-02	1.499999857918667e-02	3.000000000000000e-06	3.000000000000000e-06
1.000000e-02	2.999996124603890e-02	1.499998579188870e-02	3.000000000000000e-06	3.000000000000000e-06
1.000000e-01	2.999961246624298e-02	1.499985792083219e-02	3.000000000000000e-06	3.000000000000000e-06
1.000000e+00	2.999612524694515e-02	1.499857940256726e-02	3.000000000000000e-06	3.000000000000000e-06
3.081496e+00	2.998807705745158e-02	1.499562788823850e-02	3.000000000000000e-06	3.000000000000000e-06
5.176187e+00	2.998001845885590e-02	1.499267056062744e-02	3.000000000000000e-06	3.000000000000000e-06
7.301494e+00	2.997188307515985e-02	1.498968305832508e-02	3.000000000000000e-06	3.000000000000000e-06
9.457692e+00	2.996367117507125e-02	1.498666544393960e-02	3.000000000000000e-06	3.000000000000000e-06
1.000000e+01	2.996161653391983e-02	1.498590990401877e-02	3.000000000000000e-06	3.000000000000000e-06
1.221959e+01	2.995321702154249e-02	1.498282078171367e-02	3.000000000000000e-06	3.000000000000000e-06
1.444722e+01	2.994483098276634e-02	1.497973453997985e-02	3.000000000000000e-06	3.000000000000000e-06
1.670787e+01	2.993636482352187e-02	1.497661674483288e-02	3.000000000000000e-06	3.000000000000000e-06
1.900175e+01	2.992781919718857e-02	1.497346760073377e-02	3.000000000000000e-06	3.000000000000000e-06
2.132944e+01	2.991919337553284e-02	1.497028680390594e-02	3.000000000000000e-06	3.000000000000000e-06
2.369153e+01	2.991048664501320e-02	1.496707405587864e-02	3.000000000000000e-06	3.000000000000000e-06
2.608862e+01	2.990169828631920e-02	1.496382905596880e-02	3.000000000000000e-06	3.000000000000000e-06
2.852132e+01	2.989282757465395e-02	1.496055150139759e-02	3.000000000000000e-06	3.000000000000000e-06
3.099027e+01	2.988387377971297e-02	1.495724108729538e-02	3.000000000000000e-06	3.000000000000000e-06
3.349610e+01	2.987483616566817e-02	1.495389750670905e-02	3.000000000000000e-06	3.000000000000000e-06
3.603946e+01	2.986571399115276e-02	1.495052045060999e-02	3.000000000000000e-06	3.000000000000000e-06
3.862102e+01	2.985650650924697e-02	1.494710960790276e-02	3.000000000000000e-06	3.000000000000000e-06
4.124145e+01	2.984721296746461e-02	1.494366466543448e-02	3.000000000000000e-06	3.000000000000000e-06
4.390146e+01	2.983783260774065e-02	1.494018530800495e-02	3.000000000000000e-06	3.000000000000000e-06
4.660174e+01	2.982836466641977e-02	1.493667121837750e-02	3.000000000000000e-06	3.000000000000000e-06
4.934302e+01	2.981880837424588e-02	1.493312207729059e-02	3.000000000000000e-06	3.000000000000000e-06
5.212603e+01	2.980916295635271e-02	1.492953756347020e-02	3.000000000000000e-06	3.000000000000000e-06
5.495153e+01	2.979942763225547e-02	1.492591735364300e-02	3.000000000000000e-06	3.000000000000000e-06
5.782028e+01	2.978960161584370e-02	1.492226112255030e-02	3.000000000000000e-06	3.000000000000000e-06
6.073307e+01	2.977968411537520e-02	1.491856854296285e-02	3.000000000000000e-06	3.000000000000000e-06
6.369069e+01	2.976967433347126e-02	1.491483928569642e-02	3.000000000000000e-06	3.000000000000000e-06
6.669396e+01	2.975957146711307e-02	1.491107301962826e-02	3.000000000000000e-06	3.000000000000000e-06
6.974372e+01	2.974937470763947e-02	1.490726941171445e-02	3.000000000000000e-06	3.000000000000000e-06
7.284081e+01	2.973908324074601e-02	1.490342812700801e-02	3.000000000000000e-06	3.000000000000000e-06
7.598610e+01	2.972869624648549e-02	1.489954882867804e-02	3.000000000000000e-06	3.000000000000000e-06
7.918048e+01	2.971821289926979e-02	1.489563117802965e-02	3.000000000000000e-06	3.000000000000000e-06
8.242485e+01	2.970763236787328e-02	1.489167483452488e-02	3.000000000000000e-06	3.000000000000000e-06
8.572013e+01	2.969695381543776e-02	1.488767945580451e-02	3.000000000000000e-06	3.000000000000000e-06
8.906728e+01	2.968617639947898e-02	1.488364469771085e-02	3.000000000000000e-06	3.000000000000000e-06
9.246725e+01	2.967529927189469e-02	1.487957021431144e-02	3.000000000000000e-06	3.000000000000000e-06
9.592102e+01	2.966432157897456e-02	1.487545565792379e-02	3.000000000000000e-06	3.000000000000000e-06
9.942961e+01	2.965324246141168e-02	1.487130067914107e-02	3.000000000000000e-06	3.000000000000000e-06
1.000000e+02	2.965145345342058e-02	1.487062933843592e-02	3.000000000000000e-06	3.000000000000000e-06
1.036213e+02	2.964010567321169e-02	1.486637076873984e-02	3.000000000000000e-06	3.000000000000000e-06
1.072518e+02	2.962880545513543e-02	1.486212759653362e-02	3.000000000000000e-06	3.000000000000000e-06
1.109413e+02	2.961739864508562e-02	1.485784198005107e-02	3.000000000000000e-06	3.000000000000000e-06
1.146900e+02	2.960588680213000e-02	1.485351447923899e-02	3.000000000000000e-06	3.000000000000000e-06
1.184990e+02	2.959426899925887e-02	1.484914472157356e-02	3.000000000000000e-06	3.000000000000000e-06
1.223695e+02	2.958254434360643e-02	1.484473234786766e-02	3.000000000000000e-06	3.000000000000000e-06
1.263028e+02	2.957071193621430e-02	1.484027699718603e-02	3.000000000000000e-06	3.000000000000000e-06
1.302998e+02	2.955877087270438e-02	1.483577830712186e-02	3.000000000000000e-06	3.000000000000000e-06
1.343620e+02	2.954672024329860e-02	1.483123591382839e-02	3.000000000000000e-06	3.000000000000000e-06
1.384904e+02	2.953455913285162e-02	1.482664945205552e-02	3.000000000000000e-06	3.000000000000000e-06
1.426865e+02	2.952228662088560e-02	1.482201855518750e-02	3.000000000000000e-06	3.000000000000000e-06
1.469515e+02	2.950990178162758e-02	1.481734285528185e-02	3.000000000000000e-06	3.000000000000000e-06
1.512867e+02	2.949740368404929e-02	1.481262198310937e-02	3.000000000000000e-06	3.000000000000000e-06
1.556935e+02	2.948479139190960e-02	1.480785556819533e-02	3.000000000000000e-06	3.000000000000000e-06
1.601732e+02	2.947206396379963e-02	1.480304323886193e-02	3.000000000000000e-06	3.000000000000000e-06
1.647274e+02	2.945922045319055e-02	1.479818462227188e-02	3.000000000000000e-06	3.000000000000000e-06
1.693574e+02	2.944625990848421e-02	1.479327934447326e-02	3.000000000000000e-06	3.000000000000000e-06
1.740646e+02	2.943318137306664e-02	1.478832703044552e-02	3.000000000000000e-06	3.000000000000000e-06
1.788507e+02	2.941998388536447e-02	1.478332730414684e-02	3.000000000000000e-06	3.000000000000000e-06
1.837172e+02	2.940666647890436e-02	1.477827978856261e-02	3.000000000000000e-06	3.000000000000000e-06
1.886656e+02	2.939322818237553e-02	1.477318410575526e-02	3.000000000000000e-06	3.000000000000000e-06
1.936976e+02	2.937966801969543e-02	1.476803987691530e-02	3.000000000000000e-06	3.000000000000000e-06
1.988147e+02	2.936598501007861e-02	1.476284672241370e-02	3.000000000000000e-06	3.000000000000000e-06
2.040188e+02	2.935217816810896e-02	1.475760426185544e-02	3.000000000000000e-06	3.000000000000000e-06
2.093114e+02	2.933824650381525e-02	1.475231211413449e-02	3.000000000000000e-06	3.000000000000000e-06
2.146944e+02	2.932418902275016e-02	1.474696989749001e-02	3.000000000000000e-06	3.000000000000000e-06
2.201696e+02	2.931000472607283e-02	1.474157722956387e-02	3.000000000000000e-06	3.000000000000000e-06
2.257387e+02	2.929569261063500e-02	1.473613372745947e-02	3.000000000000000e-06	3.000000000000000e-06
2.314038e+02	2.928125166907082e-02	1.473063900780194e-02	3.000000000000000e-06	3.000000000000000e-06
2.371666e+02	2.926668088989046e-02	1.472509268679962e-02	3.000000000000000e-06	3.000000000000000e-06
2.430291e+02	2.925197925757744e-02	1.471949438030685e-02	3.000000000000000e-06	3.000000000000000e-06
2.489934e+02	2.923714575268999e-02	1.471384370388819e-02	3.000000000000000e-06	3.000000000000000e-06
2.550615e+02	2.922217935196630e-02	1.470814027288388e-02	3.000000000000000e-06	3.000000000000000e-06
2.612355e+02	2.920707902843384e-02	1.470238370247671e-02	3.000000000000000e-06	3.000000000000000e-06
2.675176e+02	2.919184375152285e-02	1.469657360776021e-02	3.000000000000000e-06	3.000000000000000e-06
2.739098e+02	2.917647248718399e-02	1.469070960380822e-02	3.000000000000000e-06	3.000000000000000e-06
2.804146e+02	2.916096419801028e-02	1.468479130574578e-02	3.000000000000000e-06	3.000000000000000e-06
2.870340e+02	2.914531784336341e-02	1.467881832882139e-02	3.000000000000000e-06	3.000000000000000e-06
2.937705e+02	2.912953237950445e-02	1.467279028848062e-02	3.000000000000000e-06	3.000000000000000e-06
3.006265e+02	2.911360675972912e-02	1.466670680044111e-02	3.000000000000000e-06	3.000000000000000e-06
3.076045e+02	2.909753993450753e-02	1.466056748076884e-02	3.000000000000000e-06	3.000000000000000e-06
3.147068e+02	2.908133085162870e-02	1.465437194595587e-02	3.000000000000000e-06	3.000000000000000e-06
3.219361e+02	2.906497845634966e-02	1.464811981299927e-02	3.000000000000000e-06	3.000000000000000e-06
3.292949e+02	2.904848169154943e-02	1.464181069948160e-02	3.000000000000000e-06	3.000000000000000e-06
3.367860e+02	2.903183949788783e-02	1.463544422365250e-02	3.000000000000000e-06	3.000000000000000e-06
3.444121e+02	2.901505081396916e-02	1.462902000451182e-02	3.000000000000000e-06	3.000000000000000e-06
3.521759e+02	2.899811457651096e-02	1.462253766189394e-02	3.000000000000000e-06	3.000000000000000e-06
3.600803e+02	2.898102972051773e-02	1.461599681655346e-02	3.000000000000000e-06	3.000000000000000e-06
3.681282e+02	2.896379517945982e-02	1.460939709025222e-02	3.000000000000000e-06	3.000000000000000e-06
3.763226e+02	2.894640988545745e-02	1.460273810584762e-02	3.000000000000000e-06	3.000000000000000e-06
3.846666e+02	2.892887276946995e-02	1.459601948738216e-02	3.000000000000000e-06	3.000000000000000e-06
3.931632e+02	2.891118276149040e-02	1.458924086017436e-02	3.000000000000000e-06	3.000000000000000e-06
4.018156e+02	2.889333879074541e-02	1.458240185091092e-02	3.000000000000000e-06	3.000000000000000e-06
4.106272e+02	2.887533978590047e-02	1.457550208774009e-02	3.000000000000000e-06	3.000000000000000e-06
4.196012e+02	2.885718467527063e-02	1.456854120036632e-02	3.000000000000000e-06	3.000000000000000e-06
4.287411e+02	2.883887238703669e-02	1.456151882014615e-02	3.000000000000000e-06	3.000000000000000e-06
4.380502e+02	2.882040184946693e-02	1.455443458018524e-02	3.000000000000000e-06	3.000000000000000e-06
4.475322e+02	2.880177199114441e-02	1.454728811543670e-02	3.000000000000000e-06	3.000000000000000e-06
4.571908e+02	2.878298174119981e-02	1.454007906280046e-02	3.000000000000000e-06	3.000000000000000e-06
4.670296e+02	2.876403002954992e-02	1.453280706122388e-02	3.000000000000000e-06	3.000000000000000e-06
4.770524e+02	2.874491578714191e-02	1.452547175180347e-02	3.000000000000000e-06	3.000000000000000e-06
4.872631e+02	2.872563794620304e-02	1.451807277788766e-02	3.000000000000000e-06	3.000000000000000e-06
4.976658e+02	2.870619544049634e-02	1.451060978518076e-02	3.000000000000000e-06	3.000000000000000e-06
5.082645e+02	2.868658720558180e-02	1.450308242184781e-02	3.000000000000000e-06	3.000000000000000e-06
5.190632e+02	2.866681217908342e-02	1.449549033862062e-02	3.000000000000000e-06	3.000000000000000e-06
5.300664e+02	2.864686930096192e-02	1.448783318890469e-02	3.000000000000000e-06	3.000000000000000e-06
5.412783e+02	2.862675751379327e-02	1.448011062888714e-02	3.000000000000000e-06	3.000000000000000e-06
5.527034e+02	2.860647576305288e-02	1.447232231764559e-02	3.000000000000000e-06	3.000000000000000e-06
5.643462e+02	2.858602299740556e-02	1.446446791725787e-02	3.000000000000000e-06	3.000000000000000e-06
5.762115e+02	2.856539816900120e-02	1.445654709291269e-02	3.000000000000000e-06	3.000000000000000e-06
5.883038e+02	2.854460023377615e-02	1.444855951302105e-02	3.000000000000000e-06	3.000000000000000e-06
6.006281e+02	2.852362815176023e-02	1.444050484932850e-02	3.000000000000000e-06	3.000000000000000e-06
6.131894e+02	2.850248088738944e-02	1.443238277702808e-02	3.000000000000000e-06	3.000000000000000e-06
6.259928e+02	2.848115740982426e-02	1.442419297487410e-02	3.000000000000000e-06	3.000000000000000e-06
6.390433e+02	2.845965669327352e-02	1.441593512529641e-02	3.000000000000000e-06	3.000000000000000e-06
6.523464e+02	2.843797771732371e-02	1.440760891451545e-02	3.000000000000000e-06	3.000000000000000e-06
6.659075e+02	2.841611946727388e-02	1.439921403265775e-02	3.000000000000000e-06	3.000000000000000e-06
6.797322e+02	2.839408093447585e-02	1.439075017387207e-02	3.000000000000000e-06	3.000000000000000e-06
6.938260e+02	2.837186111667974e-02	1.438221703644593e-02	3.000000000000000e-06	3.000000000000000e-06
7.081949e+02	2.834945901838480e-02	1.437361432292262e-02	3.000000000000000e-06	3.000000000000000e-06
7.228447e+02	2.832687365119537e-02	1.436494174021853e-02	3.000000000000000e-06	3.000000000000000e-06
7.377815e+02	2.830410403418190e-02	1.435619899974092e-02	3.000000000000000e-06	3.000000000000000e-06
7.530115e+02	2.828114919424700e-02	1.434738581750579e-02	3.000000000000000e-06	3.000000000000000e-06
7.685411e+02	2.825800816649632e-02	1.433850191425608e-02	3.000000000000000e-06	3.000000000000000e-06
7.843767e+02	2.823467999461415e-02	1.432954701558000e-02	3.000000000000000e-06	3.000000000000000e-06
8.005250e+02	2.821116373124374e-02	1.432052085202943e-02	3.000000000000000e-06	3.000000000000000e-06
8.169928e+02	2.818745843837203e-02	1.431142315923831e-02	3.000000000000000e-06	3.000000000000000e-06
8.337869e+02	2.816356318771877e-02	1.430225367804109e-02	3.000000000000000e-06	3.000000000000000e-06
8.509145e+02	2.813947706112992e-02	1.429301215459102e-02	3.000000000000000e-06	3.000000000000000e-06
8.683828e+02	2.811519915097497e-02	1.428369834047822e-02	3.000000000000000e-06	3.000000000000000e-06
8.861992e+02	2.809072856054829e-02	1.427431199284765e-02	3.000000000000000e-06	3.000000000000000e-06
9.043713e+02	2.806606440447413e-02	1.426485287451667e-02	3.000000000000000e-06	3.000000000000000e-06
9.229067e+02	2.804120580911516e-02	1.425532075409221e-02	3.000000000000000e-06	3.000000000000000e-06
9.418135e+02	2.801615191298441e-02	1.424571540608761e-02	3.000000000000000e-06	3.000000000000000e-06
9.610997e+02	2.799090186716029e-02	1.423603661103881e-02	3.000000000000000e-06	3.000000000000000e-06
9.807734e+02	2.796545483570464e-02	1.422628415562002e-02	3.000000000000000e-06	3.000000000000000e-06
1.000000e+03	2.794088805556082e-02	1.421687086754832e-02	3.000000000000000e-06	3.000000000000000e-06
1.020475e+03	2.791503131957443e-02	1.420696530612459e-02	3.000000000000000e-06	3.000000000000000e-06
1.041345e+03	2.788899707840594e-02	1.419699387054921e-02	3.000000000000000e-06	3.000000000000000e-06
1.062638e+03	2.786276223889252e-02	1.418694782437991e-02	3.000000000000000e-06	3.000000000000000e-06
1.084363e+03	2.783632648349068e-02	1.417682715792044e-02	3.000000000000000e-06	3.000000000000000e-06
1.106528e+03	2.780968905343263e-02	1.416663169333194e-02	3.000000000000000e-06	3.000000000000000e-06
1.129144e+03	2.778284921508539e-02	1.415636126321114e-02	3.000000000000000e-06	3.000000000000000e-06
1.152220e+03	2.775580625101942e-02	1.414601570711228e-02	3.000000000000000e-06	3.000000000000000e-06
1.175766e+03	2.772855946063093e-02	1.413559487172606e-02	3.000000000000000e-06	3.000000000000000e-06
1.199793e+03	2.770110816057231e-02	1.412509861098359e-02	3.000000000000000e-06	3.000000000000000e-06
1.224311e+03	2.767345168518662e-02	1.411452678616033e-02	3.000000000000000e-06	3.000000000000000e-06
1.249330e+03	2.764558938694178e-02	1.410387926597843e-02	3.000000000000000e-06	3.000000000000000e-06
1.274863e+03	2.761752063686434e-02	1.409315592670741e-02	3.000000000000000e-06	3.000000000000000e-06
1.300919e+03	2.758924482497241e-02	1.408235665226314e-02	3.000000000000000e-06	3.000000000000000e-06
1.327510e+03	2.756076136070746e-02	1.407148133430494e-02	3.000000000000000e-06	3.000000000000000e-06
1.354648e+03	2.753206967336476e-02	1.406052987233079e-02	3.000000000000000e-06	3.000000000000000e-06
1.382346e+03	2.750316921252189e-02	1.404950217377059e-02	3.000000000000000e-06	3.000000000000000e-06
1.410614e+03	2.747405944846525e-02	1.403839815407724e-02	3.000000000000000e-06	3.000000000000000e-06
1.439466e+03	2.744473987261401e-02	1.402721773681564e-02	3.000000000000000e-06	3.000000000000000e-06
1.468914e+03	2.741520999794125e-02	1.401596085374939e-02	3.000000000000000e-06	3.000000000000000e-06
1.498971e+03	2.738546935939197e-02	1.400462744492518e-02	3.000000000000000e-06	3.000000000000000e-06
1.529651e+03	2.735551751429742e-02	1.399321745875469e-02	3.000000000000000e-06	3.000000000000000e-06
1.560967e+03	2.732535404278565e-02	1.398173085209411e-02	3.000000000000000e-06	3.000000000000000e-06
1.592933e+03	2.729497854818768e-02	1.397016759032092e-02	3.000000000000000e-06	3.000000000000000e-06
1.625563e+03	2.726439065743907e-02	1.395852764740814e-02	3.000000000000000e-06	3.000000000000000e-06
1.658872e+03	2.723359002147642e-02	1.394681100599572e-02	3.000000000000000e-06	3.000000000000000e-06
1.692874e+03	2.720257631562848e-02	1.393501765745917e-02	3.000000000000000e-06	3.000000000000000e-06
1.727584e+03	2.717134924000145e-02	1.392314760197523e-02	3.000000000000000e-06	3.000000000000000e-06
1.763018e+03	2.713990851985814e-02	1.391120084858464e-02	3.000000000000000e-06	3.000000000000000e-06
1.799192e+03	2.710825390599057e-02	1.389917741525171e-02	3.000000000000000e-06	3.000000000000000e-06
1.836121e+03	2.707638517508562e-02	1.388707732892096e-02	3.000000000000000e-06	3.000000000000000e-06
1.873822e+03	2.704430213008343e-02	1.387490062557031e-02	3.000000000000000e-06	3.000000000000000e-06
1.912311e+03	2.701200460052802e-02	1.386264735026126e-02	3.000000000000000e-06	3.000000000000000e-06
1.951607e+03	2.697949244290996e-02	1.385031755718549e-02	3.000000000000000e-06	3.000000000000000e-06
1.991725e+03	2.694676554100050e-02	1.383791130970826e-02	3.000000000000000e-06	3.000000000000000e-06
2.032685e+03	2.691382380617697e-02	1.382542868040820e-02	3.000000000000000e-06	3.000000000000000e-06
2.074504e+03	2.688066717773893e-02	1.381286975111363e-02	3.000000000000000e-06	3.000000000000000e-06
2.117201e+03	2.684729562321483e-02	1.380023461293533e-02	3.000000000000000e-06	3.000000000000000e-06
2.160794e+03	2.681370913865877e-02	1.378752336629562e-02	3.000000000000000e-06	3.000000000000000e-06
2.205304e+03	2.677990774893696e-02	1.377473612095377e-02	3.000000000000000e-06	3.000000000000000e-06
2.250750e+03	2.674589150800357e-02	1.376187299602765e-02	3.000000000000000e-06	3.000000000000000e-06
2.297151e+03	2.671166049916576e-02	1.374893412001170e-02	3.000000000000000e-06	3.000000000000000e-06
2.344529e+03	2.667721483533721e-02	1.373591963079088e-02	3.000000000000000e-06	3.000000000000000e-06
2.392905e+03	2.664255465928024e-02	1.372282967565097e-02	3.000000000000000e-06	3.000000000000000e-06
2.442300e+03	2.660768014383588e-02	1.370966441128484e-02	3.000000000000000e-06	3.000000000000000e-06
2.492736e+03	2.657259149214171e-02	1.369642400379478e-02	3.000000000000000e-06	3.000000000000000e-06
2.544235e+03	2.653728893783726e-02	1.368310862869096e-02	3.000000000000000e-06	3.000000000000000e-06
2.596820e+03	2.650177274525643e-02	1.366971847088582e-02	3.000000000000000e-06	3.000000000000000e-06
2.650514e+03	2.646604320960686e-02	1.365625372468448e-02	3.000000000000000e-06	3.000000000000000e-06
2.705342e+03	2.643010065713598e-02	1.364271459377116e-02	3.000000000000000e-06	3.000000000000000e-06
2.761327e+03	2.639394544528330e-02	1.362910129119146e-02	3.000000000000000e-06	3.000000000000000e-06
2.818493e+03	2.635757796281888e-02	1.361541403933070e-02	3.000000000000000e-06	3.000000000000000e-06
2.876867e+03	2.632099862996765e-02	1.360165306988816e-02	3.000000000000000e-06	3.000000000000000e-06
2.936474e+03	2.628420789851943e-02	1.358781862384721e-02	3.000000000000000e-06	3.000000000000000e-06
2.997340e+03	2.624720625192435e-02	1.357391095144149e-02	3.000000000000000e-06	3.000000000000000e-06
3.059492e+03	2.620999420537354e-02	1.355993031211693e-02	3.000000000000000e-06	3.000000000000000e-06
3.122958e+03	2.617257230586487e-02	1.354587697448980e-02	3.000000000000000e-06	3.000000000000000e-06
3.187764e+03	2.613494113225372e-02	1.353175121630068e-02	3.000000000000000e-06	3.000000000000000e-06
3.253940e+03	2.609710129528832e-02	1.351755332436448e-02	3.000000000000000e-06	3.000000000000000e-06
3.321514e+03	2.605905343762991e-02	1.350328359451641e-02	3.000000000000000e-06	3.000000000000000e-06
3.390516e+03	2.602079823385730e-02	1.348894233155404e-02	3.000000000000000e-06	3.000000000000000e-06
3.460977e+03	2.598233639045586e-02	1.347452984917535e-02	3.000000000000000e-06	3.000000000000000e-06
3.532926e+03	2.594366864579088e-02	1.346004646991300e-02	3.000000000000000e-06	3.000000000000000e-06
3.606396e+03	2.590479577006512e-02	1.344549252506459e-02	3.000000000000000e-06	3.000000000000000e-06
3.681418e+03	2.586571856526065e-02	1.343086835461926e-02	3.000000000000000e-06	3.000000000000000e-06
3.758024e+03	2.582643786506475e-02	1.341617430718037e-02	3.000000000000000e-06	3.000000000000000e-06
3.836249e+03	2.578695453478011e-02	1.340141073988456e-02	3.000000000000000e-06	3.000000000000000e-06
3.916126e+03	2.574726947121900e-02	1.338657801831707e-02	3.000000000000000e-06	3.000000000000000e-06
3.997690e+03	2.570738360258180e-02	1.337167651642352e-02	3.000000000000000e-06	3.000000000000000e-06
4.080975e+03	2.566729788831958e-02	1.335670661641804e-02	3.000000000000000e-06	3.000000000000000e-06
4.166019e+03	2.562701331898101e-02	1.334166870868797e-02	3.000000000000000e-06	3.000000000000000e-06
4.252856e+03	2.558653091604357e-02	1.332656319169515e-02	3.000000000000000e-06	3.000000000000000e-06
4.341526e+03	2.554585173172920e-02	1.331139047187383e-02	3.000000000000000e-06	3.000000000000000e-06
4.432065e+03	2.550497684880438e-02	1.329615096352531e-02	3.000000000000000e-06	3.000000000000000e-06
4.524513e+03	2.546390738036492e-02	1.328084508870934e-02	3.000000000000000e-06	3.000000000000000e-06
4.618910e+03	2.542264446960547e-02	1.326547327713251e-02	3.000000000000000e-06	3.000000000000000e-06
4.715295e+03	2.538118928957399e-02	1.325003596603345e-02	3.000000000000000e-06	3.000000000000000e-06
4.813709e+03	2.533954304291123e-02	1.323453360006522e-02	3.000000000000000e-06	3.000000000000000e-06
4.914196e+03	2.529770696157557e-02	1.321896663117476e-02	3.000000000000000e-06	3.000000000000000e-06
5.016796e+03	2.525568230655326e-02	1.320333551847955e-02	3.000000000000000e-06	3.000000000000000e-06
5.121555e+03	2.521347036755441e-02	1.318764072814169e-02	3.000000000000000e-06	3.000000000000000e-06
5.228515e+03	2.517107246269483e-02	1.317188273323927e-02	3.000000000000000e-06	3.000000000000000e-06
5.337724e+03	2.512848993816414e-02	1.315606201363538e-02	3.000000000000000e-06	3.000000000000000e-06
5.449225e+03	2.508572416788018e-02	1.314017905584461e-02	3.000000000000000e-06	3.000000000000000e-06
5.563067e+03	2.504277655313021e-02	1.312423435289738e-02	3.000000000000000e-06	3.000000000000000e-06
5.679298e+03	2.499964852219910e-02	1.310822840420202e-02	3.000000000000000e-06	3.000000000000000e-06
5.797966e+03	2.495634152998475e-02	1.309216171540477e-02	3.000000000000000e-06	3.000000000000000e-06
5.919120e+03	2.491285705760121e-02	1.307603479824788e-02	3.000000000000000e-06	3.000000000000000e-06
6.042812e+03	2.486919661196960e-02	1.305984817042578e-02	3.000000000000000e-06	3.000000000000000e-06
6.169092e+03	2.482536172539743e-02	1.304360235543948e-02	3.000000000000000e-06	3.000000000000000e-06
6.298015e+03	2.478135395514646e-02	1.302729788244943e-02	3.000000000000000e-06	3.000000000000000e-06
6.429632e+03	2.473717488298953e-02	1.301093528612671e-02	3.000000000000000e-06	3.000000000000000e-06
6.563999e+03	2.469282611475680e-02	1.299451510650287e-02	3.000000000000000e-06	3.000000000000000e-06
6.701171e+03	2.464830927987162e-02	1.297803788881847e-02	3.000000000000000e-06	3.000000000000000e-06
6.841205e+03	2.460362603087657e-02	1.296150418337035e-02	3.000000000000000e-06	3.000000000000000e-06
6.984158e+03	2.455877804294995e-02	1.294491454535790e-02	3.000000000000000e-06	3.000000000000000e-06
7.130090e+03	2.451376701341323e-02	1.292826953472820e-02	3.000000000000000e-06	3.000000000000000e-06
7.279059e+03	2.446859466122975e-02	1.291156971602047e-02	3.000000000000000e-06	3.000000000000000e-06
7.431128e+03	2.442326272649517e-02	1.289481565820961e-02	3.000000000000000e-06	3.000000000000000e-06
7.586358e+03	2.437777296992002e-02	1.287800793454917e-02	3.000000000000000e-06	3.000000000000000e-06
7.744812e+03	2.433212717230491e-02	1.286114712241375e-02	3.000000000000000e-06	3.000000000000000e-06
7.906555e+03	2.428632713400858e-02	1.284423380314095e-02	3.000000000000000e-06	3.000000000000000e-06
8.071652e+03	2.424037467440954e-02	1.282726856187305e-02	3.000000000000000e-06	3.000000000000000e-06
8.240170e+03	2.419427163136143e-02	1.281025198739839e-02	3.000000000000000e-06	3.000000000000000e-06
8.412178e+03	2.414801986064271e-02	1.279318467199268e-02	3.000000000000000e-06	3.000000000000000e-06
8.587744e+03	2.410162123540115e-02	1.277606721126033e-02	3.000000000000000e-06	3.000000000000000e-06
8.766940e+03	2.405507764559338e-02	1.275890020397579e-02	3.000000000000000e-06	3.000000000000000e-06
8.949837e+03	2.400839099742013e-02	1.274168425192514e-02	3.000000000000000e-06	3.000000000000000e-06
9.136508e+03	2.396156321275743e-02	1.272441995974797e-02	3.000000000000000e-06	3.000000000000000e-06
9.327027e+03	2.391459622858441e-02	1.270710793477964e-02	3.000000000000000e-06	3.000000000000000e-06
9.521472e+03	2.386749199640791e-02	1.268974878689399e-02	3.000000000000000e-06	3.000000000000000e-06
9.719919e+03	2.382025248168448e-02	1.267234312834667e-02	3.000000000000000e-06	3.000000000000000e-06
9.922446e+03	2.377287966324019e-02	1.265489157361917e-02	3.000000000000000e-06	3.000000000000000e-06
1.000000e+04	2.375506633472257e-02	1.264832926188871e-02	3.000000000000000e-06	3.000000000000000e-06
1.021093e+04	2.370690631005014e-02	1.263059208207528e-02	3.000000000000000e-06	3.000000000000000e-06
1.042348e+04	2.365923538253551e-02	1.261303791579575e-02	3.000000000000000e-06	3.000000000000000e-06
1.064044e+04	2.361142543447371e-02	1.259543534251164e-02	3.000000000000000e-06	3.000000000000000e-06
1.086185e+04	2.356349126276703e-02	1.257778968489214e-02	3.000000000000000e-06	3.000000000000000e-06
1.108779e+04	2.351543464982180e-02	1.256010147164071e-02	3.000000000000000e-06	3.000000000000000e-06
1.131834e+04	2.346725765134072e-02	1.254237132976728e-02	3.000000000000000e-06	3.000000000000000e-06
1.155361e+04	2.341896232674924e-02	1.252459988542146e-02	3.000000000000000e-06	3.000000000000000e-06
1.179367e+04	2.337055074405285e-02	1.250678776574758e-02	3.000000000000000e-06	3.000000000000000e-06
1.203863e+04	2.332202497914636e-02	1.248893559869860e-02	3.000000000000000e-06	3.000000000000000e-06
1.228858e+04	2.327338711523732e-02	1.247104401289274e-02	3.000000000000000e-06	3.000000000000000e-06
1.254361e+04	2.322463924226944e-02	1.245311363747086e-02	3.000000000000000e-06	3.000000000000000e-06
1.280383e+04	2.317578345634886e-02	1.243514510195544e-02	3.000000000000000e-06	3.000000000000000e-06
1.306933e+04	2.312682185917334e-02	1.241713903611124e-02	3.000000000000000e-06	3.000000000000000e-06
1.334022e+04	2.307775655746501e-02	1.239909606980773e-02	3.000000000000000e-06	3.000000000000000e-06
1.361660e+04	2.302858966240667e-02	1.238101683288321e-02	3.000000000000000e-06	3.000000000000000e-06
1.389857e+04	2.297932328908230e-02	1.236290195501090e-02	3.000000000000000e-06	3.000000000000000e-06
1.418625e+04	2.292995955592179e-02	1.234475206556675e-02	3.000000000000000e-06	3.000000000000000e-06
1.447974e+04	2.288050058415046e-02	1.232656779349936e-02	3.000000000000000e-06	3.000000000000000e-06
1.477915e+04	2.283094849724343e-02	1.230834976720171e-02	3.000000000000000e-06	3.000000000000000e-06
1.508461e+04	2.278130542038534e-02	1.229009861438498e-02	3.000000000000000e-06	3.000000000000000e-06
1.539622e+04	2.273157347993545e-02	1.227181496195445e-02	3.000000000000000e-06	3.000000000000000e-06
1.571410e+04	2.268175480289870e-02	1.225349943588738e-02	3.000000000000000e-06	3.000000000000000e-06
1.603837e+04	2.263185151640263e-02	1.223515266111316e-02	3.000000000000000e-06	3.000000000000000e-06
1.636915e+04	2.258186574718065e-02	1.221677526139543e-02	3.000000000000000e-06	3.000000000000000e-06
1.670658e+04	2.253179962106186e-02	1.219836785921653e-02	3.000000000000000e-06	3.000000000000000e-06
1.705077e+04	2.248165526246751e-02	1.217993107566408e-02	3.000000000000000e-06	3.000000000000000e-06
1.740185e+04	2.243143479391446e-02	1.216146553031979e-02	3.000000000000000e-06	3.000000000000000e-06
1.775995e+04	2.238114033552576e-02	1.214297184115049e-02	3.000000000000000e-06	3.000000000000000e-06
1.812521e+04	2.233077400454855e-02	1.212445062440149e-02	3.000000000000000e-06	3.000000000000000e-06
1.849777e+04	2.228033791487949e-02	1.210590249449218e-02	3.000000000000000e-06	3.000000000000000e-06
1.887775e+04	2.222983417659787e-02	1.208732806391386e-02	3.000000000000000e-06	3.000000000000000e-06
1.926531e+04	2.217926489550652e-02	1.206872794313002e-02	3.000000000000000e-06	3.000000000000000e-06
1.966058e+04	2.212863217268072e-02	1.205010274047877e-02	3.000000000000000e-06	3.000000000000000e-06
2.006371e+04	2.207793810402530e-02	1.203145306207772e-02	3.000000000000000e-06	3.000000000000000e-06
2.047486e+04	2.202718477983983e-02	1.201277951173106e-02	3.000000000000000e-06	3.000000000000000e-06
2.089416e+04	2.197637428439238e-02	1.199408269083912e-02	3.000000000000000e-06	3.000000000000000e-06
2.132177e+04	2.192550869550159e-02	1.197536319831010e-02	3.000000000000000e-06	3.000000000000000e-06
2.175786e+04	2.187459008412738e-02	1.195662163047423e-02	3.000000000000000e-06	3.000000000000000e-06
2.220258e+04	2.182362051397035e-02	1.193785858100023e-02	3.000000000000000e-06	3.000000000000000e-06
2.265608e+04	2.177260204107984e-02	1.191907464081407e-02	3.000000000000000e-06	3.000000000000000e-06
2.311854e+04	2.172153671347090e-02	1.190027039802005e-02	3.000000000000000e-06	3.000000000000000e-06
2.359013e+04	2.167042657075005e-02	1.188144643782422e-02	3.000000000000000e-06	3.000000000000000e-06
2.407101e+04	2.161927364375001e-02	1.186260334246004e-02	3.000000000000000e-06	3.000000000000000e-06
2.456136e+04	2.156807995417335e-02	1.184374169111640e-02	3.000000000000000e-06	3.000000000000000e-06
2.506136e+04	2.151684751424522e-02	1.182486205986783e-02	3.000000000000000e-06	3.000000000000000e-06
2.557118e+04	2.146557832637501e-02	1.180596502160701e-02	3.000000000000000e-06	3.000000000000000e-06
2.609102e+04	2.141427438282712e-02	1.178705114597957e-02	3.000000000000000e-06	3.000000000000000e-06
2.662105e+04	2.136293766540079e-02	1.176812099932104e-02	3.000000000000000e-06	3.000000000000000e-06
2.716146e+04	2.131157014511892e-02	1.174917514459604e-02	3.000000000000000e-06	3.000000000000000e-06
2.771246e+04	2.126017378192603e-02	1.173021414133971e-02	3.000000000000000e-06	3.000000000000000e-06
2.827423e+04	2.120875052439519e-02	1.171123854560122e-02	3.000000000000000e-06	3.000000000000000e-06
2.884698e+04	2.115730230944401e-02	1.169224890988953e-02	3.000000000000000e-06	3.000000000000000e-06
2.943092e+04	2.110583106205961e-02	1.167324578312122e-02	3.000000000000000e-06	3.000000000000000e-06
3.002624e+04	2.105433869503257e-02	1.165422971057043e-02	3.000000000000000e-06	3.000000000000000e-06
3.063316e+04	2.100282710869977e-02	1.163520123382090e-02	3.000000000000000e-06	3.000000000000000e-06
3.125189e+04	2.095129819069615e-02	1.161616089072009e-02	3.000000000000000e-06	3.000000000000000e-06
3.188266e+04	2.089975381571526e-02	1.159710921533528e-02	3.000000000000000e-06	3.000000000000000e-06
3.252569e+04	2.084819584527861e-02	1.157804673791174e-02	3.000000000000000e-06	3.000000000000000e-06
3.318120e+04	2.079662612751374e-02	1.155897398483280e-02	3.000000000000000e-06	3.000000000000000e-06
3.384943e+04	2.074504649694087e-02	1.153989147858200e-02	3.000000000000000e-06	3.000000000000000e-06
3.453060e+04	2.069345877426821e-02	1.152079973770702e-02	3.000000000000000e-06	3.000000000000000e-06
3.522497e+04	2.064186476619570e-02	1.150169927678561e-02	3.000000000000000e-06	3.000000000000000e-06
3.593277e+04	2.059026626522717e-02	1.148259060639339e-02	3.000000000000000e-06	3.000000000000000e-06
3.665424e+04	2.053866504949091e-02	1.146347423307340e-02	3.000000000000000e-06	3.000000000000000e-06
3.738965e+04	2.048706288256831e-02	1.144435065930757e-02	3.000000000000000e-06	3.000000000000000e-06
3.813925e+04	2.043546151333088e-02	1.142522038348989e-02	3.000000000000000e-06	3.000000000000000e-06
3.890329e+04	2.038386267578508e-02	1.140608389990138e-02	3.000000000000000e-06	3.000000000000000e-06
3.968206e+04	2.033226808892528e-02	1.138694169868676e-02	3.000000000000000e-06	3.000000000000000e-06
4.047581e+04	2.028067945659449e-02	1.136779426583279e-02	3.000000000000000e-06	3.000000000000000e-06
4.128482e+04	2.022909846735286e-02	1.134864208314831e-02	3.000000000000000e-06	3.000000000000000e-06
4.210937e+04	2.017752679435373e-02	1.132948562824588e-02	3.000000000000000e-06	3.000000000000000e-06
4.294975e+04	2.012596609522739e-02	1.131032537452502e-02	3.000000000000000e-06	3.000000000000000e-06
4.380625e+04	2.007441801197201e-02	1.129116179115700e-02	3.000000000000000e-06	3.000000000000000e-06
4.467917e+04	2.002288417085208e-02	1.127199534307118e-02	3.000000000000000e-06	3.000000000000000e-06
4.556880e+04	1.997136618230384e-02	1.125282649094285e-02	3.000000000000000e-06	3.000000000000000e-06
4.647545e+04	1.991986564084792e-02	1.123365569118255e-02	3.000000000000000e-06	3.000000000000000e-06
4.739943e+04	1.986838412500884e-02	1.121448339592678e-02	3.000000000000000e-06	3.000000000000000e-06
4.834106e+04	1.981692319724129e-02	1.119531005303018e-02	3.000000000000000e-06	3.000000000000000e-06
4.930067e+04	1.976548440386318e-02	1.117613610605902e-02	3.000000000000000e-06	3.000000000000000e-06
5.027857e+04	1.971406927499518e-02	1.115696199428611e-02	3.000000000000000e-06	3.000000000000000e-06
5.127512e+04	1.966267932450676e-02	1.113778815268695e-02	3.000000000000000e-06	3.000000000000000e-06
5.229064e+04	1.961131604996846e-02	1.111861501193719e-02	3.000000000000000e-06	3.000000000000000e-06
5.332548e+04	1.955998093261043e-02	1.109944299841134e-02	3.000000000000000e-06	3.000000000000000e-06
5.438000e+04	1.950867543728698e-02	1.108027253418275e-02	3.000000000000000e-06	3.000000000000000e-06
5.545456e+04	1.945740101244704e-02	1.106110403702464e-02	3.000000000000000e-06	3.000000000000000e-06
5.654952e+04	1.940615909011042e-02	1.104193792041245e-02	3.000000000000000e-06	3.000000000000000e-06
5.766525e+04	1.935495108584981e-02	1.102277459352723e-02	3.000000000000000e-06	3.000000000000000e-06
5.880213e+04	1.930377839877821e-02	1.100361446126014e-02	3.000000000000000e-06	3.000000000000000e-06
5.996055e+04	1.925264241154186e-02	1.098445792421803e-02	3.000000000000000e-06	3.000000000000000e-06
6.114090e+04	1.920154449031838e-02	1.096530537873005e-02	3.000000000000000e-06	3.000000000000000e-06
6.234358e+04	1.915048598482011e-02	1.094615721685530e-02	3.000000000000000e-06	3.000000000000000e-06
6.356900e+04	1.909946822830250e-02	1.092701382639142e-02	3.000000000000000e-06	3.000000000000000e-06
6.481757e+04	1.904849253757727e-02	1.090787559088415e-02	3.000000000000000e-06	3.000000000000000e-06
6.608970e+04	1.899756021303054e-02	1.088874288963786e-02	3.000000000000000e-06	3.000000000000000e-06
6.738584e+04	1.894667253864542e-02	1.086961609772692e-02	3.000000000000000e-06	3.000000000000000e-06
6.870641e+04	1.889583078202922e-02	1.085049558600804e-02	3.000000000000000e-06	3.000000000000000e-06
7.005186e+04	1.884503619444502e-02	1.083138172113312e-02	3.000000000000000e-06	3.000000000000000e-06
7.142265e+04	1.879429001084754e-02	1.081227486556343e-02	3.000000000000000e-06	3.000000000000000e-06
7.281922e+04	1.874359344992313e-02	1.079317537758428e-02	3.000000000000000e-06	3.000000000000000e-06
7.424206e+04	1.869294771413380e-02	1.077408361132047e-02	3.000000000000000e-06	3.000000000000000e-06
7.569164e+04	1.864235398976515e-02	1.075499991675253e-02	3.000000000000000e-06	3.000000000000000e-06
7.716844e+04	1.859181344697810e-02	1.073592463973364e-02	3.000000000000000e-06	3.000000000000000e-06
7.867295e+04	1.854132723986426e-02	1.071685812200731e-02	3.000000000000000e-06	3.000000000000000e-06
8.020569e+04	1.849089650650492e-02	1.069780070122562e-02	3.000000000000000e-06	3.000000000000000e-06
8.176715e+04	1.844052236903341e-02	1.067875271096819e-02	3.000000000000000e-06	3.000000000000000e-06
8.335787e+04	1.839020593370078e-02	1.065971448076177e-02	3.000000000000000e-06	3.000000000000000e-06
8.497838e+04	1.833994829094480e-02	1.064068633610032e-02	3.000000000000000e-06	3.000000000000000e-06
8.662920e+04	1.828975051546189e-02	1.062166859846584e-02	3.000000000000000e-06	3.000000000000000e-06
8.831090e+04	1.823961366628219e-02	1.060266158534955e-02	3.000000000000000e-06	3.000000000000000e-06
9.002403e+04	1.818953878684749e-02	1.058366561027380e-02	3.000000000000000e-06	3.000000000000000e-06
9.176917e+04	1.813952690509181e-02	1.056468098281431e-02	3.000000000000000e-06	3.000000000000000e-06
9.354688e+04	1.808957903352485e-02	1.054570800862303e-02	3.000000000000000e-06	3.000000000000000e-06
9.535776e+04	1.803969616931785e-02	1.052674698945138e-02	3.000000000000000e-06	3.000000000000000e-06
9.720242e+04	1.798987929439202e-02	1.050779822317401e-02	3.000000000000000e-06	3.000000000000000e-06
9.908146e+04	1.794012937550929e-02	1.048886200381288e-02	3.000000000000000e-06	3.000000000000000e-06
1.000000e+05	1.791630431275897e-02	1.047978499078734e-02	3.000000000000000e-06	3.000000000000000e-06
1.019497e+05	1.786617691733404e-02	1.046068573951270e-02	3.000000000000000e-06	3.000000000000000e-06
1.039167e+05	1.781660642609438e-02	1.044178532101529e-02	3.000000000000000e-06	3.000000000000000e-06
1.059207e+05	1.776709721367082e-02	1.042289504328476e-02	3.000000000000000e-06	3.000000000000000e-06
1.079620e+05	1.771765927767996e-02	1.040401864819144e-02	3.000000000000000e-06	3.000000000000000e-06
1.100412e+05	1.766829333674757e-02	1.038515634555101e-02	3.000000000000000e-06	3.000000000000000e-06
1.121590e+05	1.761900026465950e-02	1.036630840615965e-02	3.000000000000000e-06	3.000000000000000e-06
1.143162e+05	1.756978091768169e-02	1.034747509596879e-02	3.000000000000000e-06	3.000000000000000e-06
1.165134e+05	1.752063613783029e-02	1.032865667731838e-02	3.000000000000000e-06	3.000000000000000e-06
1.187513e+05	1.747156675292231e-02	1.030985340894211e-02	3.000000000000000e-06	3.000000000000000e-06
1.210308e+05	1.742257357668685e-02	1.029106554599535e-02	3.000000000000000e-06	3.000000000000000e-06
1.233525e+05	1.737365740887642e-02	1.027229334008287e-02	3.000000000000000e-06	3.000000000000000e-06
1.257172e+05	1.732481903537967e-02	1.025353703928684e-02	3.000000000000000e-06	3.000000000000000e-06
1.281256e+05	1.727605922833525e-02	1.023479688819494e-02	3.000000000000000e-06	3.000000000000000e-06
1.305787e+05	1.722737874624684e-02	1.021607312792876e-02	3.000000000000000e-06	3.000000000000000e-06
1.330771e+05	1.717877833409920e-02	1.019736599617229e-02	3.000000000000000e-06	3.000000000000000e-06
1.356218e+05	1.713025872347520e-02	1.017867572720055e-02	3.000000000000000e-06	3.000000000000000e-06
1.382134e+05	1.708182063267376e-02	1.016000255190850e-02	3.000000000000000e-06	3.000000000000000e-06
1.408530e+05	1.703346476682870e-02	1.014134669783985e-02	3.000000000000000e-06	3.000000000000000e-06
1.435413e+05	1.698519181802826e-02	1.012270838921626e-02	3.000000000000000e-06	3.000000000000000e-06
1.462793e+05	1.693700246543537e-02	1.010408784696637e-02	3.000000000000000e-06	3.000000000000000e-06
1.490677e+05	1.688889737540867e-02	1.008548528875518e-02	3.000000000000000e-06	3.000000000000000e-06
1.519076e+05	1.684087720162392e-02	1.006690092901330e-02	3.000000000000000e-06	3.000000000000000e-06
1.547999e+05	1.679294258519618e-02	1.004833497896637e-02	3.000000000000000e-06	3.000000000000000e-06
1.577454e+05	1.674509415480226e-02	1.002978764666459e-02	3.000000000000000e-06	3.000000000000000e-06
1.607453e+05	1.669733252680369e-02	1.001125913701217e-02	3.000000000000000e-06	3.000000000000000e-06
1.638004e+05	1.664965830537006e-02	9.992749651796919e-03	3.000000000000000e-06	3.000000000000000e-06
1.669117e+05	1.660207208260261e-02	9.974259389719830e-03	3.000000000000000e-06	3.000000000000000e-06
1.700804e+05	1.655457443865817e-02	9.955788546424680e-03	3.000000000000000e-06	3.000000000000000e-06
1.733073e+05	1.650716594187318e-02	9.937337314527643e-03	3.000000000000000e-06	3.000000000000000e-06
1.765935e+05	1.645984714888802e-02	9.918905883646908e-03	3.000000000000000e-06	3.000000000000000e-06
1.799402e+05	1.641261860477133e-02	9.900494440432296e-03	3.000000000000000e-06	3.000000000000000e-06
1.833484e+05	1.636548084314450e-02	9.882103168594837e-03	3.000000000000000e-06	3.000000000000000e-06
1.868192e+05	1.631843438630608e-02	9.863732248936351e-03	3.000000000000000e-06	3.000000000000000e-06
1.903538e+05	1.627147974535630e-02	9.845381859378969e-03	3.000000000000000e-06	3.000000000000000e-06
1.939532e+05	1.622461742032136e-02	9.827052174994640e-03	3.000000000000000e-06	3.000000000000000e-06
1.976187e+05	1.617784790027785e-02	9.808743368034570e-03	3.000000000000000e-06	3.000000000000000e-06
2.013515e+05	1.613117166347681e-02	9.790455607958617e-03	3.000000000000000e-06	3.000000000000000e-06
2.051528e+05	1.608458917746775e-02	9.772189061464617e-03	3.000000000000000e-06	3.000000000000000e-06
2.090238e+05	1.603810089922240e-02	9.753943892517646e-03	3.000000000000000e-06	3.000000000000000e-06
2.129657e+05	1.599170727525828e-02	9.735720262379214e-03	3.000000000000000e-06	3.000000000000000e-06
2.169799e+05	1.594540874176190e-02	9.717518329636353e-03	3.000000000000000e-06	3.000000000000000e-06
2.210676e+05	1.589920572471174e-02	9.699338250230652e-03	3.000000000000000e-06	3.000000000000000e-06
2.252302e+05	1.585309864000082e-02	9.681180177487172e-03	3.000000000000000e-06	3.000000000000000e-06
2.294691e+05	1.580708789355894e-02	9.663044262143268e-03	3.000000000000000e-06	3.000000000000000e-06
2.337855e+05	1.576117388147451e-02	9.644930652377320e-03	3.000000000000000e-06	3.000000000000000e-06
2.381810e+05	1.571535699011591e-02	9.626839493837342e-03	3.000000000000000e-06	3.000000000000000e-06
2.426569e+05	1.566963759625251e-02	9.608770929669474e-03	3.000000000000000e-06	3.000000000000000e-06
2.472146e+05	1.562401606717506e-02	9.590725100546373e-03	3.000000000000000e-06	3.000000000000000e-06
2.518557e+05	1.557849276081570e-02	9.572702144695458e-03	3.000000000000000e-06	3.000000000000000e-06
2.565817e+05	1.553306802586735e-02	9.554702197927046e-03	3.000000000000000e-06	3.000000000000000e-06
2.613940e+05	1.548774220190265e-02	9.536725393662343e-03	3.000000000000000e-06	3.000000000000000e-06
2.662943e+05	1.544251561949222e-02	9.518771862961314e-03	3.000000000000000e-06	3.000000000000000e-06
2.712842e+05	1.539738860032241e-02	9.500841734550390e-03	3.000000000000000e-06	3.000000000000000e-06
2.763651e+05	1.535236145731241e-02	9.482935134850060e-03	3.000000000000000e-06	3.000000000000000e-06
2.815389e+05	1.530743449473071e-02	9.465052188002291e-03	3.000000000000000e-06	3.000000000000000e-06
2.868072e+05	1.526260800831095e-02	9.447193015897816e-03	3.000000000000000e-06	3.000000000000000e-06
2.921716e+05	1.521788228536709e-02	9.429357738203262e-03	3.000000000000000e-06	3.000000000000000e-06
2.976339e+05	1.517325760490790e-02	9.411546472388118e-03	3.000000000000000e-06	3.000000000000000e-06
3.031958e+05	1.512873423775074e-02	9.393759333751552e-03	3.000000000000000e-06	3.000000000000000e-06
3.088593e+05	1.508431244663465e-02	9.375996435449056e-03	3.000000000000000e-06	3.000000000000000e-06
3.146260e+05	1.503999248633273e-02	9.358257888518942e-03	3.000000000000000e-06	3.000000000000000e-06
3.204979e+05	1.499577460376374e-02	9.340543801908662e-03	3.000000000000000e-06	3.000000000000000e-06
3.264769e+05	1.495165903810300e-02	9.322854282500952e-03	3.000000000000000e-06	3.000000000000000e-06
3.325649e+05	1.490764602089248e-02	9.305189435139822e-03	3.000000000000000e-06	3.000000000000000e-06
3.387638e+05	1.486373577615019e-02	9.287549362656362e-03	3.000000000000000e-06	3.000000000000000e-06
3.450756e+05	1.481992852047873e-02	9.269934165894380e-03	3.000000000000000e-06	3.000000000000000e-06
3.515025e+05	1.477622446317307e-02	9.252343943735851e-03	3.000000000000000e-06	3.000000000000000e-06
3.580464e+05	1.473262380632753e-02	9.234778793126208e-03	3.000000000000000e-06	3.000000000000000e-06
3.647096e+05	1.468912674494197e-02	9.217238809099439e-03	3.000000000000000e-06	3.000000000000000e-06
3.714940e+05	1.464573346702717e-02	9.199724084803004e-03	3.000000000000000e-06	3.000000000000000e-06
3.784020e+05	1.460244415370936e-02	9.182234711522581e-03	3.000000000000000e-06	3.000000000000000e-06
3.854357e+05	1.455925897933394e-02	9.164770778706612e-03	3.000000000000000e-06	3.000000000000000e-06
3.925975e+05	1.451617811156841e-02	9.147332373990687e-03	3.000000000000000e-06	3.000000000000000e-06
3.998896e+05	1.447320171150437e-02	9.129919583221719e-03	3.000000000000000e-06	3.000000000000000e-06
4.073144e+05	1.443032993375880e-02	9.112532490481950e-03	3.000000000000000e-06	3.000000000000000e-06
4.148742e+05	1.438756292657440e-02	9.095171178112767e-03	3.000000000000000e-06	3.000000000000000e-06
4.225716e+05	1.434490083191910e-02	9.077835726738325e-03	3.000000000000000e-06	3.000000000000000e-06
4.304090e+05	1.430234378558481e-02	9.060526215288998e-03	3.000000000000000e-06	3.000000000000000e-06
4.383889e+05	1.425989191728515e-02	9.043242721024608e-03	3.000000000000000e-06	3.000000000000000e-06
4.465139e+05	1.421754535075248e-02	9.025985319557516e-03	3.000000000000000e-06	3.000000000000000e-06
4.547866e+05	1.417530420383402e-02	9.008754084875477e-03	3.000000000000000e-06	3.000000000000000e-06
4.632097e+05	1.413316858858705e-02	8.991549089364332e-03	3.000000000000000e-06	3.000000000000000e-06
4.717860e+05	1.409113861137338e-02	8.974370403830504e-03	3.000000000000000e-06	3.000000000000000e-06
4.805181e+05	1.404921437295282e-02	8.957218097523310e-03	3.000000000000000e-06	3.000000000000000e-06
4.894089e+05	1.400739596857593e-02	8.940092238157072e-03	3.000000000000000e-06	3.000000000000000e-06
4.984612e+05	1.396568348807578e-02	8.922992891933053e-03	3.000000000000000e-06	3.000000000000000e-06
5.076780e+05	1.392407701595897e-02	8.905920123561194e-03	3.000000000000000e-06	3.000000000000000e-06
5.170622e+05	1.388257663149568e-02	8.888873996281667e-03	3.000000000000000e-06	3.000000000000000e-06
5.266169e+05	1.384118240880899e-02	8.871854571886243e-03	3.000000000000000e-06	3.000000000000000e-06
5.363452e+05	1.379989441696324e-02	8.854861910739467e-03	3.000000000000000e-06	3.000000000000000e-06
5.462501e+05	1.375871272005160e-02	8.837896071799642e-03	3.000000000000000e-06	3.000000000000000e-06
5.563349e+05	1.371763737728277e-02	8.820957112639636e-03	3.000000000000000e-06	3.000000000000000e-06
5.666028e+05	1.367666844306681e-02	8.804045089467499e-03	3.000000000000000e-06	3.000000000000000e-06
5.770571e+05	1.363580596710021e-02	8.787160057146888e-03	3.000000000000000e-06	3.000000000000000e-06
5.877013e+05	1.359504999445003e-02	8.770302069217318e-03	3.000000000000000e-06	3.000000000000000e-06
5.985386e+05	1.355440056563722e-02	8.753471177914217e-03	3.000000000000000e-06	3.000000000000000e-06
6.095727e+05	1.351385771671918e-02	8.736667434188805e-03	3.000000000000000e-06	3.000000000000000e-06
6.208071e+05	1.347342147937141e-02	8.719890887727788e-03	3.000000000000000e-06	3.000000000000000e-06
6.322453e+05	1.343309188096835e-02	8.703141586972872e-03	3.000000000000000e-06	3.000000000000000e-06
6.438912e+05	1.339286894466343e-02	8.686419579140087e-03	3.000000000000000e-06	3.000000000000000e-06
6.557483e+05	1.335275268946829e-02	8.669724910238945e-03	3.000000000000000e-06	3.000000000000000e-06
6.678207e+05	1.331274313033120e-02	8.653057625091406e-03	3.000000000000000e-06	3.000000000000000e-06
6.801120e+05	1.327284027821466e-02	8.636417767350675e-03	3.000000000000000e-06	3.000000000000000e-06
6.926264e+05	1.323304414017215e-02	8.619805379519813e-03	3.000000000000000e-06	3.000000000000000e-06
7.053678e+05	1.319335471942424e-02	8.603220502970178e-03	3.000000000000000e-06	3.000000000000000e-06
7.183403e+05	1.315377201543373e-02	8.586663177959692e-03	3.000000000000000e-06	3.000000000000000e-06
7.315482e+05	1.311429602398010e-02	8.570133443650927e-03	3.000000000000000e-06	3.000000000000000e-06
7.449957e+05	1.307492673723320e-02	8.553631338129026e-03	3.000000000000000e-06	3.000000000000000e-06
7.586870e+05	1.303566414382611e-02	8.537156898419447e-03	3.000000000000000e-06	3.000000000000000e-06
7.726267e+05	1.299650822892726e-02	8.520710160505537e-03	3.000000000000000e-06	3.000000000000000e-06
7.868192e+05	1.295745897431180e-02	8.504291159345945e-03	3.000000000000000e-06	3.000000000000000e-06
8.012691e+05	1.291851635843221e-02	8.487899928891852e-03	3.000000000000000e-06	3.000000000000000e-06
8.159811e+05	1.287968035648814e-02	8.471536502104051e-03	3.000000000000000e-06	3.000000000000000e-06
8.309598e+05	1.284095094049558e-02	8.455200910969848e-03	3.000000000000000e-06	3.000000000000000e-06
8.462102e+05	1.280232807935520e-02	8.438893186519809e-03	3.000000000000000e-06	3.000000000000000e-06
8.617371e+05	1.276381173892001e-02	8.422613358844339e-03	3.000000000000000e-06	3.000000000000000e-06
8.775456e+05	1.272540188206235e-02	8.406361457110097e-03	3.000000000000000e-06	3.000000000000000e-06
8.936406e+05	1.268709846874008e-02	8.390137509576267e-03	3.000000000000000e-06	3.000000000000000e-06
9.100276e+05	1.264890145606210e-02	8.373941543610651e-03	3.000000000000000e-06	3.000000000000000e-06
9.267116e+05	1.261081079835320e-02	8.357773585705613e-03	3.000000000000000e-06	3.000000000000000e-06
9.436981e+05	1.257282644721819e-02	8.341633661493875e-03	3.000000000000000e-06	3.000000000000000e-06
9.609926e+05	1.253494835160531e-02	8.325521795764144e-03	3.000000000000000e-06	3.000000000000000e-06
9.786006e+05	1.249717645786905e-02	8.309438012476605e-03	3.000000000000000e-06	3.000000000000000e-06
9.965278e+05	1.245951070983225e-02	8.293382334778242e-03	3.000000000000000e-06	3.000000000000000e-06
1.000000e+06	1.245237441050419e-02	8.290335778885383e-03	3.000000000000000e-06	3.000000000000000e-06
1.018583e+06	1.241428439560099e-02	8.274078755077600e-03	3.000000000000000e-06	3.000000000000000e-06
1.037230e+06	1.237686223539986e-02	8.258089304852449e-03	3.000000000000000e-06	3.000000000000000e-06
1.056220e+06	1.233953601049332e-02	8.242123757057785e-03	3.000000000000000e-06	3.000000000000000e-06
1.075554e+06	1.230231584755088e-02	8.226186479919186e-03	3.000000000000000e-06	3.000000000000000e-06
1.095239e+06	1.226520149647232e-02	8.210277414985591e-03	3.000000000000000e-06	3.000000000000000e-06
1.115281e+06	1.222819288995877e-02	8.194396582076671e-03	3.000000000000000e-06	3.000000000000000e-06
1.135686e+06	1.219128995531053e-02	8.178543998895274e-03	3.000000000000000e-06	3.000000000000000e-06
1.156460e+06	1.215449261784028e-02	8.162719682476512e-03	3.000000000000000e-06	3.000000000000000e-06
1.177612e+06	1.211780080086950e-02	8.146923649176178e-03	3.000000000000000e-06	3.000000000000000e-06
1.199146e+06	1.208121442578529e-02	8.131155914685080e-03	3.000000000000000e-06	3.000000000000000e-06
1.221072e+06	1.204473341209542e-02	8.115416494042774e-03	3.000000000000000e-06	3.000000000000000e-06
1.243394e+06	1.200835767748289e-02	8.099705401651187e-03	3.000000000000000e-06	3.000000000000000e-06
1.266121e+06	1.197208713785993e-02	8.084022651288094e-03	3.000000000000000e-06	3.000000000000000e-06
1.289261e+06	1.193592170742136e-02	8.068368256120482e-03	3.000000000000000e-06	3.000000000000000e-06
1.312819e+06	1.189986129869749e-02	8.052742228717770e-03	3.000000000000000e-06	3.000000000000000e-06
1.336805e+06	1.186390582260638e-02	8.037144581064923e-03	3.000000000000000e-06	3.000000000000000e-06
1.361226e+06	1.182805518850570e-02	8.021575324575422e-03	3.000000000000000e-06	3.000000000000000e-06
1.386089e+06	1.179230930424386e-02	8.006034470104124e-03	3.000000000000000e-06	3.000000000000000e-06
1.411403e+06	1.175666807621084e-02	7.990522027960004e-03	3.000000000000000e-06	3.000000000000000e-06
1.437176e+06	1.172113140938833e-02	7.975038007918770e-03	3.000000000000000e-06	3.000000000000000e-06
1.463417e+06	1.168569920739943e-02	7.959582419235361e-03	3.000000000000000e-06	3.000000000000000e-06
1.490133e+06	1.165037137255790e-02	7.944155270656337e-03	3.000000000000000e-06	3.000000000000000e-06
1.517333e+06	1.161514780591681e-02	7.928756570432146e-03	3.000000000000000e-06	3.000000000000000e-06
1.545027e+06	1.158002840731680e-02	7.913386326329284e-03	3.000000000000000e-06	3.000000000000000e-06
1.573222e+06	1.154501307543382e-02	7.898044545642344e-03	3.000000000000000e-06	3.000000000000000e-06
1.601929e+06	1.151010170782641e-02	7.882731235205947e-03	3.000000000000000e-06	3.000000000000000e-06
1.631156e+06	1.147529420098249e-02	7.867446401406589e-03	3.000000000000000e-06	3.000000000000000e-06
1.660914e+06	1.144059045036579e-02	7.852190050194345e-03	3.000000000000000e-06	3.000000000000000e-06
1.691211e+06	1.140599035046169e-02	7.836962187094508e-03	3.000000000000000e-06	3.000000000000000e-06
1.722057e+06	1.137149379482277e-02	7.821762817219085e-03	3.000000000000000e-06	3.000000000000000e-06
1.753462e+06	1.133710067611382e-02	7.806591945278240e-03	3.000000000000000e-06	3.000000000000000e-06
1.785438e+06	1.130281088615646e-02	7.791449575591587e-03	3.000000000000000e-06	3.000000000000000e-06
1.817992e+06	1.126862431597337e-02	7.776335712099419e-03	3.000000000000000e-06	3.000000000000000e-06
1.851138e+06	1.123454085583210e-02	7.761250358373829e-03	3.000000000000000e-06	3.000000000000000e-06
1.884884e+06	1.120056039528842e-02	7.746193517629734e-03	3.000000000000000e-06	3.000000000000000e-06
1.919243e+06	1.116668282322939e-02	7.731165192735812e-03	3.000000000000000e-06	3.000000000000000e-06
1.954224e+06	1.113290802791593e-02	7.716165386225345e-03	3.000000000000000e-06	3.000000000000000e-06
1.989840e+06	1.109923589702508e-02	7.701194100306962e-03	3.000000000000000e-06	3.000000000000000e-06
2.026103e+06	1.106566631769185e-02	7.686251336875313e-03	3.000000000000000e-06	3.000000000000000e-06
2.063022e+06	1.103219917655076e-02	7.671337097521637e-03	3.000000000000000e-06	3.000000000000000e-06
2.100612e+06	1.099883435977692e-02	7.656451383544256e-03	3.000000000000000e-06	3.000000000000000e-06
2.138883e+06	1.096557175312689e-02	7.641594195958981e-03	3.000000000000000e-06	3.000000000000000e-06
2.177849e+06	1.093241124197908e-02	7.626765535509436e-03	3.000000000000000e-06	3.000000000000000e-06
2.217522e+06	1.089935271137388e-02	7.611965402677299e-03	3.000000000000000e-06	3.000000000000000e-06
2.257914e+06	1.086639604605344e-02	7.597193797692468e-03	3.000000000000000e-06	3.000000000000000e-06
2.299039e+06	1.083354113050113e-02	7.582450720543148e-03	3.000000000000000e-06	3.000000000000000e-06
2.340911e+06	1.080078784898068e-02	7.567736170985856e-03	3.000000000000000e-06	3.000000000000000e-06
2.383542e+06	1.076813608557501e-02	7.553050148555360e-03	3.000000000000000e-06	3.000000000000000e-06
2.426947e+06	1.073558572422477e-02	7.538392652574538e-03	3.000000000000000e-06	3.000000000000000e-06
2.471139e+06	1.070313664876657e-02	7.523763682164167e-03	3.000000000000000e-06	3.000000000000000e-06
2.516133e+06	1.067078874297090e-02	7.509163236252646e-03	3.000000000000000e-06	3.000000000000000e-06
2.561944e+06	1.063854189057984e-02	7.494591313585641e-03	3.000000000000000e-06	3.000000000000000e-06
2.608587e+06	1.060639597534442e-02	7.480047912735671e-03	3.000000000000000e-06	3.000000000000000e-06
2.656076e+06	1.057435088106174e-02	7.465533032111624e-03	3.000000000000000e-06	3.000000000000000e-06
2.704427e+06	1.054240649161181e-02	7.451046669968211e-03	3.000000000000000e-06	3.000000000000000e-06
2.753655e+06	1.051056269099417e-02	7.436588824415355e-03	3.000000000000000e-06	3.000000000000000e-06
2.803777e+06	1.047881936336425e-02	7.422159493427514e-03	3.000000000000000e-06	3.000000000000000e-06
2.854809e+06	1.044717639306942e-02	7.407758674852960e-03	3.000000000000000e-06	3.000000000000000e-06
2.906768e+06	1.041563366468492e-02	7.393386366422977e-03	3.000000000000000e-06	3.000000000000000e-06
2.959670e+06	1.038419106304946e-02	7.379042565761018e-03	3.000000000000000e-06	3.000000000000000e-06
3.013532e+06	1.035284847330062e-02	7.364727270391803e-03	3.000000000000000e-06	3.000000000000000e-06
3.068373e+06	1.032160578091007e-02	7.350440477750356e-03	3.000000000000000e-06	3.000000000000000e-06
3.124209e+06	1.029046287171855e-02	7.336182185190995e-03	3.000000000000000e-06	3.000000000000000e-06
3.181059e+06	1.025941963197060e-02	7.321952389996275e-03	3.000000000000000e-06	3.000000000000000e-06
3.238942e+06	1.022847594834919e-02	7.307751089385868e-03	3.000000000000000e-06	3.000000000000000e-06
3.297876e+06	1.019763170801003e-02	7.293578280525402e-03	3.000000000000000e-06	3.000000000000000e-06
3.357881e+06	1.016688679861582e-02	7.279433960535255e-03	3.000000000000000e-06	3.000000000000000e-06
3.418975e+06	1.013624110837020e-02	7.265318126499296e-03	3.000000000000000e-06	3.000000000000000e-06
3.481179e+06	1.010569452605160e-02	7.251230775473591e-03	3.000000000000000e-06	3.000000000000000e-06
3.544513e+06	1.007524694104692e-02	7.237171904495049e-03	3.000000000000000e-06	3.000000000000000e-06
3.608998e+06	1.004489824338495e-02	7.223141510590049e-03	3.000000000000000e-06	3.000000000000000e-06
3.674654e+06	1.001464832376977e-02	7.209139590783005e-03	3.000000000000000e-06	3.000000000000000e-06
3.741504e+06	9.984497073613846e-03	7.195166142104903e-03	3.000000000000000e-06	3.000000000000000e-06
3.809568e+06	9.954444385071128e-03	7.181221161601800e-03	3.000000000000000e-06	3.000000000000000e-06
3.878869e+06	9.924490151069871e-03	7.167304646343282e-03	3.000000000000000e-06	3.000000000000000e-06
3.949429e+06	9.894634265345393e-03	7.153416593430887e-03	3.000000000000000e-06	3.000000000000000e-06
4.021272e+06	9.864876622472676e-03	7.139557000006500e-03	3.000000000000000e-06	3.000000000000000e-06
4.094420e+06	9.835217117898844e-03	7.125725863260708e-03	3.000000000000000e-06	3.000000000000000e-06
4.168898e+06	9.805655647975512e-03	7.111923180441125e-03	3.000000000000000e-06	3.000000000000000e-06
4.244730e+06	9.776192109991016e-03	7.098148948860690e-03	3.000000000000000e-06	3.000000000000000e-06
4.321941e+06	9.746826402202539e-03	7.084403165905938e-03	3.000000000000000e-06	3.000000000000000e-06
4.400555e+06	9.717558423868117e-03	7.070685829045231e-03	3.000000000000000e-06	3.000000000000000e-06
4.480599e+06	9.688388075278552e-03	7.056996935836982e-03	3.000000000000000e-06	3.000000000000000e-06
4.562098e+06	9.659315257789214e-03	7.043336483937834e-03	3.000000000000000e-06	3.000000000000000e-06
4.645079e+06	9.630339873851765e-03	7.029704471110831e-03	3.000000000000000e-06	3.000000000000000e-06
4.729569e+06	9.601461827045776e-03	7.016100895233558e-03	3.000000000000000e-06	3.000000000000000e-06
4.815595e+06	9.572681022110275e-03	7.002525754306261e-03	3.000000000000000e-06	3.000000000000000e-06
4.903187e+06	9.543997364975205e-03	6.988979046459945e-03	3.000000000000000e-06	3.000000000000000e-06
4.992371e+06	9.515410762792813e-03	6.975460769964464e-03	3.000000000000000e-06	3.000000000000000e-06
5.083178e+06	9.486921123968961e-03	6.961970923236575e-03	3.000000000000000e-06	3.000000000000000e-06
5.175637e+06	9.458528358194371e-03	6.948509504847996e-03	3.000000000000000e-06	3.000000000000000e-06
5.269778e+06	9.430232376475823e-03	6.935076513533427e-03	3.000000000000000e-06	3.000000000000000e-06
5.365631e+06	9.402033091167269e-03	6.921671948198576e-03	3.000000000000000e-06	3.000000000000000e-06
5.463229e+06	9.373930416000910e-03	6.908295807928166e-03	3.000000000000000e-06	3.000000000000000e-06
5.562603e+06	9.345924266118227e-03	6.894948091993923e-03	3.000000000000000e-06	3.000000000000000e-06
5.663785e+06	9.318014558100945e-03	6.881628799862563e-03	3.000000000000000e-06	3.000000000000000e-06
5.766809e+06	9.290201210001979e-03	6.868337931203766e-03	3.000000000000000e-06	3.000000000000000e-06
5.871708e+06	9.262484141376325e-03	6.855075485898140e-03	3.000000000000000e-06	3.000000000000000e-06
5.978516e+06	9.234863273311930e-03	6.841841464045183e-03	3.000000000000000e-06	3.000000000000000e-06
6.087269e+06	9.207338528460507e-03	6.828635865971235e-03	3.000000000000000e-06	3.000000000000000e-06
6.198001e+06	9.179909831068360e-03	6.815458692237427e-03	3.000000000000000e-06	3.000000000000000e-06
6.310750e+06	9.152577107007155e-03	6.802309943647626e-03	3.000000000000000e-06	3.000000000000000e-06
6.425551e+06	9.125340283804677e-03	6.789189621256379e-03	3.000000000000000e-06	3.000000000000000e-06
6.542443e+06	9.098199290675586e-03	6.776097726376851e-03	3.000000000000000e-06	3.000000000000000e-06
6.661464e+06	9.071154058552132e-03	6.763034260588773e-03	3.000000000000000e-06	3.000000000000000e-06
6.782652e+06	9.044204520114891e-03	6.749999225746377e-03	3.000000000000000e-06	3.000000000000000e-06
6.906047e+06	9.017350609823468e-03	6.736992623986349e-03	3.000000000000000e-06	3.000000000000000e-06
7.031690e+06	8.990592263947213e-03	6.724014457735768e-03	3.000000000000000e-06	3.000000000000000e-06
7.159622e+06	8.963929420595920e-03	6.711064729720067e-03	3.000000000000000e-06	3.000000000000000e-06
7.289884e+06	8.937362019750544e-03	6.698143442970986e-03	3.000000000000000e-06	3.000000000000000e-06
7.422520e+06	8.910890003293913e-03	6.685250600834538e-03	3.000000000000000e-06	3.000000000000000e-06
7.557572e+06	8.884513315041455e-03	6.672386206978978e-03	3.000000000000000e-06	3.000000000000000e-06
7.695086e+06	8.858231900771911e-03	6.659550265402790e-03	3.000000000000000e-06	3.000000000000000e-06
7.835105e+06	8.832045708258100e-03	6.646742780442671e-03	3.000000000000000e-06	3.000000000000000e-06
7.977676e+06	8.805954687297661e-03	6.633963756781537e-03	3.000000000000000e-06	3.000000000000000e-06
8.122845e+06	8.779958789743834e-03	6.621213199456534e-03	3.000000000000000e-06	3.000000000000000e-06
8.270661e+06	8.754057969536251e-03	6.608491113867064e-03	3.000000000000000e-06	3.000000000000000e-06
8.421171e+06	8.728252182731749e-03	6.595797505782831e-03	3.000000000000000e-06	3.000000000000000e-06
8.574425e+06	8.702541387535208e-03	6.583132381351885e-03	3.000000000000000e-06	3.000000000000000e-06
8.730473e+06	8.676925544330416e-03	6.570495747108706e-03	3.000000000000000e-06	3.000000000000000e-06
8.889367e+06	8.651404615710951e-03	6.557887609982285e-03	3.000000000000000e-06	3.000000000000000e-06
9.051158e+06	8.625978566511098e-03	6.545307977304233e-03	3.000000000000000e-06	3.000000000000000e-06
9.215899e+06	8.600647363836802e-03	6.532756856816910e-03	3.000000000000000e-06	3.000000000000000e-06
9.383645e+06	8.575410977096635e-03	6.520234256681564e-03	3.000000000000000e-06	3.000000000000000e-06
9.554451e+06	8.550269378032813e-03	6.507740185486506e-03	3.000000000000000e-06	3.000000000000000e-06
9.728372e+06	8.525222540752234e-03	6.495274652255297e-03	3.000000000000000e-06	3.000000000000000e-06
9.905465e+06	8.500270441757551e-03	6.482837666454961e-03	3.000000000000000e-06	3.000000000000000e-06
1.000000e+07	8.487248120592811e-03	6.476335553731577e-03	3.000000000000000e-06	3.000000000000000e-06
1.018361e+07	8.462226247675878e-03	6.463835192688565e-03	3.000000000000000e-06	3.000000000000000e-06
1.036898e+07	8.437517805968256e-03	6.451472469030235e-03	3.000000000000000e-06	3.000000000000000e-06
1.055776e+07	8.412900119064601e-03	6.439136372272872e-03	3.000000000000000e-06	3.000000000000000e-06
1.074999e+07	8.388377165476244e-03	6.426828906874361e-03	3.000000000000000e-06	3.000000000000000e-06
1.094572e+07	8.363948863982092e-03	6.414550049124315e-03	3.000000000000000e-06	3.000000000000000e-06
1.114502e+07	8.339615208786047e-03	6.402299812233307e-03	3.000000000000000e-06	3.000000000000000e-06
1.134796e+07	8.315376195417454e-03	6.390078209264092e-03	3.000000000000000e-06	3.000000000000000e-06
1.155461e+07	8.291231822091516e-03	6.377885253805815e-03	3.000000000000000e-06	3.000000000000000e-06
1.176503e+07	8.267182089716907e-03	6.365720959970532e-03	3.000000000000000e-06	3.000000000000000e-06
1.197929e+07	8.243227001927656e-03	6.353585342401941e-03	3.000000000000000e-06	3.000000000000000e-06
1.219747e+07	8.219366565114657e-03	6.341478416283936e-03	3.000000000000000e-06	3.000000000000000e-06
1.241963e+07	8.195600788457189e-03	6.329400197349184e-03	3.000000000000000e-06	3.000000000000000e-06
1.264584e+07	8.171929683954504e-03	6.317350701887752e-03	3.000000000000000e-06	3.000000000000000e-06
1.287619e+07	8.148353266457426e-03	6.305329946755767e-03	3.000000000000000e-06	3.000000000000000e-06
1.311074e+07	8.124871553699991e-03	6.293337949384111e-03	3.000000000000000e-06	3.000000000000000e-06
1.334958e+07	8.101484566331120e-03	6.281374727787157e-03	3.000000000000000e-06	3.000000000000000e-06
1.359278e+07	8.078192327946309e-03	6.269440300571546e-03	3.000000000000000e-06	3.000000000000000e-06
1.384043e+07	8.054994865119364e-03	6.257534686945001e-03	3.000000000000000e-06	3.000000000000000e-06
1.409260e+07	8.031892207434147e-03	6.245657906725188e-03	3.000000000000000e-06	3.000000000000000e-06
1.434938e+07	8.008884387516348e-03	6.233809980348612e-03	3.000000000000000e-06	3.000000000000000e-06
1.461085e+07	7.985971441065285e-03	6.221990928879565e-03	3.000000000000000e-06	3.000000000000000e-06
1.487710e+07	7.963153406885715e-03	6.210200774019106e-03	3.000000000000000e-06	3.000000000000000e-06
1.514821e+07	7.940430326919656e-03	6.198439538114099e-03	3.000000000000000e-06	3.000000000000000e-06
1.542429e+07	7.917802246278241e-03	6.186707244166291e-03	3.000000000000000e-06	3.000000000000000e-06
1.570540e+07	7.895269213273553e-03	6.175003915841431e-03	3.000000000000000e-06	3.000000000000000e-06
1.599166e+07	7.872831279450493e-03	6.163329577478442e-03	3.000000000000000e-06	3.000000000000000e-06
1.628316e+07	7.850488499618629e-03	6.151684254098649e-03	3.000000000000000e-06	3.000000000000000e-06
1.657998e+07	7.828240931884056e-03	6.140067971415033e-03	3.000000000000000e-06	3.000000000000000e-06
1.688223e+07	7.806088637681252e-03	6.128480755841564e-03	3.000000000000000e-06	3.000000000000000e-06
1.719000e+07	7.784031681804910e-03	6.116922634502558e-03	3.000000000000000e-06	3.000000000000000e-06
1.750341e+07	7.762070132441772e-03	6.105393635242099e-03	3.000000000000000e-06	3.000000000000000e-06
1.782255e+07	7.740204061202433e-03	6.093893786633517e-03	3.000000000000000e-06	3.000000000000000e-06
1.814753e+07	7.718433543153125e-03	6.082423117988906e-03	3.000000000000000e-06	3.000000000000000e-06
1.847845e+07	7.696758656847474e-03	6.070981659368702e-03	3.000000000000000e-06	3.000000000000000e-06
1.881543e+07	7.675179484358217e-03	6.059569441591316e-03	3.000000000000000e-06	3.000000000000000e-06
1.915857e+07	7.653696111308885e-03	6.048186496242825e-03	3.000000000000000e-06	3.000000000000000e-06
1.950800e+07	7.632308626905431e-03	6.036832855686705e-03	3.000000000000000e-06	3.000000000000000e-06
1.986381e+07	7.611017123967819e-03	6.025508553073638e-03	3.000000000000000e-06	3.000000000000000e-06
2.022614e+07	7.589821698961535e-03	6.014213622351362e-03	3.000000000000000e-06	3.000000000000000e-06
2.059510e+07	7.568722452029056e-03	6.002948098274590e-03	3.000000000000000e-06	3.000000000000000e-06
2.097082e+07	7.547719487021220e-03	5.991712016414975e-03	3.000000000000000e-06	3.000000000000000e-06
2.135341e+07	7.526812911528541e-03	5.980505413171145e-03	3.000000000000000e-06	3.000000000000000e-06
2.174301e+07	7.506002836912416e-03	5.969328325778789e-03	3.000000000000000e-06	3.000000000000000e-06
2.213974e+07	7.485289378336254e-03	5.958180792320809e-03	3.000000000000000e-06	3.000000000000000e-06
2.254374e+07	7.464672654796483e-03	5.947062851737534e-03	3.000000000000000e-06	3.000000000000000e-06
2.295514e+07	7.444152789153463e-03	5.935974543836986e-03	3.000000000000000e-06	3.000000000000000e-06
2.337407e+07	7.423729908162270e-03	5.924915909305216e-03	3.000000000000000e-06	3.000000000000000e-06
2.380067e+07	7.403404142503342e-03	5.913886989716705e-03	3.000000000000000e-06	3.000000000000000e-06
2.423509e+07	7.383175626813009e-03	5.902887827544814e-03	3.000000000000000e-06	3.000000000000000e-06
2.467746e+07	7.363044499713845e-03	5.891918466172318e-03	3.000000000000000e-06	3.000000000000000e-06
2.512794e+07	7.343010903844887e-03	5.880978949901986e-03	3.000000000000000e-06	3.000000000000000e-06
2.558668e+07	7.323074985891670e-03	5.870069323967234e-03	3.000000000000000e-06	3.000000000000000e-06
2.605381e+07	7.303236896616092e-03	5.859189634542844e-03	3.000000000000000e-06	3.000000000000000e-06
2.652952e+07	7.283496790886074e-03	5.848339928755739e-03	3.000000000000000e-06	3.000000000000000e-06
2.701393e+07	7.263854827705044e-03	5.837520254695845e-03	3.000000000000000e-06	3.000000000000000e-06
2.750723e+07	7.244311170241179e-03	5.826730661426990e-03	3.000000000000000e-06	3.000000000000000e-06
2.800957e+07	7.224865985856442e-03	5.815971198997898e-03	3.000000000000000e-06	3.000000000000000e-06
2.852112e+07	7.205519446135378e-03	5.805241918453228e-03	3.000000000000000e-06	3.000000000000000e-06
2.904204e+07	7.186271726913656e-03	5.794542871844696e-03	3.000000000000000e-06	3.000000000000000e-06
2.957252e+07	7.167123008306349e-03	5.783874112242259e-03	3.000000000000000e-06	3.000000000000000e-06
3.011272e+07	7.148073474735945e-03	5.773235693745362e-03	3.000000000000000e-06	3.000000000000000e-06
3.066283e+07	7.129123314960062e-03	5.762627671494267e-03	3.000000000000000e-06	3.000000000000000e-06
3.122303e+07	7.110272722098865e-03	5.752050101681433e-03	3.000000000000000e-06	3.000000000000000e-06
3.179351e+07	7.091521893662160e-03	5.741503041562985e-03	3.000000000000000e-06	3.000000000000000e-06
3.237444e+07	7.072871031576161e-03	5.730986549470234e-03	3.000000000000000e-06	3.000000000000000e-06
3.296604e+07	7.054320342209910e-03	5.720500684821279e-03	3.000000000000000e-06	3.000000000000000e-06
3.356848e+07	7.035870036401335e-03	5.710045508132675e-03	3.000000000000000e-06	3.000000000000000e-06
3.418198e+07	7.017520329482925e-03	5.699621081031168e-03	3.000000000000000e-06	3.000000000000000e-06
3.480674e+07	6.999271441307021e-03	5.689227466265504e-03	3.000000000000000e-06	3.000000000000000e-06
3.544296e+07	6.981123596270689e-03	5.678864727718310e-03	3.000000000000000e-06	3.000000000000000e-06
3.609086e+07	6.963077023340169e-03	5.668532930418034e-03	3.000000000000000e-06	3.000000000000000e-06
3.675064e+07	6.945131956074884e-03	5.658232140550975e-03	3.000000000000000e-06	3.000000000000000e-06
3.742254e+07	6.927288632650983e-03	5.647962425473362e-03	3.000000000000000e-06	3.000000000000000e-06
3.810677e+07	6.909547295884408e-03	5.637723853723521e-03	3.000000000000000e-06	3.000000000000000e-06
3.880356e+07	6.891908193253465e-03	5.627516495034104e-03	3.000000000000000e-06	3.000000000000000e-06
3.951315e+07	6.874371576920874e-03	5.617340420344384e-03	3.000000000000000e-06	3.000000000000000e-06
4.023576e+07	6.856937703755296e-03	5.607195701812635e-03	3.000000000000000e-06	3.000000000000000e-06
4.097164e+07	6.839606835352300e-03	5.597082412828564e-03	3.000000000000000e-06	3.000000000000000e-06
4.172103e+07	6.822379238054755e-03	5.587000628025830e-03	3.000000000000000e-06	3.000000000000000e-06
4.248419e+07	6.805255182972637e-03	5.576950423294624e-03	3.000000000000000e-06	3.000000000000000e-06
4.326137e+07	6.788234946002219e-03	5.566931875794317e-03	3.000000000000000e-06	3.000000000000000e-06
4.405282e+07	6.771318807844633e-03	5.556945063966186e-03	3.000000000000000e-06	3.000000000000000e-06
4.485880e+07	6.754507054023772e-03	5.546990067546199e-03	3.000000000000000e-06	3.000000000000000e-06
4.567960e+07	6.737799974903523e-03	5.537066967577875e-03	3.000000000000000e-06	3.000000000000000e-06
4.651547e+07	6.721197865704305e-03	5.527175846425219e-03	3.000000000000000e-06	3.000000000000000e-06
4.736671e+07	6.704701026518885e-03	5.517316787785709e-03	3.000000000000000e-06	3.000000000000000e-06
4.823359e+07	6.688309762327457e-03	5.507489876703364e-03	3.000000000000000e-06	3.000000000000000e-06
4.911639e+07	6.672024383011965e-03	5.497695199581875e-03	3.000000000000000e-06	3.000000000000000e-06
5.001543e+07	6.655845203369632e-03	5.487932844197807e-03	3.000000000000000e-06	3.000000000000000e-06
5.093098e+07	6.639772543125691e-03	5.478202899713858e-03	3.000000000000000e-06	3.000000000000000e-06
5.186337e+07	6.623806726945281e-03	5.468505456692194e-03	3.000000000000000e-06	3.000000000000000e-06
5.281290e+07	6.607948084444495e-03	5.458840607107843e-03	3.000000000000000e-06	3.000000000000000e-06
5.377988e+07	6.592196950200546e-03	5.449208444362158e-03	3.000000000000000e-06	3.000000000000000e-06
5.476464e+07	6.576553663761038e-03	5.439609063296338e-03	3.000000000000000e-06	3.000000000000000e-06
5.576752e+07	6.561018569652310e-03	5.430042560205020e-03	3.000000000000000e-06	3.000000000000000e-06
5.678883e+07	6.545592017386832e-03	5.420509032849925e-03	3.000000000000000e-06	3.000000000000000e-06
5.782893e+07	6.530274361469632e-03	5.411008580473574e-03	3.000000000000000e-06	3.000000000000000e-06
5.888815e+07	6.515065961403720e-03	5.401541303813055e-03	3.000000000000000e-06	3.000000000000000e-06
5.996686e+07	6.499967181694498e-03	5.392107305113860e-03	3.000000000000000e-06	3.000000000000000e-06
6.106542e+07	6.484978391853116e-03	5.382706688143772e-03	3.000000000000000e-06	3.000000000000000e-06
6.218418e+07	6.470099966398763e-03	5.373339558206819e-03	3.000000000000000e-06	3.000000000000000e-06
6.332353e+07	6.455332284859860e-03	5.364006022157270e-03	3.000000000000000e-06	3.000000000000000e-06
6.448384e+07	6.440675731774128e-03	5.354706188413706e-03	3.000000000000000e-06	3.000000000000000e-06
6.566550e+07	6.426130696687521e-03	5.345440166973126e-03	3.000000000000000e-06	3.000000000000000e-06
6.686891e+07	6.411697574151970e-03	5.336208069425122e-03	3.000000000000000e-06	3.000000000000000e-06
6.809446e+07	6.397376763721947e-03	5.327010008966094e-03	3.000000000000000e-06	3.000000000000000e-06
6.934257e+07	6.383168669949801e-03	5.317846100413521e-03	3.000000000000000e-06	3.000000000000000e-06
7.061366e+07	6.369073702379842e-03	5.308716460220284e-03	3.000000000000000e-06	3.000000000000000e-06
7.190815e+07	6.355092275541161e-03	5.299621206489028e-03	3.000000000000000e-06	3.000000000000000e-06
7.322647e+07	6.341224808939151e-03	5.290560458986576e-03	3.000000000000000e-06	3.000000000000000e-06
7.456906e+07	6.327471727045703e-03	5.281534339158387e-03	3.000000000000000e-06	3.000000000000000e-06
7.593637e+07	6.313833459288055e-03	5.272542970143055e-03	3.000000000000000e-06	3.000000000000000e-06
7.732886e+07	6.300310440036281e-03	5.263586476786850e-03	3.000000000000000e-06	3.000000000000000e-06
7.874700e+07	6.286903108589363e-03	5.254664985658299e-03	3.000000000000000e-06	3.000000000000000e-06
8.019125e+07	6.273611909159866e-03	5.245778625062802e-03	3.000000000000000e-06	3.000000000000000e-06
8.166211e+07	6.260437290857154e-03	5.236927525057286e-03	3.000000000000000e-06	3.000000000000000e-06
8.316006e+07	6.247379707669141e-03	5.228111817464889e-03	3.000000000000000e-06	3.000000000000000e-06
8.468561e+07	6.234439618442557e-03	5.219331635889682e-03	3.000000000000000e-06	3.000000000000000e-06
8.623926e+07	6.221617486861697e-03	5.210587115731412e-03	3.000000000000000e-06	3.000000000000000e-06
8.782154e+07	6.208913781425628e-03	5.201878394200279e-03	3.000000000000000e-06	3.000000000000000e-06
8.943297e+07	6.196328975423842e-03	5.193205610331734e-03	3.000000000000000e-06	3.000000000000000e-06
9.107410e+07	6.183863546910332e-03	5.184568905001300e-03	3.000000000000000e-06	3.000000000000000e-06
9.274547e+07	6.171517978676057e-03	5.175968420939416e-03	3.000000000000000e-06	3.000000000000000e-06
9.444765e+07	6.159292758219794e-03	5.167404302746292e-03	3.000000000000000e-06	3.000000000000000e-06
9.618121e+07	6.147188377717336e-03	5.158876696906788e-03	3.000000000000000e-06	3.000000000000000e-06
9.794672e+07	6.135205333989037e-03	5.150385751805300e-03	3.000000000000000e-06	3.000000000000000e-06
9.974478e+07	6.123344128465671e-03	5.141931617740651e-03	3.000000000000000e-06	3.000000000000000e-06
1.000000e+08	6.121709373815410e-03	5.140759300474549e-03	3.000000000000000e-06	3.000000000000000e-06
1.018650e+08	6.109801788216577e-03	5.132213963108207e-03	3.000000000000000e-06	3.000000000000000e-06
1.037347e+08	6.098208242349892e-03	5.123842100388435e-03	3.000000000000000e-06	3.000000000000000e-06
1.056395e+08	6.086734709381036e-03	5.115505068458347e-03	3.000000000000000e-06	3.000000000000000e-06
1.075794e+08	6.075385208726953e-03	5.107205537627894e-03	3.000000000000000e-06	3.000000000000000e-06
1.095550e+08	6.064160202019216e-03	5.098943622828201e-03	3.000000000000000e-06	3.000000000000000e-06
1.115672e+08	6.053060219344928e-03	5.090719487293471e-03	3.000000000000000e-06	3.000000000000000e-06
1.136164e+08	6.042085793953642e-03	5.082533295440791e-03	3.000000000000000e-06	3.000000000000000e-06
1.157034e+08	6.031237463382742e-03	5.074385213738334e-03	3.000000000000000e-06	3.000000000000000e-06
1.178289e+08	6.020515769386043e-03	5.066275410704751e-03	3.000000000000000e-06	3.000000000000000e-06
1.199937e+08	6.009921257882054e-03	5.058204056924270e-03	3.000000000000000e-06	3.000000000000000e-06
1.221983e+08	5.999454478900012e-03	5.050171325061492e-03	3.000000000000000e-06	3.000000000000000e-06
1.244437e+08	5.989115986524085e-03	5.042177389876151e-03	3.000000000000000e-06	3.000000000000000e-06
1.267305e+08	5.978906338835720e-03	5.034222428237851e-03	3.000000000000000e-06	3.000000000000000e-06
1.290595e+08	5.968826097854128e-03	5.026306619140758e-03	3.000000000000000e-06	3.000000000000000e-06
1.314315e+08	5.958875829474916e-03	5.018430143718252e-03	3.000000000000000e-06	3.000000000000000e-06
1.338473e+08	5.949056103406843e-03	5.010593185257532e-03	3.000000000000000e-06	3.000000000000000e-06
1.363076e+08	5.939367493106722e-03	5.002795929214177e-03	3.000000000000000e-06	3.000000000000000e-06
1.388134e+08	5.929810575712443e-03	4.995038563226639e-03	3.000000000000000e-06	3.000000000000000e-06
1.413655e+08	5.920385931974141e-03	4.987321277130698e-03	3.000000000000000e-06	3.000000000000000e-06
1.439646e+08	5.911094146183502e-03	4.979644262973829e-03	3.000000000000000e-06	3.000000000000000e-06
1.466118e+08	5.901935806101199e-03	4.972007715029524e-03	3.000000000000000e-06	3.000000000000000e-06
1.493079e+08	5.892911502882492e-03	4.964411829811521e-03	3.000000000000000e-06	3.000000000000000e-06
1.520537e+08	5.884021831000974e-03	4.956856806087975e-03	3.000000000000000e-06	3.000000000000000e-06
1.548503e+08	5.875267388170493e-03	4.949342844895531e-03	3.000000000000000e-06	3.000000000000000e-06
1.576985e+08	5.866648775265237e-03	4.941870149553318e-03	3.000000000000000e-06	3.000000000000000e-06
1.605993e+08	5.858166596238018e-03	4.934438925676849e-03	3.000000000000000e-06	3.000000000000000e-06
1.635537e+08	5.849821458036763e-03	4.927049381191820e-03	3.000000000000000e-06	3.000000000000000e-06
1.665627e+08	5.841613970519211e-03	4.919701726347816e-03	3.000000000000000e-06	3.000000000000000e-06
1.696273e+08	5.833544746365868e-03	4.912396173731890e-03	3.000000000000000e-06	3.000000000000000e-06
1.727485e+08	5.825614400991206e-03	4.905132938282055e-03	3.000000000000000e-06	3.000000000000000e-06
1.759274e+08	5.817823552453149e-03	4.897912237300630e-03	3.000000000000000e-06	3.000000000000000e-06
1.791651e+08	5.810172821360861e-03	4.890734290467480e-03	3.000000000000000e-06	3.000000000000000e-06
1.824626e+08	5.802662830780871e-03	4.883599319853115e-03	3.000000000000000e-06	3.000000000000000e-06
1.858210e+08	5.795294206141549e-03	4.876507549931658e-03	3.000000000000000e-06	3.000000000000000e-06
1.892415e+08	5.788067575135971e-03	4.869459207593668e-03	3.000000000000000e-06	3.000000000000000e-06
1.927253e+08	5.780983567623211e-03	4.862454522158817e-03	3.000000000000000e-06	3.000000000000000e-06
1.962734e+08	5.774042815528079e-03	4.855493725388404e-03	3.000000000000000e-06	3.000000000000000e-06
1.998872e+08	5.767245952739353e-03	4.848577051497723e-03	3.000000000000000e-06	3.000000000000000e-06
2.035678e+08	5.760593615006535e-03	4.841704737168247e-03	3.000000000000000e-06	3.000000000000000e-06
2.073164e+08	5.754086439835185e-03	4.834877021559656e-03	3.000000000000000e-06	3.000000000000000e-06
2.111344e+08	5.747725066380848e-03	4.828094146321664e-03	3.000000000000000e-06	3.000000000000000e-06
2.150230e+08	5.741510135341654e-03	4.821356355605682e-03	3.000000000000000e-06	3.000000000000000e-06
2.189835e+08	5.735442288849597e-03	4.814663896076266e-03	3.000000000000000e-06	3.000000000000000e-06
2.230172e+08	5.729522170360588e-03	4.808017016922384e-03	3.000000000000000e-06	3.000000000000000e-06
2.271256e+08	5.723750424543278e-03	4.801415969868459e-03	3.000000000000000e-06	3.000000000000000e-06
2.313100e+08	5.718127697166757e-03	4.794861009185208e-03	3.000000000000000e-06	3.000000000000000e-06
2.355717e+08	5.712654634987145e-03	4.788352391700263e-03	3.000000000000000e-06	3.000000000000000e-06
2.399124e+08	5.707331885633146e-03	4.781890376808547e-03	3.000000000000000e-06	3.000000000000000e-06
2.443334e+08	5.702160097490623e-03	4.775475226482436e-03	3.000000000000000e-06	3.000000000000000e-06
2.488361e+08	5.697139919586257e-03	4.769107205281662e-03	3.000000000000000e-06	3.000000000000000e-06
2.534222e+08	5.692272001470344e-03	4.762786580362974e-03	3.000000000000000e-06	3.000000000000000e-06
2.580932e+08	5.687556993098799e-03	4.756513621489539e-03	3.000000000000000e-06	3.000000000000000e-06
2.628507e+08	5.682995544714437e-03	4.750288601040075e-03	3.000000000000000e-06	3.000000000000000e-06
2.676962e+08	5.678588306727588e-03	4.744111794017719e-03	3.000000000000000e-06	3.000000000000000e-06
2.726314e+08	5.674335929596128e-03	4.737983478058610e-03	3.000000000000000e-06	3.000000000000000e-06
2.776580e+08	5.670239063704988e-03	4.731903933440180e-03	3.000000000000000e-06	3.000000000000000e-06
2.827776e+08	5.666298359245221e-03	4.725873443089156e-03	3.000000000000000e-06	3.000000000000000e-06
2.879921e+08	5.662514466092692e-03	4.719892292589257e-03	3.000000000000000e-06	3.000000000000000e-06
2.933030e+08	5.658888033686481e-03	4.713960770188578e-03	3.000000000000000e-06	3.000000000000000e-06
2.987124e+08	5.655419710907067e-03	4.708079166806656e-03	3.000000000000000e-06	3.000000000000000e-06
3.042219e+08	5.652110145954365e-03	4.702247776041203e-03	3.000000000000000e-06	3.000000000000000e-06
3.098335e+08	5.648959986225725e-03	4.696466894174517e-03	3.000000000000000e-06	3.000000000000000e-06
3.155490e+08	5.645969878193937e-03	4.690736820179536e-03	3.000000000000000e-06	3.000000000000000e-06
3.213704e+08	5.643140467285353e-03	4.685057855725548e-03	3.000000000000000e-06	3.000000000000000e-06
3.272996e+08	5.640472397758205e-03	4.679430305183537e-03	3.000000000000000e-06	3.000000000000000e-06
3.333387e+08	5.637966312581189e-03	4.673854475631169e-03	3.000000000000000e-06	3.000000000000000e-06
3.394897e+08	5.635622853312422e-03	4.668330676857391e-03	3.000000000000000e-06	3.000000000000000e-06
3.457546e+08	5.633442659978847e-03	4.662859221366662e-03	3.000000000000000e-06	3.000000000000000e-06
3.521356e+08	5.631426370956179e-03	4.657440424382770e-03	3.000000000000000e-06	3.000000000000000e-06
3.586349e+08	5.629574622849471e-03	4.652074603852270e-03	3.000000000000000e-06	3.000000000000000e-06
3.652546e+08	5.627888050374408e-03	4.646762080447504e-03	3.000000000000000e-06	3.000000000000000e-06
3.719971e+08	5.626367286239399e-03	4.641503177569201e-03	3.000000000000000e-06	3.000000000000000e-06
3.788645e+08	5.625012961028567e-03	4.636298221348660e-03	3.000000000000000e-06	3.000000000000000e-06
3.858592e+08	5.623825703085731e-03	4.631147540649495e-03	3.000000000000000e-06	3.000000000000000e-06
3.929835e+08	5.622806138399457e-03	4.626051467068944e-03	3.000000000000000e-06	3.000000000000000e-06
4.002400e+08	5.621954890489288e-03	4.621010334938720e-03	3.000000000000000e-06	3.000000000000000e-06
4.076310e+08	5.621272580293225e-03	4.616024481325414e-03	3.000000000000000e-06	3.000000000000000e-06
4.151590e+08	5.620759826056554e-03	4.611094246030432e-03	3.000000000000000e-06	3.000000000000000e-06
4.228267e+08	5.620417243222128e-03	4.606219971589450e-03	3.000000000000000e-06	3.000000000000000e-06
4.306365e+08	5.620245444322161e-03	4.601402003271404e-03	3.000000000000000e-06	3.000000000000000e-06
4.385911e+08	5.620245038871652e-03	4.596640689076972e-03	3.000000000000000e-06	3.000000000000000e-06
4.466934e+08	5.620416633263510e-03	4.591936379736577e-03	3.000000000000000e-06	3.000000000000000e-06
4.549458e+08	5.620760830665478e-03	4.587289428707875e-03	3.000000000000000e-06	3.000000000000000e-06
4.633514e+08	5.621278230918939e-03	4.582700192172737e-03	3.000000000000000e-06	3.000000000000000e-06
4.719129e+08	5.621969430439685e-03	4.578169029033709e-03	3.000000000000000e-06	3.000000000000000e-06
4.806332e+08	5.622835022120747e-03	4.573696300909946e-03	3.000000000000000e-06	3.000000000000000e-06
4.895154e+08	5.623875595237359e-03	4.569282372132611e-03	3.000000000000000e-06	3.000000000000000e-06
4.985623e+08	5.625091735354138e-03	4.564927609739739e-03	3.000000000000000e-06	3.000000000000000e-06
5.077771e+08	5.626484024234570e-03	4.560632383470543e-03	3.000000000000000e-06	3.000000000000000e-06
5.171629e+08	5.628053039752871e-03	4.556397065759178e-03	3.000000000000000e-06	3.000000000000000e-06
5.267229e+08	5.629799355808309e-03	4.552222031727929e-03	3.000000000000000e-06	3.000000000000000e-06
5.364604e+08	5.631723542242057e-03	4.548107659179844e-03	3.000000000000000e-06	3.000000000000000e-06
5.463785e+08	5.633826164756655e-03	4.544054328590785e-03	3.000000000000000e-06	3.000000000000000e-06
5.564808e+08	5.636107784838152e-03	4.540062423100901e-03	3.000000000000000e-06	3.000000000000000e-06
5.667706e+08	5.638568959680994e-03	4.536132328505509e-03	3.000000000000000e-06	3.000000000000000e-06
5.772514e+08	5.641210242115731e-03	4.532264433245396e-03	3.000000000000000e-06	3.000000000000000e-06
5.879269e+08	5.644032180539610e-03	4.528459128396507e-03	3.000000000000000e-06	3.000000000000000e-06
5.988005e+08	5.647035318850109e-03	4.524716807659038e-03	3.000000000000000e-06	3.000000000000000e-06
6.098760e+08	5.650220196381474e-03	4.521037867345918e-03	3.000000000000000e-06	3.000000000000000e-06
6.211573e+08	5.653587347844324e-03	4.517422706370680e-03	3.000000000000000e-06	3.000000000000000e-06
6.326480e+08	5.657137303268382e-03	4.513871726234708e-03	3.000000000000000e-06	3.000000000000000e-06
6.443521e+08	5.660870587948358e-03	4.510385331013865e-03	3.000000000000000e-06	3.000000000000000e-06
6.562736e+08	5.664787722393070e-03	4.506963927344495e-03	3.000000000000000e-06	3.000000000000000e-06
6.684166e+08	5.668889222277830e-03	4.503607924408790e-03	3.000000000000000e-06	3.000000000000000e-06
6.807851e+08	5.673175598400129e-03	4.500317733919522e-03	3.000000000000000e-06	3.000000000000000e-06
6.933834e+08	5.677647356638691e-03	4.497093770104143e-03	3.000000000000000e-06	3.000000000000000e-06
7.062157e+08	5.682304997915904e-03	4.493936449688236e-03	3.000000000000000e-06	3.000000000000000e-06
7.192865e+08	5.687149018163681e-03	4.490846191878327e-03	3.000000000000000e-06	3.000000000000000e-06
7.326001e+08	5.692179908292773e-03	4.487823418344051e-03	3.000000000000000e-06	3.000000000000000e-06
7.461611e+08	5.697398154165564e-03	4.484868553199660e-03	3.000000000000000e-06	3.000000000000000e-06
7.599742e+08	5.702804236572382e-03	4.481982022984899e-03	3.000000000000000e-06	3.000000000000000e-06
7.740439e+08	5.708398631211331e-03	4.479164256645213e-03	3.000000000000000e-06	3.000000000000000e-06
7.883751e+08	5.714181808671670e-03	4.476415685511306e-03	3.000000000000000e-06	3.000000000000000e-06
8.029727e+08	5.720154234420760e-03	4.473736743278055e-03	3.000000000000000e-06	3.000000000000000e-06
8.178417e+08	5.726316368794583e-03	4.471127865982760e-03	3.000000000000000e-06	3.000000000000000e-06
8.329870e+08	5.732668666991837e-03	4.468589491982743e-03	3.000000000000000e-06	3.000000000000000e-06
8.484139e+08	5.739211579071626e-03	4.466122061932298e-03	3.000000000000000e-06	3.000000000000000e-06
8.641277e+08	5.745945549954728e-03	4.463726018758985e-03	3.000000000000000e-06	3.000000000000000e-06
8.801335e+08	5.752871019428459e-03	4.461401807639277e-03	3.000000000000000e-06	3.000000000000000e-06
8.964370e+08	5.759988422155102e-03	4.459149875973546e-03	3.000000000000000e-06	3.000000000000000e-06
9.130437e+08	5.767298187683930e-03	4.456970673360426e-03	3.000000000000000e-06	3.000000000000000e-06
9.299592e+08	5.774800740466759e-03	4.454864651570504e-03	3.000000000000000e-06	3.000000000000000e-06
9.471893e+08	5.782496499877073e-03	4.452832264519389e-03	3.000000000000000e-06	3.000000000000000e-06
9.647398e+08	5.790385880232649e-03	4.450873968240140e-03	3.000000000000000e-06	3.000000000000000e-06
9.826168e+08	5.798469290821710e-03	4.448990220855051e-03	3.000000000000000e-06	3.000000000000000e-06
1.000000e+09	5.806371781940369e-03	4.447263570496685e-03	3.000000000000000e-06	3.000000000000000e-06
