#t[yr]	ecc	inc	eachmass	totalmass
0.000000e+00	1.000000000000000e-01	5.000000000000000e-02	3.000000000000000e-09	3.000000000000000e-06
1.000000e-03	1.000000043421631e-01	5.000000200068976e-02	3.000000000000000e-09	3.000000000000000e-06
1.000000e-02	1.000000434216192e-01	5.000002000689306e-02	3.000000000000000e-09	3.000000000000000e-06
1.000000e-01	1.000004342150976e-01	5.000020006848789e-02	3.000000000000000e-09	3.000000000000000e-06
1.000000e+00	1.000043420415661e-01	5.000200064061964e-02	3.000000000000000e-09	3.000000000000000e-06
1.000000e+01	1.000434094794336e-01	5.002000198205774e-02	3.000000000000000e-09	3.000000000000000e-06
1.000000e+02	1.004330059071555e-01	5.019957917117100e-02	3.000000000000000e-09	3.000000000000000e-06
2.153297e+02	1.009269729228328e-01	5.042772904016136e-02	3.000000000000000e-09	3.000000000000000e-06
3.322859e+02	1.014215070791516e-01	5.065672253726367e-02	3.000000000000000e-09	3.000000000000000e-06
4.513391e+02	1.019184446881687e-01	5.088741719894131e-02	3.000000000000000e-09	3.000000000000000e-06
5.725319e+02	1.024177638436612e-01	5.111981442894598e-02	3.000000000000000e-09	3.000000000000000e-06
6.959159e+02	1.029194754819880e-01	5.135393106504025e-02	3.000000000000000e-09	3.000000000000000e-06
8.215442e+02	1.034235899810407e-01	5.158978395175796e-02	3.000000000000000e-09	3.000000000000000e-06
9.494716e+02	1.039301177535135e-01	5.182739022091463e-02	3.000000000000000e-09	3.000000000000000e-06
1.000000e+03	1.041278024456918e-01	5.192036012853930e-02	3.000000000000000e-09	3.000000000000000e-06
1.132697e+03	1.046434441793335e-01	5.216313507790158e-02	3.000000000000000e-09	3.000000000000000e-06
1.266349e+03	1.051557009513830e-01	5.240497070589795e-02	3.000000000000000e-09	3.000000000000000e-06
1.402527e+03	1.056705140809012e-01	5.264867077813999e-02	3.000000000000000e-09	3.000000000000000e-06
1.541266e+03	1.061877845889755e-01	5.289420216946814e-02	3.000000000000000e-09	3.000000000000000e-06
1.682632e+03	1.067075250526361e-01	5.314158459661805e-02	3.000000000000000e-09	3.000000000000000e-06
1.826691e+03	1.072297460004210e-01	5.339083711697057e-02	3.000000000000000e-09	3.000000000000000e-06
1.973513e+03	1.077544580237395e-01	5.364197913142348e-02	3.000000000000000e-09	3.000000000000000e-06
2.123168e+03	1.082816717375226e-01	5.389503037147414e-02	3.000000000000000e-09	3.000000000000000e-06
2.275731e+03	1.088113977811586e-01	5.415001090530906e-02	3.000000000000000e-09	3.000000000000000e-06
2.431279e+03	1.093436468187335e-01	5.440694114347175e-02	3.000000000000000e-09	3.000000000000000e-06
2.587414e+03	1.098701038163276e-01	5.466181090859505e-02	3.000000000000000e-09	3.000000000000000e-06
2.744036e+03	1.103905413347043e-01	5.491449062635413e-02	3.000000000000000e-09	3.000000000000000e-06
2.901146e+03	1.109050832353111e-01	5.516502053196168e-02	3.000000000000000e-09	3.000000000000000e-06
3.058747e+03	1.114138486974736e-01	5.541343927328532e-02	3.000000000000000e-09	3.000000000000000e-06
3.216839e+03	1.119169534628680e-01	5.565978447971110e-02	3.000000000000000e-09	3.000000000000000e-06
3.375424e+03	1.124145099725837e-01	5.590409279829844e-02	3.000000000000000e-09	3.000000000000000e-06
3.534503e+03	1.129066275001196e-01	5.614639992976959e-02	3.000000000000000e-09	3.000000000000000e-06
3.694078e+03	1.133934122774042e-01	5.638674066279543e-02	3.000000000000000e-09	3.000000000000000e-06
3.854151e+03	1.138749676142947e-01	5.662514890668052e-02	3.000000000000000e-09	3.000000000000000e-06
4.014722e+03	1.143513940119677e-01	5.686165772253825e-02	3.000000000000000e-09	3.000000000000000e-06
4.175793e+03	1.148227892705820e-01	5.709629935304154e-02	3.000000000000000e-09	3.000000000000000e-06
4.337366e+03	1.152892485915686e-01	5.732910525082807e-02	3.000000000000000e-09	3.000000000000000e-06
4.499442e+03	1.157508646748744e-01	5.756010610563463e-02	3.000000000000000e-09	3.000000000000000e-06
4.662022e+03	1.162077278114647e-01	5.778933187022977e-02	3.000000000000000e-09	3.000000000000000e-06
4.825109e+03	1.166599259713676e-01	5.801681178520975e-02	3.000000000000000e-09	3.000000000000000e-06
4.988703e+03	1.171075448875227e-01	5.824257440271871e-02	3.000000000000000e-09	3.000000000000000e-06
5.152806e+03	1.175506681356789e-01	5.846664760914995e-02	3.000000000000000e-09	3.000000000000000e-06
5.317420e+03	1.179893772105700e-01	5.868905864688176e-02	3.000000000000000e-09	3.000000000000000e-06
5.482547e+03	1.184237515985799e-01	5.890983413509808e-02	3.000000000000000e-09	3.000000000000000e-06
5.648186e+03	1.188538688470956e-01	5.912900008974092e-02	3.000000000000000e-09	3.000000000000000e-06
5.814341e+03	1.192798046307341e-01	5.934658194263889e-02	3.000000000000000e-09	3.000000000000000e-06
5.981013e+03	1.197016328146145e-01	5.956260455985333e-02	3.000000000000000e-09	3.000000000000000e-06
6.148203e+03	1.201194255148385e-01	5.977709225928129e-02	3.000000000000000e-09	3.000000000000000e-06
6.315913e+03	1.205332531563296e-01	5.999006882755206e-02	3.000000000000000e-09	3.000000000000000e-06
6.484144e+03	1.209431845281727e-01	6.020155753625187e-02	3.000000000000000e-09	3.000000000000000e-06
6.652898e+03	1.213492868365873e-01	6.041158115750962e-02	3.000000000000000e-09	3.000000000000000e-06
6.822177e+03	1.217516257556578e-01	6.062016197897432e-02	3.000000000000000e-09	3.000000000000000e-06
6.991982e+03	1.221502654759388e-01	6.082732181821319e-02	3.000000000000000e-09	3.000000000000000e-06
7.162314e+03	1.225452687510432e-01	6.103308203655800e-02	3.000000000000000e-09	3.000000000000000e-06
7.333176e+03	1.229366969423178e-01	6.123746355242550e-02	3.000000000000000e-09	3.000000000000000e-06
7.504569e+03	1.233246100617020e-01	6.144048685413634e-02	3.000000000000000e-09	3.000000000000000e-06
7.676494e+03	1.237090668128602e-01	6.164217201225559e-02	3.000000000000000e-09	3.000000000000000e-06
7.848953e+03	1.240901246306749e-01	6.184253869147683e-02	3.000000000000000e-09	3.000000000000000e-06
8.021948e+03	1.244678397191794e-01	6.204160616207037e-02	3.000000000000000e-09	3.000000000000000e-06
8.195481e+03	1.248422670880072e-01	6.223939331091526e-02	3.000000000000000e-09	3.000000000000000e-06
8.369552e+03	1.252134605874289e-01	6.243591865213361e-02	3.000000000000000e-09	3.000000000000000e-06
8.544164e+03	1.255814729420448e-01	6.263120033734473e-02	3.000000000000000e-09	3.000000000000000e-06
8.719319e+03	1.259463557831957e-01	6.282525616555593e-02	3.000000000000000e-09	3.000000000000000e-06
8.895017e+03	1.263081596801532e-01	6.301810359270550e-02	3.000000000000000e-09	3.000000000000000e-06
9.071261e+03	1.266669341701461e-01	6.320975974087312e-02	3.000000000000000e-09	3.000000000000000e-06
9.248052e+03	1.270227277872750e-01	6.340024140717174e-02	3.000000000000000e-09	3.000000000000000e-06
9.425393e+03	1.273755880903685e-01	6.358956507233453e-02	3.000000000000000e-09	3.000000000000000e-06
9.603284e+03	1.277255616898267e-01	6.377774690900972e-02	3.000000000000000e-09	3.000000000000000e-06
9.781728e+03	1.280726942734986e-01	6.396480278977552e-02	3.000000000000000e-09	3.000000000000000e-06
9.960725e+03	1.284170306316360e-01	6.415074829488665e-02	3.000000000000000e-09	3.000000000000000e-06
1.000000e+04	1.284918249132458e-01	6.419122720064710e-02	3.000000000000000e-09	3.000000000000000e-06
1.018011e+04	1.288336406602371e-01	6.437628766850149e-02	3.000000000000000e-09	3.000000000000000e-06
1.036034e+04	1.291719216294967e-01	6.455982032445584e-02	3.000000000000000e-09	3.000000000000000e-06
1.054114e+04	1.295075473611793e-01	6.474229227333743e-02	3.000000000000000e-09	3.000000000000000e-06
1.072249e+04	1.298405565386687e-01	6.492371654775604e-02	3.000000000000000e-09	3.000000000000000e-06
1.090441e+04	1.301709896465228e-01	6.510410732227712e-02	3.000000000000000e-09	3.000000000000000e-06
1.108690e+04	1.304988864005982e-01	6.528347851763751e-02	3.000000000000000e-09	3.000000000000000e-06
1.126995e+04	1.308242857753872e-01	6.546184381117014e-02	3.000000000000000e-09	3.000000000000000e-06
1.145357e+04	1.311472260227236e-01	6.563921664270453e-02	3.000000000000000e-09	3.000000000000000e-06
1.163776e+04	1.314677446898961e-01	6.581561022029633e-02	3.000000000000000e-09	3.000000000000000e-06
1.182252e+04	1.317858786371690e-01	6.599103752577942e-02	3.000000000000000e-09	3.000000000000000e-06
1.200785e+04	1.321016640547348e-01	6.616551132014735e-02	3.000000000000000e-09	3.000000000000000e-06
1.219376e+04	1.324151364791206e-01	6.633904414877075e-02	3.000000000000000e-09	3.000000000000000e-06
1.238025e+04	1.327263308090720e-01	6.651164834645668e-02	3.000000000000000e-09	3.000000000000000e-06
1.256732e+04	1.330352813209334e-01	6.668333604235584e-02	3.000000000000000e-09	3.000000000000000e-06
1.275497e+04	1.333420216835450e-01	6.685411916472346e-02	3.000000000000000e-09	3.000000000000000e-06
1.294320e+04	1.336465849726765e-01	6.702400944553896e-02	3.000000000000000e-09	3.000000000000000e-06
1.313202e+04	1.339490036850135e-01	6.719301842498977e-02	3.000000000000000e-09	3.000000000000000e-06
1.332142e+04	1.342493097517159e-01	6.736115745582411e-02	3.000000000000000e-09	3.000000000000000e-06
1.351141e+04	1.345475345515632e-01	6.752843770757751e-02	3.000000000000000e-09	3.000000000000000e-06
1.370199e+04	1.348437089237024e-01	6.769487017067760e-02	3.000000000000000e-09	3.000000000000000e-06
1.389317e+04	1.351378631800147e-01	6.786046566043143e-02	3.000000000000000e-09	3.000000000000000e-06
1.408494e+04	1.354300271171140e-01	6.802523482089945e-02	3.000000000000000e-09	3.000000000000000e-06
1.427730e+04	1.357202300279909e-01	6.818918812866030e-02	3.000000000000000e-09	3.000000000000000e-06
1.447027e+04	1.360085007133166e-01	6.835233589647004e-02	3.000000000000000e-09	3.000000000000000e-06
1.466383e+04	1.362948674924170e-01	6.851468827681945e-02	3.000000000000000e-09	3.000000000000000e-06
1.485799e+04	1.365793582139312e-01	6.867625526539310e-02	3.000000000000000e-09	3.000000000000000e-06
1.505276e+04	1.368620002661641e-01	6.883704670443340e-02	3.000000000000000e-09	3.000000000000000e-06
1.524814e+04	1.371428205871447e-01	6.899707228601283e-02	3.000000000000000e-09	3.000000000000000e-06
1.544412e+04	1.374218456744009e-01	6.915634155521758e-02	3.000000000000000e-09	3.000000000000000e-06
1.564071e+04	1.376991015944602e-01	6.931486391324547e-02	3.000000000000000e-09	3.000000000000000e-06
1.583792e+04	1.379746139920860e-01	6.947264862042100e-02	3.000000000000000e-09	3.000000000000000e-06
1.603574e+04	1.382484080992594e-01	6.962970479913042e-02	3.000000000000000e-09	3.000000000000000e-06
1.623417e+04	1.385205087439143e-01	6.978604143667914e-02	3.000000000000000e-09	3.000000000000000e-06
1.643322e+04	1.387909403584348e-01	6.994166738807453e-02	3.000000000000000e-09	3.000000000000000e-06
1.663290e+04	1.390597269879232e-01	7.009659137873586e-02	3.000000000000000e-09	3.000000000000000e-06
1.683319e+04	1.393268922982460e-01	7.025082200713448e-02	3.000000000000000e-09	3.000000000000000e-06
1.703411e+04	1.395924595838656e-01	7.040436774736579e-02	3.000000000000000e-09	3.000000000000000e-06
1.723565e+04	1.398564517754646e-01	7.055723695165572e-02	3.000000000000000e-09	3.000000000000000e-06
1.743782e+04	1.401188914473701e-01	7.070943785280348e-02	3.000000000000000e-09	3.000000000000000e-06
1.764062e+04	1.403798008247838e-01	7.086097856656272e-02	3.000000000000000e-09	3.000000000000000e-06
1.784406e+04	1.406392017908256e-01	7.101186709396293e-02	3.000000000000000e-09	3.000000000000000e-06
1.804813e+04	1.408971158933949e-01	7.116211132357320e-02	3.000000000000000e-09	3.000000000000000e-06
1.825283e+04	1.411535643518576e-01	7.131171903370973e-02	3.000000000000000e-09	3.000000000000000e-06
1.845818e+04	1.414085680635622e-01	7.146069789458921e-02	3.000000000000000e-09	3.000000000000000e-06
1.866416e+04	1.416621476101931e-01	7.160905547042952e-02	3.000000000000000e-09	3.000000000000000e-06
1.887079e+04	1.419143232639632e-01	7.175679922149933e-02	3.000000000000000e-09	3.000000000000000e-06
1.907806e+04	1.421651149936538e-01	7.190393650611840e-02	3.000000000000000e-09	3.000000000000000e-06
1.928598e+04	1.424145424705047e-01	7.205047458260969e-02	3.000000000000000e-09	3.000000000000000e-06
1.949455e+04	1.426626250739596e-01	7.219642061120508e-02	3.000000000000000e-09	3.000000000000000e-06
1.970377e+04	1.429093818972719e-01	7.234178165590598e-02	3.000000000000000e-09	3.000000000000000e-06
1.991365e+04	1.431548317529746e-01	7.248656468629984e-02	3.000000000000000e-09	3.000000000000000e-06
2.012418e+04	1.433989931782180e-01	7.263077657933462e-02	3.000000000000000e-09	3.000000000000000e-06
2.033537e+04	1.436418844399813e-01	7.277442412105148e-02	3.000000000000000e-09	3.000000000000000e-06
2.054722e+04	1.438835235401588e-01	7.291751400827788e-02	3.000000000000000e-09	3.000000000000000e-06
2.075973e+04	1.441239282205272e-01	7.306005285028146e-02	3.000000000000000e-09	3.000000000000000e-06
2.097291e+04	1.443631159675962e-01	7.320204717038629e-02	3.000000000000000e-09	3.000000000000000e-06
2.118676e+04	1.446011040173463e-01	7.334350340755250e-02	3.000000000000000e-09	3.000000000000000e-06
2.140127e+04	1.448379093598567e-01	7.348442791792011e-02	3.000000000000000e-09	3.000000000000000e-06
2.161646e+04	1.450735487438273e-01	7.362482697631843e-02	3.000000000000000e-09	3.000000000000000e-06
2.183232e+04	1.453080386809969e-01	7.376470677774183e-02	3.000000000000000e-09	3.000000000000000e-06
2.204886e+04	1.455413954504617e-01	7.390407343879260e-02	3.000000000000000e-09	3.000000000000000e-06
2.226608e+04	1.457736351028963e-01	7.404293299909237e-02	3.000000000000000e-09	3.000000000000000e-06
2.248398e+04	1.460047734646798e-01	7.418129142266250e-02	3.000000000000000e-09	3.000000000000000e-06
2.270256e+04	1.462348261419308e-01	7.431915459927439e-02	3.000000000000000e-09	3.000000000000000e-06
2.292183e+04	1.464638085244524e-01	7.445652834577084e-02	3.000000000000000e-09	3.000000000000000e-06
2.314179e+04	1.466917357895908e-01	7.459341840735879e-02	3.000000000000000e-09	3.000000000000000e-06
2.336243e+04	1.469186229060101e-01	7.472983045887466e-02	3.000000000000000e-09	3.000000000000000e-06
2.358378e+04	1.471444846373844e-01	7.486577010602276e-02	3.000000000000000e-09	3.000000000000000e-06
2.380582e+04	1.473693355460111e-01	7.500124288658759e-02	3.000000000000000e-09	3.000000000000000e-06
2.402855e+04	1.475931899963459e-01	7.513625427162084e-02	3.000000000000000e-09	3.000000000000000e-06
2.425199e+04	1.478160621584635e-01	7.527080966660354e-02	3.000000000000000e-09	3.000000000000000e-06
2.447613e+04	1.480379660114444e-01	7.540491441258429e-02	3.000000000000000e-09	3.000000000000000e-06
2.470098e+04	1.482589153466909e-01	7.553857378729399e-02	3.000000000000000e-09	3.000000000000000e-06
2.492653e+04	1.484789237711733e-01	7.567179300623789e-02	3.000000000000000e-09	3.000000000000000e-06
2.515280e+04	1.486980047106093e-01	7.580457722376535e-02	3.000000000000000e-09	3.000000000000000e-06
2.537978e+04	1.489161714125777e-01	7.593693153411817e-02	3.000000000000000e-09	3.000000000000000e-06
2.560748e+04	1.491334369495678e-01	7.606886097245771e-02	3.000000000000000e-09	3.000000000000000e-06
2.583589e+04	1.493498142219673e-01	7.620037051587177e-02	3.000000000000000e-09	3.000000000000000e-06
2.606503e+04	1.495653159609892e-01	7.633146508436128e-02	3.000000000000000e-09	3.000000000000000e-06
2.629489e+04	1.497799547315399e-01	7.646214954180786e-02	3.000000000000000e-09	3.000000000000000e-06
2.652548e+04	1.499937429350305e-01	7.659242869692226e-02	3.000000000000000e-09	3.000000000000000e-06
2.675679e+04	1.502066928121316e-01	7.672230730417451e-02	3.000000000000000e-09	3.000000000000000e-06
2.698884e+04	1.504188164454738e-01	7.685179006470602e-02	3.000000000000000e-09	3.000000000000000e-06
2.722162e+04	1.506301257622955e-01	7.698088162722434e-02	3.000000000000000e-09	3.000000000000000e-06
2.745514e+04	1.508406325370389e-01	7.710958658888076e-02	3.000000000000000e-09	3.000000000000000e-06
2.768940e+04	1.510503483938959e-01	7.723790949613142e-02	3.000000000000000e-09	3.000000000000000e-06
2.792441e+04	1.512592848093044e-01	7.736585484558213e-02	3.000000000000000e-09	3.000000000000000e-06
2.816016e+04	1.514674531143978e-01	7.749342708481757e-02	3.000000000000000e-09	3.000000000000000e-06
2.839665e+04	1.516748644974071e-01	7.762063061321500e-02	3.000000000000000e-09	3.000000000000000e-06
2.863390e+04	1.518815300060180e-01	7.774746978274306e-02	3.000000000000000e-09	3.000000000000000e-06
2.887191e+04	1.520874605496836e-01	7.787394889874601e-02	3.000000000000000e-09	3.000000000000000e-06
2.911066e+04	1.522926669018946e-01	7.800007222071360e-02	3.000000000000000e-09	3.000000000000000e-06
2.935018e+04	1.524971597024061e-01	7.812584396303723e-02	3.000000000000000e-09	3.000000000000000e-06
2.959047e+04	1.527009494594251e-01	7.825126829575252e-02	3.000000000000000e-09	3.000000000000000e-06
2.983151e+04	1.529040465517566e-01	7.837634934526858e-02	3.000000000000000e-09	3.000000000000000e-06
3.007333e+04	1.531064612309113e-01	7.850109119508467e-02	3.000000000000000e-09	3.000000000000000e-06
3.031592e+04	1.533082036231753e-01	7.862549788649406e-02	3.000000000000000e-09	3.000000000000000e-06
3.055928e+04	1.535092837316427e-01	7.874957341927581e-02	3.000000000000000e-09	3.000000000000000e-06
3.080342e+04	1.537097114382117e-01	7.887332175237459e-02	3.000000000000000e-09	3.000000000000000e-06
3.104834e+04	1.539094965055454e-01	7.899674680456883e-02	3.000000000000000e-09	3.000000000000000e-06
3.129404e+04	1.541086485789989e-01	7.911985245512762e-02	3.000000000000000e-09	3.000000000000000e-06
3.154053e+04	1.543071771885112e-01	7.924264254445641e-02	3.000000000000000e-09	3.000000000000000e-06
3.178781e+04	1.545050917504663e-01	7.936512087473203e-02	3.000000000000000e-09	3.000000000000000e-06
3.203588e+04	1.547024015695203e-01	7.948729121052715e-02	3.000000000000000e-09	3.000000000000000e-06
3.228474e+04	1.548991158403985e-01	7.960915727942444e-02	3.000000000000000e-09	3.000000000000000e-06
3.253441e+04	1.550952436496617e-01	7.973072277262075e-02	3.000000000000000e-09	3.000000000000000e-06
3.278488e+04	1.552907939774424e-01	7.985199134552153e-02	3.000000000000000e-09	3.000000000000000e-06
3.303615e+04	1.554857756991523e-01	7.997296661832563e-02	3.000000000000000e-09	3.000000000000000e-06
3.328823e+04	1.556801975871610e-01	8.009365217660101e-02	3.000000000000000e-09	3.000000000000000e-06
3.354112e+04	1.558740683124474e-01	8.021405157185110e-02	3.000000000000000e-09	3.000000000000000e-06
3.379483e+04	1.560673964462238e-01	8.033416832207255e-02	3.000000000000000e-09	3.000000000000000e-06
3.404935e+04	1.562601904615337e-01	8.045400591230426e-02	3.000000000000000e-09	3.000000000000000e-06
3.430470e+04	1.564524587348236e-01	8.057356779516794e-02	3.000000000000000e-09	3.000000000000000e-06
3.456087e+04	1.566442095474898e-01	8.069285739140064e-02	3.000000000000000e-09	3.000000000000000e-06
3.481787e+04	1.568354510874002e-01	8.081187809037903e-02	3.000000000000000e-09	3.000000000000000e-06
3.507570e+04	1.570261914503930e-01	8.093063325063610e-02	3.000000000000000e-09	3.000000000000000e-06
3.533436e+04	1.572164386417508e-01	8.104912620037007e-02	3.000000000000000e-09	3.000000000000000e-06
3.559387e+04	1.574062005776522e-01	8.116736023794600e-02	3.000000000000000e-09	3.000000000000000e-06
3.585421e+04	1.575954850866018e-01	8.128533863239015e-02	3.000000000000000e-09	3.000000000000000e-06
3.611540e+04	1.577842999108368e-01	8.140306462387711e-02	3.000000000000000e-09	3.000000000000000e-06
3.637744e+04	1.579726527077137e-01	8.152054142421031e-02	3.000000000000000e-09	3.000000000000000e-06
3.664033e+04	1.581605510510732e-01	8.163777221729558e-02	3.000000000000000e-09	3.000000000000000e-06
3.690408e+04	1.583480024325854e-01	8.175476015960835e-02	3.000000000000000e-09	3.000000000000000e-06
3.716868e+04	1.585350142630745e-01	8.187150838065436e-02	3.000000000000000e-09	3.000000000000000e-06
3.743415e+04	1.587215938738243e-01	8.198801998342417e-02	3.000000000000000e-09	3.000000000000000e-06
3.770049e+04	1.589077485178653e-01	8.210429804484166e-02	3.000000000000000e-09	3.000000000000000e-06
3.796769e+04	1.590934853712422e-01	8.222034561620654e-02	3.000000000000000e-09	3.000000000000000e-06
3.823577e+04	1.592788115342640e-01	8.233616572363127e-02	3.000000000000000e-09	3.000000000000000e-06
3.850473e+04	1.594637340327368e-01	8.245176136847214e-02	3.000000000000000e-09	3.000000000000000e-06
3.877456e+04	1.596482598191780e-01	8.256713552775514e-02	3.000000000000000e-09	3.000000000000000e-06
3.904529e+04	1.598323957740152e-01	8.268229115459637e-02	3.000000000000000e-09	3.000000000000000e-06
3.931690e+04	1.600161487067676e-01	8.279723117861724e-02	3.000000000000000e-09	3.000000000000000e-06
3.958940e+04	1.601995253572119e-01	8.291195850635485e-02	3.000000000000000e-09	3.000000000000000e-06
3.986281e+04	1.603825323965318e-01	8.302647602166718e-02	3.000000000000000e-09	3.000000000000000e-06
4.013711e+04	1.605651764284536e-01	8.314078658613379e-02	3.000000000000000e-09	3.000000000000000e-06
4.041231e+04	1.607474639903649e-01	8.325489303945163e-02	3.000000000000000e-09	3.000000000000000e-06
4.068843e+04	1.609294015544207e-01	8.336879819982659e-02	3.000000000000000e-09	3.000000000000000e-06
4.096546e+04	1.611109955286337e-01	8.348250486436047e-02	3.000000000000000e-09	3.000000000000000e-06
4.124340e+04	1.612922522579514e-01	8.359601580943372e-02	3.000000000000000e-09	3.000000000000000e-06
4.152227e+04	1.614731780253199e-01	8.370933379108422e-02	3.000000000000000e-09	3.000000000000000e-06
4.180206e+04	1.616537790527340e-01	8.382246154538178e-02	3.000000000000000e-09	3.000000000000000e-06
4.208278e+04	1.618340615022745e-01	8.393540178879894e-02	3.000000000000000e-09	3.000000000000000e-06
4.236443e+04	1.620140314771330e-01	8.404815721857786e-02	3.000000000000000e-09	3.000000000000000e-06
4.264702e+04	1.621936950226243e-01	8.416073051309367e-02	3.000000000000000e-09	3.000000000000000e-06
4.293055e+04	1.623730581271875e-01	8.427312433221409e-02	3.000000000000000e-09	3.000000000000000e-06
4.321503e+04	1.625521267233739e-01	8.438534131765578e-02	3.000000000000000e-09	3.000000000000000e-06
4.350045e+04	1.627309066888258e-01	8.449738409333719e-02	3.000000000000000e-09	3.000000000000000e-06
4.378684e+04	1.629094038472417e-01	8.460925526572834e-02	3.000000000000000e-09	3.000000000000000e-06
4.407418e+04	1.630876239693331e-01	8.472095742419732e-02	3.000000000000000e-09	3.000000000000000e-06
4.436248e+04	1.632655727737688e-01	8.483249314135388e-02	3.000000000000000e-09	3.000000000000000e-06
4.465176e+04	1.634432559281105e-01	8.494386497339010e-02	3.000000000000000e-09	3.000000000000000e-06
4.494200e+04	1.636206790497374e-01	8.505507546041814e-02	3.000000000000000e-09	3.000000000000000e-06
4.523322e+04	1.637978477067620e-01	8.516612712680545e-02	3.000000000000000e-09	3.000000000000000e-06
4.552543e+04	1.639747674189354e-01	8.527702248150718e-02	3.000000000000000e-09	3.000000000000000e-06
4.581862e+04	1.641514436585446e-01	8.538776401839622e-02	3.000000000000000e-09	3.000000000000000e-06
4.611280e+04	1.643278818513005e-01	8.549835421659080e-02	3.000000000000000e-09	3.000000000000000e-06
4.640798e+04	1.645040873772165e-01	8.560879554077970e-02	3.000000000000000e-09	3.000000000000000e-06
4.670416e+04	1.646800655714798e-01	8.571909044154531e-02	3.000000000000000e-09	3.000000000000000e-06
4.700135e+04	1.648558217253142e-01	8.582924135568457e-02	3.000000000000000e-09	3.000000000000000e-06
4.729954e+04	1.650313610868348e-01	8.593925070652780e-02	3.000000000000000e-09	3.000000000000000e-06
4.759875e+04	1.652066888618950e-01	8.604912090425570e-02	3.000000000000000e-09	3.000000000000000e-06
4.789899e+04	1.653818102149267e-01	8.615885434621444e-02	3.000000000000000e-09	3.000000000000000e-06
4.820024e+04	1.655567302697724e-01	8.626845341722900e-02	3.000000000000000e-09	3.000000000000000e-06
4.850253e+04	1.657314541105113e-01	8.637792048991487e-02	3.000000000000000e-09	3.000000000000000e-06
4.880586e+04	1.659059867822778e-01	8.648725792498821e-02	3.000000000000000e-09	3.000000000000000e-06
4.911022e+04	1.660803332920744e-01	8.659646807157446e-02	3.000000000000000e-09	3.000000000000000e-06
4.941563e+04	1.662544986095776e-01	8.670555326751571e-02	3.000000000000000e-09	3.000000000000000e-06
4.972209e+04	1.664284876679381e-01	8.681451583967652e-02	3.000000000000000e-09	3.000000000000000e-06
5.002961e+04	1.666023053645755e-01	8.692335810424882e-02	3.000000000000000e-09	3.000000000000000e-06
5.033819e+04	1.667759565619666e-01	8.703208236705562e-02	3.000000000000000e-09	3.000000000000000e-06
5.064784e+04	1.669494460884293e-01	8.714069092385346e-02	3.000000000000000e-09	3.000000000000000e-06
5.095857e+04	1.671227787389006e-01	8.724918606063434e-02	3.000000000000000e-09	3.000000000000000e-06
5.127037e+04	1.672959592757101e-01	8.735757005392644e-02	3.000000000000000e-09	3.000000000000000e-06
5.158325e+04	1.674689924293488e-01	8.746584517109431e-02	3.000000000000000e-09	3.000000000000000e-06
5.189723e+04	1.676418828992328e-01	8.757401367063827e-02	3.000000000000000e-09	3.000000000000000e-06
5.221230e+04	1.678146353544639e-01	8.768207780249336e-02	3.000000000000000e-09	3.000000000000000e-06
5.252847e+04	1.679872544345849e-01	8.779003980832768e-02	3.000000000000000e-09	3.000000000000000e-06
5.284575e+04	1.681597447503320e-01	8.789790192184041e-02	3.000000000000000e-09	3.000000000000000e-06
5.316414e+04	1.683321108843829e-01	8.800566636905954e-02	3.000000000000000e-09	3.000000000000000e-06
5.348366e+04	1.685043573921015e-01	8.811333536863933e-02	3.000000000000000e-09	3.000000000000000e-06
5.380430e+04	1.686764888022806e-01	8.822091113215767e-02	3.000000000000000e-09	3.000000000000000e-06
5.412607e+04	1.688485096178794e-01	8.832839586441353e-02	3.000000000000000e-09	3.000000000000000e-06
5.444897e+04	1.690204243167605e-01	8.843579176372424e-02	3.000000000000000e-09	3.000000000000000e-06
5.477303e+04	1.691922373524225e-01	8.854310102222314e-02	3.000000000000000e-09	3.000000000000000e-06
5.509823e+04	1.693639531547316e-01	8.865032582615737e-02	3.000000000000000e-09	3.000000000000000e-06
5.542459e+04	1.695355761306502e-01	8.875746835618611e-02	3.000000000000000e-09	3.000000000000000e-06
5.575211e+04	1.697071106649638e-01	8.886453078767906e-02	3.000000000000000e-09	3.000000000000000e-06
5.608080e+04	1.698785611210064e-01	8.897151529101571e-02	3.000000000000000e-09	3.000000000000000e-06
5.641067e+04	1.700499318413842e-01	8.907842403188508e-02	3.000000000000000e-09	3.000000000000000e-06
5.674172e+04	1.702212271486978e-01	8.918525917158618e-02	3.000000000000000e-09	3.000000000000000e-06
5.707396e+04	1.703924513462638e-01	8.929202286732943e-02	3.000000000000000e-09	3.000000000000000e-06
5.740739e+04	1.705636087188351e-01	8.939871727253888e-02	3.000000000000000e-09	3.000000000000000e-06
5.774203e+04	1.707347035333211e-01	8.950534453715554e-02	3.000000000000000e-09	3.000000000000000e-06
5.807788e+04	1.709057400395067e-01	8.961190680794183e-02	3.000000000000000e-09	3.000000000000000e-06
5.841495e+04	1.710767224707720e-01	8.971840622878718e-02	3.000000000000000e-09	3.000000000000000e-06
5.875324e+04	1.712476550448112e-01	8.982484494101511e-02	3.000000000000000e-09	3.000000000000000e-06
5.909277e+04	1.714185419643525e-01	8.993122508369167e-02	3.000000000000000e-09	3.000000000000000e-06
5.943353e+04	1.715893874178777e-01	9.003754879393544e-02	3.000000000000000e-09	3.000000000000000e-06
5.977554e+04	1.717601955803434e-01	9.014381820722923e-02	3.000000000000000e-09	3.000000000000000e-06
6.011881e+04	1.719309706139026e-01	9.025003545773352e-02	3.000000000000000e-09	3.000000000000000e-06
6.046333e+04	1.721017166686273e-01	9.035620267860182e-02	3.000000000000000e-09	3.000000000000000e-06
6.080913e+04	1.722724378832331e-01	9.046232200229798e-02	3.000000000000000e-09	3.000000000000000e-06
6.115620e+04	1.724431383858051e-01	9.056839556091571e-02	3.000000000000000e-09	3.000000000000000e-06
6.150455e+04	1.726138222945257e-01	9.067442548650020e-02	3.000000000000000e-09	3.000000000000000e-06
6.185420e+04	1.727844937184048e-01	9.078041391137233e-02	3.000000000000000e-09	3.000000000000000e-06
6.220515e+04	1.729551567580121e-01	9.088636296845502e-02	3.000000000000000e-09	3.000000000000000e-06
6.255741e+04	1.731258155062121e-01	9.099227479160257e-02	3.000000000000000e-09	3.000000000000000e-06
6.291099e+04	1.732964740489026e-01	9.109815151593245e-02	3.000000000000000e-09	3.000000000000000e-06
6.326589e+04	1.734671364657555e-01	9.120399527816005e-02	3.000000000000000e-09	3.000000000000000e-06
6.362213e+04	1.736378068309613e-01	9.130980821693652e-02	3.000000000000000e-09	3.000000000000000e-06
6.397970e+04	1.738084892139781e-01	9.141559247318957e-02	3.000000000000000e-09	3.000000000000000e-06
6.433863e+04	1.739791876802834e-01	9.152135019046771e-02	3.000000000000000e-09	3.000000000000000e-06
6.469892e+04	1.741499062921313e-01	9.162708351528781e-02	3.000000000000000e-09	3.000000000000000e-06
6.506058e+04	1.743206491093131e-01	9.173279459748623e-02	3.000000000000000e-09	3.000000000000000e-06
6.542362e+04	1.744914201899238e-01	9.183848559057371e-02	3.000000000000000e-09	3.000000000000000e-06
6.578804e+04	1.746622235911335e-01	9.194415865209409e-02	3.000000000000000e-09	3.000000000000000e-06
6.615386e+04	1.748330633699635e-01	9.204981594398698e-02	3.000000000000000e-09	3.000000000000000e-06
6.652109e+04	1.750039435840696e-01	9.215545963295479e-02	3.000000000000000e-09	3.000000000000000e-06
6.688973e+04	1.751748682925298e-01	9.226109189083390e-02	3.000000000000000e-09	3.000000000000000e-06
6.725979e+04	1.753458415566398e-01	9.236671489497041e-02	3.000000000000000e-09	3.000000000000000e-06
6.763129e+04	1.755168674407147e-01	9.247233082860067e-02	3.000000000000000e-09	3.000000000000000e-06
6.800423e+04	1.756879500128975e-01	9.257794188123648e-02	3.000000000000000e-09	3.000000000000000e-06
6.837863e+04	1.758590933459757e-01	9.268355024905547e-02	3.000000000000000e-09	3.000000000000000e-06
6.875449e+04	1.760303015182047e-01	9.278915813529658e-02	3.000000000000000e-09	3.000000000000000e-06
6.913183e+04	1.762015786141406e-01	9.289476775066106e-02	3.000000000000000e-09	3.000000000000000e-06
6.951065e+04	1.763729287254804e-01	9.300038131371897e-02	3.000000000000000e-09	3.000000000000000e-06
6.989097e+04	1.765443559519116e-01	9.310600105132172e-02	3.000000000000000e-09	3.000000000000000e-06
7.027279e+04	1.767158644019711e-01	9.321162919902019e-02	3.000000000000000e-09	3.000000000000000e-06
7.065613e+04	1.768874581939134e-01	9.331726800148944e-02	3.000000000000000e-09	3.000000000000000e-06
7.104100e+04	1.770591414565895e-01	9.342291971295967e-02	3.000000000000000e-09	3.000000000000000e-06
7.142741e+04	1.772309183303360e-01	9.352858659765399e-02	3.000000000000000e-09	3.000000000000000e-06
7.181537e+04	1.774027929678745e-01	9.363427093023287e-02	3.000000000000000e-09	3.000000000000000e-06
7.220489e+04	1.775747695352238e-01	9.373997499624595e-02	3.000000000000000e-09	3.000000000000000e-06
7.259598e+04	1.777468522126227e-01	9.384570109259102e-02	3.000000000000000e-09	3.000000000000000e-06
7.298866e+04	1.779190451954654e-01	9.395145152798075e-02	3.000000000000000e-09	3.000000000000000e-06
7.338293e+04	1.780913526952503e-01	9.405722862341725e-02	3.000000000000000e-09	3.000000000000000e-06
7.377882e+04	1.782637789405412e-01	9.416303471267480e-02	3.000000000000000e-09	3.000000000000000e-06
7.417632e+04	1.784363281779429e-01	9.426887214279096e-02	3.000000000000000e-09	3.000000000000000e-06
7.457546e+04	1.786090046730908e-01	9.437474327456638e-02	3.000000000000000e-09	3.000000000000000e-06
7.497625e+04	1.787818127116557e-01	9.448065048307371e-02	3.000000000000000e-09	3.000000000000000e-06
7.537870e+04	1.789547566003637e-01	9.458659615817562e-02	3.000000000000000e-09	3.000000000000000e-06
7.578282e+04	1.791278406680321e-01	9.469258270505265e-02	3.000000000000000e-09	3.000000000000000e-06
7.618862e+04	1.793010692666220e-01	9.479861254474078e-02	3.000000000000000e-09	3.000000000000000e-06
7.659613e+04	1.794744467723084e-01	9.490468811467941e-02	3.000000000000000e-09	3.000000000000000e-06
7.700535e+04	1.796479775865673e-01	9.501081186926977e-02	3.000000000000000e-09	3.000000000000000e-06
7.741629e+04	1.798216661372821e-01	9.511698628044453e-02	3.000000000000000e-09	3.000000000000000e-06
7.782898e+04	1.799955168798687e-01	9.522321383824850e-02	3.000000000000000e-09	3.000000000000000e-06
7.824342e+04	1.801695342984204e-01	9.532949705143109e-02	3.000000000000000e-09	3.000000000000000e-06
7.865963e+04	1.803437229068739e-01	9.543583844805095e-02	3.000000000000000e-09	3.000000000000000e-06
7.907762e+04	1.805180872501953e-01	9.554224057609294e-02	3.000000000000000e-09	3.000000000000000e-06
7.949741e+04	1.806926319055902e-01	9.564870600409810e-02	3.000000000000000e-09	3.000000000000000e-06
7.991902e+04	1.808673614837343e-01	9.575523732180694e-02	3.000000000000000e-09	3.000000000000000e-06
8.034246e+04	1.810422806300293e-01	9.586183714081650e-02	3.000000000000000e-09	3.000000000000000e-06
8.076774e+04	1.812173940258829e-01	9.596850809525163e-02	3.000000000000000e-09	3.000000000000000e-06
8.119488e+04	1.813927063900134e-01	9.607525284245101e-02	3.000000000000000e-09	3.000000000000000e-06
8.162390e+04	1.815682224797819e-01	9.618207406366835e-02	3.000000000000000e-09	3.000000000000000e-06
8.205482e+04	1.817439470925502e-01	9.628897446478940e-02	3.000000000000000e-09	3.000000000000000e-06
8.248764e+04	1.819198850670682e-01	9.639595677706508e-02	3.000000000000000e-09	3.000000000000000e-06
8.292240e+04	1.820960412848895e-01	9.650302375786156e-02	3.000000000000000e-09	3.000000000000000e-06
8.335909e+04	1.822724206718176e-01	9.661017819142756e-02	3.000000000000000e-09	3.000000000000000e-06
8.379775e+04	1.824490281993834e-01	9.671742288967977e-02	3.000000000000000e-09	3.000000000000000e-06
8.423839e+04	1.826258688863548e-01	9.682476069300670e-02	3.000000000000000e-09	3.000000000000000e-06
8.468103e+04	1.828029478002799e-01	9.693219447109189e-02	3.000000000000000e-09	3.000000000000000e-06
8.512569e+04	1.829802700590654e-01	9.703972712375684e-02	3.000000000000000e-09	3.000000000000000e-06
8.557238e+04	1.831578408325901e-01	9.714736158182467e-02	3.000000000000000e-09	3.000000000000000e-06
8.602112e+04	1.833356653443563e-01	9.725510080800487e-02	3.000000000000000e-09	3.000000000000000e-06
8.647194e+04	1.835137488731797e-01	9.736294779780016e-02	3.000000000000000e-09	3.000000000000000e-06
8.692485e+04	1.836920967549188e-01	9.747090558043611e-02	3.000000000000000e-09	3.000000000000000e-06
8.737987e+04	1.838707143842464e-01	9.757897721981433e-02	3.000000000000000e-09	3.000000000000000e-06
8.783703e+04	1.840496072164635e-01	9.768716581549002e-02	3.000000000000000e-09	3.000000000000000e-06
8.829634e+04	1.842287807693577e-01	9.779547450367475e-02	3.000000000000000e-09	3.000000000000000e-06
8.875783e+04	1.844082406251079e-01	9.790390645826555e-02	3.000000000000000e-09	3.000000000000000e-06
8.922152e+04	1.845879924322366e-01	9.801246489190084e-02	3.000000000000000e-09	3.000000000000000e-06
8.968742e+04	1.847680419076115e-01	9.812115305704457e-02	3.000000000000000e-09	3.000000000000000e-06
9.015557e+04	1.849483948384990e-01	9.822997424709932e-02	3.000000000000000e-09	3.000000000000000e-06
9.062598e+04	1.851290570846700e-01	9.833893179754963e-02	3.000000000000000e-09	3.000000000000000e-06
9.109867e+04	1.853100345805615e-01	9.844802908713630e-02	3.000000000000000e-09	3.000000000000000e-06
9.157368e+04	1.854913333374957e-01	9.855726953906319e-02	3.000000000000000e-09	3.000000000000000e-06
9.205102e+04	1.856729594459571e-01	9.866665662223742e-02	3.000000000000000e-09	3.000000000000000e-06
9.253072e+04	1.858549190779329e-01	9.877619385254438e-02	3.000000000000000e-09	3.000000000000000e-06
9.301280e+04	1.860372184893158e-01	9.888588479415868e-02	3.000000000000000e-09	3.000000000000000e-06
9.349729e+04	1.862198640223737e-01	9.899573306089243e-02	3.000000000000000e-09	3.000000000000000e-06
9.398422e+04	1.864028621082884e-01	9.910574231758242e-02	3.000000000000000e-09	3.000000000000000e-06
9.447361e+04	1.865862192697653e-01	9.921591628151728e-02	3.000000000000000e-09	3.000000000000000e-06
9.496548e+04	1.867699421237171e-01	9.932625872390655e-02	3.000000000000000e-09	3.000000000000000e-06
9.545987e+04	1.869540373840250e-01	9.943677347139288e-02	3.000000000000000e-09	3.000000000000000e-06
9.595680e+04	1.871385118643795e-01	9.954746440760927e-02	3.000000000000000e-09	3.000000000000000e-06
9.645630e+04	1.873233724812043e-01	9.965833547478305e-02	3.000000000000000e-09	3.000000000000000e-06
9.695841e+04	1.875086262566664e-01	9.976939067538815e-02	3.000000000000000e-09	3.000000000000000e-06
9.746314e+04	1.876942803217762e-01	9.988063407384787e-02	3.000000000000000e-09	3.000000000000000e-06
9.797053e+04	1.878803419195802e-01	9.999206979828992e-02	3.000000000000000e-09	3.000000000000000e-06
9.848061e+04	1.880668184084515e-01	1.001037020423559e-01	3.000000000000000e-09	3.000000000000000e-06
9.899341e+04	1.882537172654804e-01	1.002155350670671e-01	3.000000000000000e-09	3.000000000000000e-06
9.950896e+04	1.884410460899699e-01	1.003275732027495e-01	3.000000000000000e-09	3.000000000000000e-06
1.000000e+05	1.886189264919093e-01	1.004339112300785e-01	3.000000000000000e-09	3.000000000000000e-06
1.005212e+05	1.888071687684672e-01	1.005463936706221e-01	3.000000000000000e-09	3.000000000000000e-06
1.010450e+05	1.889958100725628e-01	1.006590620774955e-01	3.000000000000000e-09	3.000000000000000e-06
1.015718e+05	1.891849129034985e-01	1.007719535825523e-01	3.000000000000000e-09	3.000000000000000e-06
1.021014e+05	1.893744852220032e-01	1.008850727111221e-01	3.000000000000000e-09	3.000000000000000e-06
1.026341e+05	1.895645354343794e-01	1.009984242499821e-01	3.000000000000000e-09	3.000000000000000e-06
1.031697e+05	1.897550720950364e-01	1.011120130694257e-01	3.000000000000000e-09	3.000000000000000e-06
1.037083e+05	1.899461039126556e-01	1.012258441267444e-01	3.000000000000000e-09	3.000000000000000e-06
1.042500e+05	1.901376397548281e-01	1.013399224687913e-01	3.000000000000000e-09	3.000000000000000e-06
1.047949e+05	1.903296886528595e-01	1.014542532346391e-01	3.000000000000000e-09	3.000000000000000e-06
1.053428e+05	1.905222598067378e-01	1.015688416583287e-01	3.000000000000000e-09	3.000000000000000e-06
1.058940e+05	1.907153625902730e-01	1.016836930717138e-01	3.000000000000000e-09	3.000000000000000e-06
1.064484e+05	1.909090065564139e-01	1.017988129074056e-01	3.000000000000000e-09	3.000000000000000e-06
1.070060e+05	1.911032014427526e-01	1.019142067018206e-01	3.000000000000000e-09	3.000000000000000e-06
1.075670e+05	1.912979571772219e-01	1.020298800983377e-01	3.000000000000000e-09	3.000000000000000e-06
1.081314e+05	1.914932838839970e-01	1.021458388505687e-01	3.000000000000000e-09	3.000000000000000e-06
1.086991e+05	1.916891918896084e-01	1.022620888257473e-01	3.000000000000000e-09	3.000000000000000e-06
1.092703e+05	1.918856917292772e-01	1.023786360082414e-01	3.000000000000000e-09	3.000000000000000e-06
1.098450e+05	1.920827941534822e-01	1.024954865031958e-01	3.000000000000000e-09	3.000000000000000e-06
1.104233e+05	1.922805101347689e-01	1.026126465403094e-01	3.000000000000000e-09	3.000000000000000e-06
1.110052e+05	1.924788508748129e-01	1.027301224777548e-01	3.000000000000000e-09	3.000000000000000e-06
1.115907e+05	1.926778278117480e-01	1.028479208062451e-01	3.000000000000000e-09	3.000000000000000e-06
1.121799e+05	1.928774526277731e-01	1.029660481532571e-01	3.000000000000000e-09	3.000000000000000e-06
1.127729e+05	1.930777372570495e-01	1.030845112874157e-01	3.000000000000000e-09	3.000000000000000e-06
1.133697e+05	1.932786938939030e-01	1.032033171230491e-01	3.000000000000000e-09	3.000000000000000e-06
1.139704e+05	1.934803350013463e-01	1.033224727249221e-01	3.000000000000000e-09	3.000000000000000e-06
1.145750e+05	1.936826733199358e-01	1.034419853131567e-01	3.000000000000000e-09	3.000000000000000e-06
1.151835e+05	1.938857218769797e-01	1.035618622683479e-01	3.000000000000000e-09	3.000000000000000e-06
1.157962e+05	1.940894939961154e-01	1.036821111368859e-01	3.000000000000000e-09	3.000000000000000e-06
1.164129e+05	1.942940033072731e-01	1.038027396364938e-01	3.000000000000000e-09	3.000000000000000e-06
1.170338e+05	1.944992637570461e-01	1.039237556619917e-01	3.000000000000000e-09	3.000000000000000e-06
1.176590e+05	1.947052896194883e-01	1.040451672912995e-01	3.000000000000000e-09	3.000000000000000e-06
1.182885e+05	1.949120955073590e-01	1.041669827916890e-01	3.000000000000000e-09	3.000000000000000e-06
1.189223e+05	1.951196963838407e-01	1.042892106262991e-01	3.000000000000000e-09	3.000000000000000e-06
1.195606e+05	1.953281075747520e-01	1.044118594609282e-01	3.000000000000000e-09	3.000000000000000e-06
1.202034e+05	1.955373447812822e-01	1.045349381711165e-01	3.000000000000000e-09	3.000000000000000e-06
1.208508e+05	1.957474240932762e-01	1.046584558495354e-01	3.000000000000000e-09	3.000000000000000e-06
1.215029e+05	1.959583620030971e-01	1.047824218136991e-01	3.000000000000000e-09	3.000000000000000e-06
1.221597e+05	1.961701754200989e-01	1.049068456140156e-01	3.000000000000000e-09	3.000000000000000e-06
1.228214e+05	1.963828816857418e-01	1.050317370421969e-01	3.000000000000000e-09	3.000000000000000e-06
1.234879e+05	1.965964985893849e-01	1.051571061400460e-01	3.000000000000000e-09	3.000000000000000e-06
1.241595e+05	1.968110443847952e-01	1.052829632086429e-01	3.000000000000000e-09	3.000000000000000e-06
1.248361e+05	1.970265378074103e-01	1.054093188179513e-01	3.000000000000000e-09	3.000000000000000e-06
1.255180e+05	1.972429980923993e-01	1.055361838168698e-01	3.000000000000000e-09	3.000000000000000e-06
1.262051e+05	1.974604449935668e-01	1.056635693437527e-01	3.000000000000000e-09	3.000000000000000e-06
1.268975e+05	1.976788988031478e-01	1.057914868374273e-01	3.000000000000000e-09	3.000000000000000e-06
1.275955e+05	1.978983803725447e-01	1.059199480487364e-01	3.000000000000000e-09	3.000000000000000e-06
1.282989e+05	1.981189111340637e-01	1.060489650526370e-01	3.000000000000000e-09	3.000000000000000e-06
1.290081e+05	1.983405131237068e-01	1.061785502608875e-01	3.000000000000000e-09	3.000000000000000e-06
1.297230e+05	1.985632090050842e-01	1.063087164353595e-01	3.000000000000000e-09	3.000000000000000e-06
1.304439e+05	1.987870220945152e-01	1.064394767020104e-01	3.000000000000000e-09	3.000000000000000e-06
1.311707e+05	1.990119763873874e-01	1.065708445655583e-01	3.000000000000000e-09	3.000000000000000e-06
1.319036e+05	1.992380965858552e-01	1.067028339249022e-01	3.000000000000000e-09	3.000000000000000e-06
1.326428e+05	1.994654081279583e-01	1.068354590893331e-01	3.000000000000000e-09	3.000000000000000e-06
1.333884e+05	1.996939372182506e-01	1.069687347955869e-01	3.000000000000000e-09	3.000000000000000e-06
1.341404e+05	1.999237108600362e-01	1.071026762257916e-01	3.000000000000000e-09	3.000000000000000e-06
1.348991e+05	2.001547568893145e-01	1.072372990263675e-01	3.000000000000000e-09	3.000000000000000e-06
1.356646e+05	2.003871040105472e-01	1.073726193279408e-01	3.000000000000000e-09	3.000000000000000e-06
1.364369e+05	2.006207818343656e-01	1.075086537663387e-01	3.000000000000000e-09	3.000000000000000e-06
1.372163e+05	2.008558209173487e-01	1.076454195047374e-01	3.000000000000000e-09	3.000000000000000e-06
1.380030e+05	2.010922528040105e-01	1.077829342570405e-01	3.000000000000000e-09	3.000000000000000e-06
1.387969e+05	2.013301100711480e-01	1.079212163125714e-01	3.000000000000000e-09	3.000000000000000e-06
1.395985e+05	2.015694263747114e-01	1.080602845621712e-01	3.000000000000000e-09	3.000000000000000e-06
1.404077e+05	2.018102364993741e-01	1.082001585257990e-01	3.000000000000000e-09	3.000000000000000e-06
1.412248e+05	2.020525764109919e-01	1.083408583817415e-01	3.000000000000000e-09	3.000000000000000e-06
1.420499e+05	2.022964833121592e-01	1.084824049975463e-01	3.000000000000000e-09	3.000000000000000e-06
1.428833e+05	2.025419957010844e-01	1.086248199628046e-01	3.000000000000000e-09	3.000000000000000e-06
1.437251e+05	2.027891534340316e-01	1.087681256239179e-01	3.000000000000000e-09	3.000000000000000e-06
1.445756e+05	2.030379977915891e-01	1.089123451209962e-01	3.000000000000000e-09	3.000000000000000e-06
1.454349e+05	2.032885715490564e-01	1.090575024270492e-01	3.000000000000000e-09	3.000000000000000e-06
1.463032e+05	2.035409190512613e-01	1.092036223896432e-01	3.000000000000000e-09	3.000000000000000e-06
1.471809e+05	2.037950862921513e-01	1.093507307752163e-01	3.000000000000000e-09	3.000000000000000e-06
1.480681e+05	2.040511209995315e-01	1.094988543162585e-01	3.000000000000000e-09	3.000000000000000e-06
1.489650e+05	2.043090727253591e-01	1.096480207615852e-01	3.000000000000000e-09	3.000000000000000e-06
1.498720e+05	2.045689929420410e-01	1.097982589299521e-01	3.000000000000000e-09	3.000000000000000e-06
1.507893e+05	2.048309351452259e-01	1.099495987672852e-01	3.000000000000000e-09	3.000000000000000e-06
1.517171e+05	2.050949549636271e-01	1.101020714078245e-01	3.000000000000000e-09	3.000000000000000e-06
1.526558e+05	2.053611102764689e-01	1.102557092395112e-01	3.000000000000000e-09	3.000000000000000e-06
1.536056e+05	2.056294613392058e-01	1.104105459739795e-01	3.000000000000000e-09	3.000000000000000e-06
1.545669e+05	2.059000709182310e-01	1.105666167215514e-01	3.000000000000000e-09	3.000000000000000e-06
1.555399e+05	2.061730044353651e-01	1.107239580716751e-01	3.000000000000000e-09	3.000000000000000e-06
1.565251e+05	2.064483301229967e-01	1.108826081792925e-01	3.000000000000000e-09	3.000000000000000e-06
1.575228e+05	2.067261191908438e-01	1.110426068576724e-01	3.000000000000000e-09	3.000000000000000e-06
1.585333e+05	2.070064460054029e-01	1.112039956783072e-01	3.000000000000000e-09	3.000000000000000e-06
1.595571e+05	2.072893882832781e-01	1.113668180785320e-01	3.000000000000000e-09	3.000000000000000e-06
1.605945e+05	2.075750272997088e-01	1.115311194776027e-01	3.000000000000000e-09	3.000000000000000e-06
1.616460e+05	2.078634481137692e-01	1.116969474020517e-01	3.000000000000000e-09	3.000000000000000e-06
1.627120e+05	2.081547398118800e-01	1.118643516212334e-01	3.000000000000000e-09	3.000000000000000e-06
1.637930e+05	2.084489957714694e-01	1.120333842940823e-01	3.000000000000000e-09	3.000000000000000e-06
1.648895e+05	2.087463139468350e-01	1.122041001282250e-01	3.000000000000000e-09	3.000000000000000e-06
1.660020e+05	2.090467971795161e-01	1.123765565527293e-01	3.000000000000000e-09	3.000000000000000e-06
1.671311e+05	2.093505535357641e-01	1.125508139059322e-01	3.000000000000000e-09	3.000000000000000e-06
1.682773e+05	2.096576966740335e-01	1.127269356399710e-01	3.000000000000000e-09	3.000000000000000e-06
1.694412e+05	2.099683462457889e-01	1.129049885438502e-01	3.000000000000000e-09	3.000000000000000e-06
1.706236e+05	2.102826283333576e-01	1.130850429871207e-01	3.000000000000000e-09	3.000000000000000e-06
1.718250e+05	2.106006759290585e-01	1.132671731865218e-01	3.000000000000000e-09	3.000000000000000e-06
1.730461e+05	2.109226294604152e-01	1.134514574982627e-01	3.000000000000000e-09	3.000000000000000e-06
1.742879e+05	2.112486373669365e-01	1.136379787389912e-01	3.000000000000000e-09	3.000000000000000e-06
1.755509e+05	2.115788567347249e-01	1.138268245389335e-01	3.000000000000000e-09	3.000000000000000e-06
1.768362e+05	2.119134539960907e-01	1.140180877311947e-01	3.000000000000000e-09	3.000000000000000e-06
1.781446e+05	2.122526057024165e-01	1.142118667818082e-01	3.000000000000000e-09	3.000000000000000e-06
1.794770e+05	2.125964993797748e-01	1.144082662658158e-01	3.000000000000000e-09	3.000000000000000e-06
1.808346e+05	2.129453344782822e-01	1.146073973954891e-01	3.000000000000000e-09	3.000000000000000e-06
1.822183e+05	2.132993234279271e-01	1.148093786077739e-01	3.000000000000000e-09	3.000000000000000e-06
1.836295e+05	2.136586928156939e-01	1.150143362192007e-01	3.000000000000000e-09	3.000000000000000e-06
1.850692e+05	2.140236847012854e-01	1.152224051578827e-01	3.000000000000000e-09	3.000000000000000e-06
1.865390e+05	2.143945580917270e-01	1.154337297838801e-01	3.000000000000000e-09	3.000000000000000e-06
1.880402e+05	2.147715905987093e-01	1.156484648111954e-01	3.000000000000000e-09	3.000000000000000e-06
1.895744e+05	2.151550803068520e-01	1.158667763470716e-01	3.000000000000000e-09	3.000000000000000e-06
1.911433e+05	2.155453478863199e-01	1.160888430671788e-01	3.000000000000000e-09	3.000000000000000e-06
1.927486e+05	2.159427389896260e-01	1.163148575488404e-01	3.000000000000000e-09	3.000000000000000e-06
1.943924e+05	2.163476269803105e-01	1.165450277888093e-01	3.000000000000000e-09	3.000000000000000e-06
1.960768e+05	2.167604160508750e-01	1.167795789374983e-01	3.000000000000000e-09	3.000000000000000e-06
1.978041e+05	2.171815447993697e-01	1.170187552882426e-01	3.000000000000000e-09	3.000000000000000e-06
1.995768e+05	2.176114903490402e-01	1.172628225685204e-01	3.000000000000000e-09	3.000000000000000e-06
2.013977e+05	2.180507731143011e-01	1.175120705905381e-01	3.000000000000000e-09	3.000000000000000e-06
2.032698e+05	2.184999623401714e-01	1.177668163318522e-01	3.000000000000000e-09	3.000000000000000e-06
2.051965e+05	2.189596825727444e-01	1.180274075336186e-01	3.000000000000000e-09	3.000000000000000e-06
2.071814e+05	2.194306212573762e-01	1.182942269257964e-01	3.000000000000000e-09	3.000000000000000e-06
2.092286e+05	2.199135377119808e-01	1.185676972168108e-01	3.000000000000000e-09	3.000000000000000e-06
2.113426e+05	2.204092737891281e-01	1.188482870220323e-01	3.000000000000000e-09	3.000000000000000e-06
2.135285e+05	2.209187666282294e-01	1.191365179541012e-01	3.000000000000000e-09	3.000000000000000e-06
2.157919e+05	2.214430640159874e-01	1.194329731630831e-01	3.000000000000000e-09	3.000000000000000e-06
2.181392e+05	2.219833430310739e-01	1.197383077021215e-01	3.000000000000000e-09	3.000000000000000e-06
2.205777e+05	2.225409328645970e-01	1.200532612140458e-01	3.000000000000000e-09	3.000000000000000e-06
2.231155e+05	2.231173430064379e-01	1.203786736002667e-01	3.000000000000000e-09	3.000000000000000e-06
2.257621e+05	2.237142984068843e-01	1.207155045662743e-01	3.000000000000000e-09	3.000000000000000e-06
2.285284e+05	2.243337838214216e-01	1.210648582705417e-01	3.000000000000000e-09	3.000000000000000e-06
2.314270e+05	2.249781004154889e-01	1.214280147863821e-01	3.000000000000000e-09	3.000000000000000e-06
2.344729e+05	2.256499389920563e-01	1.218064708007517e-01	3.000000000000000e-09	3.000000000000000e-06
2.376835e+05	2.263524761490292e-01	1.222019930539724e-01	3.000000000000000e-09	3.000000000000000e-06
2.410800e+05	2.270895026827473e-01	1.226166896959275e-01	3.000000000000000e-09	3.000000000000000e-06
2.446879e+05	2.278655983369660e-01	1.230531073910438e-01	3.000000000000000e-09	3.000000000000000e-06
2.485387e+05	2.286863748308216e-01	1.235143663555582e-01	3.000000000000000e-09	3.000000000000000e-06
2.526716e+05	2.295588223771093e-01	1.240043528848138e-01	3.000000000000000e-09	3.000000000000000e-06
2.571370e+05	2.304918183109494e-01	1.245280019282492e-01	3.000000000000000e-09	3.000000000000000e-06
2.620001e+05	2.314968996573019e-01	1.250917262635987e-01	3.000000000000000e-09	3.000000000000000e-06
2.673491e+05	2.325894856651616e-01	1.257040955746527e-01	3.000000000000000e-09	3.000000000000000e-06
2.730025e+05	2.337297988262911e-01	1.263427422543257e-01	3.000000000000000e-09	3.000000000000000e-06
2.787539e+05	2.348749495035902e-01	1.269836240490426e-01	3.000000000000000e-09	3.000000000000000e-06
2.846091e+05	2.360257314718762e-01	1.276271976945726e-01	3.000000000000000e-09	3.000000000000000e-06
2.905696e+05	2.371821579985080e-01	1.282734821844102e-01	3.000000000000000e-09	3.000000000000000e-06
2.966375e+05	2.383442564611166e-01	1.289225040794837e-01	3.000000000000000e-09	3.000000000000000e-06
3.028146e+05	2.395120541542702e-01	1.295742895641479e-01	3.000000000000000e-09	3.000000000000000e-06
3.091028e+05	2.406855785415961e-01	1.302288645916798e-01	3.000000000000000e-09	3.000000000000000e-06
3.155042e+05	2.418648572501171e-01	1.308862548859483e-01	3.000000000000000e-09	3.000000000000000e-06
3.220206e+05	2.430499180692994e-01	1.315464859460794e-01	3.000000000000000e-09	3.000000000000000e-06
3.286542e+05	2.442407889501218e-01	1.322095830514425e-01	3.000000000000000e-09	3.000000000000000e-06
3.354071e+05	2.454374980042430e-01	1.328755712669504e-01	3.000000000000000e-09	3.000000000000000e-06
3.422814e+05	2.466400735032639e-01	1.335444754486287e-01	3.000000000000000e-09	3.000000000000000e-06
3.492792e+05	2.478485438780766e-01	1.342163202494094e-01	3.000000000000000e-09	3.000000000000000e-06
3.564028e+05	2.490629377182983e-01	1.348911301251108e-01	3.000000000000000e-09	3.000000000000000e-06
3.636543e+05	2.502832837717841e-01	1.355689293405695e-01	3.000000000000000e-09	3.000000000000000e-06
3.710362e+05	2.515096109442155e-01	1.362497419758920e-01	3.000000000000000e-09	3.000000000000000e-06
3.785506e+05	2.527419482987599e-01	1.369335919327959e-01	3.000000000000000e-09	3.000000000000000e-06
3.862000e+05	2.539803250557972e-01	1.376205029410180e-01	3.000000000000000e-09	3.000000000000000e-06
3.939869e+05	2.552247705927111e-01	1.383104985647623e-01	3.000000000000000e-09	3.000000000000000e-06
4.019136e+05	2.564753144437397e-01	1.390036022091702e-01	3.000000000000000e-09	3.000000000000000e-06
4.099827e+05	2.577319862998834e-01	1.396998371267915e-01	3.000000000000000e-09	3.000000000000000e-06
4.181967e+05	2.589948160088670e-01	1.403992264240416e-01	3.000000000000000e-09	3.000000000000000e-06
4.265582e+05	2.602638335751521e-01	1.411017930676287e-01	3.000000000000000e-09	3.000000000000000e-06
4.350700e+05	2.615390691599979e-01	1.418075598909380e-01	3.000000000000000e-09	3.000000000000000e-06
4.437345e+05	2.628205530815670e-01	1.425165496003620e-01	3.000000000000000e-09	3.000000000000000e-06
4.525547e+05	2.641083158150750e-01	1.432287847815653e-01	3.000000000000000e-09	3.000000000000000e-06
4.615334e+05	2.654023879929790e-01	1.439442879056768e-01	3.000000000000000e-09	3.000000000000000e-06
4.706732e+05	2.667028004052059e-01	1.446630813353992e-01	3.000000000000000e-09	3.000000000000000e-06
4.799773e+05	2.680095839994157e-01	1.453851873310311e-01	3.000000000000000e-09	3.000000000000000e-06
4.894484e+05	2.693227698812996e-01	1.461106280563954e-01	3.000000000000000e-09	3.000000000000000e-06
4.990897e+05	2.706423893149103e-01	1.468394255846674e-01	3.000000000000000e-09	3.000000000000000e-06
5.089041e+05	2.719684737230220e-01	1.475716019041021e-01	3.000000000000000e-09	3.000000000000000e-06
5.188949e+05	2.733010546875203e-01	1.483071789236534e-01	3.000000000000000e-09	3.000000000000000e-06
5.290651e+05	2.746401639498187e-01	1.490461784784854e-01	3.000000000000000e-09	3.000000000000000e-06
5.394180e+05	2.759858334113013e-01	1.497886223353727e-01	3.000000000000000e-09	3.000000000000000e-06
5.499569e+05	2.773380951337893e-01	1.505345321979876e-01	3.000000000000000e-09	3.000000000000000e-06
5.606851e+05	2.786969813400308e-01	1.512839297120739e-01	3.000000000000000e-09	3.000000000000000e-06
5.716061e+05	2.800625244142138e-01	1.520368364705066e-01	3.000000000000000e-09	3.000000000000000e-06
5.827234e+05	2.814347569024975e-01	1.527932740182370e-01	3.000000000000000e-09	3.000000000000000e-06
5.940404e+05	2.828137115135655e-01	1.535532638571229e-01	3.000000000000000e-09	3.000000000000000e-06
6.055608e+05	2.841994211191968e-01	1.543168274506458e-01	3.000000000000000e-09	3.000000000000000e-06
6.172882e+05	2.855919187548543e-01	1.550839862285136e-01	3.000000000000000e-09	3.000000000000000e-06
6.292264e+05	2.869912376202908e-01	1.558547615911516e-01	3.000000000000000e-09	3.000000000000000e-06
6.413791e+05	2.883974110801709e-01	1.566291749140821e-01	3.000000000000000e-09	3.000000000000000e-06
6.537503e+05	2.898104726647075e-01	1.574072475521938e-01	3.000000000000000e-09	3.000000000000000e-06
6.663439e+05	2.912304560703144e-01	1.581890008439034e-01	3.000000000000000e-09	3.000000000000000e-06
6.791639e+05	2.926573951602710e-01	1.589744561152094e-01	3.000000000000000e-09	3.000000000000000e-06
6.922144e+05	2.940913239654013e-01	1.597636346836415e-01	3.000000000000000e-09	3.000000000000000e-06
7.054995e+05	2.955322766847662e-01	1.605565578621071e-01	3.000000000000000e-09	3.000000000000000e-06
7.190235e+05	2.969802876863660e-01	1.613532469626359e-01	3.000000000000000e-09	3.000000000000000e-06
7.327907e+05	2.984353915078565e-01	1.621537233000255e-01	3.000000000000000e-09	3.000000000000000e-06
7.468055e+05	2.998976228572751e-01	1.629580081953904e-01	3.000000000000000e-09	3.000000000000000e-06
7.610724e+05	3.013670166137779e-01	1.637661229796152e-01	3.000000000000000e-09	3.000000000000000e-06
7.755959e+05	3.028436078283874e-01	1.645780889967159e-01	3.000000000000000e-09	3.000000000000000e-06
7.903806e+05	3.043274317247492e-01	1.653939276071099e-01	3.000000000000000e-09	3.000000000000000e-06
8.054313e+05	3.058185236998995e-01	1.662136601907981e-01	3.000000000000000e-09	3.000000000000000e-06
8.207528e+05	3.073169193250406e-01	1.670373081504608e-01	3.000000000000000e-09	3.000000000000000e-06
8.363500e+05	3.088226543463257e-01	1.678648929144697e-01	3.000000000000000e-09	3.000000000000000e-06
8.522278e+05	3.103357646856529e-01	1.686964359398182e-01	3.000000000000000e-09	3.000000000000000e-06
8.683913e+05	3.118562864414663e-01	1.695319587149724e-01	3.000000000000000e-09	3.000000000000000e-06
8.848458e+05	3.133842558895662e-01	1.703714827626448e-01	3.000000000000000e-09	3.000000000000000e-06
9.015964e+05	3.149197094839263e-01	1.712150296424933e-01	3.000000000000000e-09	3.000000000000000e-06
9.186485e+05	3.164626838575194e-01	1.720626209537468e-01	3.000000000000000e-09	3.000000000000000e-06
9.360076e+05	3.180132158231494e-01	1.729142783377611e-01	3.000000000000000e-09	3.000000000000000e-06
9.536792e+05	3.195713423742916e-01	1.737700234805049e-01	3.000000000000000e-09	3.000000000000000e-06
9.716690e+05	3.211371006859391e-01	1.746298781149808e-01	3.000000000000000e-09	3.000000000000000e-06
9.899827e+05	3.227105281154567e-01	1.754938640235809e-01	3.000000000000000e-09	3.000000000000000e-06
1.000000e+06	3.235610441479496e-01	1.759608542582030e-01	3.000000000000000e-09	3.000000000000000e-06
1.018979e+06	3.251594241815451e-01	1.768384203241400e-01	3.000000000000000e-09	3.000000000000000e-06
1.038142e+06	3.267523194568109e-01	1.777128982890505e-01	3.000000000000000e-09	3.000000000000000e-06
1.057652e+06	3.283532543338993e-01	1.785917150556473e-01	3.000000000000000e-09	3.000000000000000e-06
1.077514e+06	3.299620262793381e-01	1.794747604932259e-01	3.000000000000000e-09	3.000000000000000e-06
1.097734e+06	3.315786779754720e-01	1.803620590576384e-01	3.000000000000000e-09	3.000000000000000e-06
1.118318e+06	3.332032479183961e-01	1.812536328666892e-01	3.000000000000000e-09	3.000000000000000e-06
1.139273e+06	3.348357748713271e-01	1.821495041463388e-01	3.000000000000000e-09	3.000000000000000e-06
1.160606e+06	3.364762977860159e-01	1.830496951889518e-01	3.000000000000000e-09	3.000000000000000e-06
1.182323e+06	3.381248558050797e-01	1.839542283559133e-01	3.000000000000000e-09	3.000000000000000e-06
1.204432e+06	3.397814882628961e-01	1.848631260794070e-01	3.000000000000000e-09	3.000000000000000e-06
1.226939e+06	3.414462346865269e-01	1.857764108641645e-01	3.000000000000000e-09	3.000000000000000e-06
1.249851e+06	3.431191347966493e-01	1.866941052891719e-01	3.000000000000000e-09	3.000000000000000e-06
1.273177e+06	3.448002285084912e-01	1.876162320093357e-01	3.000000000000000e-09	3.000000000000000e-06
1.296923e+06	3.464895559327716e-01	1.885428137571105e-01	3.000000000000000e-09	3.000000000000000e-06
1.321098e+06	3.481871573766486e-01	1.894738733440884e-01	3.000000000000000e-09	3.000000000000000e-06
1.345708e+06	3.498930733446706e-01	1.904094336625523e-01	3.000000000000000e-09	3.000000000000000e-06
1.370763e+06	3.516073445397342e-01	1.913495176869946e-01	3.000000000000000e-09	3.000000000000000e-06
1.396269e+06	3.533300118640473e-01	1.922941484756021e-01	3.000000000000000e-09	3.000000000000000e-06
1.422235e+06	3.550611164200971e-01	1.932433491717086e-01	3.000000000000000e-09	3.000000000000000e-06
1.448670e+06	3.568006995116242e-01	1.941971430052166e-01	3.000000000000000e-09	3.000000000000000e-06
1.475581e+06	3.585488026446015e-01	1.951555532939888e-01	3.000000000000000e-09	3.000000000000000e-06
1.502978e+06	3.603054675282185e-01	1.961186034452110e-01	3.000000000000000e-09	3.000000000000000e-06
1.530870e+06	3.620707360758709e-01	1.970863169567276e-01	3.000000000000000e-09	3.000000000000000e-06
1.559265e+06	3.638446504061558e-01	1.980587174183503e-01	3.000000000000000e-09	3.000000000000000e-06
1.588172e+06	3.656272528438718e-01	1.990358285131413e-01	3.000000000000000e-09	3.000000000000000e-06
1.617601e+06	3.674185859210246e-01	2.000176740186721e-01	3.000000000000000e-09	3.000000000000000e-06
1.647561e+06	3.692186923778378e-01	2.010042778082589e-01	3.000000000000000e-09	3.000000000000000e-06
1.678062e+06	3.710276151637689e-01	2.019956638521752e-01	3.000000000000000e-09	3.000000000000000e-06
1.709114e+06	3.728453974385307e-01	2.029918562188430e-01	3.000000000000000e-09	3.000000000000000e-06
1.740727e+06	3.746720825731184e-01	2.039928790760033e-01	3.000000000000000e-09	3.000000000000000e-06
1.772910e+06	3.765077141508407e-01	2.049987566918664e-01	3.000000000000000e-09	3.000000000000000e-06
1.805675e+06	3.783523359683575e-01	2.060095134362436e-01	3.000000000000000e-09	3.000000000000000e-06
1.839031e+06	3.802059920367230e-01	2.070251737816602e-01	3.000000000000000e-09	3.000000000000000e-06
1.872990e+06	3.820687265824321e-01	2.080457623044517e-01	3.000000000000000e-09	3.000000000000000e-06
1.907562e+06	3.839405840484750e-01	2.090713036858421e-01	3.000000000000000e-09	3.000000000000000e-06
1.942759e+06	3.858216090953950e-01	2.101018227130082e-01	3.000000000000000e-09	3.000000000000000e-06
1.978592e+06	3.877118466023521e-01	2.111373442801261e-01	3.000000000000000e-09	3.000000000000000e-06
2.015073e+06	3.896113416681928e-01	2.121778933894055e-01	3.000000000000000e-09	3.000000000000000e-06
2.052212e+06	3.915201396125241e-01	2.132234951521083e-01	3.000000000000000e-09	3.000000000000000e-06
2.090023e+06	3.934382859767936e-01	2.142741747895550e-01	3.000000000000000e-09	3.000000000000000e-06
2.128518e+06	3.953658265253748e-01	2.153299576341178e-01	3.000000000000000e-09	3.000000000000000e-06
2.167708e+06	3.973028072466580e-01	2.163908691302017e-01	3.000000000000000e-09	3.000000000000000e-06
2.207607e+06	3.992492743541459e-01	2.174569348352144e-01	3.000000000000000e-09	3.000000000000000e-06
2.248227e+06	4.012052742875560e-01	2.185281804205247e-01	3.000000000000000e-09	3.000000000000000e-06
2.289581e+06	4.031708537139270e-01	2.196046316724108e-01	3.000000000000000e-09	3.000000000000000e-06
2.331684e+06	4.051460595287316e-01	2.206863144929987e-01	3.000000000000000e-09	3.000000000000000e-06
2.374548e+06	4.071309388569946e-01	2.217732549011907e-01	3.000000000000000e-09	3.000000000000000e-06
2.418187e+06	4.091255390544163e-01	2.228654790335855e-01	3.000000000000000e-09	3.000000000000000e-06
2.462615e+06	4.111299077085020e-01	2.239630131453896e-01	3.000000000000000e-09	3.000000000000000e-06
2.507847e+06	4.131440926396964e-01	2.250658836113200e-01	3.000000000000000e-09	3.000000000000000e-06
2.553898e+06	4.151681419025238e-01	2.261741169265010e-01	3.000000000000000e-09	3.000000000000000e-06
2.600782e+06	4.172021037867345e-01	2.272877397073512e-01	3.000000000000000e-09	3.000000000000000e-06
2.648514e+06	4.192460268184558e-01	2.284067786924663e-01	3.000000000000000e-09	3.000000000000000e-06
2.697110e+06	4.212999597613498e-01	2.295312607434936e-01	3.000000000000000e-09	3.000000000000000e-06
2.746586e+06	4.233639516177756e-01	2.306612128460014e-01	3.000000000000000e-09	3.000000000000000e-06
2.796957e+06	4.254380516299585e-01	2.317966621103424e-01	3.000000000000000e-09	3.000000000000000e-06
2.848241e+06	4.275223092811645e-01	2.329376357725114e-01	3.000000000000000e-09	3.000000000000000e-06
2.900452e+06	4.296167742968796e-01	2.340841611949991e-01	3.000000000000000e-09	3.000000000000000e-06
2.953609e+06	4.317214966459965e-01	2.352362658676397e-01	3.000000000000000e-09	3.000000000000000e-06
3.007729e+06	4.338365265420060e-01	2.363939774084553e-01	3.000000000000000e-09	3.000000000000000e-06
3.062828e+06	4.359619144441947e-01	2.375573235644957e-01	3.000000000000000e-09	3.000000000000000e-06
3.118926e+06	4.380977110588483e-01	2.387263322126745e-01	3.000000000000000e-09	3.000000000000000e-06
3.176039e+06	4.402439673404611e-01	2.399010313606015e-01	3.000000000000000e-09	3.000000000000000e-06
3.234188e+06	4.424007344929510e-01	2.410814491474123e-01	3.000000000000000e-09	3.000000000000000e-06
3.293390e+06	4.445680639708809e-01	2.422676138445947e-01	3.000000000000000e-09	3.000000000000000e-06
3.353664e+06	4.467460074806862e-01	2.434595538568119e-01	3.000000000000000e-09	3.000000000000000e-06
3.415031e+06	4.489346169819071e-01	2.446572977227242e-01	3.000000000000000e-09	3.000000000000000e-06
3.477509e+06	4.511339446884288e-01	2.458608741158073e-01	3.000000000000000e-09	3.000000000000000e-06
3.541120e+06	4.533440430697262e-01	2.470703118451699e-01	3.000000000000000e-09	3.000000000000000e-06
3.605885e+06	4.555649648521155e-01	2.482856398563681e-01	3.000000000000000e-09	3.000000000000000e-06
3.671823e+06	4.577967630200117e-01	2.495068872322191e-01	3.000000000000000e-09	3.000000000000000e-06
3.738956e+06	4.600394908171920e-01	2.507340831936134e-01	3.000000000000000e-09	3.000000000000000e-06
3.807307e+06	4.622932017480662e-01	2.519672571003255e-01	3.000000000000000e-09	3.000000000000000e-06
3.876897e+06	4.645579495789520e-01	2.532064384518237e-01	3.000000000000000e-09	3.000000000000000e-06
3.947749e+06	4.668337883393579e-01	2.544516568880796e-01	3.000000000000000e-09	3.000000000000000e-06
4.019886e+06	4.691207723232715e-01	2.557029421903759e-01	3.000000000000000e-09	3.000000000000000e-06
4.093332e+06	4.714189560904542e-01	2.569603242821146e-01	3.000000000000000e-09	3.000000000000000e-06
4.168109e+06	4.737283944677427e-01	2.582238332296249e-01	3.000000000000000e-09	3.000000000000000e-06
4.244244e+06	4.760491425503564e-01	2.594934992429702e-01	3.000000000000000e-09	3.000000000000000e-06
4.321759e+06	4.783812557032111e-01	2.607693526767558e-01	3.000000000000000e-09	3.000000000000000e-06
4.400682e+06	4.807247895622398e-01	2.620514240309366e-01	3.000000000000000e-09	3.000000000000000e-06
4.481036e+06	4.830798000357193e-01	2.633397439516248e-01	3.000000000000000e-09	3.000000000000000e-06
4.562849e+06	4.854463433056032e-01	2.646343432318988e-01	3.000000000000000e-09	3.000000000000000e-06
4.646146e+06	4.878244758288623e-01	2.659352528126114e-01	3.000000000000000e-09	3.000000000000000e-06
4.730956e+06	4.902142543388305e-01	2.672425037832002e-01	3.000000000000000e-09	3.000000000000000e-06
4.817306e+06	4.926157358465578e-01	2.685561273824977e-01	3.000000000000000e-09	3.000000000000000e-06
4.905223e+06	4.950289776421701e-01	2.698761549995426e-01	3.000000000000000e-09	3.000000000000000e-06
4.994736e+06	4.974540372962353e-01	2.712026181743928e-01	3.000000000000000e-09	3.000000000000000e-06
5.085875e+06	4.998909726611360e-01	2.725355485989389e-01	3.000000000000000e-09	3.000000000000000e-06
5.178669e+06	5.023398418724492e-01	2.738749781177189e-01	3.000000000000000e-09	3.000000000000000e-06
5.273149e+06	5.048007033503327e-01	2.752209387287353e-01	3.000000000000000e-09	3.000000000000000e-06
5.369345e+06	5.072736158009181e-01	2.765734625842725e-01	3.000000000000000e-09	3.000000000000000e-06
5.467288e+06	5.097586382177111e-01	2.779325819917163e-01	3.000000000000000e-09	3.000000000000000e-06
5.567011e+06	5.122558298829976e-01	2.792983294143758e-01	3.000000000000000e-09	3.000000000000000e-06
5.668545e+06	5.147652503692578e-01	2.806707374723058e-01	3.000000000000000e-09	3.000000000000000e-06
5.771925e+06	5.172869595405866e-01	2.820498389431320e-01	3.000000000000000e-09	3.000000000000000e-06
5.877183e+06	5.198210175541212e-01	2.834356667628781e-01	3.000000000000000e-09	3.000000000000000e-06
5.984355e+06	5.223674848614758e-01	2.848282540267947e-01	3.000000000000000e-09	3.000000000000000e-06
6.093475e+06	5.249264222101823e-01	2.862276339901907e-01	3.000000000000000e-09	3.000000000000000e-06
6.204578e+06	5.274978906451395e-01	2.876338400692663e-01	3.000000000000000e-09	3.000000000000000e-06
6.317701e+06	5.300819515100690e-01	2.890469058419492e-01	3.000000000000000e-09	3.000000000000000e-06
6.432881e+06	5.326786664489769e-01	2.904668650487326e-01	3.000000000000000e-09	3.000000000000000e-06
6.550156e+06	5.352880974076247e-01	2.918937515935159e-01	3.000000000000000e-09	3.000000000000000e-06
6.669563e+06	5.379103066350058e-01	2.933275995444478e-01	3.000000000000000e-09	3.000000000000000e-06
6.791142e+06	5.405453566848301e-01	2.947684431347719e-01	3.000000000000000e-09	3.000000000000000e-06
6.914933e+06	5.431933104170152e-01	2.962163167636758e-01	3.000000000000000e-09	3.000000000000000e-06
7.040975e+06	5.458542309991857e-01	2.976712549971419e-01	3.000000000000000e-09	3.000000000000000e-06
7.169310e+06	5.485281819081793e-01	2.991332925688014e-01	3.000000000000000e-09	3.000000000000000e-06
7.299981e+06	5.512152269315597e-01	3.006024643807916e-01	3.000000000000000e-09	3.000000000000000e-06
7.433029e+06	5.539154301691385e-01	3.020788055046156e-01	3.000000000000000e-09	3.000000000000000e-06
7.568498e+06	5.566288560345029e-01	3.035623511820051e-01	3.000000000000000e-09	3.000000000000000e-06
7.706433e+06	5.593555692565519e-01	3.050531368257866e-01	3.000000000000000e-09	3.000000000000000e-06
7.846879e+06	5.620956348810398e-01	3.065511980207506e-01	3.000000000000000e-09	3.000000000000000e-06
7.989881e+06	5.648491182721264e-01	3.080565705245235e-01	3.000000000000000e-09	3.000000000000000e-06
8.135487e+06	5.676160851139361e-01	3.095692902684435e-01	3.000000000000000e-09	3.000000000000000e-06
8.283743e+06	5.703966014121244e-01	3.110893933584395e-01	3.000000000000000e-09	3.000000000000000e-06
8.434700e+06	5.731907334954508e-01	3.126169160759127e-01	3.000000000000000e-09	3.000000000000000e-06
8.588405e+06	5.759985480173606e-01	3.141518948786228e-01	3.000000000000000e-09	3.000000000000000e-06
8.744909e+06	5.788201119575744e-01	3.156943664015767e-01	3.000000000000000e-09	3.000000000000000e-06
8.904265e+06	5.816554926236850e-01	3.172443674579211e-01	3.000000000000000e-09	3.000000000000000e-06
9.066522e+06	5.845047576527618e-01	3.188019350398386e-01	3.000000000000000e-09	3.000000000000000e-06
9.231736e+06	5.873679750129641e-01	3.203671063194471e-01	3.000000000000000e-09	3.000000000000000e-06
9.399960e+06	5.902452130051610e-01	3.219399186497039e-01	3.000000000000000e-09	3.000000000000000e-06
9.571249e+06	5.931365402645605e-01	3.235204095653115e-01	3.000000000000000e-09	3.000000000000000e-06
9.745660e+06	5.960420257623453e-01	3.251086167836292e-01	3.000000000000000e-09	3.000000000000000e-06
9.923249e+06	5.989617388073177e-01	3.267045782055874e-01	3.000000000000000e-09	3.000000000000000e-06
1.000000e+07	6.002088217033127e-01	3.273862458221471e-01	3.000000000000000e-09	3.000000000000000e-06
1.018412e+07	6.031795267799160e-01	3.290100474198351e-01	3.000000000000000e-09	3.000000000000000e-06
1.036967e+07	6.061336380122732e-01	3.306247559921280e-01	3.000000000000000e-09	3.000000000000000e-06
1.055863e+07	6.091027773664601e-01	3.322476564126032e-01	3.000000000000000e-09	3.000000000000000e-06
1.075103e+07	6.120864457087021e-01	3.338784758664838e-01	3.000000000000000e-09	3.000000000000000e-06
1.094695e+07	6.150847245098481e-01	3.355172588974070e-01	3.000000000000000e-09	3.000000000000000e-06
1.114643e+07	6.180976851053875e-01	3.371640445082023e-01	3.000000000000000e-09	3.000000000000000e-06
1.134956e+07	6.211253993703439e-01	3.388188719957328e-01	3.000000000000000e-09	3.000000000000000e-06
1.155639e+07	6.241679395281332e-01	3.404817808464318e-01	3.000000000000000e-09	3.000000000000000e-06
1.176699e+07	6.272253781557713e-01	3.421528107391590e-01	3.000000000000000e-09	3.000000000000000e-06
1.198143e+07	6.302977881855407e-01	3.438320015461236e-01	3.000000000000000e-09	3.000000000000000e-06
1.219979e+07	6.333852429067310e-01	3.455193933338445e-01	3.000000000000000e-09	3.000000000000000e-06
1.242213e+07	6.364878159673860e-01	3.472150263641157e-01	3.000000000000000e-09	3.000000000000000e-06
1.264853e+07	6.396055813760597e-01	3.489189410949757e-01	3.000000000000000e-09	3.000000000000000e-06
1.287906e+07	6.427386135035805e-01	3.506311781816807e-01	3.000000000000000e-09	3.000000000000000e-06
1.311380e+07	6.458869870848248e-01	3.523517784776826e-01	3.000000000000000e-09	3.000000000000000e-06
1.335282e+07	6.490507772204983e-01	3.540807830356116e-01	3.000000000000000e-09	3.000000000000000e-06
1.359621e+07	6.522300593789266e-01	3.558182331082629e-01	3.000000000000000e-09	3.000000000000000e-06
1.384404e+07	6.554249093978549e-01	3.575641701495877e-01	3.000000000000000e-09	3.000000000000000e-06
1.409639e+07	6.586354034862554e-01	3.593186358156895e-01	3.000000000000000e-09	3.000000000000000e-06
1.435335e+07	6.618616182261445e-01	3.610816719658241e-01	3.000000000000000e-09	3.000000000000000e-06
1.461501e+07	6.651036305744092e-01	3.628533206634048e-01	3.000000000000000e-09	3.000000000000000e-06
1.488144e+07	6.683615178646406e-01	3.646336241770116e-01	3.000000000000000e-09	3.000000000000000e-06
1.515274e+07	6.716353578089788e-01	3.664226249814058e-01	3.000000000000000e-09	3.000000000000000e-06
1.542900e+07	6.749252284999648e-01	3.682203657585489e-01	3.000000000000000e-09	3.000000000000000e-06
1.571030e+07	6.782312084124029e-01	3.700268893986260e-01	3.000000000000000e-09	3.000000000000000e-06
1.599674e+07	6.815533764052312e-01	3.718422390010742e-01	3.000000000000000e-09	3.000000000000000e-06
1.628842e+07	6.848918117234017e-01	3.736664578756158e-01	3.000000000000000e-09	3.000000000000000e-06
1.658542e+07	6.882465939997703e-01	3.754995895432964e-01	3.000000000000000e-09	3.000000000000000e-06
1.688786e+07	6.916178032569937e-01	3.773416777375276e-01	3.000000000000000e-09	3.000000000000000e-06
1.719582e+07	6.950055199094393e-01	3.791927664051348e-01	3.000000000000000e-09	3.000000000000000e-06
1.750941e+07	6.984098247651005e-01	3.810528997074096e-01	3.000000000000000e-09	3.000000000000000e-06
1.782873e+07	7.018307990275242e-01	3.829221220211676e-01	3.000000000000000e-09	3.000000000000000e-06
1.815389e+07	7.052685242977464e-01	3.848004779398106e-01	3.000000000000000e-09	3.000000000000000e-06
1.848500e+07	7.087230825762382e-01	3.866880122743946e-01	3.000000000000000e-09	3.000000000000000e-06
1.882216e+07	7.121945562648596e-01	3.885847700547020e-01	3.000000000000000e-09	3.000000000000000e-06
1.916549e+07	7.156830281688252e-01	3.904907965303194e-01	3.000000000000000e-09	3.000000000000000e-06
1.951509e+07	7.191885814986775e-01	3.924061371717201e-01	3.000000000000000e-09	3.000000000000000e-06
1.987109e+07	7.227112998722711e-01	3.943308376713524e-01	3.000000000000000e-09	3.000000000000000e-06
2.023361e+07	7.262512673167661e-01	3.962649439447321e-01	3.000000000000000e-09	3.000000000000000e-06
2.060275e+07	7.298085682706313e-01	3.982085021315412e-01	3.000000000000000e-09	3.000000000000000e-06
2.097865e+07	7.333832875856574e-01	4.001615585967309e-01	3.000000000000000e-09	3.000000000000000e-06
2.136142e+07	7.369755105289794e-01	4.021241599316306e-01	3.000000000000000e-09	3.000000000000000e-06
2.175121e+07	7.405853227851101e-01	4.040963529550618e-01	3.000000000000000e-09	3.000000000000000e-06
2.214812e+07	7.442128104579823e-01	4.060781847144573e-01	3.000000000000000e-09	3.000000000000000e-06
2.255230e+07	7.478580600730018e-01	4.080697024869858e-01	3.000000000000000e-09	3.000000000000000e-06
2.296388e+07	7.515211585791104e-01	4.100709537806820e-01	3.000000000000000e-09	3.000000000000000e-06
2.338299e+07	7.552021933508579e-01	4.120819863355820e-01	3.000000000000000e-09	3.000000000000000e-06
2.380977e+07	7.589012521904864e-01	4.141028481248641e-01	3.000000000000000e-09	3.000000000000000e-06
2.424437e+07	7.626184233300225e-01	4.161335873559953e-01	3.000000000000000e-09	3.000000000000000e-06
2.468692e+07	7.663537954333812e-01	4.181742524718826e-01	3.000000000000000e-09	3.000000000000000e-06
2.513759e+07	7.701074575984795e-01	4.202248921520308e-01	3.000000000000000e-09	3.000000000000000e-06
2.559650e+07	7.738794993593607e-01	4.222855553137054e-01	3.000000000000000e-09	3.000000000000000e-06
2.606382e+07	7.776700106883287e-01	4.243562911131006e-01	3.000000000000000e-09	3.000000000000000e-06
2.653970e+07	7.814790819980930e-01	4.264371489465142e-01	3.000000000000000e-09	3.000000000000000e-06
2.702430e+07	7.853068041439244e-01	4.285281784515264e-01	3.000000000000000e-09	3.000000000000000e-06
2.751777e+07	7.891532684258203e-01	4.306294295081861e-01	3.000000000000000e-09	3.000000000000000e-06
2.802029e+07	7.930185665906822e-01	4.327409522402013e-01	3.000000000000000e-09	3.000000000000000e-06
2.853201e+07	7.969027908345020e-01	4.348627970161366e-01	3.000000000000000e-09	3.000000000000000e-06
2.905312e+07	8.008060338045607e-01	4.369950144506156e-01	3.000000000000000e-09	3.000000000000000e-06
2.958377e+07	8.047283886016369e-01	4.391376554055290e-01	3.000000000000000e-09	3.000000000000000e-06
3.012415e+07	8.086699487822260e-01	4.412907709912497e-01	3.000000000000000e-09	3.000000000000000e-06
3.067444e+07	8.126308083607707e-01	4.434544125678523e-01	3.000000000000000e-09	3.000000000000000e-06
3.123481e+07	8.166110618119028e-01	4.456286317463393e-01	3.000000000000000e-09	3.000000000000000e-06
3.180546e+07	8.206108040726946e-01	4.478134803898732e-01	3.000000000000000e-09	3.000000000000000e-06
3.238657e+07	8.246301305449228e-01	4.500090106150145e-01	3.000000000000000e-09	3.000000000000000e-06
3.297834e+07	8.286691370973425e-01	4.522152747929655e-01	3.000000000000000e-09	3.000000000000000e-06
3.358096e+07	8.327279200679730e-01	4.544323255508202e-01	3.000000000000000e-09	3.000000000000000e-06
3.419463e+07	8.368065762663943e-01	4.566602157728205e-01	3.000000000000000e-09	3.000000000000000e-06
3.481956e+07	8.409052029760550e-01	4.588989986016180e-01	3.000000000000000e-09	3.000000000000000e-06
3.545595e+07	8.450238979565912e-01	4.611487274395429e-01	3.000000000000000e-09	3.000000000000000e-06
3.610402e+07	8.491627594461577e-01	4.634094559498775e-01	3.000000000000000e-09	3.000000000000000e-06
3.676397e+07	8.533218861637696e-01	4.656812380581370e-01	3.000000000000000e-09	3.000000000000000e-06
3.743604e+07	8.575013773116555e-01	4.679641279533569e-01	3.000000000000000e-09	3.000000000000000e-06
3.812044e+07	8.617013325776232e-01	4.702581800893850e-01	3.000000000000000e-09	3.000000000000000e-06
3.881740e+07	8.659218521374349e-01	4.725634491861813e-01	3.000000000000000e-09	3.000000000000000e-06
3.952715e+07	8.701630366571965e-01	4.748799902311236e-01	3.000000000000000e-09	3.000000000000000e-06
4.024993e+07	8.744249872957573e-01	4.772078584803191e-01	3.000000000000000e-09	3.000000000000000e-06
4.098597e+07	8.787078057071211e-01	4.795471094599228e-01	3.000000000000000e-09	3.000000000000000e-06
4.173553e+07	8.830115940428696e-01	4.818977989674625e-01	3.000000000000000e-09	3.000000000000000e-06
4.249885e+07	8.873364549545980e-01	4.842599830731696e-01	3.000000000000000e-09	3.000000000000000e-06
4.327619e+07	8.916824915963619e-01	4.866337181213166e-01	3.000000000000000e-09	3.000000000000000e-06
4.406780e+07	8.960498076271367e-01	4.890190607315618e-01	3.000000000000000e-09	3.000000000000000e-06
4.487395e+07	9.004385072132884e-01	4.914160678002993e-01	3.000000000000000e-09	3.000000000000000e-06
4.569490e+07	9.048486950310570e-01	4.938247965020167e-01	3.000000000000000e-09	3.000000000000000e-06
4.653094e+07	9.092804762690520e-01	4.962453042906586e-01	3.000000000000000e-09	3.000000000000000e-06
4.738233e+07	9.137339566307597e-01	4.986776489009974e-01	3.000000000000000e-09	3.000000000000000e-06
4.824936e+07	9.182092423370639e-01	5.011218883500098e-01	3.000000000000000e-09	3.000000000000000e-06
4.913232e+07	9.227064401287769e-01	5.035780809382616e-01	3.000000000000000e-09	3.000000000000000e-06
5.003151e+07	9.272256572691853e-01	5.060462852512974e-01	3.000000000000000e-09	3.000000000000000e-06
5.094722e+07	9.317670015466062e-01	5.085265601610384e-01	3.000000000000000e-09	3.000000000000000e-06
5.187976e+07	9.363305812769575e-01	5.110189648271862e-01	3.000000000000000e-09	3.000000000000000e-06
5.282943e+07	9.409165053063392e-01	5.135235586986346e-01	3.000000000000000e-09	3.000000000000000e-06
5.379657e+07	9.455248830136292e-01	5.160404015148863e-01	3.000000000000000e-09	3.000000000000000e-06
5.478148e+07	9.501558243130901e-01	5.185695533074783e-01	3.000000000000000e-09	3.000000000000000e-06
5.578449e+07	9.548094396569895e-01	5.211110744014141e-01	3.000000000000000e-09	3.000000000000000e-06
5.680595e+07	9.594858400382335e-01	5.236650254166013e-01	3.000000000000000e-09	3.000000000000000e-06
5.784619e+07	9.641851369930121e-01	5.262314672692980e-01	3.000000000000000e-09	3.000000000000000e-06
5.890556e+07	9.689074426034587e-01	5.288104611735657e-01	3.000000000000000e-09	3.000000000000000e-06
5.998441e+07	9.736528695003217e-01	5.314020686427283e-01	3.000000000000000e-09	3.000000000000000e-06
6.108310e+07	9.784215308656494e-01	5.340063514908402e-01	3.000000000000000e-09	3.000000000000000e-06
6.220200e+07	9.832135404354884e-01	5.366233718341594e-01	3.000000000000000e-09	3.000000000000000e-06
6.334148e+07	9.880290125025947e-01	5.392531920926295e-01	3.000000000000000e-09	3.000000000000000e-06
6.450192e+07	9.928680619191587e-01	5.418958749913675e-01	3.000000000000000e-09	3.000000000000000e-06
6.568371e+07	9.977308040995427e-01	5.445514835621602e-01	3.000000000000000e-09	3.000000000000000e-06
6.688725e+07	1.002617355023033e+00	5.472200811449673e-01	3.000000000000000e-09	3.000000000000000e-06
6.811293e+07	1.007527831236603e+00	5.499017313894313e-01	3.000000000000000e-09	3.000000000000000e-06
6.936117e+07	1.012462349857694e+00	5.525964982563956e-01	3.000000000000000e-09	3.000000000000000e-06
7.063238e+07	1.017421028577005e+00	5.553044460194296e-01	3.000000000000000e-09	3.000000000000000e-06
7.192699e+07	1.022403985661300e+00	5.580256392663614e-01	3.000000000000000e-09	3.000000000000000e-06
7.324543e+07	1.027411339956226e+00	5.607601429008178e-01	3.000000000000000e-09	3.000000000000000e-06
7.458814e+07	1.032443210889146e+00	5.635080221437722e-01	3.000000000000000e-09	3.000000000000000e-06
7.595556e+07	1.037499718471989e+00	5.662693425350991e-01	3.000000000000000e-09	3.000000000000000e-06
7.734817e+07	1.042580983304106e+00	5.690441699351378e-01	3.000000000000000e-09	3.000000000000000e-06
7.876641e+07	1.047687126575148e+00	5.718325705262622e-01	3.000000000000000e-09	3.000000000000000e-06
8.021078e+07	1.052818270067957e+00	5.746346108144588e-01	3.000000000000000e-09	3.000000000000000e-06
8.168174e+07	1.057974536161463e+00	5.774503576309127e-01	3.000000000000000e-09	3.000000000000000e-06
8.317979e+07	1.063156047833608e+00	5.802798781336010e-01	3.000000000000000e-09	3.000000000000000e-06
8.470544e+07	1.068362928664272e+00	5.831232398088942e-01	3.000000000000000e-09	3.000000000000000e-06
8.625919e+07	1.073595302838225e+00	5.859805104731655e-01	3.000000000000000e-09	3.000000000000000e-06
8.784156e+07	1.078853295148082e+00	5.888517582744069e-01	3.000000000000000e-09	3.000000000000000e-06
8.945309e+07	1.084137030997279e+00	5.917370516938552e-01	3.000000000000000e-09	3.000000000000000e-06
9.109430e+07	1.089446636403066e+00	5.946364595476239e-01	3.000000000000000e-09	3.000000000000000e-06
9.276577e+07	1.094782237999506e+00	5.975500509883447e-01	3.000000000000000e-09	3.000000000000000e-06
9.446803e+07	1.100143963040498e+00	6.004778955068154e-01	3.000000000000000e-09	3.000000000000000e-06
9.620166e+07	1.105531939402807e+00	6.034200629336578e-01	3.000000000000000e-09	3.000000000000000e-06
9.796725e+07	1.110946295589116e+00	6.063766234409816e-01	3.000000000000000e-09	3.000000000000000e-06
9.976538e+07	1.116387160731087e+00	6.093476475440582e-01	3.000000000000000e-09	3.000000000000000e-06
1.000000e+08	1.117089134599335e+00	6.097309643291738e-01	3.000000000000000e-09	3.000000000000000e-06
1.018650e+08	1.122647637883836e+00	6.127662120143449e-01	3.000000000000000e-09	3.000000000000000e-06
1.037345e+08	1.128144193808599e+00	6.157676211637164e-01	3.000000000000000e-09	3.000000000000000e-06
1.056389e+08	1.133669289767153e+00	6.187846029928591e-01	3.000000000000000e-09	3.000000000000000e-06
1.075785e+08	1.139221407005406e+00	6.218163281809601e-01	3.000000000000000e-09	3.000000000000000e-06
1.095538e+08	1.144800708095163e+00	6.248628855018519e-01	3.000000000000000e-09	3.000000000000000e-06
1.115655e+08	1.150407325549898e+00	6.279243473156609e-01	3.000000000000000e-09	3.000000000000000e-06
1.136144e+08	1.156041393095447e+00	6.310007866442340e-01	3.000000000000000e-09	3.000000000000000e-06
1.157010e+08	1.161703045101887e+00	6.340922768609144e-01	3.000000000000000e-09	3.000000000000000e-06
1.178262e+08	1.167392416597178e+00	6.371988916979924e-01	3.000000000000000e-09	3.000000000000000e-06
1.199905e+08	1.173109643270192e+00	6.403207052483583e-01	3.000000000000000e-09	3.000000000000000e-06
1.221948e+08	1.178854861473951e+00	6.434577919672715e-01	3.000000000000000e-09	3.000000000000000e-06
1.244397e+08	1.184628208228877e+00	6.466102266741350e-01	3.000000000000000e-09	3.000000000000000e-06
1.267261e+08	1.190429821226057e+00	6.497780845542795e-01	3.000000000000000e-09	3.000000000000000e-06
1.290546e+08	1.196259838830528e+00	6.529614411607556e-01	3.000000000000000e-09	3.000000000000000e-06
1.314262e+08	1.202118400084573e+00	6.561603724161353e-01	3.000000000000000e-09	3.000000000000000e-06
1.338415e+08	1.208005644711038e+00	6.593749546143222e-01	3.000000000000000e-09	3.000000000000000e-06
1.363013e+08	1.213921713116660e+00	6.626052644223696e-01	3.000000000000000e-09	3.000000000000000e-06
1.388066e+08	1.219866746395415e+00	6.658513788823092e-01	3.000000000000000e-09	3.000000000000000e-06
1.413582e+08	1.225840886331883e+00	6.691133754129877e-01	3.000000000000000e-09	3.000000000000000e-06
1.439568e+08	1.231844275404625e+00	6.723913318119117e-01	3.000000000000000e-09	3.000000000000000e-06
1.466034e+08	1.237877056789584e+00	6.756853262571033e-01	3.000000000000000e-09	3.000000000000000e-06
1.492989e+08	1.243939374363491e+00	6.789954373089637e-01	3.000000000000000e-09	3.000000000000000e-06
1.520442e+08	1.250031372707301e+00	6.823217439121458e-01	3.000000000000000e-09	3.000000000000000e-06
1.548401e+08	1.256153197109638e+00	6.856643253974364e-01	3.000000000000000e-09	3.000000000000000e-06
1.576877e+08	1.262304993570257e+00	6.890232614836475e-01	3.000000000000000e-09	3.000000000000000e-06
1.605879e+08	1.268486908803526e+00	6.923986322795166e-01	3.000000000000000e-09	3.000000000000000e-06
1.635417e+08	1.274699090241920e+00	6.957905182856169e-01	3.000000000000000e-09	3.000000000000000e-06
1.665500e+08	1.280941686039540e+00	6.991990003962760e-01	3.000000000000000e-09	3.000000000000000e-06
1.696140e+08	1.287214845075643e+00	7.026241599015048e-01	3.000000000000000e-09	3.000000000000000e-06
1.727345e+08	1.293518716958190e+00	7.060660784889349e-01	3.000000000000000e-09	3.000000000000000e-06
1.759127e+08	1.299853452027412e+00	7.095248382457664e-01	3.000000000000000e-09	3.000000000000000e-06
1.791496e+08	1.306219201359397e+00	7.130005216607248e-01	3.000000000000000e-09	3.000000000000000e-06
1.824463e+08	1.312616116769688e+00	7.164932116260274e-01	3.000000000000000e-09	3.000000000000000e-06
1.858040e+08	1.319044350816902e+00	7.200029914393595e-01	3.000000000000000e-09	3.000000000000000e-06
1.892237e+08	1.325504056806371e+00	7.235299448058601e-01	3.000000000000000e-09	3.000000000000000e-06
1.927067e+08	1.331995388793789e+00	7.270741558401173e-01	3.000000000000000e-09	3.000000000000000e-06
1.962540e+08	1.338518501588893e+00	7.306357090681737e-01	3.000000000000000e-09	3.000000000000000e-06
1.998669e+08	1.345073550759146e+00	7.342146894295412e-01	3.000000000000000e-09	3.000000000000000e-06
2.035466e+08	1.351660692633449e+00	7.378111822792264e-01	3.000000000000000e-09	3.000000000000000e-06
2.072944e+08	1.358280084305868e+00	7.414252733897647e-01	3.000000000000000e-09	3.000000000000000e-06
2.111114e+08	1.364931883639377e+00	7.450570489532657e-01	3.000000000000000e-09	3.000000000000000e-06
2.149990e+08	1.371616249269622e+00	7.487065955834675e-01	3.000000000000000e-09	3.000000000000000e-06
2.189586e+08	1.378333340608701e+00	7.523740003178016e-01	3.000000000000000e-09	3.000000000000000e-06
2.229914e+08	1.385083317848967e+00	7.560593506194677e-01	3.000000000000000e-09	3.000000000000000e-06
2.270987e+08	1.391866341966844e+00	7.597627343795190e-01	3.000000000000000e-09	3.000000000000000e-06
2.312821e+08	1.398682574726667e+00	7.634842399189573e-01	3.000000000000000e-09	3.000000000000000e-06
2.355428e+08	1.405532178684533e+00	7.672239559908385e-01	3.000000000000000e-09	3.000000000000000e-06
2.398824e+08	1.412415317192184e+00	7.709819717823880e-01	3.000000000000000e-09	3.000000000000000e-06
2.443022e+08	1.419332154400892e+00	7.747583769171273e-01	3.000000000000000e-09	3.000000000000000e-06
2.488039e+08	1.426282855265378e+00	7.785532614570106e-01	3.000000000000000e-09	3.000000000000000e-06
2.533888e+08	1.433267585547743e+00	7.823667159045710e-01	3.000000000000000e-09	3.000000000000000e-06
2.580586e+08	1.440286511821417e+00	7.861988312050787e-01	3.000000000000000e-09	3.000000000000000e-06
2.628149e+08	1.447339801475134e+00	7.900496987487090e-01	3.000000000000000e-09	3.000000000000000e-06
2.676592e+08	1.454427622716916e+00	7.939194103727203e-01	3.000000000000000e-09	3.000000000000000e-06
2.725931e+08	1.461550144578091e+00	7.978080583636439e-01	3.000000000000000e-09	3.000000000000000e-06
2.776184e+08	1.468707536917313e+00	8.017157354594836e-01	3.000000000000000e-09	3.000000000000000e-06
2.827367e+08	1.475899970424619e+00	8.056425348519272e-01	3.000000000000000e-09	3.000000000000000e-06
2.879498e+08	1.483127616625492e+00	8.095885501885667e-01	3.000000000000000e-09	3.000000000000000e-06
2.932594e+08	1.490390647884954e+00	8.135538755751323e-01	3.000000000000000e-09	3.000000000000000e-06
2.986673e+08	1.497689237411671e+00	8.175386055777343e-01	3.000000000000000e-09	3.000000000000000e-06
3.041754e+08	1.505023559262085e+00	8.215428352251183e-01	3.000000000000000e-09	3.000000000000000e-06
3.097855e+08	1.512393788344563e+00	8.255666600109304e-01	3.000000000000000e-09	3.000000000000000e-06
3.154995e+08	1.519800100423562e+00	8.296101758959931e-01	3.000000000000000e-09	3.000000000000000e-06
3.213193e+08	1.527242672123826e+00	8.336734793105933e-01	3.000000000000000e-09	3.000000000000000e-06
3.272469e+08	1.534721680934588e+00	8.377566671567810e-01	3.000000000000000e-09	3.000000000000000e-06
3.332844e+08	1.542237305213809e+00	8.418598368106791e-01	3.000000000000000e-09	3.000000000000000e-06
3.394337e+08	1.549789724192422e+00	8.459830861248047e-01	3.000000000000000e-09	3.000000000000000e-06
3.456970e+08	1.557379117978611e+00	8.501265134304018e-01	3.000000000000000e-09	3.000000000000000e-06
3.520763e+08	1.565005667562102e+00	8.542902175397854e-01	3.000000000000000e-09	3.000000000000000e-06
3.585738e+08	1.572669554818472e+00	8.584742977486965e-01	3.000000000000000e-09	3.000000000000000e-06
3.651917e+08	1.580370962513495e+00	8.626788538386699e-01	3.000000000000000e-09	3.000000000000000e-06
3.719323e+08	1.588110074307489e+00	8.669039860794122e-01	3.000000000000000e-09	3.000000000000000e-06
3.787978e+08	1.595887074759700e+00	8.711497952311922e-01	3.000000000000000e-09	3.000000000000000e-06
3.857906e+08	1.603702149332696e+00	8.754163825472427e-01	3.000000000000000e-09	3.000000000000000e-06
3.929130e+08	1.611555484396795e+00	8.797038497761746e-01	3.000000000000000e-09	3.000000000000000e-06
4.001674e+08	1.619447267234501e+00	8.840122991644015e-01	3.000000000000000e-09	3.000000000000000e-06
4.075564e+08	1.627377686044972e+00	8.883418334585780e-01	3.000000000000000e-09	3.000000000000000e-06
4.150823e+08	1.635346929948504e+00	8.926925559080484e-01	3.000000000000000e-09	3.000000000000000e-06
4.227478e+08	1.643355188991042e+00	8.970645702673083e-01	3.000000000000000e-09	3.000000000000000e-06
4.305554e+08	1.651402654148706e+00	9.014579807984772e-01	3.000000000000000e-09	3.000000000000000e-06
4.385079e+08	1.659489517332347e+00	9.058728922737845e-01	3.000000000000000e-09	3.000000000000000e-06
4.466078e+08	1.667615971392121e+00	9.103094099780670e-01	3.000000000000000e-09	3.000000000000000e-06
4.548579e+08	1.675782210122084e+00	9.147676397112783e-01	3.000000000000000e-09	3.000000000000000e-06
4.632611e+08	1.683988428264812e+00	9.192476877910110e-01	3.000000000000000e-09	3.000000000000000e-06
4.718202e+08	1.692234821516047e+00	9.237496610550311e-01	3.000000000000000e-09	3.000000000000000e-06
4.805380e+08	1.700521586529354e+00	9.282736668638246e-01	3.000000000000000e-09	3.000000000000000e-06
4.894176e+08	1.708848920920818e+00	9.328198131031572e-01	3.000000000000000e-09	3.000000000000000e-06
4.984620e+08	1.717217023273746e+00	9.373882081866453e-01	3.000000000000000e-09	3.000000000000000e-06
5.076742e+08	1.725626093143408e+00	9.419789610583406e-01	3.000000000000000e-09	3.000000000000000e-06
5.170573e+08	1.734076331061787e+00	9.465921811953274e-01	3.000000000000000e-09	3.000000000000000e-06
5.266145e+08	1.742567938542364e+00	9.512279786103319e-01	3.000000000000000e-09	3.000000000000000e-06
5.363491e+08	1.751101118084921e+00	9.558864638543446e-01	3.000000000000000e-09	3.000000000000000e-06
5.462644e+08	1.759676073180366e+00	9.605677480192557e-01	3.000000000000000e-09	3.000000000000000e-06
5.563638e+08	1.768293008315582e+00	9.652719427405033e-01	3.000000000000000e-09	3.000000000000000e-06
5.666506e+08	1.776952128978307e+00	9.699991601997341e-01	3.000000000000000e-09	3.000000000000000e-06
5.771284e+08	1.785653641662029e+00	9.747495131274782e-01	3.000000000000000e-09	3.000000000000000e-06
5.878007e+08	1.794397753870905e+00	9.795231148058354e-01	3.000000000000000e-09	3.000000000000000e-06
5.986711e+08	1.803184674124715e+00	9.843200790711765e-01	3.000000000000000e-09	3.000000000000000e-06
6.097434e+08	1.812014611963823e+00	9.891405203168561e-01	3.000000000000000e-09	3.000000000000000e-06
6.210213e+08	1.820887777954181e+00	9.939845534959397e-01	3.000000000000000e-09	3.000000000000000e-06
6.325087e+08	1.829804383692341e+00	9.988522941239443e-01	3.000000000000000e-09	3.000000000000000e-06
6.442093e+08	1.838764641810502e+00	1.003743858281591e+00	3.000000000000000e-09	3.000000000000000e-06
6.561273e+08	1.847768765981581e+00	1.008659362617572e+00	3.000000000000000e-09	3.000000000000000e-06
6.682667e+08	1.856816970924299e+00	1.013598924351333e+00	3.000000000000000e-09	3.000000000000000e-06
6.806315e+08	1.865909472408307e+00	1.018562661275867e+00	3.000000000000000e-09	3.000000000000000e-06
6.932261e+08	1.875046487259324e+00	1.023550691760517e+00	3.000000000000000e-09	3.000000000000000e-06
7.060546e+08	1.884228233364309e+00	1.028563134753808e+00	3.000000000000000e-09	3.000000000000000e-06
7.191215e+08	1.893454929676653e+00	1.033600109786270e+00	3.000000000000000e-09	3.000000000000000e-06
7.324311e+08	1.902726796221395e+00	1.038661736973299e+00	3.000000000000000e-09	3.000000000000000e-06
7.459881e+08	1.912044054100474e+00	1.043748137018010e+00	3.000000000000000e-09	3.000000000000000e-06
7.597970e+08	1.921406925497992e+00	1.048859431214122e+00	3.000000000000000e-09	3.000000000000000e-06
7.738625e+08	1.930815633685516e+00	1.053995741448845e+00	3.000000000000000e-09	3.000000000000000e-06
7.881894e+08	1.940270403027396e+00	1.059157190205787e+00	3.000000000000000e-09	3.000000000000000e-06
8.027826e+08	1.949771458986113e+00	1.064343900567873e+00	3.000000000000000e-09	3.000000000000000e-06
8.176471e+08	1.959319028127658e+00	1.069555996220278e+00	3.000000000000000e-09	3.000000000000000e-06
8.327878e+08	1.968913338126926e+00	1.074793601453379e+00	3.000000000000000e-09	3.000000000000000e-06
8.482101e+08	1.978554617773149e+00	1.080056841165714e+00	3.000000000000000e-09	3.000000000000000e-06
8.639190e+08	1.988243096975344e+00	1.085345840866958e+00	3.000000000000000e-09	3.000000000000000e-06
8.799201e+08	1.997979006767800e+00	1.090660726680921e+00	3.000000000000000e-09	3.000000000000000e-06
8.962186e+08	2.007762579315578e+00	1.096001625348547e+00	3.000000000000000e-09	3.000000000000000e-06
9.128202e+08	2.017594047920048e+00	1.101368664230941e+00	3.000000000000000e-09	3.000000000000000e-06
9.297305e+08	2.027473647024452e+00	1.106761971312400e+00	3.000000000000000e-09	3.000000000000000e-06
9.469553e+08	2.037401612219490e+00	1.112181675203470e+00	3.000000000000000e-09	3.000000000000000e-06
9.645005e+08	2.047378180248936e+00	1.117627905144003e+00	3.000000000000000e-09	3.000000000000000e-06
9.823720e+08	2.057403589015283e+00	1.123100791006246e+00	3.000000000000000e-09	3.000000000000000e-06
1.000000e+09	2.067160095319378e+00	1.128426876509134e+00	3.000000000000000e-09	3.000000000000000e-06
