#t[yr]	ecc	inc	eachmass	totalmass
0.000000e+00	5.000000000000000e-02	2.500000000000000e-02	3.000000000000000e-08	3.000000000000000e-05
1.100000e-01	5.000255205463084e-02	2.500105343186694e-02	2.688971152553416e-08	2.688971152553416e-05
1.200000e-01	5.000278415678482e-02	2.500114924025440e-02	2.662347675795461e-08	2.662347675795461e-05
1.300000e-01	5.000301627435034e-02	2.500124505529173e-02	2.635987797817288e-08	2.635987797817288e-05
1.500000e-01	5.000348055501631e-02	2.500143670502609e-02	2.584048424485137e-08	2.584048424485137e-05
1.600000e-01	5.000371271777114e-02	2.500153253957993e-02	2.558463786618947e-08	2.558463786618947e-05
1.800000e-01	5.000417708727299e-02	2.500172422770811e-02	2.508051942573225e-08	2.508051942573225e-05
2.000000e-01	5.000464151431495e-02	2.500191594073456e-02	2.458633411011887e-08	2.458633411011886e-05
2.300000e-01	5.000533825989221e-02	2.500220355576801e-02	2.386325366093876e-08	2.386325366093876e-05
2.600000e-01	5.000603512764086e-02	2.500249122380068e-02	2.316143890080545e-08	2.316143890080545e-05
2.900000e-01	5.000673211334894e-02	2.500277894308758e-02	2.248026440894986e-08	2.248026440894986e-05
3.200000e-01	5.000742921292610e-02	2.500306671193412e-02	2.181912315813521e-08	2.181912315813521e-05
3.600000e-01	5.000835884930978e-02	2.500345047798489e-02	2.096774848881777e-08	2.096774848881776e-05
4.000000e-01	5.000928867197953e-02	2.500383432545192e-02	2.014959416581315e-08	2.014959416581314e-05
4.500000e-01	5.001045119898341e-02	2.500431424376827e-02	1.917164746797234e-08	1.917164746797233e-05
5.100000e-01	5.001184657461593e-02	2.500489029668917e-02	1.806055914917672e-08	1.806055914917671e-05
5.700000e-01	5.001324229944783e-02	2.500546650382103e-02	1.701386369250870e-08	1.701386369250869e-05
6.400000e-01	5.001487105282795e-02	2.500613892645878e-02	1.586913784632907e-08	1.586913784632906e-05
7.100000e-01	5.001650020957305e-02	2.500681152919583e-02	1.480143138190743e-08	1.480143138190743e-05
8.000000e-01	5.001859537612133e-02	2.500767654547691e-02	1.353353816823238e-08	1.353353816823237e-05
9.000000e-01	5.002092396938793e-02	2.500863796105111e-02	1.225173555454034e-08	1.225173555454034e-05
1.000000e+00	5.002325314311181e-02	2.500959964362273e-02	1.109133636987358e-08	1.109133636987357e-05
1.130000e+00	5.002628180914351e-02	2.501085017727240e-02	9.745542444157942e-09	9.745542444157940e-06
1.260000e+00	5.002931117140560e-02	2.501210104419430e-02	8.563043655303601e-09	8.563043655303601e-06
1.420000e+00	5.003304037502857e-02	2.501364094819613e-02	7.302745698443800e-09	7.302745698443797e-06
1.590000e+00	5.003700334333570e-02	2.501527745625333e-02	6.166274063483746e-09	6.166274063483742e-06
1.780000e+00	5.004143311761938e-02	2.501710682337666e-02	5.104071169425512e-09	5.104071169425509e-06
2.000000e+00	5.004656276122404e-02	2.501922533624966e-02	4.100591415656006e-09	4.100591415656002e-06
2.240000e+00	5.005215889846144e-02	2.502153665487012e-02	3.229486901375156e-09	3.229486901375153e-06
2.520000e+00	5.005868750323542e-02	2.502423329426807e-02	2.444190554754508e-09	2.444190554754506e-06
2.820000e+00	5.006568172495589e-02	2.502712248628822e-02	1.813400988011194e-09	1.813400988011193e-06
3.170000e+00	5.007383992794130e-02	2.503049279851423e-02	1.561971988676705e-09	1.561971988676704e-06
3.550000e+00	5.008269439025356e-02	2.503415111433314e-02	1.400032539549383e-09	1.400032539549383e-06
3.990000e+00	5.009294287676363e-02	2.503838586054081e-02	1.254882370494797e-09	1.254882370494797e-06
4.470000e+00	5.010411798770011e-02	2.504300407402009e-02	1.124780831369452e-09	1.124780831369452e-06
5.020000e+00	5.011691621384531e-02	2.504829379631860e-02	1.008167736165835e-09	1.008167736165834e-06
5.630000e+00	5.013110228297207e-02	2.505415806253491e-02	8.946976763976935e-10	8.946976763976937e-07
6.310000e+00	5.014690584816935e-02	2.506069211684004e-02	8.019387473633229e-10	8.019387473633230e-07
7.080000e+00	5.016478772173918e-02	2.506808690994151e-02	7.187967192582656e-10	7.187967192582657e-07
7.950000e+00	5.018497479422517e-02	2.507643683702538e-02	6.442745475451708e-10	6.442745475451707e-07
8.920000e+00	5.020746073774514e-02	2.508573995024464e-02	5.717609480770192e-10	5.717609480770191e-07
1.000000e+01	5.023246994391272e-02	2.509608986988677e-02	5.124828985118986e-10	5.124828985118984e-07
1.123000e+01	5.026091838417820e-02	2.510786675046852e-02	4.548025512460247e-10	4.548025512460247e-07
1.259000e+01	5.029233111350878e-02	2.512087527778269e-02	4.076503134694190e-10	4.076503134694190e-07
1.413000e+01	5.032784765528259e-02	2.513558895728277e-02	3.653866444162082e-10	3.653866444162082e-07
1.585000e+01	5.036744814169764e-02	2.515200163828471e-02	3.242620945093981e-10	3.242620945093981e-07
1.779000e+01	5.041202878873287e-02	2.517048734571318e-02	2.906438060007736e-10	2.906438060007736e-07
1.996000e+01	5.046178837851636e-02	2.519113173819627e-02	2.579316204635021e-10	2.579316204635021e-07
2.239000e+01	5.051737719582790e-02	2.521420851824974e-02	2.289012167517206e-10	2.289012167517206e-07
2.512000e+01	5.057966240498347e-02	2.524008263779098e-02	2.051695895432511e-10	2.051695895432511e-07
2.819000e+01	5.064949563933895e-02	2.526911417940497e-02	1.820775932881277e-10	1.820775932881277e-07
3.163000e+01	5.072748406055947e-02	2.530156330810776e-02	1.632004652927096e-10	1.632004652927096e-07
3.549000e+01	5.081466820734550e-02	2.533787251247813e-02	1.448321264869278e-10	1.448321264869278e-07
3.982000e+01	5.091206117921342e-02	2.537847559340334e-02	1.285311584443288e-10	1.285311584443288e-07
4.467000e+01	5.102064447105497e-02	2.542379629649254e-02	1.152055257536908e-10	1.152055257536908e-07
5.012000e+01	5.114202993473818e-02	2.547452552018074e-02	1.022390545763776e-10	1.022390545763776e-07
5.624000e+01	5.127755199490266e-02	2.553124356166923e-02	9.073196977564802e-11	9.073196977564808e-08
6.310000e+01	5.142848569198722e-02	2.559451154847292e-02	8.132521644702197e-11	8.132521644702202e-08
7.080000e+01	5.159669199229487e-02	2.566514323117808e-02	7.217200033043058e-11	7.217200033043062e-08
7.944000e+01	5.178393561243125e-02	2.574392097604392e-02	6.404898577907704e-11	6.404898577907707e-08
8.913000e+01	5.199208632185634e-02	2.583168160693354e-02	5.684022280866077e-11	5.684022280866078e-08
1.000100e+02	5.222351879993949e-02	2.592948745609115e-02	5.044281169544471e-11	5.044281169544472e-08
1.122100e+02	5.248022588781043e-02	2.603825449213863e-02	4.521308850091162e-11	4.521308850091163e-08
1.259000e+02	5.276484530479966e-02	2.615918887964904e-02	4.012432036197885e-11	4.012432036197885e-08
1.412600e+02	5.307997547854158e-02	2.629350101131637e-02	3.560829701952896e-11	3.560829701952896e-08
1.584900e+02	5.342833762284914e-02	2.644247711025429e-02	3.160055560299246e-11	3.160055560299245e-08
1.778300e+02	5.381311414080953e-02	2.660762817839938e-02	2.804388858782407e-11	2.804388858782406e-08
1.995300e+02	5.423727180110006e-02	2.679040436880230e-02	2.464111604028392e-11	2.464111604028391e-08
2.238800e+02	5.470408342647621e-02	2.699242227440433e-02	2.186773933961872e-11	2.186773933961871e-08
2.511900e+02	5.521665030584010e-02	2.721526257349478e-02	1.940650833524496e-11	1.940650833524496e-08
2.818400e+02	5.577874002469420e-02	2.746083788790979e-02	1.722229078721488e-11	1.722229078721488e-08
3.162300e+02	5.639372332425725e-02	2.773093464749085e-02	1.513258278851984e-11	1.513258278851984e-08
3.548200e+02	5.706519211826503e-02	2.802748444545090e-02	1.342939887193273e-11	1.342939887193273e-08
3.981100e+02	5.779646707812072e-02	2.835234896877914e-02	1.179991051947864e-11	1.179991051947865e-08
4.466900e+02	5.859129923418068e-02	2.870763166883974e-02	1.036814004822718e-11	1.036814004822719e-08
5.011900e+02	5.945286437233998e-02	2.909522980737021e-02	9.201197853239824e-12	9.201197853239830e-09
5.623500e+02	6.038473143814680e-02	2.951726472618845e-02	8.084748422147600e-12	8.084748422147606e-09
6.309600e+02	6.138974063722764e-02	2.997557188965887e-02	7.103766063067883e-12	7.103766063067885e-09
7.079500e+02	6.247117907408270e-02	3.047222713749618e-02	6.241813553598497e-12	6.241813553598498e-09
7.943300e+02	6.363168836176107e-02	3.100904154790843e-02	5.484448121178736e-12	5.484448121178736e-09
8.912600e+02	6.487405117006127e-02	3.158791198347694e-02	4.771266773989801e-12	4.771266773989801e-09
1.000010e+03	6.620044938503213e-02	3.221046646101746e-02	4.192333665456057e-12	4.192333665456057e-09
