#t[yr]	ecc	inc	eachmass	totalmass
0.000000e+00	1.000000000000000e-01	5.000000000000000e-02	3.000000000000000e-07	3.000000000000000e-05
1.000000e-03	1.000000039471592e-01	5.000000184896229e-02	3.000000000000000e-07	3.000000000000000e-05
1.000000e-02	1.000000394715801e-01	5.000001848961874e-02	3.000000000000000e-07	3.000000000000000e-05
1.000000e-01	1.000003947146386e-01	5.000018489577985e-02	3.000000000000000e-07	3.000000000000000e-05
1.000000e+00	1.000039470302239e-01	5.000184891705499e-02	3.000000000000000e-07	3.000000000000000e-05
1.000000e+01	1.000394586881715e-01	5.001848509708539e-02	3.000000000000000e-07	3.000000000000000e-05
2.741439e+01	1.001080469141396e-01	5.005064005019838e-02	3.000000000000000e-07	3.000000000000000e-05
4.478616e+01	1.001762473912348e-01	5.008265809755873e-02	3.000000000000000e-07	3.000000000000000e-05
6.207613e+01	1.002439063732713e-01	5.011446699711256e-02	3.000000000000000e-07	3.000000000000000e-05
7.928548e+01	1.003110295967709e-01	5.014606917268902e-02	3.000000000000000e-07	3.000000000000000e-05
9.641558e+01	1.003776234846572e-01	5.017746737335615e-02	3.000000000000000e-07	3.000000000000000e-05
1.000000e+02	1.003915153739037e-01	5.018402666398018e-02	3.000000000000000e-07	3.000000000000000e-05
1.169757e+02	1.004572437356605e-01	5.021507135649315e-02	3.000000000000000e-07	3.000000000000000e-05
1.339354e+02	1.005226913292419e-01	5.024602870097092e-02	3.000000000000000e-07	3.000000000000000e-05
1.508206e+02	1.005876307687064e-01	5.027679118736225e-02	3.000000000000000e-07	3.000000000000000e-05
1.676320e+02	1.006520671572283e-01	5.030736095683733e-02	3.000000000000000e-07	3.000000000000000e-05
1.843712e+02	1.007160065669344e-01	5.033774061186742e-02	3.000000000000000e-07	3.000000000000000e-05
2.010393e+02	1.007794550107844e-01	5.036793273063416e-02	3.000000000000000e-07	3.000000000000000e-05
2.176377e+02	1.008424184391457e-01	5.039793986540782e-02	3.000000000000000e-07	3.000000000000000e-05
2.341676e+02	1.009049027408516e-01	5.042776454304716e-02	3.000000000000000e-07	3.000000000000000e-05
2.506304e+02	1.009669137442653e-01	5.045740926550412e-02	3.000000000000000e-07	3.000000000000000e-05
2.670271e+02	1.010284572183316e-01	5.048687651032418e-02	3.000000000000000e-07	3.000000000000000e-05
2.833592e+02	1.010895388736164e-01	5.051616873114261e-02	3.000000000000000e-07	3.000000000000000e-05
2.996277e+02	1.011501643633346e-01	5.054528835817682e-02	3.000000000000000e-07	3.000000000000000e-05
3.158341e+02	1.012103392843661e-01	5.057423779871497e-02	3.000000000000000e-07	3.000000000000000e-05
3.319794e+02	1.012700691782622e-01	5.060301943760116e-02	3.000000000000000e-07	3.000000000000000e-05
3.480649e+02	1.013293595322403e-01	5.063163563771728e-02	3.000000000000000e-07	3.000000000000000e-05
3.640918e+02	1.013882157801696e-01	5.066008874046180e-02	3.000000000000000e-07	3.000000000000000e-05
3.800612e+02	1.014466433035469e-01	5.068838106622568e-02	3.000000000000000e-07	3.000000000000000e-05
3.959744e+02	1.015046474324633e-01	5.071651491486569e-02	3.000000000000000e-07	3.000000000000000e-05
4.118326e+02	1.015622334465621e-01	5.074449256617521e-02	3.000000000000000e-07	3.000000000000000e-05
4.276369e+02	1.016194065759891e-01	5.077231628035287e-02	3.000000000000000e-07	3.000000000000000e-05
4.433884e+02	1.016761720023346e-01	5.079998829846917e-02	3.000000000000000e-07	3.000000000000000e-05
4.590884e+02	1.017325348595680e-01	5.082751084293130e-02	3.000000000000000e-07	3.000000000000000e-05
4.747380e+02	1.017885002349658e-01	5.085488611794643e-02	3.000000000000000e-07	3.000000000000000e-05
4.903383e+02	1.018440731700331e-01	5.088211630998363e-02	3.000000000000000e-07	3.000000000000000e-05
5.058906e+02	1.018992586614188e-01	5.090920358823475e-02	3.000000000000000e-07	3.000000000000000e-05
5.213958e+02	1.019540616618253e-01	5.093615010507434e-02	3.000000000000000e-07	3.000000000000000e-05
5.368552e+02	1.020084870809132e-01	5.096295799651903e-02	3.000000000000000e-07	3.000000000000000e-05
5.522699e+02	1.020625397862013e-01	5.098962938268643e-02	3.000000000000000e-07	3.000000000000000e-05
5.676410e+02	1.021162246039620e-01	5.101616636825401e-02	3.000000000000000e-07	3.000000000000000e-05
5.829697e+02	1.021695463201133e-01	5.104257104291793e-02	3.000000000000000e-07	3.000000000000000e-05
5.982569e+02	1.022225096811073e-01	5.106884548185240e-02	3.000000000000000e-07	3.000000000000000e-05
6.135040e+02	1.022751193948157e-01	5.109499174616951e-02	3.000000000000000e-07	3.000000000000000e-05
6.287119e+02	1.023273801314133e-01	5.112101188338013e-02	3.000000000000000e-07	3.000000000000000e-05
6.438818e+02	1.023792965242589e-01	5.114690792785580e-02	3.000000000000000e-07	3.000000000000000e-05
6.590147e+02	1.024308731707757e-01	5.117268190129226e-02	3.000000000000000e-07	3.000000000000000e-05
6.741119e+02	1.024821146333302e-01	5.119833581317458e-02	3.000000000000000e-07	3.000000000000000e-05
6.891744e+02	1.025330254401105e-01	5.122387166124448e-02	3.000000000000000e-07	3.000000000000000e-05
7.042032e+02	1.025836100860055e-01	5.124929143196987e-02	3.000000000000000e-07	3.000000000000000e-05
7.191996e+02	1.026338730334838e-01	5.127459710101718e-02	3.000000000000000e-07	3.000000000000000e-05
7.341645e+02	1.026838187134747e-01	5.129979063372667e-02	3.000000000000000e-07	3.000000000000000e-05
7.490991e+02	1.027334515262504e-01	5.132487398559105e-02	3.000000000000000e-07	3.000000000000000e-05
7.640045e+02	1.027827758423108e-01	5.134984910273784e-02	3.000000000000000e-07	3.000000000000000e-05
7.788818e+02	1.028317960032708e-01	5.137471792241576e-02	3.000000000000000e-07	3.000000000000000e-05
7.937321e+02	1.028805163227520e-01	5.139948237348560e-02	3.000000000000000e-07	3.000000000000000e-05
8.085565e+02	1.029289410872776e-01	5.142414437691588e-02	3.000000000000000e-07	3.000000000000000e-05
8.233561e+02	1.029770745571730e-01	5.144870584628374e-02	3.000000000000000e-07	3.000000000000000e-05
8.381320e+02	1.030249209674709e-01	5.147316868828152e-02	3.000000000000000e-07	3.000000000000000e-05
8.528853e+02	1.030724845288239e-01	5.149753480322938e-02	3.000000000000000e-07	3.000000000000000e-05
8.676171e+02	1.031197694284224e-01	5.152180608559448e-02	3.000000000000000e-07	3.000000000000000e-05
8.823286e+02	1.031667798309218e-01	5.154598442451721e-02	3.000000000000000e-07	3.000000000000000e-05
8.970208e+02	1.032135198793766e-01	5.157007170434483e-02	3.000000000000000e-07	3.000000000000000e-05
9.116948e+02	1.032599936961849e-01	5.159406980517324e-02	3.000000000000000e-07	3.000000000000000e-05
9.263519e+02	1.033062053840419e-01	5.161798060339723e-02	3.000000000000000e-07	3.000000000000000e-05
9.409931e+02	1.033521590269055e-01	5.164180597226985e-02	3.000000000000000e-07	3.000000000000000e-05
9.556195e+02	1.033978586909722e-01	5.166554778247148e-02	3.000000000000000e-07	3.000000000000000e-05
9.702324e+02	1.034433084256672e-01	5.168920790268926e-02	3.000000000000000e-07	3.000000000000000e-05
9.848328e+02	1.034885122646470e-01	5.171278820020733e-02	3.000000000000000e-07	3.000000000000000e-05
9.994220e+02	1.035334742268177e-01	5.173629054150882e-02	3.000000000000000e-07	3.000000000000000e-05
1.000000e+03	1.035352478551652e-01	5.173721956831241e-02	3.000000000000000e-07	3.000000000000000e-05
1.014570e+03	1.035799363140093e-01	5.176062906218543e-02	3.000000000000000e-07	3.000000000000000e-05
1.029140e+03	1.036244174962070e-01	5.178397823081702e-02	3.000000000000000e-07	3.000000000000000e-05
1.043702e+03	1.036686689498833e-01	5.180725512464383e-02	3.000000000000000e-07	3.000000000000000e-05
1.058257e+03	1.037126946299674e-01	5.183046160539346e-02	3.000000000000000e-07	3.000000000000000e-05
1.072807e+03	1.037564984971211e-01	5.185359954513358e-02	3.000000000000000e-07	3.000000000000000e-05
1.087353e+03	1.038000845037864e-01	5.187667081905889e-02	3.000000000000000e-07	3.000000000000000e-05
1.101896e+03	1.038434565953326e-01	5.189967730619281e-02	3.000000000000000e-07	3.000000000000000e-05
1.116437e+03	1.038866187112355e-01	5.192262089011136e-02	3.000000000000000e-07	3.000000000000000e-05
1.130978e+03	1.039295747862830e-01	5.194550345968643e-02	3.000000000000000e-07	3.000000000000000e-05
1.145520e+03	1.039723287518087e-01	5.196832690984950e-02	3.000000000000000e-07	3.000000000000000e-05
1.160064e+03	1.040148845369556e-01	5.199109314237702e-02	3.000000000000000e-07	3.000000000000000e-05
1.174611e+03	1.040572460699705e-01	5.201380406669866e-02	3.000000000000000e-07	3.000000000000000e-05
1.189162e+03	1.040994172795329e-01	5.203646160072962e-02	3.000000000000000e-07	3.000000000000000e-05
1.203720e+03	1.041414020961188e-01	5.205906767172855e-02	3.000000000000000e-07	3.000000000000000e-05
1.218285e+03	1.041832044534018e-01	5.208162421718236e-02	3.000000000000000e-07	3.000000000000000e-05
1.232859e+03	1.042248282896950e-01	5.210413318571953e-02	3.000000000000000e-07	3.000000000000000e-05
1.247442e+03	1.042662775494342e-01	5.212659653805347e-02	3.000000000000000e-07	3.000000000000000e-05
1.262037e+03	1.043075561847065e-01	5.214901624795770e-02	3.000000000000000e-07	3.000000000000000e-05
1.276645e+03	1.043486681568259e-01	5.217139430327466e-02	3.000000000000000e-07	3.000000000000000e-05
1.291267e+03	1.043896174379596e-01	5.219373270695997e-02	3.000000000000000e-07	3.000000000000000e-05
1.305904e+03	1.044304080128073e-01	5.221603347816432e-02	3.000000000000000e-07	3.000000000000000e-05
1.320559e+03	1.044710438803367e-01	5.223829865335502e-02	3.000000000000000e-07	3.000000000000000e-05
1.335232e+03	1.045115290555796e-01	5.226053028747963e-02	3.000000000000000e-07	3.000000000000000e-05
1.349926e+03	1.045518675714902e-01	5.228273045517396e-02	3.000000000000000e-07	3.000000000000000e-05
1.364641e+03	1.045920634808720e-01	5.230490125201717e-02	3.000000000000000e-07	3.000000000000000e-05
1.379379e+03	1.046321208583749e-01	5.232704479583667e-02	3.000000000000000e-07	3.000000000000000e-05
1.394142e+03	1.046720438025682e-01	5.234916322806576e-02	3.000000000000000e-07	3.000000000000000e-05
1.408932e+03	1.047118364380942e-01	5.237125871515711e-02	3.000000000000000e-07	3.000000000000000e-05
1.423750e+03	1.047515029179061e-01	5.239333345005555e-02	3.000000000000000e-07	3.000000000000000e-05
1.438597e+03	1.047910474255971e-01	5.241538965373355e-02	3.000000000000000e-07	3.000000000000000e-05
1.453477e+03	1.048304741778247e-01	5.243742957679334e-02	3.000000000000000e-07	3.000000000000000e-05
1.468389e+03	1.048697874268373e-01	5.245945550113963e-02	3.000000000000000e-07	3.000000000000000e-05
1.483337e+03	1.049089914631086e-01	5.248146974172740e-02	3.000000000000000e-07	3.000000000000000e-05
1.498321e+03	1.049480906180877e-01	5.250347464838927e-02	3.000000000000000e-07	3.000000000000000e-05
1.513344e+03	1.049870892670711e-01	5.252547260774752e-02	3.000000000000000e-07	3.000000000000000e-05
1.528409e+03	1.050259918322049e-01	5.254746604521611e-02	3.000000000000000e-07	3.000000000000000e-05
1.543516e+03	1.050648027856258e-01	5.256945742709829e-02	3.000000000000000e-07	3.000000000000000e-05
1.558667e+03	1.051035266527496e-01	5.259144926278612e-02	3.000000000000000e-07	3.000000000000000e-05
1.573866e+03	1.051421680157169e-01	5.261344410706833e-02	3.000000000000000e-07	3.000000000000000e-05
1.589113e+03	1.051807315170063e-01	5.263544456255368e-02	3.000000000000000e-07	3.000000000000000e-05
1.604412e+03	1.052192218632267e-01	5.265745328221749e-02	3.000000000000000e-07	3.000000000000000e-05
1.619764e+03	1.052576438291004e-01	5.267947297207938e-02	3.000000000000000e-07	3.000000000000000e-05
1.635171e+03	1.052960022616495e-01	5.270150639402121e-02	3.000000000000000e-07	3.000000000000000e-05
1.650637e+03	1.053343020846010e-01	5.272355636875465e-02	3.000000000000000e-07	3.000000000000000e-05
1.666163e+03	1.053725483030234e-01	5.274562577894872e-02	3.000000000000000e-07	3.000000000000000e-05
1.681752e+03	1.054107460082140e-01	5.276771757252829e-02	3.000000000000000e-07	3.000000000000000e-05
1.697407e+03	1.054489003828515e-01	5.278983476615574e-02	3.000000000000000e-07	3.000000000000000e-05
1.713129e+03	1.054870167064349e-01	5.281198044890850e-02	3.000000000000000e-07	3.000000000000000e-05
1.728923e+03	1.055251003610295e-01	5.283415778616668e-02	3.000000000000000e-07	3.000000000000000e-05
1.744790e+03	1.055631568373401e-01	5.285637002372608e-02	3.000000000000000e-07	3.000000000000000e-05
1.760734e+03	1.056011917411388e-01	5.287862049215294e-02	3.000000000000000e-07	3.000000000000000e-05
1.776758e+03	1.056392108000712e-01	5.290091261139852e-02	3.000000000000000e-07	3.000000000000000e-05
1.792864e+03	1.056772198708709e-01	5.292324989569296e-02	3.000000000000000e-07	3.000000000000000e-05
1.809056e+03	1.057152249470131e-01	5.294563595873972e-02	3.000000000000000e-07	3.000000000000000e-05
1.825337e+03	1.057532321668421e-01	5.296807451923364e-02	3.000000000000000e-07	3.000000000000000e-05
1.841710e+03	1.057912478222082e-01	5.299056940672803e-02	3.000000000000000e-07	3.000000000000000e-05
1.858180e+03	1.058292783676558e-01	5.301312456787812e-02	3.000000000000000e-07	3.000000000000000e-05
1.874749e+03	1.058673304302068e-01	5.303574407309124e-02	3.000000000000000e-07	3.000000000000000e-05
1.891422e+03	1.059054108197872e-01	5.305843212361643e-02	3.000000000000000e-07	3.000000000000000e-05
1.908203e+03	1.059435265403505e-01	5.308119305910992e-02	3.000000000000000e-07	3.000000000000000e-05
1.925095e+03	1.059816848017558e-01	5.310403136571574e-02	3.000000000000000e-07	3.000000000000000e-05
1.942103e+03	1.060198930324651e-01	5.312695168470524e-02	3.000000000000000e-07	3.000000000000000e-05
1.959231e+03	1.060581588931295e-01	5.314995882172339e-02	3.000000000000000e-07	3.000000000000000e-05
1.976484e+03	1.060964902911430e-01	5.317305775669432e-02	3.000000000000000e-07	3.000000000000000e-05
1.993867e+03	1.061348953962477e-01	5.319625365444457e-02	3.000000000000000e-07	3.000000000000000e-05
2.011384e+03	1.061733826572869e-01	5.321955187610797e-02	3.000000000000000e-07	3.000000000000000e-05
2.029041e+03	1.062119608202090e-01	5.324295799138337e-02	3.000000000000000e-07	3.000000000000000e-05
2.046844e+03	1.062506389474391e-01	5.326647779172371e-02	3.000000000000000e-07	3.000000000000000e-05
2.064797e+03	1.062894264387460e-01	5.329011730454373e-02	3.000000000000000e-07	3.000000000000000e-05
2.082907e+03	1.063283330537482e-01	5.331388280854327e-02	3.000000000000000e-07	3.000000000000000e-05
2.101181e+03	1.063673689362168e-01	5.333778085025401e-02	3.000000000000000e-07	3.000000000000000e-05
2.119624e+03	1.064065446403541e-01	5.336181826192996e-02	3.000000000000000e-07	3.000000000000000e-05
2.138243e+03	1.064458711592440e-01	5.338600218091587e-02	3.000000000000000e-07	3.000000000000000e-05
2.157046e+03	1.064853599556971e-01	5.341034007064391e-02	3.000000000000000e-07	3.000000000000000e-05
2.176040e+03	1.065250229957388e-01	5.343483974342699e-02	3.000000000000000e-07	3.000000000000000e-05
2.195232e+03	1.065648727850182e-01	5.345950938523771e-02	3.000000000000000e-07	3.000000000000000e-05
2.214632e+03	1.066049224084531e-01	5.348435758268576e-02	3.000000000000000e-07	3.000000000000000e-05
2.234248e+03	1.066451855734644e-01	5.350939335243373e-02	3.000000000000000e-07	3.000000000000000e-05
2.254089e+03	1.066856766572000e-01	5.353462617332203e-02	3.000000000000000e-07	3.000000000000000e-05
2.274165e+03	1.067264107582016e-01	5.356006602151021e-02	3.000000000000000e-07	3.000000000000000e-05
2.294486e+03	1.067674037530292e-01	5.358572340898270e-02	3.000000000000000e-07	3.000000000000000e-05
2.315062e+03	1.068086723584281e-01	5.361160942581526e-02	3.000000000000000e-07	3.000000000000000e-05
2.335906e+03	1.068502341997062e-01	5.363773578665420e-02	3.000000000000000e-07	3.000000000000000e-05
2.357030e+03	1.068921078860868e-01	5.366411488192466e-02	3.000000000000000e-07	3.000000000000000e-05
2.378446e+03	1.069343130939104e-01	5.369075983436069e-02	3.000000000000000e-07	3.000000000000000e-05
2.400169e+03	1.069768706586944e-01	5.371768456153755e-02	3.000000000000000e-07	3.000000000000000e-05
2.422212e+03	1.070198026772115e-01	5.374490384519149e-02	3.000000000000000e-07	3.000000000000000e-05
2.444592e+03	1.070631326209301e-01	5.377243340823447e-02	3.000000000000000e-07	3.000000000000000e-05
2.467325e+03	1.071068854623746e-01	5.380029000051667e-02	3.000000000000000e-07	3.000000000000000e-05
2.490429e+03	1.071510878162209e-01	5.382849149456198e-02	3.000000000000000e-07	3.000000000000000e-05
2.513922e+03	1.071957680972457e-01	5.385705699270707e-02	3.000000000000000e-07	3.000000000000000e-05
2.537827e+03	1.072409566976139e-01	5.388600694732065e-02	3.000000000000000e-07	3.000000000000000e-05
2.562164e+03	1.072866861864270e-01	5.391536329607503e-02	3.000000000000000e-07	3.000000000000000e-05
2.586956e+03	1.073329915349854e-01	5.394514961459863e-02	3.000000000000000e-07	3.000000000000000e-05
2.612231e+03	1.073799103718593e-01	5.397539128927117e-02	3.000000000000000e-07	3.000000000000000e-05
2.638015e+03	1.074274832726494e-01	5.400611571344976e-02	3.000000000000000e-07	3.000000000000000e-05
2.664338e+03	1.074757540902724e-01	5.403735251106043e-02	3.000000000000000e-07	3.000000000000000e-05
2.691232e+03	1.075247703327955e-01	5.406913379228413e-02	3.000000000000000e-07	3.000000000000000e-05
2.718734e+03	1.075745835973038e-01	5.410149444705108e-02	3.000000000000000e-07	3.000000000000000e-05
2.746881e+03	1.076252500701100e-01	5.413447248328377e-02	3.000000000000000e-07	3.000000000000000e-05
2.775717e+03	1.076768311059079e-01	5.416810941836632e-02	3.000000000000000e-07	3.000000000000000e-05
2.805286e+03	1.077293939013552e-01	5.420245073425892e-02	3.000000000000000e-07	3.000000000000000e-05
2.835641e+03	1.077830122822508e-01	5.423754640914236e-02	3.000000000000000e-07	3.000000000000000e-05
2.866837e+03	1.078377676281745e-01	5.427345154163699e-02	3.000000000000000e-07	3.000000000000000e-05
2.898938e+03	1.078937499645397e-01	5.431022708771952e-02	3.000000000000000e-07	3.000000000000000e-05
2.932012e+03	1.079510592599273e-01	5.434794073577200e-02	3.000000000000000e-07	3.000000000000000e-05
2.966137e+03	1.080098069769840e-01	5.438666795217888e-02	3.000000000000000e-07	3.000000000000000e-05
3.001401e+03	1.080701179389925e-01	5.442649323915352e-02	3.000000000000000e-07	3.000000000000000e-05
3.037901e+03	1.081321325927795e-01	5.446751165890542e-02	3.000000000000000e-07	3.000000000000000e-05
3.075749e+03	1.081960097738111e-01	5.450983069512640e-02	3.000000000000000e-07	3.000000000000000e-05
3.115071e+03	1.082619301139496e-01	5.455357254594609e-02	3.000000000000000e-07	3.000000000000000e-05
3.156012e+03	1.083301002805673e-01	5.459887697477302e-02	3.000000000000000e-07	3.000000000000000e-05
3.198741e+03	1.084007583038868e-01	5.464590489103029e-02	3.000000000000000e-07	3.000000000000000e-05
3.243451e+03	1.084741803473439e-01	5.469484289825596e-02	3.000000000000000e-07	3.000000000000000e-05
3.290370e+03	1.085506894189332e-01	5.474590914269860e-02	3.000000000000000e-07	3.000000000000000e-05
3.339768e+03	1.086306667349074e-01	5.479936093806706e-02	3.000000000000000e-07	3.000000000000000e-05
3.391967e+03	1.087145667722598e-01	5.485550485908094e-02	3.000000000000000e-07	3.000000000000000e-05
3.447356e+03	1.088029375535823e-01	5.491471033485049e-02	3.000000000000000e-07	3.000000000000000e-05
3.506409e+03	1.088964485208793e-01	5.497742831525625e-02	3.000000000000000e-07	3.000000000000000e-05
3.569719e+03	1.089959296986246e-01	5.504421747906871e-02	3.000000000000000e-07	3.000000000000000e-05
3.638031e+03	1.091024281462181e-01	5.511578198452272e-02	3.000000000000000e-07	3.000000000000000e-05
3.712309e+03	1.092172917983132e-01	5.519302749138869e-02	3.000000000000000e-07	3.000000000000000e-05
3.793827e+03	1.093422984463471e-01	5.527714727639799e-02	3.000000000000000e-07	3.000000000000000e-05
3.884316e+03	1.094798627311628e-01	5.536976031437934e-02	3.000000000000000e-07	3.000000000000000e-05
3.986225e+03	1.096333859388321e-01	5.547314440664634e-02	3.000000000000000e-07	3.000000000000000e-05
4.103173e+03	1.098078866022912e-01	5.559065604286335e-02	3.000000000000000e-07	3.000000000000000e-05
4.240857e+03	1.100112362949333e-01	5.572755232241076e-02	3.000000000000000e-07	3.000000000000000e-05
4.409031e+03	1.102568693228154e-01	5.589279101783175e-02	3.000000000000000e-07	3.000000000000000e-05
4.626627e+03	1.105707585797901e-01	5.610365842380499e-02	3.000000000000000e-07	3.000000000000000e-05
4.938799e+03	1.110145314230617e-01	5.640108001882471e-02	3.000000000000000e-07	3.000000000000000e-05
5.326926e+03	1.115563970620721e-01	5.676281667361206e-02	3.000000000000000e-07	3.000000000000000e-05
5.723544e+03	1.120999837822143e-01	5.712372669988350e-02	3.000000000000000e-07	3.000000000000000e-05
6.129531e+03	1.126475815472112e-01	5.748516622303964e-02	3.000000000000000e-07	3.000000000000000e-05
6.544071e+03	1.131986261684001e-01	5.784673476138955e-02	3.000000000000000e-07	3.000000000000000e-05
6.966749e+03	1.137528249337236e-01	5.820828419020999e-02	3.000000000000000e-07	3.000000000000000e-05
7.397369e+03	1.143100063542050e-01	5.856977353258454e-02	3.000000000000000e-07	3.000000000000000e-05
7.835867e+03	1.148700745796528e-01	5.893121729623168e-02	3.000000000000000e-07	3.000000000000000e-05
8.282260e+03	1.154329786511342e-01	5.929265627310077e-02	3.000000000000000e-07	3.000000000000000e-05
8.736618e+03	1.159986939353905e-01	5.965414242818230e-02	3.000000000000000e-07	3.000000000000000e-05
9.199038e+03	1.165672112327261e-01	6.001573144897995e-02	3.000000000000000e-07	3.000000000000000e-05
9.669640e+03	1.171385304563381e-01	6.037747925891197e-02	3.000000000000000e-07	3.000000000000000e-05
1.000000e+04	1.175348692382089e-01	6.062739528113491e-02	3.000000000000000e-07	3.000000000000000e-05
1.048650e+04	1.181130314080497e-01	6.099085331852783e-02	3.000000000000000e-07	3.000000000000000e-05
1.097874e+04	1.186906660772492e-01	6.135250527542659e-02	3.000000000000000e-07	3.000000000000000e-05
1.147958e+04	1.192710382372187e-01	6.171445368558337e-02	3.000000000000000e-07	3.000000000000000e-05
1.198926e+04	1.198542696847319e-01	6.207681432876031e-02	3.000000000000000e-07	3.000000000000000e-05
1.250803e+04	1.204404688072279e-01	6.243969155076932e-02	3.000000000000000e-07	3.000000000000000e-05
1.303610e+04	1.210297047746701e-01	6.280316284589588e-02	3.000000000000000e-07	3.000000000000000e-05
1.357367e+04	1.216220234999928e-01	6.316728934447964e-02	3.000000000000000e-07	3.000000000000000e-05
1.412094e+04	1.222174565988081e-01	6.353212172560367e-02	3.000000000000000e-07	3.000000000000000e-05
1.467810e+04	1.228160268320050e-01	6.389770381861462e-02	3.000000000000000e-07	3.000000000000000e-05
1.524532e+04	1.234177514570075e-01	6.426407483189625e-02	3.000000000000000e-07	3.000000000000000e-05
1.582278e+04	1.240226169980404e-01	6.463125417676843e-02	3.000000000000000e-07	3.000000000000000e-05
1.641047e+04	1.246304387304831e-01	6.499915678712632e-02	3.000000000000000e-07	3.000000000000000e-05
1.700858e+04	1.252412347948208e-01	6.536782033244831e-02	3.000000000000000e-07	3.000000000000000e-05
1.761730e+04	1.258550198481377e-01	6.573727933129722e-02	3.000000000000000e-07	3.000000000000000e-05
1.823681e+04	1.264718086832300e-01	6.610756740395757e-02	3.000000000000000e-07	3.000000000000000e-05
1.886733e+04	1.270916161629788e-01	6.647871727887873e-02	3.000000000000000e-07	3.000000000000000e-05
1.950904e+04	1.277144572203465e-01	6.685076083538606e-02	3.000000000000000e-07	3.000000000000000e-05
2.016214e+04	1.283403468578130e-01	6.722372914305982e-02	3.000000000000000e-07	3.000000000000000e-05
2.082686e+04	1.289693001472098e-01	6.759765249876783e-02	3.000000000000000e-07	3.000000000000000e-05
2.150339e+04	1.296013322297989e-01	6.797256046157030e-02	3.000000000000000e-07	3.000000000000000e-05
2.219194e+04	1.302364583165113e-01	6.834848188568758e-02	3.000000000000000e-07	3.000000000000000e-05
2.289275e+04	1.308746936882894e-01	6.872544495169011e-02	3.000000000000000e-07	3.000000000000000e-05
2.360602e+04	1.315160536964927e-01	6.910347719604819e-02	3.000000000000000e-07	3.000000000000000e-05
2.433199e+04	1.321605537633462e-01	6.948260553916040e-02	3.000000000000000e-07	3.000000000000000e-05
2.507088e+04	1.328082093824121e-01	6.986285631196676e-02	3.000000000000000e-07	3.000000000000000e-05
2.582293e+04	1.334590361190760e-01	7.024425528124054e-02	3.000000000000000e-07	3.000000000000000e-05
2.658837e+04	1.341130496110408e-01	7.062682767364453e-02	3.000000000000000e-07	3.000000000000000e-05
2.736744e+04	1.347702655688226e-01	7.101059819862891e-02	3.000000000000000e-07	3.000000000000000e-05
2.816040e+04	1.354306997762477e-01	7.139559107024208e-02	3.000000000000000e-07	3.000000000000000e-05
2.896749e+04	1.360943680909477e-01	7.178183002791973e-02	3.000000000000000e-07	3.000000000000000e-05
2.978897e+04	1.367612864448527e-01	7.216933835631248e-02	3.000000000000000e-07	3.000000000000000e-05
3.062509e+04	1.374314708446806e-01	7.255813890420811e-02	3.000000000000000e-07	3.000000000000000e-05
3.147612e+04	1.381049373724245e-01	7.294825410259990e-02	3.000000000000000e-07	3.000000000000000e-05
3.234233e+04	1.387817021858365e-01	7.333970598194990e-02	3.000000000000000e-07	3.000000000000000e-05
3.322399e+04	1.394617815189078e-01	7.373251618869137e-02	3.000000000000000e-07	3.000000000000000e-05
3.412139e+04	1.401451916823472e-01	7.412670600101288e-02	3.000000000000000e-07	3.000000000000000e-05
3.503479e+04	1.408319490640562e-01	7.452229634396287e-02	3.000000000000000e-07	3.000000000000000e-05
3.596449e+04	1.415220701296017e-01	7.491930780391122e-02	3.000000000000000e-07	3.000000000000000e-05
3.691079e+04	1.422155714226871e-01	7.531776064240224e-02	3.000000000000000e-07	3.000000000000000e-05
3.787398e+04	1.429124695656205e-01	7.571767480943095e-02	3.000000000000000e-07	3.000000000000000e-05
3.885437e+04	1.436127812597821e-01	7.611906995617260e-02	3.000000000000000e-07	3.000000000000000e-05
3.985226e+04	1.443165232860898e-01	7.652196544719378e-02	3.000000000000000e-07	3.000000000000000e-05
4.086797e+04	1.450237125054635e-01	7.692638037217135e-02	3.000000000000000e-07	3.000000000000000e-05
4.190182e+04	1.457343658592885e-01	7.733233355714397e-02	3.000000000000000e-07	3.000000000000000e-05
4.295413e+04	1.464485003698774e-01	7.773984357531963e-02	3.000000000000000e-07	3.000000000000000e-05
4.402525e+04	1.471661331409325e-01	7.814892875746084e-02	3.000000000000000e-07	3.000000000000000e-05
4.511549e+04	1.478872813580064e-01	7.855960720186903e-02	3.000000000000000e-07	3.000000000000000e-05
4.622522e+04	1.486119622889632e-01	7.897189678398557e-02	3.000000000000000e-07	3.000000000000000e-05
4.735477e+04	1.493401932844385e-01	7.938581516562980e-02	3.000000000000000e-07	3.000000000000000e-05
4.850451e+04	1.500719917783007e-01	7.980137980389002e-02	3.000000000000000e-07	3.000000000000000e-05
4.967480e+04	1.508073752881108e-01	8.021860795968420e-02	3.000000000000000e-07	3.000000000000000e-05
5.086599e+04	1.515463614155834e-01	8.063751670600551e-02	3.000000000000000e-07	3.000000000000000e-05
5.207848e+04	1.522889678470474e-01	8.105812293586712e-02	3.000000000000000e-07	3.000000000000000e-05
5.331264e+04	1.530352123539079e-01	8.148044336996012e-02	3.000000000000000e-07	3.000000000000000e-05
5.456886e+04	1.537851127931072e-01	8.190449456403727e-02	3.000000000000000e-07	3.000000000000000e-05
5.584754e+04	1.545386871075879e-01	8.233029291603494e-02	3.000000000000000e-07	3.000000000000000e-05
5.714908e+04	1.552959533267557e-01	8.275785467294464e-02	3.000000000000000e-07	3.000000000000000e-05
5.847389e+04	1.560569295669429e-01	8.318719593744531e-02	3.000000000000000e-07	3.000000000000000e-05
5.982238e+04	1.568216340318738e-01	8.361833267430645e-02	3.000000000000000e-07	3.000000000000000e-05
6.119499e+04	1.575900850131292e-01	8.405128071657218e-02	3.000000000000000e-07	3.000000000000000e-05
6.259214e+04	1.583623008906141e-01	8.448605577153534e-02	3.000000000000000e-07	3.000000000000000e-05
6.401427e+04	1.591383001330242e-01	8.492267342651059e-02	3.000000000000000e-07	3.000000000000000e-05
6.546183e+04	1.599181012983154e-01	8.536114915441480e-02	3.000000000000000e-07	3.000000000000000e-05
6.693528e+04	1.607017230341729e-01	8.580149831916282e-02	3.000000000000000e-07	3.000000000000000e-05
6.843509e+04	1.614891840784830e-01	8.624373618088606e-02	3.000000000000000e-07	3.000000000000000e-05
6.996171e+04	1.622805032598050e-01	8.668787790098119e-02	3.000000000000000e-07	3.000000000000000e-05
7.151565e+04	1.630756994978449e-01	8.713393854699573e-02	3.000000000000000e-07	3.000000000000000e-05
7.309737e+04	1.638747918039306e-01	8.758193309735711e-02	3.000000000000000e-07	3.000000000000000e-05
7.470739e+04	1.646777992814882e-01	8.803187644595123e-02	3.000000000000000e-07	3.000000000000000e-05
7.634621e+04	1.654847411265203e-01	8.848378340655680e-02	3.000000000000000e-07	3.000000000000000e-05
7.801434e+04	1.662956366280850e-01	8.893766871714064e-02	3.000000000000000e-07	3.000000000000000e-05
7.971232e+04	1.671105051687773e-01	8.939354704401954e-02	3.000000000000000e-07	3.000000000000000e-05
8.144067e+04	1.679293662252116e-01	8.985143298589394e-02	3.000000000000000e-07	3.000000000000000e-05
8.319994e+04	1.687522393685059e-01	9.031134107775794e-02	3.000000000000000e-07	3.000000000000000e-05
8.499068e+04	1.695791442647678e-01	9.077328579469071e-02	3.000000000000000e-07	3.000000000000000e-05
8.681346e+04	1.704101006755821e-01	9.123728155553343e-02	3.000000000000000e-07	3.000000000000000e-05
8.866886e+04	1.712451284585002e-01	9.170334272645618e-02	3.000000000000000e-07	3.000000000000000e-05
9.055745e+04	1.720842475675312e-01	9.217148362441900e-02	3.000000000000000e-07	3.000000000000000e-05
9.247983e+04	1.729274780536349e-01	9.264171852053056e-02	3.000000000000000e-07	3.000000000000000e-05
9.443661e+04	1.737748400652166e-01	9.311406164330877e-02	3.000000000000000e-07	3.000000000000000e-05
9.642840e+04	1.746263538486235e-01	9.358852718184625e-02	3.000000000000000e-07	3.000000000000000e-05
9.845583e+04	1.754820397486435e-01	9.406512928888477e-02	3.000000000000000e-07	3.000000000000000e-05
1.000000e+05	1.761258367922879e-01	9.442358335069678e-02	3.000000000000000e-07	3.000000000000000e-05
1.021006e+05	1.769927082697411e-01	9.490609330033735e-02	3.000000000000000e-07	3.000000000000000e-05
1.042294e+05	1.778599203971316e-01	9.538861392773174e-02	3.000000000000000e-07	3.000000000000000e-05
1.063964e+05	1.787314508510256e-01	9.587336234324925e-02	3.000000000000000e-07	3.000000000000000e-05
1.086022e+05	1.796072502696550e-01	9.636031350707416e-02	3.000000000000000e-07	3.000000000000000e-05
1.108474e+05	1.804873408186737e-01	9.684948211093525e-02	3.000000000000000e-07	3.000000000000000e-05
1.131329e+05	1.813717434987624e-01	9.734088212405435e-02	3.000000000000000e-07	3.000000000000000e-05
1.154592e+05	1.822604794354747e-01	9.783452751289927e-02	3.000000000000000e-07	3.000000000000000e-05
1.178272e+05	1.831535698568679e-01	9.833043223084868e-02	3.000000000000000e-07	3.000000000000000e-05
1.202376e+05	1.840510360944205e-01	9.882861022074514e-02	3.000000000000000e-07	3.000000000000000e-05
1.226911e+05	1.849528995835416e-01	9.932907541716038e-02	3.000000000000000e-07	3.000000000000000e-05
1.251885e+05	1.858591818640925e-01	9.983184174860635e-02	3.000000000000000e-07	3.000000000000000e-05
1.277306e+05	1.867699045809103e-01	1.003369231396893e-01	3.000000000000000e-07	3.000000000000000e-05
1.303183e+05	1.876850894843349e-01	1.008443335132079e-01	3.000000000000000e-07	3.000000000000000e-05
1.329522e+05	1.886047584307383e-01	1.013540867921977e-01	3.000000000000000e-07	3.000000000000000e-05
1.356333e+05	1.895289333830558e-01	1.018661969019228e-01	3.000000000000000e-07	3.000000000000000e-05
1.383624e+05	1.904576364113203e-01	1.023806777718167e-01	3.000000000000000e-07	3.000000000000000e-05
1.411404e+05	1.913908896931978e-01	1.028975433373750e-01	3.000000000000000e-07	3.000000000000000e-05
1.439680e+05	1.923287155145264e-01	1.034168075419994e-01	3.000000000000000e-07	3.000000000000000e-05
1.468464e+05	1.932711362698571e-01	1.039384843387970e-01	3.000000000000000e-07	3.000000000000000e-05
1.497762e+05	1.942181744629967e-01	1.044625876923340e-01	3.000000000000000e-07	3.000000000000000e-05
1.527585e+05	1.951698527075535e-01	1.049891315803479e-01	3.000000000000000e-07	3.000000000000000e-05
1.557942e+05	1.961261937274854e-01	1.055181299954167e-01	3.000000000000000e-07	3.000000000000000e-05
1.588842e+05	1.970872203576501e-01	1.060495969465893e-01	3.000000000000000e-07	3.000000000000000e-05
1.620296e+05	1.980529555443578e-01	1.065835464609761e-01	3.000000000000000e-07	3.000000000000000e-05
1.652313e+05	1.990234223459267e-01	1.071199925853024e-01	3.000000000000000e-07	3.000000000000000e-05
1.684903e+05	1.999986439332406e-01	1.076589493874255e-01	3.000000000000000e-07	3.000000000000000e-05
1.718077e+05	2.009786435903091e-01	1.082004309578168e-01	3.000000000000000e-07	3.000000000000000e-05
1.751845e+05	2.019634447148306e-01	1.087444514110092e-01	3.000000000000000e-07	3.000000000000000e-05
1.786218e+05	2.029530708187568e-01	1.092910248870126e-01	3.000000000000000e-07	3.000000000000000e-05
1.821206e+05	2.039475455288615e-01	1.098401655526966e-01	3.000000000000000e-07	3.000000000000000e-05
1.856821e+05	2.049468925873101e-01	1.103918876031431e-01	3.000000000000000e-07	3.000000000000000e-05
1.893073e+05	2.059511358522332e-01	1.109462052629687e-01	3.000000000000000e-07	3.000000000000000e-05
1.929976e+05	2.069602992983013e-01	1.115031327876185e-01	3.000000000000000e-07	3.000000000000000e-05
1.967539e+05	2.079744070173041e-01	1.120626844646320e-01	3.000000000000000e-07	3.000000000000000e-05
2.005774e+05	2.089934832187303e-01	1.126248746148815e-01	3.000000000000000e-07	3.000000000000000e-05
2.044695e+05	2.100175522303512e-01	1.131897175937854e-01	3.000000000000000e-07	3.000000000000000e-05
2.084313e+05	2.110466384988074e-01	1.137572277924952e-01	3.000000000000000e-07	3.000000000000000e-05
2.124641e+05	2.120807665901968e-01	1.143274196390588e-01	3.000000000000000e-07	3.000000000000000e-05
2.165691e+05	2.131199611906666e-01	1.149003075995595e-01	3.000000000000000e-07	3.000000000000000e-05
2.207476e+05	2.141642471070074e-01	1.154759061792330e-01	3.000000000000000e-07	3.000000000000000e-05
2.250010e+05	2.152136492672500e-01	1.160542299235613e-01	3.000000000000000e-07	3.000000000000000e-05
2.293307e+05	2.162681927212652e-01	1.166352934193460e-01	3.000000000000000e-07	3.000000000000000e-05
2.337379e+05	2.173279026413662e-01	1.172191112957603e-01	3.000000000000000e-07	3.000000000000000e-05
2.382240e+05	2.183928043229143e-01	1.178056982253814e-01	3.000000000000000e-07	3.000000000000000e-05
2.427906e+05	2.194629231849262e-01	1.183950689252033e-01	3.000000000000000e-07	3.000000000000000e-05
2.474390e+05	2.205382847706856e-01	1.189872381576311e-01	3.000000000000000e-07	3.000000000000000e-05
2.521707e+05	2.216189147483565e-01	1.195822207314568e-01	3.000000000000000e-07	3.000000000000000e-05
2.569872e+05	2.227048389116001e-01	1.201800315028180e-01	3.000000000000000e-07	3.000000000000000e-05
2.618900e+05	2.237960831801941e-01	1.207806853761394e-01	3.000000000000000e-07	3.000000000000000e-05
2.668807e+05	2.248926736006552e-01	1.213841973050582e-01	3.000000000000000e-07	3.000000000000000e-05
2.719608e+05	2.259946363468642e-01	1.219905822933332e-01	3.000000000000000e-07	3.000000000000000e-05
2.771320e+05	2.271019977206944e-01	1.225998553957393e-01	3.000000000000000e-07	3.000000000000000e-05
2.823959e+05	2.282147841526429e-01	1.232120317189468e-01	3.000000000000000e-07	3.000000000000000e-05
2.877542e+05	2.293330222024642e-01	1.238271264223862e-01	3.000000000000000e-07	3.000000000000000e-05
2.932085e+05	2.304567385598080e-01	1.244451547190997e-01	3.000000000000000e-07	3.000000000000000e-05
2.987606e+05	2.315859600448589e-01	1.250661318765793e-01	3.000000000000000e-07	3.000000000000000e-05
3.044123e+05	2.327207136089794e-01	1.256900732175915e-01	3.000000000000000e-07	3.000000000000000e-05
3.101653e+05	2.338610263353566e-01	1.263169941209906e-01	3.000000000000000e-07	3.000000000000000e-05
3.160214e+05	2.350069254396510e-01	1.269469100225187e-01	3.000000000000000e-07	3.000000000000000e-05
3.219826e+05	2.361584382706489e-01	1.275798364155953e-01	3.000000000000000e-07	3.000000000000000e-05
3.280506e+05	2.373155923109178e-01	1.282157888520951e-01	3.000000000000000e-07	3.000000000000000e-05
3.342275e+05	2.384784151774649e-01	1.288547829431151e-01	3.000000000000000e-07	3.000000000000000e-05
3.405152e+05	2.396469346223987e-01	1.294968343597312e-01	3.000000000000000e-07	3.000000000000000e-05
3.469156e+05	2.408211785335937e-01	1.301419588337454e-01	3.000000000000000e-07	3.000000000000000e-05
3.534309e+05	2.420011749353585e-01	1.307901721584222e-01	3.000000000000000e-07	3.000000000000000e-05
3.600630e+05	2.431869519891066e-01	1.314414901892170e-01	3.000000000000000e-07	3.000000000000000e-05
3.668141e+05	2.443785379940309e-01	1.320959288444942e-01	3.000000000000000e-07	3.000000000000000e-05
3.736863e+05	2.455759613877811e-01	1.327535041062376e-01	3.000000000000000e-07	3.000000000000000e-05
3.806818e+05	2.467792507471445e-01	1.334142320207523e-01	3.000000000000000e-07	3.000000000000000e-05
3.878028e+05	2.479884347887300e-01	1.340781286993580e-01	3.000000000000000e-07	3.000000000000000e-05
3.950516e+05	2.492035423696551e-01	1.347452103190750e-01	3.000000000000000e-07	3.000000000000000e-05
4.024304e+05	2.504246024882367e-01	1.354154931233033e-01	3.000000000000000e-07	3.000000000000000e-05
4.099417e+05	2.516516442846848e-01	1.360889934224933e-01	3.000000000000000e-07	3.000000000000000e-05
4.175878e+05	2.528846970417998e-01	1.367657275948106e-01	3.000000000000000e-07	3.000000000000000e-05
4.253711e+05	2.541237901856726e-01	1.374457120867939e-01	3.000000000000000e-07	3.000000000000000e-05
4.332941e+05	2.553689532863890e-01	1.381289634140067e-01	3.000000000000000e-07	3.000000000000000e-05
4.413593e+05	2.566202160587363e-01	1.388154981616822e-01	3.000000000000000e-07	3.000000000000000e-05
4.495693e+05	2.578776083629146e-01	1.395053329853637e-01	3.000000000000000e-07	3.000000000000000e-05
4.579267e+05	2.591411602052501e-01	1.401984846115380e-01	3.000000000000000e-07	3.000000000000000e-05
4.664342e+05	2.604109017389132e-01	1.408949698382641e-01	3.000000000000000e-07	3.000000000000000e-05
4.750943e+05	2.616868632646390e-01	1.415948055357967e-01	3.000000000000000e-07	3.000000000000000e-05
4.839100e+05	2.629690752314517e-01	1.422980086472048e-01	3.000000000000000e-07	3.000000000000000e-05
4.928840e+05	2.642575682373925e-01	1.430045961889856e-01	3.000000000000000e-07	3.000000000000000e-05
5.020192e+05	2.655523730302514e-01	1.437145852516734e-01	3.000000000000000e-07	3.000000000000000e-05
5.113184e+05	2.668535205083011e-01	1.444279930004447e-01	3.000000000000000e-07	3.000000000000000e-05
5.207846e+05	2.681610417210363e-01	1.451448366757195e-01	3.000000000000000e-07	3.000000000000000e-05
5.304208e+05	2.694749678699154e-01	1.458651335937573e-01	3.000000000000000e-07	3.000000000000000e-05
5.402302e+05	2.707953303091059e-01	1.465889011472512e-01	3.000000000000000e-07	3.000000000000000e-05
5.502158e+05	2.721221605462338e-01	1.473161568059171e-01	3.000000000000000e-07	3.000000000000000e-05
5.603807e+05	2.734554902431362e-01	1.480469181170795e-01	3.000000000000000e-07	3.000000000000000e-05
5.707283e+05	2.747953512166179e-01	1.487812027062554e-01	3.000000000000000e-07	3.000000000000000e-05
5.812619e+05	2.761417754392111e-01	1.495190282777335e-01	3.000000000000000e-07	3.000000000000000e-05
5.919847e+05	2.774947950399398e-01	1.502604126151514e-01	3.000000000000000e-07	3.000000000000000e-05
6.029002e+05	2.788544423050864e-01	1.510053735820702e-01	3.000000000000000e-07	3.000000000000000e-05
6.140119e+05	2.802207496789635e-01	1.517539291225457e-01	3.000000000000000e-07	3.000000000000000e-05
6.253233e+05	2.815937497646885e-01	1.525060972616983e-01	3.000000000000000e-07	3.000000000000000e-05
6.368380e+05	2.829734753249622e-01	1.532618961062795e-01	3.000000000000000e-07	3.000000000000000e-05
6.485598e+05	2.843599592828515e-01	1.540213438452367e-01	3.000000000000000e-07	3.000000000000000e-05
6.604922e+05	2.857532347225750e-01	1.547844587502765e-01	3.000000000000000e-07	3.000000000000000e-05
6.726392e+05	2.871533348902937e-01	1.555512591764250e-01	3.000000000000000e-07	3.000000000000000e-05
6.850046e+05	2.885602931949043e-01	1.563217635625874e-01	3.000000000000000e-07	3.000000000000000e-05
6.975923e+05	2.899741432088372e-01	1.570959904321055e-01	3.000000000000000e-07	3.000000000000000e-05
7.104064e+05	2.913949186688578e-01	1.578739583933132e-01	3.000000000000000e-07	3.000000000000000e-05
7.234510e+05	2.928226534768722e-01	1.586556861400919e-01	3.000000000000000e-07	3.000000000000000e-05
7.367302e+05	2.942573817007362e-01	1.594411924524233e-01	3.000000000000000e-07	3.000000000000000e-05
7.502482e+05	2.956991375750689e-01	1.602304961969416e-01	3.000000000000000e-07	3.000000000000000e-05
7.640095e+05	2.971479555020698e-01	1.610236163274849e-01	3.000000000000000e-07	3.000000000000000e-05
7.780182e+05	2.986038700523399e-01	1.618205718856452e-01	3.000000000000000e-07	3.000000000000000e-05
7.922791e+05	3.000669159657071e-01	1.626213820013176e-01	3.000000000000000e-07	3.000000000000000e-05
8.067965e+05	3.015371281520551e-01	1.634260658932494e-01	3.000000000000000e-07	3.000000000000000e-05
8.215751e+05	3.030145416921568e-01	1.642346428695872e-01	3.000000000000000e-07	3.000000000000000e-05
8.366198e+05	3.044991918385117e-01	1.650471323284251e-01	3.000000000000000e-07	3.000000000000000e-05
8.519351e+05	3.059911140161869e-01	1.658635537583511e-01	3.000000000000000e-07	3.000000000000000e-05
8.675262e+05	3.074903438236629e-01	1.666839267389940e-01	3.000000000000000e-07	3.000000000000000e-05
8.833979e+05	3.089969170336828e-01	1.675082709415695e-01	3.000000000000000e-07	3.000000000000000e-05
8.995553e+05	3.105108695941062e-01	1.683366061294264e-01	3.000000000000000e-07	3.000000000000000e-05
9.160036e+05	3.120322376287672e-01	1.691689521585925e-01	3.000000000000000e-07	3.000000000000000e-05
9.327480e+05	3.135610574383358e-01	1.700053289783207e-01	3.000000000000000e-07	3.000000000000000e-05
9.497940e+05	3.150973655011848e-01	1.708457566316348e-01	3.000000000000000e-07	3.000000000000000e-05
9.671469e+05	3.166411984742598e-01	1.716902552558760e-01	3.000000000000000e-07	3.000000000000000e-05
9.848123e+05	3.181925931939540e-01	1.725388450832490e-01	3.000000000000000e-07	3.000000000000000e-05
1.000000e+06	3.195097062583315e-01	1.732592507772137e-01	3.000000000000000e-07	3.000000000000000e-05
1.018308e+06	3.210794735640770e-01	1.741178071247619e-01	3.000000000000000e-07	3.000000000000000e-05
1.036893e+06	3.226525298158515e-01	1.749781178977714e-01	3.000000000000000e-07	3.000000000000000e-05
1.055815e+06	3.242333694234741e-01	1.758426413760877e-01	3.000000000000000e-07	3.000000000000000e-05
1.075078e+06	3.258219505322313e-01	1.767113547392093e-01	3.000000000000000e-07	3.000000000000000e-05
1.094687e+06	3.274183124664884e-01	1.775842795620965e-01	3.000000000000000e-07	3.000000000000000e-05
1.114650e+06	3.290224932899378e-01	1.784614367274065e-01	3.000000000000000e-07	3.000000000000000e-05
1.134973e+06	3.306345312785635e-01	1.793428472310935e-01	3.000000000000000e-07	3.000000000000000e-05
1.155662e+06	3.322544648952643e-01	1.802285321685804e-01	3.000000000000000e-07	3.000000000000000e-05
1.176724e+06	3.338823327912397e-01	1.811185127355668e-01	3.000000000000000e-07	3.000000000000000e-05
1.198166e+06	3.355181738069034e-01	1.820128102285758e-01	3.000000000000000e-07	3.000000000000000e-05
1.219994e+06	3.371620269728095e-01	1.829114460455084e-01	3.000000000000000e-07	3.000000000000000e-05
1.242216e+06	3.388139315105839e-01	1.838144416861978e-01	3.000000000000000e-07	3.000000000000000e-05
1.264838e+06	3.404739268338596e-01	1.847218187529660e-01	3.000000000000000e-07	3.000000000000000e-05
1.287868e+06	3.421420525492172e-01	1.856335989511807e-01	3.000000000000000e-07	3.000000000000000e-05
1.311314e+06	3.438183484571292e-01	1.865498040898138e-01	3.000000000000000e-07	3.000000000000000e-05
1.335183e+06	3.455028545529098e-01	1.874704560820017e-01	3.000000000000000e-07	3.000000000000000e-05
1.359482e+06	3.471956110276688e-01	1.883955769456057e-01	3.000000000000000e-07	3.000000000000000e-05
1.384219e+06	3.488966582692700e-01	1.893251888037748e-01	3.000000000000000e-07	3.000000000000000e-05
1.409403e+06	3.506060368632951e-01	1.902593138855098e-01	3.000000000000000e-07	3.000000000000000e-05
1.435041e+06	3.523237875940110e-01	1.911979745262280e-01	3.000000000000000e-07	3.000000000000000e-05
1.461142e+06	3.540499514453432e-01	1.921411931683306e-01	3.000000000000000e-07	3.000000000000000e-05
1.487714e+06	3.557845696018530e-01	1.930889923617707e-01	3.000000000000000e-07	3.000000000000000e-05
1.514765e+06	3.575276834497198e-01	1.940413947646231e-01	3.000000000000000e-07	3.000000000000000e-05
1.542305e+06	3.592793345777283e-01	1.949984231436564e-01	3.000000000000000e-07	3.000000000000000e-05
1.570341e+06	3.610395647782603e-01	1.959601003749055e-01	3.000000000000000e-07	3.000000000000000e-05
1.598884e+06	3.628084160482914e-01	1.969264494442469e-01	3.000000000000000e-07	3.000000000000000e-05
1.627942e+06	3.645859305903928e-01	1.978974934479755e-01	3.000000000000000e-07	3.000000000000000e-05
1.657525e+06	3.663721508137377e-01	1.988732555933826e-01	3.000000000000000e-07	3.000000000000000e-05
1.687642e+06	3.681671193351126e-01	1.998537591993365e-01	3.000000000000000e-07	3.000000000000000e-05
1.718303e+06	3.699708789799339e-01	2.008390276968648e-01	3.000000000000000e-07	3.000000000000000e-05
1.749518e+06	3.717834727832690e-01	2.018290846297380e-01	3.000000000000000e-07	3.000000000000000e-05
1.781296e+06	3.736049439908629e-01	2.028239536550557e-01	3.000000000000000e-07	3.000000000000000e-05
1.813649e+06	3.754353360601692e-01	2.038236585438347e-01	3.000000000000000e-07	3.000000000000000e-05
1.846586e+06	3.772746926613870e-01	2.048282231815988e-01	3.000000000000000e-07	3.000000000000000e-05
1.880118e+06	3.791230576785016e-01	2.058376715689709e-01	3.000000000000000e-07	3.000000000000000e-05
1.914256e+06	3.809804752103316e-01	2.068520278222672e-01	3.000000000000000e-07	3.000000000000000e-05
1.949011e+06	3.828469895715805e-01	2.078713161740931e-01	3.000000000000000e-07	3.000000000000000e-05
1.984394e+06	3.847226452938932e-01	2.088955609739420e-01	3.000000000000000e-07	3.000000000000000e-05
2.020417e+06	3.866074871269182e-01	2.099247866887957e-01	3.000000000000000e-07	3.000000000000000e-05
2.057090e+06	3.885015600393747e-01	2.109590179037270e-01	3.000000000000000e-07	3.000000000000000e-05
2.094427e+06	3.904049092201248e-01	2.119982793225049e-01	3.000000000000000e-07	3.000000000000000e-05
2.132439e+06	3.923175800792515e-01	2.130425957682021e-01	3.000000000000000e-07	3.000000000000000e-05
2.171138e+06	3.942396182491409e-01	2.140919921838042e-01	3.000000000000000e-07	3.000000000000000e-05
2.210537e+06	3.961710695855713e-01	2.151464936328218e-01	3.000000000000000e-07	3.000000000000000e-05
2.250648e+06	3.981119801688057e-01	2.162061252999052e-01	3.000000000000000e-07	3.000000000000000e-05
2.291485e+06	4.000623963046913e-01	2.172709124914604e-01	3.000000000000000e-07	3.000000000000000e-05
2.333060e+06	4.020223645257635e-01	2.183408806362691e-01	3.000000000000000e-07	3.000000000000000e-05
2.375388e+06	4.039919315923554e-01	2.194160552861097e-01	3.000000000000000e-07	3.000000000000000e-05
2.418481e+06	4.059711444937131e-01	2.204964621163816e-01	3.000000000000000e-07	3.000000000000000e-05
2.462355e+06	4.079600504491159e-01	2.215821269267319e-01	3.000000000000000e-07	3.000000000000000e-05
2.507022e+06	4.099586969090024e-01	2.226730756416845e-01	3.000000000000000e-07	3.000000000000000e-05
2.552497e+06	4.119671315561020e-01	2.237693343112718e-01	3.000000000000000e-07	3.000000000000000e-05
2.598795e+06	4.139854023065718e-01	2.248709291116691e-01	3.000000000000000e-07	3.000000000000000e-05
2.645932e+06	4.160135573111393e-01	2.259778863458317e-01	3.000000000000000e-07	3.000000000000000e-05
2.693921e+06	4.180516449562504e-01	2.270902324441342e-01	3.000000000000000e-07	3.000000000000000e-05
2.742780e+06	4.200997138652230e-01	2.282079939650130e-01	3.000000000000000e-07	3.000000000000000e-05
2.792523e+06	4.221578128994073e-01	2.293311975956113e-01	3.000000000000000e-07	3.000000000000000e-05
2.843167e+06	4.242259911593495e-01	2.304598701524266e-01	3.000000000000000e-07	3.000000000000000e-05
2.894728e+06	4.263042979859638e-01	2.315940385819618e-01	3.000000000000000e-07	3.000000000000000e-05
2.947222e+06	4.283927829617080e-01	2.327337299613776e-01	3.000000000000000e-07	3.000000000000000e-05
3.000668e+06	4.304914959117667e-01	2.338789714991494e-01	3.000000000000000e-07	3.000000000000000e-05
3.055082e+06	4.326004869052383e-01	2.350297905357254e-01	3.000000000000000e-07	3.000000000000000e-05
3.110481e+06	4.347198062563296e-01	2.361862145441891e-01	3.000000000000000e-07	3.000000000000000e-05
3.166884e+06	4.368495045255553e-01	2.373482711309237e-01	3.000000000000000e-07	3.000000000000000e-05
3.224310e+06	4.389896325209434e-01	2.385159880362792e-01	3.000000000000000e-07	3.000000000000000e-05
3.282775e+06	4.411402412992469e-01	2.396893931352436e-01	3.000000000000000e-07	3.000000000000000e-05
3.342301e+06	4.433013821671611e-01	2.408685144381158e-01	3.000000000000000e-07	3.000000000000000e-05
3.402905e+06	4.454731066825467e-01	2.420533800911822e-01	3.000000000000000e-07	3.000000000000000e-05
3.464608e+06	4.476554666556597e-01	2.432440183773961e-01	3.000000000000000e-07	3.000000000000000e-05
3.527430e+06	4.498485141503860e-01	2.444404577170600e-01	3.000000000000000e-07	3.000000000000000e-05
3.591390e+06	4.520523014854833e-01	2.456427266685114e-01	3.000000000000000e-07	3.000000000000000e-05
3.656510e+06	4.542668812358287e-01	2.468508539288108e-01	3.000000000000000e-07	3.000000000000000e-05
3.722811e+06	4.564923062336717e-01	2.480648683344338e-01	3.000000000000000e-07	3.000000000000000e-05
3.790315e+06	4.587286295698942e-01	2.492847988619659e-01	3.000000000000000e-07	3.000000000000000e-05
3.859043e+06	4.609759045952764e-01	2.505106746287998e-01	3.000000000000000e-07	3.000000000000000e-05
3.929017e+06	4.632341849217689e-01	2.517425248938371e-01	3.000000000000000e-07	3.000000000000000e-05
4.000261e+06	4.655035244237708e-01	2.529803790581921e-01	3.000000000000000e-07	3.000000000000000e-05
4.072797e+06	4.677839772394141e-01	2.542242666658995e-01	3.000000000000000e-07	3.000000000000000e-05
4.146650e+06	4.700755977718551e-01	2.554742174046249e-01	3.000000000000000e-07	3.000000000000000e-05
4.221843e+06	4.723784406905708e-01	2.567302611063788e-01	3.000000000000000e-07	3.000000000000000e-05
4.298400e+06	4.746925609326629e-01	2.579924277482337e-01	3.000000000000000e-07	3.000000000000000e-05
4.376347e+06	4.770180137041674e-01	2.592607474530446e-01	3.000000000000000e-07	3.000000000000000e-05
4.455708e+06	4.793548544813710e-01	2.605352504901731e-01	3.000000000000000e-07	3.000000000000000e-05
4.536511e+06	4.817031390121336e-01	2.618159672762138e-01	3.000000000000000e-07	3.000000000000000e-05
4.618780e+06	4.840629233172180e-01	2.631029283757257e-01	3.000000000000000e-07	3.000000000000000e-05
4.702543e+06	4.864342636916246e-01	2.643961645019653e-01	3.000000000000000e-07	3.000000000000000e-05
4.787827e+06	4.888172167059346e-01	2.656957065176246e-01	3.000000000000000e-07	3.000000000000000e-05
4.874660e+06	4.912118392076585e-01	2.670015854355710e-01	3.000000000000000e-07	3.000000000000000e-05
4.963070e+06	4.936181883225911e-01	2.683138324195921e-01	3.000000000000000e-07	3.000000000000000e-05
5.053086e+06	4.960363214561738e-01	2.696324787851430e-01	3.000000000000000e-07	3.000000000000000e-05
5.144737e+06	4.984662962948634e-01	2.709575560000976e-01	3.000000000000000e-07	3.000000000000000e-05
5.238053e+06	5.009081708075074e-01	2.722890956855030e-01	3.000000000000000e-07	3.000000000000000e-05
5.333065e+06	5.033620032467259e-01	2.736271296163378e-01	3.000000000000000e-07	3.000000000000000e-05
5.429803e+06	5.058278521503006e-01	2.749716897222741e-01	3.000000000000000e-07	3.000000000000000e-05
5.528299e+06	5.083057763425707e-01	2.763228080884420e-01	3.000000000000000e-07	3.000000000000000e-05
5.628585e+06	5.107958349358351e-01	2.776805169561991e-01	3.000000000000000e-07	3.000000000000000e-05
5.730694e+06	5.132980873317617e-01	2.790448487239031e-01	3.000000000000000e-07	3.000000000000000e-05
5.834659e+06	5.158125932228040e-01	2.804158359476875e-01	3.000000000000000e-07	3.000000000000000e-05
5.940515e+06	5.183394125936240e-01	2.817935113422417e-01	3.000000000000000e-07	3.000000000000000e-05
6.048295e+06	5.208786057225224e-01	2.831779077815942e-01	3.000000000000000e-07	3.000000000000000e-05
6.158034e+06	5.234302331828758e-01	2.845690582999004e-01	3.000000000000000e-07	3.000000000000000e-05
6.269770e+06	5.259943558445810e-01	2.859669960922328e-01	3.000000000000000e-07	3.000000000000000e-05
6.383537e+06	5.285710348755061e-01	2.873717545153761e-01	3.000000000000000e-07	3.000000000000000e-05
6.499374e+06	5.311603317429486e-01	2.887833670886253e-01	3.000000000000000e-07	3.000000000000000e-05
6.617318e+06	5.337623082151015e-01	2.902018674945887e-01	3.000000000000000e-07	3.000000000000000e-05
6.737408e+06	5.363770263625255e-01	2.916272895799929e-01	3.000000000000000e-07	3.000000000000000e-05
6.859683e+06	5.390045485596289e-01	2.930596673564934e-01	3.000000000000000e-07	3.000000000000000e-05
6.984182e+06	5.416449374861548e-01	2.944990350014881e-01	3.000000000000000e-07	3.000000000000000e-05
7.110947e+06	5.442982561286759e-01	2.959454268589348e-01	3.000000000000000e-07	3.000000000000000e-05
7.240019e+06	5.469645677820950e-01	2.973988774401729e-01	3.000000000000000e-07	3.000000000000000e-05
7.371441e+06	5.496439360511555e-01	2.988594214247489e-01	3.000000000000000e-07	3.000000000000000e-05
7.505254e+06	5.523364248519569e-01	3.003270936612453e-01	3.000000000000000e-07	3.000000000000000e-05
7.641504e+06	5.550420984134788e-01	3.018019291681146e-01	3.000000000000000e-07	3.000000000000000e-05
7.780235e+06	5.577610212791126e-01	3.032839631345161e-01	3.000000000000000e-07	3.000000000000000e-05
7.921491e+06	5.604932583082000e-01	3.047732309211573e-01	3.000000000000000e-07	3.000000000000000e-05
8.065320e+06	5.632388746775789e-01	3.062697680611395e-01	3.000000000000000e-07	3.000000000000000e-05
8.211768e+06	5.659979358831384e-01	3.077736102608071e-01	3.000000000000000e-07	3.000000000000000e-05
8.360883e+06	5.687705077413794e-01	3.092847934006009e-01	3.000000000000000e-07	3.000000000000000e-05
8.512715e+06	5.715566563909839e-01	3.108033535359158e-01	3.000000000000000e-07	3.000000000000000e-05
8.667312e+06	5.743564482943923e-01	3.123293268979627e-01	3.000000000000000e-07	3.000000000000000e-05
8.824727e+06	5.771699502393871e-01	3.138627498946339e-01	3.000000000000000e-07	3.000000000000000e-05
8.985009e+06	5.799972293406862e-01	3.154036591113733e-01	3.000000000000000e-07	3.000000000000000e-05
9.148212e+06	5.828383530415424e-01	3.169520913120508e-01	3.000000000000000e-07	3.000000000000000e-05
9.314389e+06	5.856933891153511e-01	3.185080834398403e-01	3.000000000000000e-07	3.000000000000000e-05
9.483595e+06	5.885624056672668e-01	3.200716726181025e-01	3.000000000000000e-07	3.000000000000000e-05
9.655885e+06	5.914454711358261e-01	3.216428961512716e-01	3.000000000000000e-07	3.000000000000000e-05
9.831316e+06	5.943426542945800e-01	3.232217915257468e-01	3.000000000000000e-07	3.000000000000000e-05
1.000000e+07	5.970922978544994e-01	3.247202610430333e-01	3.000000000000000e-07	3.000000000000000e-05
1.018189e+07	6.000200555079085e-01	3.263157760487372e-01	3.000000000000000e-07	3.000000000000000e-05
1.036690e+07	6.029591734300348e-01	3.279174602125522e-01	3.000000000000000e-07	3.000000000000000e-05
1.055530e+07	6.059127372186098e-01	3.295269950843822e-01	3.000000000000000e-07	3.000000000000000e-05
1.074713e+07	6.088807628350263e-01	3.311443893672360e-01	3.000000000000000e-07	3.000000000000000e-05
1.094246e+07	6.118633220636633e-01	3.327696821847262e-01	3.000000000000000e-07	3.000000000000000e-05
1.114135e+07	6.148604860328145e-01	3.344029123023444e-01	3.000000000000000e-07	3.000000000000000e-05
1.134387e+07	6.178723262371623e-01	3.360441186846588e-01	3.000000000000000e-07	3.000000000000000e-05
1.155009e+07	6.208989145210310e-01	3.376933404861898e-01	3.000000000000000e-07	3.000000000000000e-05
1.176007e+07	6.239403230804337e-01	3.393506170525264e-01	3.000000000000000e-07	3.000000000000000e-05
1.197388e+07	6.269966244647872e-01	3.410159879212620e-01	3.000000000000000e-07	3.000000000000000e-05
1.219159e+07	6.300678915786416e-01	3.426894928229378e-01	3.000000000000000e-07	3.000000000000000e-05
1.241328e+07	6.331541976834187e-01	3.443711716819920e-01	3.000000000000000e-07	3.000000000000000e-05
1.263901e+07	6.362556163991586e-01	3.460610646177125e-01	3.000000000000000e-07	3.000000000000000e-05
1.286887e+07	6.393722217062747e-01	3.477592119451942e-01	3.000000000000000e-07	3.000000000000000e-05
1.310292e+07	6.425040879473175e-01	3.494656541763019e-01	3.000000000000000e-07	3.000000000000000e-05
1.334124e+07	6.456512898287470e-01	3.511804320206372e-01	3.000000000000000e-07	3.000000000000000e-05
1.358392e+07	6.488139024227139e-01	3.529035863865098e-01	3.000000000000000e-07	3.000000000000000e-05
1.383102e+07	6.519920011688491e-01	3.546351583819141e-01	3.000000000000000e-07	3.000000000000000e-05
1.408265e+07	6.551856618760624e-01	3.563751893155104e-01	3.000000000000000e-07	3.000000000000000e-05
1.433886e+07	6.583949607243499e-01	3.581237206976109e-01	3.000000000000000e-07	3.000000000000000e-05
1.459976e+07	6.616199742666097e-01	3.598807942411701e-01	3.000000000000000e-07	3.000000000000000e-05
1.486542e+07	6.648607794304678e-01	3.616464518627801e-01	3.000000000000000e-07	3.000000000000000e-05
1.513594e+07	6.681174535201113e-01	3.634207356836716e-01	3.000000000000000e-07	3.000000000000000e-05
1.541140e+07	6.713900742181316e-01	3.652036880307183e-01	3.000000000000000e-07	3.000000000000000e-05
1.569190e+07	6.746787195873767e-01	3.669953514374474e-01	3.000000000000000e-07	3.000000000000000e-05
1.597752e+07	6.779834680728118e-01	3.687957686450544e-01	3.000000000000000e-07	3.000000000000000e-05
1.626836e+07	6.813043985033899e-01	3.706049826034231e-01	3.000000000000000e-07	3.000000000000000e-05
1.656452e+07	6.846415900939304e-01	3.724230364721500e-01	3.000000000000000e-07	3.000000000000000e-05
1.686609e+07	6.879951224470088e-01	3.742499736215747e-01	3.000000000000000e-07	3.000000000000000e-05
1.717318e+07	6.913650755548527e-01	3.760858376338145e-01	3.000000000000000e-07	3.000000000000000e-05
1.748588e+07	6.947515298012509e-01	3.779306723038039e-01	3.000000000000000e-07	3.000000000000000e-05
1.780430e+07	6.981545659634681e-01	3.797845216403399e-01	3.000000000000000e-07	3.000000000000000e-05
1.812854e+07	7.015742652141714e-01	3.816474298671318e-01	3.000000000000000e-07	3.000000000000000e-05
1.845871e+07	7.050107091233655e-01	3.835194414238565e-01	3.000000000000000e-07	3.000000000000000e-05
1.879492e+07	7.084639796603369e-01	3.854006009672183e-01	3.000000000000000e-07	3.000000000000000e-05
1.913728e+07	7.119341591956087e-01	3.872909533720146e-01	3.000000000000000e-07	3.000000000000000e-05
1.948591e+07	7.154213305029036e-01	3.891905437322065e-01	3.000000000000000e-07	3.000000000000000e-05
1.984091e+07	7.189255767611179e-01	3.910994173619941e-01	3.000000000000000e-07	3.000000000000000e-05
2.020241e+07	7.224469815563040e-01	3.930176197968981e-01	3.000000000000000e-07	3.000000000000000e-05
2.057053e+07	7.259856288836636e-01	3.949451967948456e-01	3.000000000000000e-07	3.000000000000000e-05
2.094538e+07	7.295416031495494e-01	3.968821943372619e-01	3.000000000000000e-07	3.000000000000000e-05
2.132709e+07	7.331149891734783e-01	3.988286586301673e-01	3.000000000000000e-07	3.000000000000000e-05
2.171579e+07	7.367058721901526e-01	4.007846361052790e-01	3.000000000000000e-07	3.000000000000000e-05
2.211161e+07	7.403143378514925e-01	4.027501734211193e-01	3.000000000000000e-07	3.000000000000000e-05
2.251467e+07	7.439404722286780e-01	4.047253174641279e-01	3.000000000000000e-07	3.000000000000000e-05
2.292512e+07	7.475843618142007e-01	4.067101153497805e-01	3.000000000000000e-07	3.000000000000000e-05
2.334308e+07	7.512460935239260e-01	4.087046144237130e-01	3.000000000000000e-07	3.000000000000000e-05
2.376869e+07	7.549257546991649e-01	4.107088622628500e-01	3.000000000000000e-07	3.000000000000000e-05
2.420210e+07	7.586234331087560e-01	4.127229066765405e-01	3.000000000000000e-07	3.000000000000000e-05
2.464344e+07	7.623392169511587e-01	4.147467957076976e-01	3.000000000000000e-07	3.000000000000000e-05
2.509288e+07	7.660731948565552e-01	4.167805776339445e-01	3.000000000000000e-07	3.000000000000000e-05
2.555054e+07	7.698254558889633e-01	4.188243009687661e-01	3.000000000000000e-07	3.000000000000000e-05
2.601659e+07	7.735960895483603e-01	4.208780144626659e-01	3.000000000000000e-07	3.000000000000000e-05
2.649118e+07	7.773851857728162e-01	4.229417671043290e-01	3.000000000000000e-07	3.000000000000000e-05
2.697447e+07	7.811928349406378e-01	4.250156081217902e-01	3.000000000000000e-07	3.000000000000000e-05
2.746661e+07	7.850191278725235e-01	4.270995869836083e-01	3.000000000000000e-07	3.000000000000000e-05
2.796777e+07	7.888641558337283e-01	4.291937534000455e-01	3.000000000000000e-07	3.000000000000000e-05
2.847812e+07	7.927280105362394e-01	4.312981573242536e-01	3.000000000000000e-07	3.000000000000000e-05
2.899783e+07	7.966107841409633e-01	4.334128489534647e-01	3.000000000000000e-07	3.000000000000000e-05
2.952706e+07	8.005125692599218e-01	4.355378787301885e-01	3.000000000000000e-07	3.000000000000000e-05
3.006600e+07	8.044334589584605e-01	4.376732973434159e-01	3.000000000000000e-07	3.000000000000000e-05
3.061482e+07	8.083735467574678e-01	4.398191557298268e-01	3.000000000000000e-07	3.000000000000000e-05
3.117370e+07	8.123329266356031e-01	4.419755050750056e-01	3.000000000000000e-07	3.000000000000000e-05
3.174283e+07	8.163116930315386e-01	4.441423968146617e-01	3.000000000000000e-07	3.000000000000000e-05
3.232240e+07	8.203099408462102e-01	4.463198826358559e-01	3.000000000000000e-07	3.000000000000000e-05
3.291260e+07	8.243277654450796e-01	4.485080144782333e-01	3.000000000000000e-07	3.000000000000000e-05
3.351363e+07	8.283652626604078e-01	4.507068445352617e-01	3.000000000000000e-07	3.000000000000000e-05
3.412569e+07	8.324225287935403e-01	4.529164252554762e-01	3.000000000000000e-07	3.000000000000000e-05
3.474897e+07	8.364996606172023e-01	4.551368093437305e-01	3.000000000000000e-07	3.000000000000000e-05
3.538370e+07	8.405967553778055e-01	4.573680497624528e-01	3.000000000000000e-07	3.000000000000000e-05
3.603007e+07	8.447139107977674e-01	4.596101997329095e-01	3.000000000000000e-07	3.000000000000000e-05
3.668830e+07	8.488512250778398e-01	4.618633127364741e-01	3.000000000000000e-07	3.000000000000000e-05
3.735861e+07	8.530087968994506e-01	4.641274425159025e-01	3.000000000000000e-07	3.000000000000000e-05
3.804123e+07	8.571867254270560e-01	4.664026430766146e-01	3.000000000000000e-07	3.000000000000000e-05
3.873638e+07	8.613851103105047e-01	4.686889686879819e-01	3.000000000000000e-07	3.000000000000000e-05
3.944429e+07	8.656040516874131e-01	4.709864738846219e-01	3.000000000000000e-07	3.000000000000000e-05
4.016520e+07	8.698436501855531e-01	4.732952134676983e-01	3.000000000000000e-07	3.000000000000000e-05
4.089935e+07	8.741040069252505e-01	4.756152425062277e-01	3.000000000000000e-07	3.000000000000000e-05
4.164698e+07	8.783852235217957e-01	4.779466163383930e-01	3.000000000000000e-07	3.000000000000000e-05
4.240834e+07	8.826874020878667e-01	4.802893905728627e-01	3.000000000000000e-07	3.000000000000000e-05
4.318368e+07	8.870106452359625e-01	4.826436210901167e-01	3.000000000000000e-07	3.000000000000000e-05
4.397326e+07	8.913550560808501e-01	4.850093640437793e-01	3.000000000000000e-07	3.000000000000000e-05
4.477735e+07	8.957207382420219e-01	4.873866758619578e-01	3.000000000000000e-07	3.000000000000000e-05
4.559622e+07	9.001077958461667e-01	4.897756132485878e-01	3.000000000000000e-07	3.000000000000000e-05
4.643012e+07	9.045163335296517e-01	4.921762331847857e-01	3.000000000000000e-07	3.000000000000000e-05
4.727936e+07	9.089464564410165e-01	4.945885929302072e-01	3.000000000000000e-07	3.000000000000000e-05
4.814419e+07	9.133982702434803e-01	4.970127500244124e-01	3.000000000000000e-07	3.000000000000000e-05
4.902492e+07	9.178718811174608e-01	4.994487622882381e-01	3.000000000000000e-07	3.000000000000000e-05
4.992184e+07	9.223673957631050e-01	5.018966878251762e-01	3.000000000000000e-07	3.000000000000000e-05
5.083525e+07	9.268849214028335e-01	5.043565850227590e-01	3.000000000000000e-07	3.000000000000000e-05
5.176544e+07	9.314245657838960e-01	5.068285125539521e-01	3.000000000000000e-07	3.000000000000000e-05
5.271274e+07	9.359864371809400e-01	5.093125293785523e-01	3.000000000000000e-07	3.000000000000000e-05
5.367746e+07	9.405706443985922e-01	5.118086947445941e-01	3.000000000000000e-07	3.000000000000000e-05
5.465991e+07	9.451772967740523e-01	5.143170681897624e-01	3.000000000000000e-07	3.000000000000000e-05
5.566043e+07	9.498065041796990e-01	5.168377095428114e-01	3.000000000000000e-07	3.000000000000000e-05
5.667935e+07	9.544583770257100e-01	5.193706789249918e-01	3.000000000000000e-07	3.000000000000000e-05
5.771701e+07	9.591330262626934e-01	5.219160367514840e-01	3.000000000000000e-07	3.000000000000000e-05
5.877375e+07	9.638305633843329e-01	5.244738437328387e-01	3.000000000000000e-07	3.000000000000000e-05
5.984994e+07	9.685511004300460e-01	5.270441608764237e-01	3.000000000000000e-07	3.000000000000000e-05
6.094592e+07	9.732947499876543e-01	5.296270494878798e-01	3.000000000000000e-07	3.000000000000000e-05
6.206207e+07	9.780616251960679e-01	5.322225711725812e-01	3.000000000000000e-07	3.000000000000000e-05
6.319876e+07	9.828518397479822e-01	5.348307878371049e-01	3.000000000000000e-07	3.000000000000000e-05
6.435636e+07	9.876655078925887e-01	5.374517616907070e-01	3.000000000000000e-07	3.000000000000000e-05
6.553527e+07	9.925027444382979e-01	5.400855552468048e-01	3.000000000000000e-07	3.000000000000000e-05
6.673587e+07	9.973636647554769e-01	5.427322313244689e-01	3.000000000000000e-07	3.000000000000000e-05
6.795857e+07	1.002248384779199e+00	5.453918530499192e-01	3.000000000000000e-07	3.000000000000000e-05
6.920378e+07	1.007157021012008e+00	5.480644838580313e-01	3.000000000000000e-07	3.000000000000000e-05
7.047191e+07	1.012089690526695e+00	5.507501874938481e-01	3.000000000000000e-07	3.000000000000000e-05
7.176339e+07	1.017046510969091e+00	5.534490280141000e-01	3.000000000000000e-07	3.000000000000000e-05
7.307865e+07	1.022027600560867e+00	5.561610697887320e-01	3.000000000000000e-07	3.000000000000000e-05
7.441813e+07	1.027033078102357e+00	5.588863775024383e-01	3.000000000000000e-07	3.000000000000000e-05
7.578227e+07	1.032063062975389e+00	5.616250161562046e-01	3.000000000000000e-07	3.000000000000000e-05
7.717154e+07	1.037117675146130e+00	5.643770510688577e-01	3.000000000000000e-07	3.000000000000000e-05
7.858640e+07	1.042197035167944e+00	5.671425478786231e-01	3.000000000000000e-07	3.000000000000000e-05
8.002731e+07	1.047301264184269e+00	5.699215725446892e-01	3.000000000000000e-07	3.000000000000000e-05
8.149477e+07	1.052430483931506e+00	5.727141913487809e-01	3.000000000000000e-07	3.000000000000000e-05
8.298927e+07	1.057584816741914e+00	5.755204708967389e-01	3.000000000000000e-07	3.000000000000000e-05
8.451130e+07	1.062764385546535e+00	5.783404781201079e-01	3.000000000000000e-07	3.000000000000000e-05
8.606137e+07	1.067969313878119e+00	5.811742802777329e-01	3.000000000000000e-07	3.000000000000000e-05
8.764001e+07	1.073199725874071e+00	5.840219449573618e-01	3.000000000000000e-07	3.000000000000000e-05
8.924774e+07	1.078455746279408e+00	5.868835400772573e-01	3.000000000000000e-07	3.000000000000000e-05
9.088511e+07	1.083737500449735e+00	5.897591338878161e-01	3.000000000000000e-07	3.000000000000000e-05
9.255265e+07	1.089045114354235e+00	5.926487949731960e-01	3.000000000000000e-07	3.000000000000000e-05
9.425093e+07	1.094378714578665e+00	5.955525922529508e-01	3.000000000000000e-07	3.000000000000000e-05
9.598052e+07	1.099738428328382e+00	5.984705949836736e-01	3.000000000000000e-07	3.000000000000000e-05
9.774199e+07	1.105124383431370e+00	6.014028727606480e-01	3.000000000000000e-07	3.000000000000000e-05
9.953594e+07	1.110536708341288e+00	6.043494955195070e-01	3.000000000000000e-07	3.000000000000000e-05
1.000000e+08	1.111920659785926e+00	6.051029554859962e-01	3.000000000000000e-07	3.000000000000000e-05
1.018607e+08	1.117440722707990e+00	6.081082192301513e-01	3.000000000000000e-07	3.000000000000000e-05
1.037301e+08	1.122911988100414e+00	6.110869048232438e-01	3.000000000000000e-07	3.000000000000000e-05
1.056345e+08	1.128411426377296e+00	6.140809170436579e-01	3.000000000000000e-07	3.000000000000000e-05
1.075740e+08	1.133937764650093e+00	6.170895629001357e-01	3.000000000000000e-07	3.000000000000000e-05
1.095492e+08	1.139491160379245e+00	6.201129281187790e-01	3.000000000000000e-07	3.000000000000000e-05
1.115609e+08	1.145071745541734e+00	6.231510845516339e-01	3.000000000000000e-07	3.000000000000000e-05
1.136097e+08	1.150679653240362e+00	6.262041046633932e-01	3.000000000000000e-07	3.000000000000000e-05
1.156963e+08	1.156315017220656e+00	6.292720612683816e-01	3.000000000000000e-07	3.000000000000000e-05
1.178214e+08	1.161977971882934e+00	6.323550275371305e-01	3.000000000000000e-07	3.000000000000000e-05
1.199858e+08	1.167668652285356e+00	6.354530769980326e-01	3.000000000000000e-07	3.000000000000000e-05
1.221900e+08	1.173387194147143e+00	6.385662835390967e-01	3.000000000000000e-07	3.000000000000000e-05
1.244350e+08	1.179133733851809e+00	6.416947214097088e-01	3.000000000000000e-07	3.000000000000000e-05
1.267213e+08	1.184908408450418e+00	6.448384652224023e-01	3.000000000000000e-07	3.000000000000000e-05
1.290499e+08	1.190711355664847e+00	6.479975899546363e-01	3.000000000000000e-07	3.000000000000000e-05
1.314215e+08	1.196542713891071e+00	6.511721709505832e-01	3.000000000000000e-07	3.000000000000000e-05
1.338368e+08	1.202402622202461e+00	6.543622839229254e-01	3.000000000000000e-07	3.000000000000000e-05
1.362968e+08	1.208291220353102e+00	6.575680049546592e-01	3.000000000000000e-07	3.000000000000000e-05
1.388021e+08	1.214208648781118e+00	6.607894105009096e-01	3.000000000000000e-07	3.000000000000000e-05
1.413538e+08	1.220155048612029e+00	6.640265773907522e-01	3.000000000000000e-07	3.000000000000000e-05
1.439525e+08	1.226130561662107e+00	6.672795828290456e-01	3.000000000000000e-07	3.000000000000000e-05
1.465993e+08	1.232135330441762e+00	6.705485043982710e-01	3.000000000000000e-07	3.000000000000000e-05
1.492949e+08	1.238169498158936e+00	6.738334200603824e-01	3.000000000000000e-07	3.000000000000000e-05
1.520403e+08	1.244233208722518e+00	6.771344081586648e-01	3.000000000000000e-07	3.000000000000000e-05
1.548364e+08	1.250326606745774e+00	6.804515474196020e-01	3.000000000000000e-07	3.000000000000000e-05
1.576842e+08	1.256449837549797e+00	6.837849169547536e-01	3.000000000000000e-07	3.000000000000000e-05
1.605847e+08	1.262603047166966e+00	6.871345962626406e-01	3.000000000000000e-07	3.000000000000000e-05
1.635387e+08	1.268786382344431e+00	6.905006652306409e-01	3.000000000000000e-07	3.000000000000000e-05
1.665472e+08	1.274999990547611e+00	6.938832041368934e-01	3.000000000000000e-07	3.000000000000000e-05
1.696114e+08	1.281244019963709e+00	6.972822936522122e-01	3.000000000000000e-07	3.000000000000000e-05
1.727323e+08	1.287518619505240e+00	7.006980148420093e-01	3.000000000000000e-07	3.000000000000000e-05
1.759107e+08	1.293823938813589e+00	7.041304491682275e-01	3.000000000000000e-07	3.000000000000000e-05
1.791480e+08	1.300160128262573e+00	7.075796784912822e-01	3.000000000000000e-07	3.000000000000000e-05
1.824451e+08	1.306527338962024e+00	7.110457850720128e-01	3.000000000000000e-07	3.000000000000000e-05
1.858031e+08	1.312925722761396e+00	7.145288515736439e-01	3.000000000000000e-07	3.000000000000000e-05
1.892233e+08	1.319355432253382e+00	7.180289610637558e-01	3.000000000000000e-07	3.000000000000000e-05
1.927066e+08	1.325816620777549e+00	7.215461970162648e-01	3.000000000000000e-07	3.000000000000000e-05
1.962544e+08	1.332309442424001e+00	7.250806433134129e-01	3.000000000000000e-07	3.000000000000000e-05
1.998678e+08	1.338834052037042e+00	7.286323842477679e-01	3.000000000000000e-07	3.000000000000000e-05
2.035480e+08	1.345390605218877e+00	7.322015045242324e-01	3.000000000000000e-07	3.000000000000000e-05
2.072963e+08	1.351979258333313e+00	7.357880892620635e-01	3.000000000000000e-07	3.000000000000000e-05
2.111139e+08	1.358600168509491e+00	7.393922239969014e-01	3.000000000000000e-07	3.000000000000000e-05
2.150022e+08	1.365253493645632e+00	7.430139946828088e-01	3.000000000000000e-07	3.000000000000000e-05
2.189623e+08	1.371939392412798e+00	7.466534876943201e-01	3.000000000000000e-07	3.000000000000000e-05
2.229958e+08	1.378658024258675e+00	7.503107898284997e-01	3.000000000000000e-07	3.000000000000000e-05
2.271038e+08	1.385409549411378e+00	7.539859883070125e-01	3.000000000000000e-07	3.000000000000000e-05
2.312879e+08	1.392194128883263e+00	7.576791707782015e-01	3.000000000000000e-07	3.000000000000000e-05
2.355494e+08	1.399011924474772e+00	7.613904253191784e-01	3.000000000000000e-07	3.000000000000000e-05
2.398897e+08	1.405863098778287e+00	7.651198404379227e-01	3.000000000000000e-07	3.000000000000000e-05
2.443104e+08	1.412747815182004e+00	7.688675050753918e-01	3.000000000000000e-07	3.000000000000000e-05
2.488129e+08	1.419666237873833e+00	7.726335086076410e-01	3.000000000000000e-07	3.000000000000000e-05
2.533988e+08	1.426618531845306e+00	7.764179408479545e-01	3.000000000000000e-07	3.000000000000000e-05
2.580695e+08	1.433604862895514e+00	7.802208920489858e-01	3.000000000000000e-07	3.000000000000000e-05
2.628268e+08	1.440625397635058e+00	7.840424529049097e-01	3.000000000000000e-07	3.000000000000000e-05
2.676721e+08	1.447680303490019e+00	7.878827145535841e-01	3.000000000000000e-07	3.000000000000000e-05
2.726071e+08	1.454769748705953e+00	7.917417685787225e-01	3.000000000000000e-07	3.000000000000000e-05
2.776335e+08	1.461893902351897e+00	7.956197070120772e-01	3.000000000000000e-07	3.000000000000000e-05
2.827529e+08	1.469052934324402e+00	7.995166223356335e-01	3.000000000000000e-07	3.000000000000000e-05
2.879672e+08	1.476247015351582e+00	8.034326074838137e-01	3.000000000000000e-07	3.000000000000000e-05
2.932781e+08	1.483476316997184e+00	8.073677558456931e-01	3.000000000000000e-07	3.000000000000000e-05
2.986873e+08	1.490741011664678e+00	8.113221612672259e-01	3.000000000000000e-07	3.000000000000000e-05
3.041967e+08	1.498041272601366e+00	8.152959180534823e-01	3.000000000000000e-07	3.000000000000000e-05
3.098082e+08	1.505377273902510e+00	8.192891209708967e-01	3.000000000000000e-07	3.000000000000000e-05
3.155237e+08	1.512749190515487e+00	8.233018652495264e-01	3.000000000000000e-07	3.000000000000000e-05
3.213450e+08	1.520157198243954e+00	8.273342465853224e-01	3.000000000000000e-07	3.000000000000000e-05
3.272742e+08	1.527601473752042e+00	8.313863611424098e-01	3.000000000000000e-07	3.000000000000000e-05
3.333133e+08	1.535082194568565e+00	8.354583055553807e-01	3.000000000000000e-07	3.000000000000000e-05
3.394643e+08	1.542599539091255e+00	8.395501769315975e-01	3.000000000000000e-07	3.000000000000000e-05
3.457293e+08	1.550153686591009e+00	8.436620728535079e-01	3.000000000000000e-07	3.000000000000000e-05
3.521104e+08	1.557744817216171e+00	8.477940913809711e-01	3.000000000000000e-07	3.000000000000000e-05
3.586098e+08	1.565373111996814e+00	8.519463310535947e-01	3.000000000000000e-07	3.000000000000000e-05
3.652297e+08	1.573038752849069e+00	8.561188908930849e-01	3.000000000000000e-07	3.000000000000000e-05
3.719722e+08	1.580741922579451e+00	8.603118704056059e-01	3.000000000000000e-07	3.000000000000000e-05
3.788398e+08	1.588482804889221e+00	8.645253695841520e-01	3.000000000000000e-07	3.000000000000000e-05
3.858348e+08	1.596261584378764e+00	8.687594889109322e-01	3.000000000000000e-07	3.000000000000000e-05
3.929594e+08	1.604078446551989e+00	8.730143293597640e-01	3.000000000000000e-07	3.000000000000000e-05
4.002161e+08	1.611933577820753e+00	8.772899923984815e-01	3.000000000000000e-07	3.000000000000000e-05
4.076074e+08	1.619827165509301e+00	8.815865799913537e-01	3.000000000000000e-07	3.000000000000000e-05
4.151358e+08	1.627759397858736e+00	8.859041946015153e-01	3.000000000000000e-07	3.000000000000000e-05
4.228038e+08	1.635730464031501e+00	8.902429391934087e-01	3.000000000000000e-07	3.000000000000000e-05
4.306141e+08	1.643740554115890e+00	8.946029172352392e-01	3.000000000000000e-07	3.000000000000000e-05
4.385692e+08	1.651789859130582e+00	8.989842327014408e-01	3.000000000000000e-07	3.000000000000000e-05
4.466719e+08	1.659878571029190e+00	9.033869900751549e-01	3.000000000000000e-07	3.000000000000000e-05
4.549250e+08	1.668006882704839e+00	9.078112943507208e-01	3.000000000000000e-07	3.000000000000000e-05
4.633311e+08	1.676174987994764e+00	9.122572510361792e-01	3.000000000000000e-07	3.000000000000000e-05
4.718932e+08	1.684383081684930e+00	9.167249661557858e-01	3.000000000000000e-07	3.000000000000000e-05
4.806143e+08	1.692631359514674e+00	9.212145462525403e-01	3.000000000000000e-07	3.000000000000000e-05
4.894971e+08	1.700920018181374e+00	9.257260983907249e-01	3.000000000000000e-07	3.000000000000000e-05
4.985448e+08	1.709249255345133e+00	9.302597301584571e-01	3.000000000000000e-07	3.000000000000000e-05
5.077604e+08	1.717619269633497e+00	9.348155496702540e-01	3.000000000000000e-07	3.000000000000000e-05
5.171471e+08	1.726030260646181e+00	9.393936655696096e-01	3.000000000000000e-07	3.000000000000000e-05
5.267081e+08	1.734482428959838e+00	9.439941870315843e-01	3.000000000000000e-07	3.000000000000000e-05
5.364465e+08	1.742975976132827e+00	9.486172237654081e-01	3.000000000000000e-07	3.000000000000000e-05
5.463657e+08	1.751511104710031e+00	9.532628860170947e-01	3.000000000000000e-07	3.000000000000000e-05
5.564690e+08	1.760088018227674e+00	9.579312845720704e-01	3.000000000000000e-07	3.000000000000000e-05
5.667600e+08	1.768706921218180e+00	9.626225307578145e-01	3.000000000000000e-07	3.000000000000000e-05
5.772421e+08	1.777368019215043e+00	9.673367364465127e-01	3.000000000000000e-07	3.000000000000000e-05
5.879188e+08	1.786071518757731e+00	9.720740140577248e-01	3.000000000000000e-07	3.000000000000000e-05
5.987938e+08	1.794817627396606e+00	9.768344765610633e-01	3.000000000000000e-07	3.000000000000000e-05
6.098707e+08	1.803606553697873e+00	9.816182374788873e-01	3.000000000000000e-07	3.000000000000000e-05
6.211534e+08	1.812438507248552e+00	9.864254108890078e-01	3.000000000000000e-07	3.000000000000000e-05
6.326457e+08	1.821313698661470e+00	9.912561114274073e-01	3.000000000000000e-07	3.000000000000000e-05
6.443515e+08	1.830232339580287e+00	9.961104542909727e-01	3.000000000000000e-07	3.000000000000000e-05
6.562747e+08	1.839194642684536e+00	1.000988555240240e+00	3.000000000000000e-07	3.000000000000000e-05
6.684194e+08	1.848200821694698e+00	1.005890530602157e+00	3.000000000000000e-07	3.000000000000000e-05
6.807898e+08	1.857251091377289e+00	1.010816497272850e+00	3.000000000000000e-07	3.000000000000000e-05
6.933901e+08	1.866345667549987e+00	1.015766572720418e+00	3.000000000000000e-07	3.000000000000000e-05
7.062245e+08	1.875484767086769e+00	1.020740874987726e+00	3.000000000000000e-07	3.000000000000000e-05
7.192974e+08	1.884668607923089e+00	1.025739522695222e+00	3.000000000000000e-07	3.000000000000000e-05
7.326132e+08	1.893897409061065e+00	1.030762635043767e+00	3.000000000000000e-07	3.000000000000000e-05
7.461766e+08	1.903171390574702e+00	1.035810331817471e+00	3.000000000000000e-07	3.000000000000000e-05
7.599920e+08	1.912490773615142e+00	1.040882733386549e+00	3.000000000000000e-07	3.000000000000000e-05
7.740643e+08	1.921855780415928e+00	1.045979960710198e+00	3.000000000000000e-07	3.000000000000000e-05
7.883981e+08	1.931266634298306e+00	1.051102135339468e+00	3.000000000000000e-07	3.000000000000000e-05
8.029984e+08	1.940723559676550e+00	1.056249379420171e+00	3.000000000000000e-07	3.000000000000000e-05
8.178702e+08	1.950226782063306e+00	1.061421815695784e+00	3.000000000000000e-07	3.000000000000000e-05
8.330185e+08	1.959776528074969e+00	1.066619567510378e+00	3.000000000000000e-07	3.000000000000000e-05
8.484485e+08	1.969373025437090e+00	1.071842758811562e+00	3.000000000000000e-07	3.000000000000000e-05
8.641654e+08	1.979016502989797e+00	1.077091514153431e+00	3.000000000000000e-07	3.000000000000000e-05
8.801745e+08	1.988707190693251e+00	1.082365958699537e+00	3.000000000000000e-07	3.000000000000000e-05
8.964815e+08	1.998445319633134e+00	1.087666218225876e+00	3.000000000000000e-07	3.000000000000000e-05
9.130917e+08	2.008231122026149e+00	1.092992419123881e+00	3.000000000000000e-07	3.000000000000000e-05
9.300108e+08	2.018064831225560e+00	1.098344688403439e+00	3.000000000000000e-07	3.000000000000000e-05
9.472447e+08	2.027946681726752e+00	1.103723153695914e+00	3.000000000000000e-07	3.000000000000000e-05
9.647992e+08	2.037876909172822e+00	1.109127943257197e+00	3.000000000000000e-07	3.000000000000000e-05
9.826803e+08	2.047855750360196e+00	1.114559185970751e+00	3.000000000000000e-07	3.000000000000000e-05
1.000000e+09	2.057392369374416e+00	1.119749732002436e+00	3.000000000000000e-07	3.000000000000000e-05
