#t[yr]	ecc	inc	eachmass	totalmass
0.000000e+00	5.000000000000000e-02	2.500000000000000e-02	3.000000000000000e-06	3.000000000000000e-06
1.000000e-01	4.998740931240023e-02	2.499551976904612e-02	3.000000000000000e-06	3.000000000000000e-06
1.130000e-01	4.998612120008679e-02	2.499506121044015e-02	3.000000000000000e-06	3.000000000000000e-06
1.260000e-01	4.998488938028684e-02	2.499462266267784e-02	3.000000000000000e-06	3.000000000000000e-06
1.420000e-01	4.998344341266034e-02	2.499410784052447e-02	3.000000000000000e-06	3.000000000000000e-06
1.590000e-01	4.998198616284159e-02	2.499358896469219e-02	3.000000000000000e-06	3.000000000000000e-06
1.780000e-01	4.998044191424075e-02	2.499303907426671e-02	3.000000000000000e-06	3.000000000000000e-06
2.000000e-01	4.997875522975204e-02	2.499243842155597e-02	3.000000000000000e-06	3.000000000000000e-06
2.240000e-01	4.997702380511861e-02	2.499182179329331e-02	3.000000000000000e-06	3.000000000000000e-06
2.520000e-01	4.997513020924614e-02	2.499114736243049e-02	3.000000000000000e-06	3.000000000000000e-06
2.820000e-01	4.997323415268826e-02	2.499047200866764e-02	3.000000000000000e-06	3.000000000000000e-06
3.170000e-01	4.997117375043984e-02	2.498973806714221e-02	3.000000000000000e-06	3.000000000000000e-06
3.550000e-01	4.996909513025917e-02	2.498899758745456e-02	3.000000000000000e-06	3.000000000000000e-06
3.990000e-01	4.996686784124234e-02	2.498820409511062e-02	3.000000000000000e-06	3.000000000000000e-06
4.470000e-01	4.996462529793107e-02	2.498740511820803e-02	3.000000000000000e-06	3.000000000000000e-06
5.020000e-01	4.996225803341489e-02	2.498656165492740e-02	3.000000000000000e-06	3.000000000000000e-06
5.630000e-01	4.995984808247054e-02	2.498570293228231e-02	3.000000000000000e-06	3.000000000000000e-06
6.310000e-01	4.995738580795632e-02	2.498482551697201e-02	3.000000000000000e-06	3.000000000000000e-06
7.080000e-01	4.995483655254600e-02	2.498391705838935e-02	3.000000000000000e-06	3.000000000000000e-06
7.950000e-01	4.995221088540074e-02	2.498298132166455e-02	3.000000000000000e-06	3.000000000000000e-06
8.920000e-01	4.994954817851130e-02	2.498203233825450e-02	3.000000000000000e-06	3.000000000000000e-06
1.001000e+00	4.994683028465926e-02	2.498106364128786e-02	3.000000000000000e-06	3.000000000000000e-06
1.123000e+00	4.994407250647589e-02	2.498008068521836e-02	3.000000000000000e-06	3.000000000000000e-06
1.259000e+00	4.994128875821002e-02	2.497908843054137e-02	3.000000000000000e-06	3.000000000000000e-06
1.413000e+00	4.993843925681223e-02	2.497807269703956e-02	3.000000000000000e-06	3.000000000000000e-06
1.585000e+00	4.993556643510794e-02	2.497704861052384e-02	3.000000000000000e-06	3.000000000000000e-06
1.779000e+00	4.993264589391141e-02	2.497600747362154e-02	3.000000000000000e-06	3.000000000000000e-06
1.996000e+00	4.992970439368512e-02	2.497495882632490e-02	3.000000000000000e-06	3.000000000000000e-06
2.239000e+00	4.992674197582183e-02	2.497390268374567e-02	3.000000000000000e-06	3.000000000000000e-06
2.512000e+00	4.992375093698079e-02	2.497283629958227e-02	3.000000000000000e-06	3.000000000000000e-06
2.819000e+00	4.992073125793066e-02	2.497175966653962e-02	3.000000000000000e-06	3.000000000000000e-06
3.163000e+00	4.991769607673376e-02	2.497067746833924e-02	3.000000000000000e-06	3.000000000000000e-06
3.549000e+00	4.991464347662258e-02	2.496958902090230e-02	3.000000000000000e-06	3.000000000000000e-06
3.982000e+00	4.991157612235241e-02	2.496849527341760e-02	3.000000000000000e-06	3.000000000000000e-06
4.467000e+00	4.990849998259365e-02	2.496739835299818e-02	3.000000000000000e-06	3.000000000000000e-06
5.012000e+00	4.990540685718695e-02	2.496629533392779e-02	3.000000000000000e-06	3.000000000000000e-06
5.624000e+00	4.990230066197879e-02	2.496518761048221e-02	3.000000000000000e-06	3.000000000000000e-06
6.310000e+00	4.989918898949360e-02	2.496407788792943e-02	3.000000000000000e-06	3.000000000000000e-06
7.080000e+00	4.989606846748228e-02	2.496296496089304e-02	3.000000000000000e-06	3.000000000000000e-06
7.944000e+00	4.989294118483988e-02	2.496184957110194e-02	3.000000000000000e-06	3.000000000000000e-06
8.913000e+00	4.988981029079961e-02	2.496073283806556e-02	3.000000000000000e-06	3.000000000000000e-06
1.000000e+01	4.988667606557304e-02	2.495961485752874e-02	3.000000000000000e-06	3.000000000000000e-06
1.122100e+01	4.988353508819955e-02	2.495849440429540e-02	3.000000000000000e-06	3.000000000000000e-06
1.259000e+01	4.988039535488777e-02	2.495737432526355e-02	3.000000000000000e-06	3.000000000000000e-06
1.412600e+01	4.987725441788797e-02	2.495625374114640e-02	3.000000000000000e-06	3.000000000000000e-06
1.584900e+01	4.987411505225620e-02	2.495513363510375e-02	3.000000000000000e-06	3.000000000000000e-06
1.778300e+01	4.987097540531315e-02	2.495401333838322e-02	3.000000000000000e-06	3.000000000000000e-06
1.995300e+01	4.986783880394657e-02	2.495289402944492e-02	3.000000000000000e-06	3.000000000000000e-06
2.238800e+01	4.986470506406693e-02	2.495177563305595e-02	3.000000000000000e-06	3.000000000000000e-06
2.511900e+01	4.986157803419225e-02	2.495065951222521e-02	3.000000000000000e-06	3.000000000000000e-06
2.818400e+01	4.985845577385908e-02	2.494954496277514e-02	3.000000000000000e-06	3.000000000000000e-06
3.162300e+01	4.985534098721939e-02	2.494843293716697e-02	3.000000000000000e-06	3.000000000000000e-06
3.548200e+01	4.985223464350864e-02	2.494732376745194e-02	3.000000000000000e-06	3.000000000000000e-06
3.981100e+01	4.984913869448260e-02	2.494621813529820e-02	3.000000000000000e-06	3.000000000000000e-06
4.466900e+01	4.984605440266356e-02	2.494511647504819e-02	3.000000000000000e-06	3.000000000000000e-06
5.011900e+01	4.984298375511018e-02	2.494401947859110e-02	3.000000000000000e-06	3.000000000000000e-06
5.623500e+01	4.983992755111044e-02	2.494292741219728e-02	3.000000000000000e-06	3.000000000000000e-06
6.309600e+01	4.983688925593219e-02	2.494184149356960e-02	3.000000000000000e-06	3.000000000000000e-06
7.079500e+01	4.983386998713896e-02	2.494076210041766e-02	3.000000000000000e-06	3.000000000000000e-06
7.943300e+01	4.983087225280213e-02	2.493969010642446e-02	3.000000000000000e-06	3.000000000000000e-06
8.912600e+01	4.982789813404497e-02	2.493862623184224e-02	3.000000000000000e-06	3.000000000000000e-06
1.000010e+02	4.982495084686104e-02	2.493757160239649e-02	3.000000000000000e-06	3.000000000000000e-06
1.122020e+02	4.982203332472456e-02	2.493652724280726e-02	3.000000000000000e-06	3.000000000000000e-06
1.258930e+02	4.981914824276140e-02	2.493549408564394e-02	3.000000000000000e-06	3.000000000000000e-06
1.412540e+02	4.981629903995061e-02	2.493447333786158e-02	3.000000000000000e-06	3.000000000000000e-06
1.584900e+02	4.981348896462920e-02	2.493346613976087e-02	3.000000000000000e-06	3.000000000000000e-06
1.778280e+02	4.981072191941453e-02	2.493247386856071e-02	3.000000000000000e-06	3.000000000000000e-06
1.995270e+02	4.980800164438999e-02	2.493149784663586e-02	3.000000000000000e-06	3.000000000000000e-06
2.238730e+02	4.980533218677666e-02	2.493053951091620e-02	3.000000000000000e-06	3.000000000000000e-06
2.511890e+02	4.980271754423101e-02	2.492960028601264e-02	3.000000000000000e-06	3.000000000000000e-06
2.818390e+02	4.980016167948977e-02	2.492868159047181e-02	3.000000000000000e-06	3.000000000000000e-06
3.162280e+02	4.979766943858601e-02	2.492778516817407e-02	3.000000000000000e-06	3.000000000000000e-06
3.548140e+02	4.979524451813910e-02	2.492691235858615e-02	3.000000000000000e-06	3.000000000000000e-06
3.981080e+02	4.979289139674551e-02	2.492606479222319e-02	3.000000000000000e-06	3.000000000000000e-06
4.466840e+02	4.979061381301107e-02	2.492524384367988e-02	3.000000000000000e-06	3.000000000000000e-06
5.011880e+02	4.978841613026853e-02	2.492445112373403e-02	3.000000000000000e-06	3.000000000000000e-06
5.623420e+02	4.978630148353926e-02	2.492368781133375e-02	3.000000000000000e-06	3.000000000000000e-06
6.309580e+02	4.978427313869453e-02	2.492295514308794e-02	3.000000000000000e-06	3.000000000000000e-06
7.079460e+02	4.978233391052576e-02	2.492225420254262e-02	3.000000000000000e-06	3.000000000000000e-06
7.943290e+02	4.978048602379113e-02	2.492158586842672e-02	3.000000000000000e-06	3.000000000000000e-06
8.912510e+02	4.977873124187802e-02	2.492095085919196e-02	3.000000000000000e-06	3.000000000000000e-06
1.000000e+03	4.977707092234334e-02	2.492034975086174e-02	3.000000000000000e-06	3.000000000000000e-06
