#t[yr]	ecc	inc	eachmass	totalmass
0.000000e+00	1.000000000000000e-02	5.000000000000000e-03	3.000000000000000e-06	3.000000000000000e-06
1.000000e+00	9.791075059884852e-03	4.810992746848158e-03	3.000000000000000e-06	3.000000000000000e-06
2.000000e+00	9.598371626805241e-03	4.630890136372931e-03	3.000000000000000e-06	3.000000000000000e-06
3.000000e+00	9.418987872883314e-03	4.457591693558796e-03	3.000000000000000e-06	3.000000000000000e-06
4.000000e+00	9.252192736181025e-03	4.290905579183021e-03	3.000000000000000e-06	3.000000000000000e-06
5.000000e+00	9.097284057501570e-03	4.130642340437346e-03	3.000000000000000e-06	3.000000000000000e-06
6.000000e+00	8.953588254795105e-03	3.976615459157997e-03	3.000000000000000e-06	3.000000000000000e-06
7.000000e+00	8.820459968855105e-03	3.828641745951468e-03	3.000000000000000e-06	3.000000000000000e-06
8.000000e+00	8.697281688291102e-03	3.686541615964850e-03	3.000000000000000e-06	3.000000000000000e-06
9.000000e+00	8.583463354791175e-03	3.550139274229112e-03	3.000000000000000e-06	3.000000000000000e-06
1.000000e+01	8.478441945286725e-03	3.419262832335364e-03	3.000000000000000e-06	3.000000000000000e-06
1.100000e+01	8.381681025354205e-03	3.293744373293478e-03	3.000000000000000e-06	3.000000000000000e-06
1.200000e+01	8.292670267560830e-03	3.173419977494464e-03	3.000000000000000e-06	3.000000000000000e-06
1.300000e+01	8.210924929031858e-03	3.058129719556208e-03	3.000000000000000e-06	3.000000000000000e-06
1.400000e+01	8.135985283880424e-03	2.947717643328860e-03	3.000000000000000e-06	3.000000000000000e-06
1.500000e+01	8.067416007955670e-03	2.842031720358107e-03	3.000000000000000e-06	3.000000000000000e-06
1.600000e+01	8.004805515354220e-03	2.740923795560847e-03	3.000000000000000e-06	3.000000000000000e-06
1.700000e+01	7.947765248094733e-03	2.644249522684983e-03	3.000000000000000e-06	3.000000000000000e-06
1.800000e+01	7.895928922125935e-03	2.551868291242088e-03	3.000000000000000e-06	3.000000000000000e-06
1.900000e+01	7.848951734329210e-03	2.463643145968023e-03	3.000000000000000e-06	3.000000000000000e-06
2.000000e+01	7.806509536336337e-03	2.379440699439480e-03	3.000000000000000e-06	3.000000000000000e-06
2.100000e+01	7.768297981794790e-03	2.299131038218050e-03	3.000000000000000e-06	3.000000000000000e-06
2.200000e+01	7.734031654188898e-03	2.222587622777212e-03	3.000000000000000e-06	3.000000000000000e-06
2.300000e+01	7.703443182493486e-03	2.149687181465251e-03	3.000000000000000e-06	3.000000000000000e-06
2.400000e+01	7.676282351839554e-03	2.080309598845508e-03	3.000000000000000e-06	3.000000000000000e-06
2.500000e+01	7.652315216056047e-03	2.014337798913871e-03	3.000000000000000e-06	3.000000000000000e-06
2.600000e+01	7.631323218466817e-03	1.951657623902839e-03	3.000000000000000e-06	3.000000000000000e-06
2.700000e+01	7.613102326715058e-03	1.892157709623642e-03	3.000000000000000e-06	3.000000000000000e-06
2.800000e+01	7.597462186701469e-03	1.835729358555210e-03	3.000000000000000e-06	3.000000000000000e-06
2.900000e+01	7.584225299995461e-03	1.782266412143588e-03	3.000000000000000e-06	3.000000000000000e-06
3.000000e+01	7.573226228342220e-03	1.731665124010550e-03	3.000000000000000e-06	3.000000000000000e-06
3.100000e+01	7.564310828167960e-03	1.683824035968627e-03	3.000000000000000e-06	3.000000000000000e-06
3.200000e+01	7.557335517300727e-03	1.638643858885588e-03	3.000000000000000e-06	3.000000000000000e-06
3.300000e+01	7.552166575488595e-03	1.596027360519845e-03	3.000000000000000e-06	3.000000000000000e-06
3.400000e+01	7.548679479720303e-03	1.555879262447301e-03	3.000000000000000e-06	3.000000000000000e-06
3.500000e+01	7.546758274840594e-03	1.518106148110847e-03	3.000000000000000e-06	3.000000000000000e-06
3.600000e+01	7.546294979505765e-03	1.482616383841508e-03	3.000000000000000e-06	3.000000000000000e-06
3.700000e+01	7.547189027143203e-03	1.449320054425728e-03	3.000000000000000e-06	3.000000000000000e-06
3.800000e+01	7.549346741259997e-03	1.418128914432696e-03	3.000000000000000e-06	3.000000000000000e-06
3.900000e+01	7.552680844185603e-03	1.388956356081000e-03	3.000000000000000e-06	3.000000000000000e-06
4.000000e+01	7.557109998127539e-03	1.361717393932895e-03	3.000000000000000e-06	3.000000000000000e-06
4.100000e+01	7.562558377261609e-03	1.336328666179315e-03	3.000000000000000e-06	3.000000000000000e-06
4.200000e+01	7.568955269463710e-03	1.312708451745125e-03	3.000000000000000e-06	3.000000000000000e-06
4.300000e+01	7.576234706213510e-03	1.290776701929208e-03	3.000000000000000e-06	3.000000000000000e-06
4.400000e+01	7.584335119155339e-03	1.270455084824611e-03	3.000000000000000e-06	3.000000000000000e-06
4.500000e+01	7.593199021784167e-03	1.251667040364614e-03	3.000000000000000e-06	3.000000000000000e-06
4.600000e+01	7.602772714729238e-03	1.234337843531222e-03	3.000000000000000e-06	3.000000000000000e-06
4.700000e+01	7.613006013131184e-03	1.218394673057512e-03	3.000000000000000e-06	3.000000000000000e-06
4.800000e+01	7.623851994645918e-03	1.203766682862014e-03	3.000000000000000e-06	3.000000000000000e-06
4.900000e+01	7.635266766657578e-03	1.190385073472166e-03	3.000000000000000e-06	3.000000000000000e-06
5.000000e+01	7.647209251339958e-03	1.178183160818416e-03	3.000000000000000e-06	3.000000000000000e-06
5.100000e+01	7.659640987269103e-03	1.167096439998465e-03	3.000000000000000e-06	3.000000000000000e-06
5.200000e+01	7.672525946356623e-03	1.157062641905358e-03	3.000000000000000e-06	3.000000000000000e-06
5.300000e+01	7.685830364942697e-03	1.148021780963790e-03	3.000000000000000e-06	3.000000000000000e-06
5.400000e+01	7.699522587957469e-03	1.139916192604777e-03	3.000000000000000e-06	3.000000000000000e-06
5.500000e+01	7.713572925129240e-03	1.132690559508838e-03	3.000000000000000e-06	3.000000000000000e-06
5.600000e+01	7.727953518286079e-03	1.126291926042727e-03	3.000000000000000e-06	3.000000000000000e-06
5.700000e+01	7.742638218863875e-03	1.120669700688039e-03	3.000000000000000e-06	3.000000000000000e-06
5.800000e+01	7.757602474797674e-03	1.115775646598514e-03	3.000000000000000e-06	3.000000000000000e-06
5.900000e+01	7.772823226034177e-03	1.111563860717095e-03	3.000000000000000e-06	3.000000000000000e-06
6.000000e+01	7.788278807961269e-03	1.107990742128056e-03	3.000000000000000e-06	3.000000000000000e-06
6.100000e+01	7.803948862105124e-03	1.105014950511401e-03	3.000000000000000e-06	3.000000000000000e-06
6.200000e+01	7.819814253496878e-03	1.102597355706772e-03	3.000000000000000e-06	3.000000000000000e-06
6.300000e+01	7.835856994159026e-03	1.100700979485217e-03	3.000000000000000e-06	3.000000000000000e-06
6.400000e+01	7.852060172206524e-03	1.099290930674000e-03	3.000000000000000e-06	3.000000000000000e-06
6.500000e+01	7.868407886099413e-03	1.098334334787807e-03	3.000000000000000e-06	3.000000000000000e-06
6.600000e+01	7.884885183622367e-03	1.097800259295742e-03	3.000000000000000e-06	3.000000000000000e-06
6.700000e+01	7.901478005202472e-03	1.097659635603636e-03	3.000000000000000e-06	3.000000000000000e-06
6.800000e+01	7.918173131209369e-03	1.097885178761837e-03	3.000000000000000e-06	3.000000000000000e-06
6.900000e+01	7.934958132912560e-03	1.098451305825484e-03	3.000000000000000e-06	3.000000000000000e-06
7.000000e+01	7.951821326798380e-03	1.099334053702384e-03	3.000000000000000e-06	3.000000000000000e-06
7.100000e+01	7.968751731975003e-03	1.100510997227424e-03	3.000000000000000e-06	3.000000000000000e-06
7.200000e+01	7.985739030417216e-03	1.101961168105553e-03	3.000000000000000e-06	3.000000000000000e-06
7.300000e+01	8.002773529824366e-03	1.103664975270597e-03	3.000000000000000e-06	3.000000000000000e-06
7.400000e+01	8.019846128884543e-03	1.105604127116767e-03	3.000000000000000e-06	3.000000000000000e-06
7.500000e+01	8.036948284756044e-03	1.107761555975094e-03	3.000000000000000e-06	3.000000000000000e-06
7.600000e+01	8.054071982593671e-03	1.110121345129456e-03	3.000000000000000e-06	3.000000000000000e-06
7.700000e+01	8.071209706962287e-03	1.112668658596587e-03	3.000000000000000e-06	3.000000000000000e-06
7.800000e+01	8.088354414993986e-03	1.115389673832077e-03	3.000000000000000e-06	3.000000000000000e-06
7.900000e+01	8.105499511157356e-03	1.118271517469496e-03	3.000000000000000e-06	3.000000000000000e-06
8.000000e+01	8.122638823519029e-03	1.121302204152386e-03	3.000000000000000e-06	3.000000000000000e-06
8.100000e+01	8.139766581387702e-03	1.124470578478387e-03	3.000000000000000e-06	3.000000000000000e-06
8.200000e+01	8.156877394240572e-03	1.127766260040798e-03	3.000000000000000e-06	3.000000000000000e-06
8.300000e+01	8.173966231840378e-03	1.131179591524786e-03	3.000000000000000e-06	3.000000000000000e-06
8.400000e+01	8.191028405459263e-03	1.134701589792651e-03	3.000000000000000e-06	3.000000000000000e-06
8.500000e+01	8.208059550132629e-03	1.138323899874494e-03	3.000000000000000e-06	3.000000000000000e-06
8.600000e+01	8.225055607872645e-03	1.142038751766681e-03	3.000000000000000e-06	3.000000000000000e-06
8.700000e+01	8.242012811776939e-03	1.145838919930104e-03	3.000000000000000e-06	3.000000000000000e-06
8.800000e+01	8.258927670973335e-03	1.149717685372992e-03	3.000000000000000e-06	3.000000000000000e-06
8.900000e+01	8.275796956346284e-03	1.153668800198269e-03	3.000000000000000e-06	3.000000000000000e-06
9.000000e+01	8.292617686995209e-03	1.157686454492995e-03	3.000000000000000e-06	3.000000000000000e-06
9.100000e+01	8.309387117378763e-03	1.161765245436711e-03	3.000000000000000e-06	3.000000000000000e-06
9.200000e+01	8.326102725102858e-03	1.165900148506269e-03	3.000000000000000e-06	3.000000000000000e-06
9.300000e+01	8.342762199313548e-03	1.170086490656726e-03	3.000000000000000e-06	3.000000000000000e-06
9.400000e+01	8.359363429658880e-03	1.174319925360731e-03	3.000000000000000e-06	3.000000000000000e-06
9.500000e+01	8.375904495786591e-03	1.178596409392522e-03	3.000000000000000e-06	3.000000000000000e-06
9.600000e+01	8.392383657347055e-03	1.182912181246730e-03	3.000000000000000e-06	3.000000000000000e-06
9.700000e+01	8.408799344473139e-03	1.187263741086789e-03	3.000000000000000e-06	3.000000000000000e-06
9.800000e+01	8.425150148710718e-03	1.191647832122529e-03	3.000000000000000e-06	3.000000000000000e-06
9.900000e+01	8.441434814375544e-03	1.196061423321454e-03	3.000000000000000e-06	3.000000000000000e-06
1.000000e+02	8.457652230313792e-03	1.200501693363253e-03	3.000000000000000e-06	3.000000000000000e-06
1.010000e+02	8.473801422045367e-03	1.204966015752039e-03	3.000000000000000e-06	3.000000000000000e-06
1.020000e+02	8.489881544270290e-03	1.209451945005797e-03	3.000000000000000e-06	3.000000000000000e-06
1.030000e+02	8.505891873719943e-03	1.213957203847298e-03	3.000000000000000e-06	3.000000000000000e-06
1.040000e+02	8.521831802336205e-03	1.218479671325432e-03	3.000000000000000e-06	3.000000000000000e-06
1.050000e+02	8.537700830762411e-03	1.223017371800449e-03	3.000000000000000e-06	3.000000000000000e-06
1.060000e+02	8.553498562131319e-03	1.227568464730870e-03	3.000000000000000e-06	3.000000000000000e-06
1.070000e+02	8.569224696136048e-03	1.232131235204023e-03	3.000000000000000e-06	3.000000000000000e-06
1.080000e+02	8.584879023370873e-03	1.236704085156022e-03	3.000000000000000e-06	3.000000000000000e-06
1.090000e+02	8.600461419929543e-03	1.241285525230776e-03	3.000000000000000e-06	3.000000000000000e-06
1.100000e+02	8.615971842249413e-03	1.245874167231102e-03	3.000000000000000e-06	3.000000000000000e-06
1.110000e+02	8.631410322190549e-03	1.250468717118307e-03	3.000000000000000e-06	3.000000000000000e-06
1.120000e+02	8.646776962339382e-03	1.255067968519757e-03	3.000000000000000e-06	3.000000000000000e-06
1.130000e+02	8.662071931527114e-03	1.259670796706807e-03	3.000000000000000e-06	3.000000000000000e-06
1.140000e+02	8.677295460553685e-03	1.264276153008236e-03	3.000000000000000e-06	3.000000000000000e-06
1.150000e+02	8.692447838108444e-03	1.268883059626853e-03	3.000000000000000e-06	3.000000000000000e-06
1.160000e+02	8.707529406879274e-03	1.273490604829316e-03	3.000000000000000e-06	3.000000000000000e-06
1.170000e+02	8.722540559842198e-03	1.278097938481432e-03	3.000000000000000e-06	3.000000000000000e-06
1.180000e+02	8.737481736723961e-03	1.282704267903252e-03	3.000000000000000e-06	3.000000000000000e-06
1.190000e+02	8.752353420630420e-03	1.287308854020188e-03	3.000000000000000e-06	3.000000000000000e-06
1.200000e+02	8.767156134833906e-03	1.291911007788166e-03	3.000000000000000e-06	3.000000000000000e-06
1.210000e+02	8.781890439713065e-03	1.296510086872475e-03	3.000000000000000e-06	3.000000000000000e-06
1.220000e+02	8.796556929838877e-03	1.301105492561489e-03	3.000000000000000e-06	3.000000000000000e-06
1.230000e+02	8.811156231201026e-03	1.305696666897876e-03	3.000000000000000e-06	3.000000000000000e-06
1.240000e+02	8.825688998568768e-03	1.310283090011209e-03	3.000000000000000e-06	3.000000000000000e-06
1.250000e+02	8.840155912980971e-03	1.314864277637101e-03	3.000000000000000e-06	3.000000000000000e-06
1.260000e+02	8.854557679360024e-03	1.319439778809128e-03	3.000000000000000e-06	3.000000000000000e-06
1.270000e+02	8.868895024244662e-03	1.324009173710838e-03	3.000000000000000e-06	3.000000000000000e-06
1.280000e+02	8.883168693636799e-03	1.328572071676090e-03	3.000000000000000e-06	3.000000000000000e-06
1.290000e+02	8.897379450957869e-03	1.333128109326874e-03	3.000000000000000e-06	3.000000000000000e-06
1.300000e+02	8.911528075110116e-03	1.337676948838574e-03	3.000000000000000e-06	3.000000000000000e-06
1.310000e+02	8.925615358638683e-03	1.342218276323411e-03	3.000000000000000e-06	3.000000000000000e-06
1.320000e+02	8.939642105990242e-03	1.346751800323463e-03	3.000000000000000e-06	3.000000000000000e-06
1.330000e+02	8.953609131864439e-03	1.351277250405357e-03	3.000000000000000e-06	3.000000000000000e-06
1.340000e+02	8.967517259654070e-03	1.355794375849293e-03	3.000000000000000e-06	3.000000000000000e-06
1.350000e+02	8.981367319970616e-03	1.360302944425617e-03	3.000000000000000e-06	3.000000000000000e-06
1.360000e+02	8.995160149251342e-03	1.364802741252678e-03	3.000000000000000e-06	3.000000000000000e-06
1.370000e+02	9.008896588444820e-03	1.369293567730164e-03	3.000000000000000e-06	3.000000000000000e-06
1.380000e+02	9.022577481771378e-03	1.373775240542556e-03	3.000000000000000e-06	3.000000000000000e-06
1.390000e+02	9.036203675555505e-03	1.378247590727726e-03	3.000000000000000e-06	3.000000000000000e-06
1.400000e+02	9.049776017127016e-03	1.382710462806101e-03	3.000000000000000e-06	3.000000000000000e-06
1.410000e+02	9.063295353788177e-03	1.387163713966113e-03	3.000000000000000e-06	3.000000000000000e-06
1.420000e+02	9.076762531843890e-03	1.391607213302032e-03	3.000000000000000e-06	3.000000000000000e-06
1.430000e+02	9.090178395692225e-03	1.396040841100501e-03	3.000000000000000e-06	3.000000000000000e-06
1.440000e+02	9.103543786972710e-03	1.400464488172417e-03	3.000000000000000e-06	3.000000000000000e-06
1.450000e+02	9.116859543769803e-03	1.404878055227028e-03	3.000000000000000e-06	3.000000000000000e-06
1.460000e+02	9.130126499869159e-03	1.409281452285335e-03	3.000000000000000e-06	3.000000000000000e-06
1.470000e+02	9.143345484064251e-03	1.413674598130127e-03	3.000000000000000e-06	3.000000000000000e-06
1.480000e+02	9.156517319511216e-03	1.418057419790145e-03	3.000000000000000e-06	3.000000000000000e-06
1.490000e+02	9.169642823129601e-03	1.422429852056076e-03	3.000000000000000e-06	3.000000000000000e-06
1.500000e+02	9.182722805046978e-03	1.426791837026216e-03	3.000000000000000e-06	3.000000000000000e-06
1.510000e+02	9.195758068085428e-03	1.431143323679850e-03	3.000000000000000e-06	3.000000000000000e-06
1.520000e+02	9.208749407287865e-03	1.435484267476454e-03	3.000000000000000e-06	3.000000000000000e-06
1.530000e+02	9.221697609482377e-03	1.439814629979053e-03	3.000000000000000e-06	3.000000000000000e-06
1.540000e+02	9.234603452882727e-03	1.444134378500108e-03	3.000000000000000e-06	3.000000000000000e-06
1.550000e+02	9.247467706723333e-03	1.448443485768483e-03	3.000000000000000e-06	3.000000000000000e-06
1.560000e+02	9.260291130926980e-03	1.452741929616100e-03	3.000000000000000e-06	3.000000000000000e-06
1.570000e+02	9.273074475803696e-03	1.457029692683013e-03	3.000000000000000e-06	3.000000000000000e-06
1.580000e+02	9.285818481779234e-03	1.461306762139710e-03	3.000000000000000e-06	3.000000000000000e-06
1.590000e+02	9.298523879151619e-03	1.465573129425551e-03	3.000000000000000e-06	3.000000000000000e-06
1.600000e+02	9.311191387874410e-03	1.469828790002300e-03	3.000000000000000e-06	3.000000000000000e-06
1.610000e+02	9.323821717365193e-03	1.474073743121804e-03	3.000000000000000e-06	3.000000000000000e-06
1.620000e+02	9.336415566338076e-03	1.478307991606931e-03	3.000000000000000e-06	3.000000000000000e-06
1.630000e+02	9.348973622658852e-03	1.482531541644932e-03	3.000000000000000e-06	3.000000000000000e-06
1.640000e+02	9.361496563221609e-03	1.486744402592455e-03	3.000000000000000e-06	3.000000000000000e-06
1.650000e+02	9.373985053845650e-03	1.490946586791504e-03	3.000000000000000e-06	3.000000000000000e-06
1.660000e+02	9.386439749191556e-03	1.495138109395654e-03	3.000000000000000e-06	3.000000000000000e-06
1.670000e+02	9.398861292695349e-03	1.499318988205907e-03	3.000000000000000e-06	3.000000000000000e-06
1.680000e+02	9.411250316519647e-03	1.503489243515603e-03	3.000000000000000e-06	3.000000000000000e-06
1.690000e+02	9.423607441520949e-03	1.507648897963842e-03	3.000000000000000e-06	3.000000000000000e-06
1.700000e+02	9.435933277231924e-03	1.511797976396909e-03	3.000000000000000e-06	3.000000000000000e-06
1.710000e+02	9.448228421857984e-03	1.515936505737218e-03	3.000000000000000e-06	3.000000000000000e-06
1.720000e+02	9.460493462287087e-03	1.520064514859345e-03	3.000000000000000e-06	3.000000000000000e-06
1.730000e+02	9.472728974112082e-03	1.524182034472721e-03	3.000000000000000e-06	3.000000000000000e-06
1.740000e+02	9.484935521664687e-03	1.528289097010610e-03	3.000000000000000e-06	3.000000000000000e-06
1.750000e+02	9.497113658060422e-03	1.532385736524991e-03	3.000000000000000e-06	3.000000000000000e-06
1.760000e+02	9.509263925253721e-03	1.536471988587028e-03	3.000000000000000e-06	3.000000000000000e-06
1.770000e+02	9.521386854102538e-03	1.540547890192780e-03	3.000000000000000e-06	3.000000000000000e-06
1.780000e+02	9.533482964441771e-03	1.544613479673884e-03	3.000000000000000e-06	3.000000000000000e-06
1.790000e+02	9.545552765164896e-03	1.548668796612907e-03	3.000000000000000e-06	3.000000000000000e-06
1.800000e+02	9.557596754313186e-03	1.552713881763111e-03	3.000000000000000e-06	3.000000000000000e-06
1.810000e+02	9.569615419171940e-03	1.556748776972401e-03	3.000000000000000e-06	3.000000000000000e-06
1.820000e+02	9.581609236373178e-03	1.560773525111196e-03	3.000000000000000e-06	3.000000000000000e-06
1.830000e+02	9.593578672004270e-03	1.564788170004036e-03	3.000000000000000e-06	3.000000000000000e-06
1.840000e+02	9.605524181722039e-03	1.568792756364702e-03	3.000000000000000e-06	3.000000000000000e-06
1.850000e+02	9.617446210871799e-03	1.572787329734666e-03	3.000000000000000e-06	3.000000000000000e-06
1.860000e+02	9.629345194610934e-03	1.576771936424692e-03	3.000000000000000e-06	3.000000000000000e-06
1.870000e+02	9.641221558036562e-03	1.580746623459411e-03	3.000000000000000e-06	3.000000000000000e-06
1.880000e+02	9.653075716316900e-03	1.584711438524730e-03	3.000000000000000e-06	3.000000000000000e-06
1.890000e+02	9.664908074825932e-03	1.588666429917897e-03	3.000000000000000e-06	3.000000000000000e-06
1.900000e+02	9.676719029281000e-03	1.592611646500108e-03	3.000000000000000e-06	3.000000000000000e-06
1.910000e+02	9.688508965883033e-03	1.596547137651511e-03	3.000000000000000e-06	3.000000000000000e-06
1.920000e+02	9.700278261458990e-03	1.600472953228483e-03	3.000000000000000e-06	3.000000000000000e-06
1.930000e+02	9.712027283606301e-03	1.604389143523067e-03	3.000000000000000e-06	3.000000000000000e-06
1.940000e+02	9.723756390838986e-03	1.608295759224447e-03	3.000000000000000e-06	3.000000000000000e-06
1.950000e+02	9.735465932735122e-03	1.612192851382372e-03	3.000000000000000e-06	3.000000000000000e-06
1.960000e+02	9.747156250085494e-03	1.616080471372418e-03	3.000000000000000e-06	3.000000000000000e-06
1.970000e+02	9.758827675043108e-03	1.619958670862999e-03	3.000000000000000e-06	3.000000000000000e-06
1.980000e+02	9.770480531273365e-03	1.623827501784041e-03	3.000000000000000e-06	3.000000000000000e-06
1.990000e+02	9.782115134104680e-03	1.627687016297232e-03	3.000000000000000e-06	3.000000000000000e-06
2.000000e+02	9.793731790679350e-03	1.631537266767773e-03	3.000000000000000e-06	3.000000000000000e-06
2.010000e+02	9.805330800104468e-03	1.635378305737549e-03	3.000000000000000e-06	3.000000000000000e-06
2.020000e+02	9.816912453602670e-03	1.639210185899662e-03	3.000000000000000e-06	3.000000000000000e-06
2.030000e+02	9.828477034662641e-03	1.643032960074245e-03	3.000000000000000e-06	3.000000000000000e-06
2.040000e+02	9.840024819189120e-03	1.646846681185505e-03	3.000000000000000e-06	3.000000000000000e-06
2.050000e+02	9.851556075652343e-03	1.650651402239929e-03	3.000000000000000e-06	3.000000000000000e-06
2.060000e+02	9.863071065236701e-03	1.654447176305601e-03	3.000000000000000e-06	3.000000000000000e-06
2.070000e+02	9.874570041988584e-03	1.658234056492572e-03	3.000000000000000e-06	3.000000000000000e-06
2.080000e+02	9.886053252963208e-03	1.662012095934236e-03	3.000000000000000e-06	3.000000000000000e-06
2.090000e+02	9.897520938370374e-03	1.665781347769659e-03	3.000000000000000e-06	3.000000000000000e-06
2.100000e+02	9.908973331719022e-03	1.669541865126825e-03	3.000000000000000e-06	3.000000000000000e-06
2.110000e+02	9.920410659960528e-03	1.673293701106744e-03	3.000000000000000e-06	3.000000000000000e-06
2.120000e+02	9.931833143630588e-03	1.677036908768389e-03	3.000000000000000e-06	3.000000000000000e-06
2.130000e+02	9.943240996989691e-03	1.680771541114416e-03	3.000000000000000e-06	3.000000000000000e-06
2.140000e+02	9.954634428162079e-03	1.684497651077638e-03	3.000000000000000e-06	3.000000000000000e-06
2.150000e+02	9.966013639273090e-03	1.688215291508217e-03	3.000000000000000e-06	3.000000000000000e-06
2.160000e+02	9.977378826584884e-03	1.691924515161530e-03	3.000000000000000e-06	3.000000000000000e-06
2.170000e+02	9.988730180630470e-03	1.695625374686686e-03	3.000000000000000e-06	3.000000000000000e-06
2.180000e+02	1.000006788634599e-02	1.699317922615666e-03	3.000000000000000e-06	3.000000000000000e-06
2.190000e+02	1.001139212320119e-02	1.703002211353054e-03	3.000000000000000e-06	3.000000000000000e-06
2.200000e+02	1.002270306532814e-02	1.706678293166324e-03	3.000000000000000e-06	3.000000000000000e-06
2.210000e+02	1.003400088164798e-02	1.710346220176672e-03	3.000000000000000e-06	3.000000000000000e-06
2.220000e+02	1.004528573599592e-02	1.714006044350353e-03	3.000000000000000e-06	3.000000000000000e-06
2.230000e+02	1.005655778724418e-02	1.717657817490516e-03	3.000000000000000e-06	3.000000000000000e-06
2.240000e+02	1.006781718942314e-02	1.721301591229493e-03	3.000000000000000e-06	3.000000000000000e-06
2.250000e+02	1.007906409184041e-02	1.724937417021546e-03	3.000000000000000e-06	3.000000000000000e-06
2.260000e+02	1.009029863919806e-02	1.728565346136022e-03	3.000000000000000e-06	3.000000000000000e-06
2.270000e+02	1.010152097170777e-02	1.732185429650930e-03	3.000000000000000e-06	3.000000000000000e-06
2.280000e+02	1.011273122520403e-02	1.735797718446892e-03	3.000000000000000e-06	3.000000000000000e-06
2.290000e+02	1.012392953125543e-02	1.739402263201467e-03	3.000000000000000e-06	3.000000000000000e-06
2.300000e+02	1.013511601727383e-02	1.742999114383826e-03	3.000000000000000e-06	3.000000000000000e-06
2.310000e+02	1.014629080662164e-02	1.746588322249763e-03	3.000000000000000e-06	3.000000000000000e-06
2.320000e+02	1.015745401871708e-02	1.750169936837026e-03	3.000000000000000e-06	3.000000000000000e-06
2.330000e+02	1.016860576913741e-02	1.753744007960949e-03	3.000000000000000e-06	3.000000000000000e-06
2.340000e+02	1.017974616972032e-02	1.757310585210384e-03	3.000000000000000e-06	3.000000000000000e-06
2.350000e+02	1.019087532866318e-02	1.760869717943907e-03	3.000000000000000e-06	3.000000000000000e-06
2.360000e+02	1.020199335062046e-02	1.764421455286283e-03	3.000000000000000e-06	3.000000000000000e-06
2.370000e+02	1.021310033679921e-02	1.767965846125199e-03	3.000000000000000e-06	3.000000000000000e-06
2.380000e+02	1.022419638505248e-02	1.771502939108220e-03	3.000000000000000e-06	3.000000000000000e-06
2.390000e+02	1.023528158997098e-02	1.775032782639993e-03	3.000000000000000e-06	3.000000000000000e-06
2.400000e+02	1.024635604297273e-02	1.778555424879661e-03	3.000000000000000e-06	3.000000000000000e-06
2.410000e+02	1.025741983239093e-02	1.782070913738485e-03	3.000000000000000e-06	3.000000000000000e-06
2.420000e+02	1.026847304355985e-02	1.785579296877676e-03	3.000000000000000e-06	3.000000000000000e-06
2.430000e+02	1.027951575889897e-02	1.789080621706409e-03	3.000000000000000e-06	3.000000000000000e-06
2.440000e+02	1.029054805799525e-02	1.792574935380017e-03	3.000000000000000e-06	3.000000000000000e-06
2.450000e+02	1.030157001768364e-02	1.796062284798374e-03	3.000000000000000e-06	3.000000000000000e-06
2.460000e+02	1.031258171212576e-02	1.799542716604423e-03	3.000000000000000e-06	3.000000000000000e-06
2.470000e+02	1.032358321288681e-02	1.803016277182874e-03	3.000000000000000e-06	3.000000000000000e-06
2.480000e+02	1.033457458901088e-02	1.806483012659053e-03	3.000000000000000e-06	3.000000000000000e-06
2.490000e+02	1.034555590709436e-02	1.809942968897887e-03	3.000000000000000e-06	3.000000000000000e-06
2.500000e+02	1.035652723135779e-02	1.813396191503029e-03	3.000000000000000e-06	3.000000000000000e-06
2.510000e+02	1.036748862371605e-02	1.816842725816121e-03	3.000000000000000e-06	3.000000000000000e-06
2.520000e+02	1.037844014384679e-02	1.820282616916162e-03	3.000000000000000e-06	3.000000000000000e-06
2.530000e+02	1.038938184925747e-02	1.823715909619015e-03	3.000000000000000e-06	3.000000000000000e-06
2.540000e+02	1.040031379535056e-02	1.827142648477009e-03	3.000000000000000e-06	3.000000000000000e-06
2.550000e+02	1.041123603548735e-02	1.830562877778664e-03	3.000000000000000e-06	3.000000000000000e-06
2.560000e+02	1.042214862105021e-02	1.833976641548500e-03	3.000000000000000e-06	3.000000000000000e-06
2.570000e+02	1.043305160150329e-02	1.837383983546957e-03	3.000000000000000e-06	3.000000000000000e-06
2.580000e+02	1.044394502445171e-02	1.840784947270406e-03	3.000000000000000e-06	3.000000000000000e-06
2.590000e+02	1.045482893569945e-02	1.844179575951232e-03	3.000000000000000e-06	3.000000000000000e-06
2.600000e+02	1.046570337930559e-02	1.847567912558022e-03	3.000000000000000e-06	3.000000000000000e-06
2.610000e+02	1.047656839763937e-02	1.850949999795820e-03	3.000000000000000e-06	3.000000000000000e-06
2.620000e+02	1.048742403143365e-02	1.854325880106452e-03	3.000000000000000e-06	3.000000000000000e-06
2.630000e+02	1.049827031983723e-02	1.857695595668937e-03	3.000000000000000e-06	3.000000000000000e-06
2.640000e+02	1.050910730046568e-02	1.861059188399952e-03	3.000000000000000e-06	3.000000000000000e-06
2.650000e+02	1.051993500945098e-02	1.864416699954370e-03	3.000000000000000e-06	3.000000000000000e-06
2.660000e+02	1.053075348148982e-02	1.867768171725852e-03	3.000000000000000e-06	3.000000000000000e-06
2.670000e+02	1.054156274989063e-02	1.871113644847502e-03	3.000000000000000e-06	3.000000000000000e-06
2.680000e+02	1.055236284661951e-02	1.874453160192574e-03	3.000000000000000e-06	3.000000000000000e-06
2.690000e+02	1.056315380234481e-02	1.877786758375232e-03	3.000000000000000e-06	3.000000000000000e-06
2.700000e+02	1.057393564648063e-02	1.881114479751355e-03	3.000000000000000e-06	3.000000000000000e-06
2.710000e+02	1.058470840722912e-02	1.884436364419392e-03	3.000000000000000e-06	3.000000000000000e-06
2.720000e+02	1.059547211162171e-02	1.887752452221263e-03	3.000000000000000e-06	3.000000000000000e-06
2.730000e+02	1.060622678555916e-02	1.891062782743291e-03	3.000000000000000e-06	3.000000000000000e-06
2.740000e+02	1.061697245385060e-02	1.894367395317185e-03	3.000000000000000e-06	3.000000000000000e-06
2.750000e+02	1.062770914025149e-02	1.897666329021052e-03	3.000000000000000e-06	3.000000000000000e-06
2.760000e+02	1.063843686750054e-02	1.900959622680446e-03	3.000000000000000e-06	3.000000000000000e-06
2.770000e+02	1.064915565735561e-02	1.904247314869446e-03	3.000000000000000e-06	3.000000000000000e-06
2.780000e+02	1.065986553062867e-02	1.907529443911770e-03	3.000000000000000e-06	3.000000000000000e-06
2.790000e+02	1.067056650721975e-02	1.910806047881913e-03	3.000000000000000e-06	3.000000000000000e-06
2.800000e+02	1.068125860614995e-02	1.914077164606315e-03	3.000000000000000e-06	3.000000000000000e-06
2.810000e+02	1.069194184559357e-02	1.917342831664550e-03	3.000000000000000e-06	3.000000000000000e-06
2.820000e+02	1.070261624290927e-02	1.920603086390541e-03	3.000000000000000e-06	3.000000000000000e-06
2.830000e+02	1.071328181467045e-02	1.923857965873798e-03	3.000000000000000e-06	3.000000000000000e-06
2.840000e+02	1.072393857669462e-02	1.927107506960673e-03	3.000000000000000e-06	3.000000000000000e-06
2.850000e+02	1.073458654407212e-02	1.930351746255637e-03	3.000000000000000e-06	3.000000000000000e-06
2.860000e+02	1.074522573119386e-02	1.933590720122571e-03	3.000000000000000e-06	3.000000000000000e-06
2.870000e+02	1.075585615177833e-02	1.936824464686074e-03	3.000000000000000e-06	3.000000000000000e-06
2.880000e+02	1.076647781889786e-02	1.940053015832792e-03	3.000000000000000e-06	3.000000000000000e-06
2.890000e+02	1.077709074500402e-02	1.943276409212751e-03	3.000000000000000e-06	3.000000000000000e-06
2.900000e+02	1.078769494195239e-02	1.946494680240709e-03	3.000000000000000e-06	3.000000000000000e-06
2.910000e+02	1.079829042102653e-02	1.949707864097516e-03	3.000000000000000e-06	3.000000000000000e-06
2.920000e+02	1.080887719296126e-02	1.952915995731489e-03	3.000000000000000e-06	3.000000000000000e-06
2.930000e+02	1.081945526796527e-02	1.956119109859789e-03	3.000000000000000e-06	3.000000000000000e-06
2.940000e+02	1.083002465574302e-02	1.959317240969818e-03	3.000000000000000e-06	3.000000000000000e-06
2.950000e+02	1.084058536551601e-02	1.962510423320606e-03	3.000000000000000e-06	3.000000000000000e-06
2.960000e+02	1.085113740604344e-02	1.965698690944226e-03	3.000000000000000e-06	3.000000000000000e-06
2.970000e+02	1.086168078564213e-02	1.968882077647194e-03	3.000000000000000e-06	3.000000000000000e-06
2.980000e+02	1.087221551220602e-02	1.972060617011895e-03	3.000000000000000e-06	3.000000000000000e-06
2.990000e+02	1.088274159322486e-02	1.975234342397989e-03	3.000000000000000e-06	3.000000000000000e-06
3.000000e+02	1.089325903580253e-02	1.978403286943847e-03	3.000000000000000e-06	3.000000000000000e-06
3.010000e+02	1.090376784667465e-02	1.981567483567970e-03	3.000000000000000e-06	3.000000000000000e-06
3.020000e+02	1.091426803222566e-02	1.984726964970411e-03	3.000000000000000e-06	3.000000000000000e-06
3.030000e+02	1.092475959850551e-02	1.987881763634220e-03	3.000000000000000e-06	3.000000000000000e-06
3.040000e+02	1.093524255124558e-02	1.991031911826859e-03	3.000000000000000e-06	3.000000000000000e-06
3.050000e+02	1.094571689587434e-02	1.994177441601645e-03	3.000000000000000e-06	3.000000000000000e-06
3.060000e+02	1.095618263753235e-02	1.997318384799172e-03	3.000000000000000e-06	3.000000000000000e-06
3.070000e+02	1.096663978108686e-02	2.000454773048749e-03	3.000000000000000e-06	3.000000000000000e-06
3.080000e+02	1.097708833114593e-02	2.003586637769819e-03	3.000000000000000e-06	3.000000000000000e-06
3.090000e+02	1.098752829207206e-02	2.006714010173401e-03	3.000000000000000e-06	3.000000000000000e-06
3.100000e+02	1.099795966799544e-02	2.009836921263504e-03	3.000000000000000e-06	3.000000000000000e-06
3.110000e+02	1.100838246282668e-02	2.012955401838553e-03	3.000000000000000e-06	3.000000000000000e-06
3.120000e+02	1.101879668026923e-02	2.016069482492812e-03	3.000000000000000e-06	3.000000000000000e-06
3.130000e+02	1.102920232383130e-02	2.019179193617803e-03	3.000000000000000e-06	3.000000000000000e-06
3.140000e+02	1.103959939683744e-02	2.022284565403713e-03	3.000000000000000e-06	3.000000000000000e-06
3.150000e+02	1.104998790243969e-02	2.025385627840811e-03	3.000000000000000e-06	3.000000000000000e-06
3.160000e+02	1.106036784362841e-02	2.028482410720849e-03	3.000000000000000e-06	3.000000000000000e-06
3.170000e+02	1.107073922324267e-02	2.031574943638464e-03	3.000000000000000e-06	3.000000000000000e-06
3.180000e+02	1.108110204398032e-02	2.034663255992579e-03	3.000000000000000e-06	3.000000000000000e-06
3.190000e+02	1.109145630840782e-02	2.037747376987787e-03	3.000000000000000e-06	3.000000000000000e-06
3.200000e+02	1.110180201896950e-02	2.040827335635745e-03	3.000000000000000e-06	3.000000000000000e-06
3.210000e+02	1.111213917799672e-02	2.043903160756547e-03	3.000000000000000e-06	3.000000000000000e-06
3.220000e+02	1.112246778771661e-02	2.046974880980103e-03	3.000000000000000e-06	3.000000000000000e-06
3.230000e+02	1.113278785026046e-02	2.050042524747507e-03	3.000000000000000e-06	3.000000000000000e-06
3.240000e+02	1.114309936767193e-02	2.053106120312403e-03	3.000000000000000e-06	3.000000000000000e-06
3.250000e+02	1.115340234191486e-02	2.056165695742333e-03	3.000000000000000e-06	3.000000000000000e-06
3.260000e+02	1.116369677488089e-02	2.059221278920092e-03	3.000000000000000e-06	3.000000000000000e-06
3.270000e+02	1.117398266839667e-02	2.062272897545069e-03	3.000000000000000e-06	3.000000000000000e-06
3.280000e+02	1.118426002423097e-02	2.065320579134589e-03	3.000000000000000e-06	3.000000000000000e-06
3.290000e+02	1.119452884410143e-02	2.068364351025228e-03	3.000000000000000e-06	3.000000000000000e-06
3.300000e+02	1.120478912968103e-02	2.071404240374150e-03	3.000000000000000e-06	3.000000000000000e-06
3.310000e+02	1.121504088260442e-02	2.074440274160412e-03	3.000000000000000e-06	3.000000000000000e-06
3.320000e+02	1.122528410447394e-02	2.077472479186273e-03	3.000000000000000e-06	3.000000000000000e-06
3.330000e+02	1.123551879686541e-02	2.080500882078497e-03	3.000000000000000e-06	3.000000000000000e-06
3.340000e+02	1.124574496133372e-02	2.083525509289634e-03	3.000000000000000e-06	3.000000000000000e-06
3.350000e+02	1.125596259941820e-02	2.086546387099318e-03	3.000000000000000e-06	3.000000000000000e-06
3.360000e+02	1.126617171264776e-02	2.089563541615532e-03	3.000000000000000e-06	3.000000000000000e-06
3.370000e+02	1.127637230254586e-02	2.092576998775885e-03	3.000000000000000e-06	3.000000000000000e-06
3.380000e+02	1.128656437063524e-02	2.095586784348860e-03	3.000000000000000e-06	3.000000000000000e-06
3.390000e+02	1.129674791844249e-02	2.098592923935081e-03	3.000000000000000e-06	3.000000000000000e-06
3.400000e+02	1.130692294750242e-02	2.101595442968547e-03	3.000000000000000e-06	3.000000000000000e-06
3.410000e+02	1.131708945936226e-02	2.104594366717867e-03	3.000000000000000e-06	3.000000000000000e-06
3.420000e+02	1.132724745558563e-02	2.107589720287494e-03	3.000000000000000e-06	3.000000000000000e-06
3.430000e+02	1.133739693775645e-02	2.110581528618939e-03	3.000000000000000e-06	3.000000000000000e-06
3.440000e+02	1.134753790748259e-02	2.113569816491986e-03	3.000000000000000e-06	3.000000000000000e-06
3.450000e+02	1.135767036639937e-02	2.116554608525893e-03	3.000000000000000e-06	3.000000000000000e-06
3.460000e+02	1.136779431617295e-02	2.119535929180582e-03	3.000000000000000e-06	3.000000000000000e-06
3.470000e+02	1.137790975850353e-02	2.122513802757831e-03	3.000000000000000e-06	3.000000000000000e-06
3.480000e+02	1.138801669512843e-02	2.125488253402450e-03	3.000000000000000e-06	3.000000000000000e-06
3.490000e+02	1.139811512782502e-02	2.128459305103448e-03	3.000000000000000e-06	3.000000000000000e-06
3.500000e+02	1.140820505841349e-02	2.131426981695192e-03	3.000000000000000e-06	3.000000000000000e-06
3.510000e+02	1.141828648875952e-02	2.134391306858565e-03	3.000000000000000e-06	3.000000000000000e-06
3.520000e+02	1.142835942077680e-02	2.137352304122106e-03	3.000000000000000e-06	3.000000000000000e-06
3.530000e+02	1.143842385642946e-02	2.140309996863143e-03	3.000000000000000e-06	3.000000000000000e-06
3.540000e+02	1.144847979773434e-02	2.143264408308922e-03	3.000000000000000e-06	3.000000000000000e-06
3.550000e+02	1.145852724676315e-02	2.146215561537726e-03	3.000000000000000e-06	3.000000000000000e-06
3.560000e+02	1.146856620564452e-02	2.149163479479985e-03	3.000000000000000e-06	3.000000000000000e-06
3.570000e+02	1.147859667656597e-02	2.152108184919374e-03	3.000000000000000e-06	3.000000000000000e-06
3.580000e+02	1.148861866177577e-02	2.155049700493910e-03	3.000000000000000e-06	3.000000000000000e-06
3.590000e+02	1.149863216358457e-02	2.157988048697034e-03	3.000000000000000e-06	3.000000000000000e-06
3.600000e+02	1.150863718436721e-02	2.160923251878688e-03	3.000000000000000e-06	3.000000000000000e-06
3.610000e+02	1.151863372656410e-02	2.163855332246380e-03	3.000000000000000e-06	3.000000000000000e-06
3.620000e+02	1.152862179268279e-02	2.166784311866247e-03	3.000000000000000e-06	3.000000000000000e-06
3.630000e+02	1.153860138529927e-02	2.169710212664106e-03	3.000000000000000e-06	3.000000000000000e-06
3.640000e+02	1.154857250705927e-02	2.172633056426494e-03	3.000000000000000e-06	3.000000000000000e-06
3.650000e+02	1.155853516067942e-02	2.175552864801705e-03	3.000000000000000e-06	3.000000000000000e-06
3.660000e+02	1.156848934894841e-02	2.178469659300815e-03	3.000000000000000e-06	3.000000000000000e-06
3.670000e+02	1.157843507472801e-02	2.181383461298699e-03	3.000000000000000e-06	3.000000000000000e-06
3.680000e+02	1.158837234095398e-02	2.184294292035043e-03	3.000000000000000e-06	3.000000000000000e-06
3.690000e+02	1.159830115063703e-02	2.187202172615344e-03	3.000000000000000e-06	3.000000000000000e-06
3.700000e+02	1.160822150686360e-02	2.190107124011903e-03	3.000000000000000e-06	3.000000000000000e-06
3.710000e+02	1.161813341279659e-02	2.193009167064817e-03	3.000000000000000e-06	3.000000000000000e-06
3.720000e+02	1.162803687167607e-02	2.195908322482944e-03	3.000000000000000e-06	3.000000000000000e-06
3.730000e+02	1.163793188681989e-02	2.198804610844883e-03	3.000000000000000e-06	3.000000000000000e-06
3.740000e+02	1.164781846162425e-02	2.201698052599936e-03	3.000000000000000e-06	3.000000000000000e-06
3.750000e+02	1.165769659956416e-02	2.204588668069050e-03	3.000000000000000e-06	3.000000000000000e-06
3.760000e+02	1.166756630419395e-02	2.207476477445775e-03	3.000000000000000e-06	3.000000000000000e-06
3.770000e+02	1.167742757914757e-02	2.210361500797196e-03	3.000000000000000e-06	3.000000000000000e-06
3.780000e+02	1.168728042813904e-02	2.213243758064868e-03	3.000000000000000e-06	3.000000000000000e-06
3.790000e+02	1.169712485496260e-02	2.216123269065729e-03	3.000000000000000e-06	3.000000000000000e-06
3.800000e+02	1.170696086349308e-02	2.219000053493026e-03	3.000000000000000e-06	3.000000000000000e-06
3.810000e+02	1.171678845768598e-02	2.221874130917213e-03	3.000000000000000e-06	3.000000000000000e-06
3.820000e+02	1.172660764157770e-02	2.224745520786858e-03	3.000000000000000e-06	3.000000000000000e-06
3.830000e+02	1.173641841928558e-02	2.227614242429525e-03	3.000000000000000e-06	3.000000000000000e-06
3.840000e+02	1.174622079500797e-02	2.230480315052672e-03	3.000000000000000e-06	3.000000000000000e-06
3.850000e+02	1.175601477302428e-02	2.233343757744513e-03	3.000000000000000e-06	3.000000000000000e-06
3.860000e+02	1.176580035769494e-02	2.236204589474903e-03	3.000000000000000e-06	3.000000000000000e-06
3.870000e+02	1.177557755346133e-02	2.239062829096185e-03	3.000000000000000e-06	3.000000000000000e-06
3.880000e+02	1.178534636484569e-02	2.241918495344055e-03	3.000000000000000e-06	3.000000000000000e-06
3.890000e+02	1.179510679645103e-02	2.244771606838408e-03	3.000000000000000e-06	3.000000000000000e-06
3.900000e+02	1.180485885296092e-02	2.247622182084175e-03	3.000000000000000e-06	3.000000000000000e-06
3.910000e+02	1.181460253913932e-02	2.250470239472160e-03	3.000000000000000e-06	3.000000000000000e-06
3.920000e+02	1.182433785983037e-02	2.253315797279863e-03	3.000000000000000e-06	3.000000000000000e-06
3.930000e+02	1.183406481995811e-02	2.256158873672303e-03	3.000000000000000e-06	3.000000000000000e-06
3.940000e+02	1.184378342452622e-02	2.258999486702827e-03	3.000000000000000e-06	3.000000000000000e-06
3.950000e+02	1.185349367861772e-02	2.261837654313915e-03	3.000000000000000e-06	3.000000000000000e-06
3.960000e+02	1.186319558739461e-02	2.264673394337982e-03	3.000000000000000e-06	3.000000000000000e-06
3.970000e+02	1.187288915609758e-02	2.267506724498164e-03	3.000000000000000e-06	3.000000000000000e-06
3.980000e+02	1.188257439004553e-02	2.270337662409107e-03	3.000000000000000e-06	3.000000000000000e-06
3.990000e+02	1.189225129463525e-02	2.273166225577743e-03	3.000000000000000e-06	3.000000000000000e-06
4.000000e+02	1.190191987534098e-02	2.275992431404064e-03	3.000000000000000e-06	3.000000000000000e-06
4.010000e+02	1.191158013771394e-02	2.278816297181879e-03	3.000000000000000e-06	3.000000000000000e-06
4.020000e+02	1.192123208738191e-02	2.281637840099584e-03	3.000000000000000e-06	3.000000000000000e-06
4.030000e+02	1.193087573004873e-02	2.284457077240900e-03	3.000000000000000e-06	3.000000000000000e-06
4.040000e+02	1.194051107149376e-02	2.287274025585630e-03	3.000000000000000e-06	3.000000000000000e-06
4.050000e+02	1.195013811757146e-02	2.290088702010390e-03	3.000000000000000e-06	3.000000000000000e-06
4.060000e+02	1.195975687421074e-02	2.292901123289343e-03	3.000000000000000e-06	3.000000000000000e-06
4.070000e+02	1.196936734741456e-02	2.295711306094927e-03	3.000000000000000e-06	3.000000000000000e-06
4.080000e+02	1.197896954325922e-02	2.298519266998570e-03	3.000000000000000e-06	3.000000000000000e-06
4.090000e+02	1.198856346789389e-02	2.301325022471407e-03	3.000000000000000e-06	3.000000000000000e-06
4.100000e+02	1.199814912754000e-02	2.304128588884990e-03	3.000000000000000e-06	3.000000000000000e-06
4.110000e+02	1.200772652849061e-02	2.306929982511979e-03	3.000000000000000e-06	3.000000000000000e-06
4.120000e+02	1.201729567710984e-02	2.309729219526849e-03	3.000000000000000e-06	3.000000000000000e-06
4.130000e+02	1.202685657983222e-02	2.312526316006570e-03	3.000000000000000e-06	3.000000000000000e-06
4.140000e+02	1.203640924316209e-02	2.315321287931293e-03	3.000000000000000e-06	3.000000000000000e-06
4.150000e+02	1.204595367367295e-02	2.318114151185030e-03	3.000000000000000e-06	3.000000000000000e-06
4.160000e+02	1.205548987800677e-02	2.320904921556319e-03	3.000000000000000e-06	3.000000000000000e-06
4.170000e+02	1.206501786287341e-02	2.323693614738895e-03	3.000000000000000e-06	3.000000000000000e-06
4.180000e+02	1.207453763504990e-02	2.326480246332347e-03	3.000000000000000e-06	3.000000000000000e-06
4.190000e+02	1.208404920137979e-02	2.329264831842770e-03	3.000000000000000e-06	3.000000000000000e-06
4.200000e+02	1.209355256877244e-02	2.332047386683419e-03	3.000000000000000e-06	3.000000000000000e-06
4.210000e+02	1.210304774420241e-02	2.334827926175344e-03	3.000000000000000e-06	3.000000000000000e-06
4.220000e+02	1.211253473470867e-02	2.337606465548034e-03	3.000000000000000e-06	3.000000000000000e-06
4.230000e+02	1.212201354739399e-02	2.340383019940042e-03	3.000000000000000e-06	3.000000000000000e-06
4.240000e+02	1.213148418942420e-02	2.343157604399617e-03	3.000000000000000e-06	3.000000000000000e-06
4.250000e+02	1.214094666802748e-02	2.345930233885319e-03	3.000000000000000e-06	3.000000000000000e-06
4.260000e+02	1.215040099049367e-02	2.348700923266639e-03	3.000000000000000e-06	3.000000000000000e-06
4.270000e+02	1.215984716417356e-02	2.351469687324606e-03	3.000000000000000e-06	3.000000000000000e-06
4.280000e+02	1.216928519647816e-02	2.354236540752390e-03	3.000000000000000e-06	3.000000000000000e-06
4.290000e+02	1.217871509487800e-02	2.357001498155905e-03	3.000000000000000e-06	3.000000000000000e-06
4.300000e+02	1.218813686690238e-02	2.359764574054399e-03	3.000000000000000e-06	3.000000000000000e-06
4.310000e+02	1.219755052013867e-02	2.362525782881048e-03	3.000000000000000e-06	3.000000000000000e-06
4.320000e+02	1.220695606223159e-02	2.365285138983536e-03	3.000000000000000e-06	3.000000000000000e-06
4.330000e+02	1.221635350088249e-02	2.368042656624636e-03	3.000000000000000e-06	3.000000000000000e-06
4.340000e+02	1.222574284384860e-02	2.370798349982774e-03	3.000000000000000e-06	3.000000000000000e-06
4.350000e+02	1.223512409894232e-02	2.373552233152619e-03	3.000000000000000e-06	3.000000000000000e-06
4.360000e+02	1.224449727403048e-02	2.376304320145623e-03	3.000000000000000e-06	3.000000000000000e-06
4.370000e+02	1.225386237703364e-02	2.379054624890593e-03	3.000000000000000e-06	3.000000000000000e-06
4.380000e+02	1.226321941592534e-02	2.381803161234245e-03	3.000000000000000e-06	3.000000000000000e-06
4.390000e+02	1.227256839873134e-02	2.384549942941747e-03	3.000000000000000e-06	3.000000000000000e-06
4.400000e+02	1.228190933352900e-02	2.387294983697269e-03	3.000000000000000e-06	3.000000000000000e-06
4.410000e+02	1.229124222844642e-02	2.390038297104524e-03	3.000000000000000e-06	3.000000000000000e-06
4.420000e+02	1.230056709166181e-02	2.392779896687294e-03	3.000000000000000e-06	3.000000000000000e-06
4.430000e+02	1.230988393140274e-02	2.395519795889970e-03	3.000000000000000e-06	3.000000000000000e-06
4.440000e+02	1.231919275594542e-02	2.398258008078072e-03	3.000000000000000e-06	3.000000000000000e-06
4.450000e+02	1.232849357361395e-02	2.400994546538775e-03	3.000000000000000e-06	3.000000000000000e-06
4.460000e+02	1.233778639277964e-02	2.403729424481422e-03	3.000000000000000e-06	3.000000000000000e-06
4.470000e+02	1.234707122186031e-02	2.406462655038038e-03	3.000000000000000e-06	3.000000000000000e-06
4.480000e+02	1.235634806931950e-02	2.409194251263837e-03	3.000000000000000e-06	3.000000000000000e-06
4.490000e+02	1.236561694366586e-02	2.411924226137725e-03	3.000000000000000e-06	3.000000000000000e-06
4.500000e+02	1.237487785345234e-02	2.414652592562800e-03	3.000000000000000e-06	3.000000000000000e-06
4.510000e+02	1.238413080727556e-02	2.417379363366851e-03	3.000000000000000e-06	3.000000000000000e-06
4.520000e+02	1.239337581377507e-02	2.420104551302839e-03	3.000000000000000e-06	3.000000000000000e-06
4.530000e+02	1.240261288163266e-02	2.422828169049393e-03	3.000000000000000e-06	3.000000000000000e-06
4.540000e+02	1.241184201957167e-02	2.425550229211287e-03	3.000000000000000e-06	3.000000000000000e-06
4.550000e+02	1.242106323635627e-02	2.428270744319917e-03	3.000000000000000e-06	3.000000000000000e-06
4.560000e+02	1.243027654079081e-02	2.430989726833780e-03	3.000000000000000e-06	3.000000000000000e-06
4.570000e+02	1.243948194171910e-02	2.433707189138940e-03	3.000000000000000e-06	3.000000000000000e-06
4.580000e+02	1.244867944802373e-02	2.436423143549492e-03	3.000000000000000e-06	3.000000000000000e-06
4.590000e+02	1.245786906862544e-02	2.439137602308031e-03	3.000000000000000e-06	3.000000000000000e-06
4.600000e+02	1.246705081248235e-02	2.441850577586101e-03	3.000000000000000e-06	3.000000000000000e-06
4.610000e+02	1.247622468858937e-02	2.444562081484654e-03	3.000000000000000e-06	3.000000000000000e-06
4.620000e+02	1.248539070597752e-02	2.447272126034502e-03	3.000000000000000e-06	3.000000000000000e-06
4.630000e+02	1.249454887371323e-02	2.449980723196757e-03	3.000000000000000e-06	3.000000000000000e-06
4.640000e+02	1.250369920089771e-02	2.452687884863276e-03	3.000000000000000e-06	3.000000000000000e-06
4.650000e+02	1.251284169666628e-02	2.455393622857102e-03	3.000000000000000e-06	3.000000000000000e-06
4.660000e+02	1.252197637018776e-02	2.458097948932896e-03	3.000000000000000e-06	3.000000000000000e-06
4.670000e+02	1.253110323066376e-02	2.460800874777370e-03	3.000000000000000e-06	3.000000000000000e-06
4.680000e+02	1.254022228732807e-02	2.463502412009710e-03	3.000000000000000e-06	3.000000000000000e-06
4.690000e+02	1.254933354944606e-02	2.466202572182006e-03	3.000000000000000e-06	3.000000000000000e-06
4.700000e+02	1.255843702631395e-02	2.468901366779666e-03	3.000000000000000e-06	3.000000000000000e-06
4.710000e+02	1.256753272725833e-02	2.471598807221839e-03	3.000000000000000e-06	3.000000000000000e-06
4.720000e+02	1.257662066163538e-02	2.474294904861823e-03	3.000000000000000e-06	3.000000000000000e-06
4.730000e+02	1.258570083883035e-02	2.476989670987474e-03	3.000000000000000e-06	3.000000000000000e-06
4.740000e+02	1.259477326825691e-02	2.479683116821614e-03	3.000000000000000e-06	3.000000000000000e-06
4.750000e+02	1.260383795935658e-02	2.482375253522435e-03	3.000000000000000e-06	3.000000000000000e-06
4.760000e+02	1.261289492159806e-02	2.485066092183897e-03	3.000000000000000e-06	3.000000000000000e-06
4.770000e+02	1.262194416447669e-02	2.487755643836118e-03	3.000000000000000e-06	3.000000000000000e-06
4.780000e+02	1.263098569751384e-02	2.490443919445779e-03	3.000000000000000e-06	3.000000000000000e-06
4.790000e+02	1.264001953025630e-02	2.493130929916499e-03	3.000000000000000e-06	3.000000000000000e-06
4.800000e+02	1.264904567227573e-02	2.495816686089228e-03	3.000000000000000e-06	3.000000000000000e-06
4.810000e+02	1.265806413316804e-02	2.498501198742632e-03	3.000000000000000e-06	3.000000000000000e-06
4.820000e+02	1.266707492255288e-02	2.501184478593466e-03	3.000000000000000e-06	3.000000000000000e-06
4.830000e+02	1.267607805007298e-02	2.503866536296951e-03	3.000000000000000e-06	3.000000000000000e-06
4.840000e+02	1.268507352539368e-02	2.506547382447151e-03	3.000000000000000e-06	3.000000000000000e-06
4.850000e+02	1.269406135820232e-02	2.509227027577337e-03	3.000000000000000e-06	3.000000000000000e-06
4.860000e+02	1.270304155820769e-02	2.511905482160362e-03	3.000000000000000e-06	3.000000000000000e-06
4.870000e+02	1.271201413513947e-02	2.514582756609014e-03	3.000000000000000e-06	3.000000000000000e-06
4.880000e+02	1.272097909874772e-02	2.517258861276382e-03	3.000000000000000e-06	3.000000000000000e-06
4.890000e+02	1.272993645880234e-02	2.519933806456214e-03	3.000000000000000e-06	3.000000000000000e-06
4.900000e+02	1.273888622509250e-02	2.522607602383268e-03	3.000000000000000e-06	3.000000000000000e-06
4.910000e+02	1.274782840742614e-02	2.525280259233669e-03	3.000000000000000e-06	3.000000000000000e-06
4.920000e+02	1.275676301562944e-02	2.527951787125251e-03	3.000000000000000e-06	3.000000000000000e-06
4.930000e+02	1.276569005954631e-02	2.530622196117905e-03	3.000000000000000e-06	3.000000000000000e-06
4.940000e+02	1.277460954903787e-02	2.533291496213924e-03	3.000000000000000e-06	3.000000000000000e-06
4.950000e+02	1.278352149398193e-02	2.535959697358337e-03	3.000000000000000e-06	3.000000000000000e-06
4.960000e+02	1.279242590427251e-02	2.538626809439253e-03	3.000000000000000e-06	3.000000000000000e-06
4.970000e+02	1.280132278981935e-02	2.541292842288187e-03	3.000000000000000e-06	3.000000000000000e-06
4.980000e+02	1.281021216054735e-02	2.543957805680403e-03	3.000000000000000e-06	3.000000000000000e-06
4.990000e+02	1.281909402639620e-02	2.546621709335227e-03	3.000000000000000e-06	3.000000000000000e-06
5.000000e+02	1.282796839731977e-02	2.549284562916384e-03	3.000000000000000e-06	3.000000000000000e-06
5.010000e+02	1.283683528328574e-02	2.551946376032318e-03	3.000000000000000e-06	3.000000000000000e-06
5.020000e+02	1.284569469427503e-02	2.554607158236514e-03	3.000000000000000e-06	3.000000000000000e-06
5.030000e+02	1.285454664028145e-02	2.557266919027811e-03	3.000000000000000e-06	3.000000000000000e-06
5.040000e+02	1.286339113131109e-02	2.559925667850722e-03	3.000000000000000e-06	3.000000000000000e-06
5.050000e+02	1.287222817738203e-02	2.562583414095743e-03	3.000000000000000e-06	3.000000000000000e-06
5.060000e+02	1.288105778852373e-02	2.565240167099664e-03	3.000000000000000e-06	3.000000000000000e-06
