#t[yr]	ecc	inc	eachmass	totalmass
0.000000e+00	1.000000000000000e-02	5.000000000000000e-03	3.000000000000000e-08	3.000000000000000e-05
1.000000e+00	1.040012800622180e-02	5.073412610809559e-03	3.000000000000000e-08	3.000000000000000e-05
2.000000e+00	1.077469183585972e-02	5.144987731745015e-03	3.000000000000000e-08	3.000000000000000e-05
3.000000e+00	1.113058899415074e-02	5.215371603842172e-03	3.000000000000000e-08	3.000000000000000e-05
4.000000e+00	1.147010057838815e-02	5.284521927129263e-03	3.000000000000000e-08	3.000000000000000e-05
5.000000e+00	1.179510050507877e-02	5.352427223054623e-03	3.000000000000000e-08	3.000000000000000e-05
6.000000e+00	1.210714766021024e-02	5.419097634359243e-03	3.000000000000000e-08	3.000000000000000e-05
7.000000e+00	1.240755321682126e-02	5.484558200195979e-03	3.000000000000000e-08	3.000000000000000e-05
8.000000e+00	1.269743078156818e-02	5.548843939700381e-03	3.000000000000000e-08	3.000000000000000e-05
9.000000e+00	1.297773439716551e-02	5.611996260486475e-03	3.000000000000000e-08	3.000000000000000e-05
1.000000e+01	1.324928778363576e-02	5.674060340990398e-03	3.000000000000000e-08	3.000000000000000e-05
1.100000e+01	1.351280714645992e-02	5.735083230996574e-03	3.000000000000000e-08	3.000000000000000e-05
1.200000e+01	1.376891918593987e-02	5.795112483438154e-03	3.000000000000000e-08	3.000000000000000e-05
1.300000e+01	1.401817547564171e-02	5.854195180232449e-03	3.000000000000000e-08	3.000000000000000e-05
1.400000e+01	1.426106405795564e-02	5.912377250921959e-03	3.000000000000000e-08	3.000000000000000e-05
1.500000e+01	1.449801888157752e-02	5.969703009109904e-03	3.000000000000000e-08	3.000000000000000e-05
1.600000e+01	1.472942754738347e-02	6.026214850857566e-03	3.000000000000000e-08	3.000000000000000e-05
1.700000e+01	1.495563771520731e-02	6.081953073306837e-03	3.000000000000000e-08	3.000000000000000e-05
1.800000e+01	1.517696244089770e-02	6.136955782203412e-03	3.000000000000000e-08	3.000000000000000e-05
1.900000e+01	1.539368465163267e-02	6.191258864724945e-03	3.000000000000000e-08	3.000000000000000e-05
2.000000e+01	1.560606092160458e-02	6.244896009784361e-03	3.000000000000000e-08	3.000000000000000e-05
2.100000e+01	1.581432467556188e-02	6.297898762301390e-03	3.000000000000000e-08	3.000000000000000e-05
2.200000e+01	1.601868892129509e-02	6.350296601192640e-03	3.000000000000000e-08	3.000000000000000e-05
2.300000e+01	1.621934859184272e-02	6.402117033297261e-03	3.000000000000000e-08	3.000000000000000e-05
2.400000e+01	1.641648256243032e-02	6.453385697332256e-03	3.000000000000000e-08	3.000000000000000e-05
2.500000e+01	1.661025539482499e-02	6.504126473407036e-03	3.000000000000000e-08	3.000000000000000e-05
2.600000e+01	1.680081885206857e-02	6.554361594729549e-03	3.000000000000000e-08	3.000000000000000e-05
2.700000e+01	1.698831321883756e-02	6.604111758987170e-03	3.000000000000000e-08	3.000000000000000e-05
2.800000e+01	1.717286845651177e-02	6.653396237544612e-03	3.000000000000000e-08	3.000000000000000e-05
2.900000e+01	1.735460521707509e-02	6.702232981112968e-03	3.000000000000000e-08	3.000000000000000e-05
3.000000e+01	1.753363573595977e-02	6.750638720942609e-03	3.000000000000000e-08	3.000000000000000e-05
3.100000e+01	1.771006462068090e-02	6.798629064903122e-03	3.000000000000000e-08	3.000000000000000e-05
3.200000e+01	1.788398954943697e-02	6.846218588055276e-03	3.000000000000000e-08	3.000000000000000e-05
3.300000e+01	1.805550189165667e-02	6.893420917507475e-03	3.000000000000000e-08	3.000000000000000e-05
3.400000e+01	1.822468726065653e-02	6.940248811494043e-03	3.000000000000000e-08	3.000000000000000e-05
3.500000e+01	1.839162600706824e-02	6.986714232723367e-03	3.000000000000000e-08	3.000000000000000e-05
3.600000e+01	1.855639366043771e-02	7.032828416127489e-03	3.000000000000000e-08	3.000000000000000e-05
3.700000e+01	1.871906132534584e-02	7.078601931206418e-03	3.000000000000000e-08	3.000000000000000e-05
3.800000e+01	1.887969603751697e-02	7.124044739204752e-03	3.000000000000000e-08	3.000000000000000e-05
3.900000e+01	1.903836108463404e-02	7.169166245388345e-03	3.000000000000000e-08	3.000000000000000e-05
4.000000e+01	1.919511629594714e-02	7.213975346707811e-03	3.000000000000000e-08	3.000000000000000e-05
4.100000e+01	1.935001830422500e-02	7.258480475145746e-03	3.000000000000000e-08	3.000000000000000e-05
4.200000e+01	1.950312078313981e-02	7.302689637047485e-03	3.000000000000000e-08	3.000000000000000e-05
4.300000e+01	1.965447466278436e-02	7.346610448732797e-03	3.000000000000000e-08	3.000000000000000e-05
4.400000e+01	1.980412832568295e-02	7.390250168679165e-03	3.000000000000000e-08	3.000000000000000e-05
4.500000e+01	1.995212778536846e-02	7.433615726557372e-03	3.000000000000000e-08	3.000000000000000e-05
4.600000e+01	2.009851684934760e-02	7.476713749387902e-03	3.000000000000000e-08	3.000000000000000e-05
4.700000e+01	2.024333726805990e-02	7.519550585072775e-03	3.000000000000000e-08	3.000000000000000e-05
4.800000e+01	2.038662887124842e-02	7.562132323542637e-03	3.000000000000000e-08	3.000000000000000e-05
4.900000e+01	2.052842969299684e-02	7.604464815743413e-03	3.000000000000000e-08	3.000000000000000e-05
5.000000e+01	2.066877608654514e-02	7.646553690671225e-03	3.000000000000000e-08	3.000000000000000e-05
5.100000e+01	2.080770282987205e-02	7.688404370648772e-03	3.000000000000000e-08	3.000000000000000e-05
5.200000e+01	2.094524322292329e-02	7.730022085021189e-03	3.000000000000000e-08	3.000000000000000e-05
5.300000e+01	2.108142917726925e-02	7.771411882434670e-03	3.000000000000000e-08	3.000000000000000e-05
5.400000e+01	2.121629129889208e-02	7.812578641847165e-03	3.000000000000000e-08	3.000000000000000e-05
5.500000e+01	2.134985896472771e-02	7.853527082407120e-03	3.000000000000000e-08	3.000000000000000e-05
5.600000e+01	2.148216039352383e-02	7.894261772323647e-03	3.000000000000000e-08	3.000000000000000e-05
5.700000e+01	2.161322271151642e-02	7.934787136839880e-03	3.000000000000000e-08	3.000000000000000e-05
5.800000e+01	2.174307201337730e-02	7.975107465410237e-03	3.000000000000000e-08	3.000000000000000e-05
5.900000e+01	2.187173341883900e-02	8.015226918172353e-03	3.000000000000000e-08	3.000000000000000e-05
6.000000e+01	2.199923112536391e-02	8.055149531795057e-03	3.000000000000000e-08	3.000000000000000e-05
6.100000e+01	2.212558845718826e-02	8.094879224775295e-03	3.000000000000000e-08	3.000000000000000e-05
6.200000e+01	2.225082791104015e-02	8.134419802249084e-03	3.000000000000000e-08	3.000000000000000e-05
6.300000e+01	2.237497119880196e-02	8.173774960374544e-03	3.000000000000000e-08	3.000000000000000e-05
6.400000e+01	2.249803928736257e-02	8.212948290338572e-03	3.000000000000000e-08	3.000000000000000e-05
6.500000e+01	2.262005243588157e-02	8.251943282032907e-03	3.000000000000000e-08	3.000000000000000e-05
6.600000e+01	2.274103023066782e-02	8.290763327440144e-03	3.000000000000000e-08	3.000000000000000e-05
6.700000e+01	2.286099161785606e-02	8.329411723765459e-03	3.000000000000000e-08	3.000000000000000e-05
6.800000e+01	2.297995493404897e-02	8.367891676345610e-03	3.000000000000000e-08	3.000000000000000e-05
6.900000e+01	2.309793793507744e-02	8.406206301362963e-03	3.000000000000000e-08	3.000000000000000e-05
7.000000e+01	2.321495782301830e-02	8.444358628388915e-03	3.000000000000000e-08	3.000000000000000e-05
7.100000e+01	2.333103127159698e-02	8.482351602778080e-03	3.000000000000000e-08	3.000000000000000e-05
7.200000e+01	2.344617445009161e-02	8.520188087931832e-03	3.000000000000000e-08	3.000000000000000e-05
7.300000e+01	2.356040304584530e-02	8.557870867447503e-03	3.000000000000000e-08	3.000000000000000e-05
7.400000e+01	2.367373228548450e-02	8.595402647167408e-03	3.000000000000000e-08	3.000000000000000e-05
7.500000e+01	2.378617695493336e-02	8.632786057139899e-03	3.000000000000000e-08	3.000000000000000e-05
7.600000e+01	2.389775141830663e-02	8.670023653503129e-03	3.000000000000000e-08	3.000000000000000e-05
7.700000e+01	2.400846963575703e-02	8.707117920300676e-03	3.000000000000000e-08	3.000000000000000e-05
7.800000e+01	2.411834518034716e-02	8.744071271236904e-03	3.000000000000000e-08	3.000000000000000e-05
7.900000e+01	2.422739125401042e-02	8.780886051378814e-03	3.000000000000000e-08	3.000000000000000e-05
8.000000e+01	2.433562070266038e-02	8.817564538810224e-03	3.000000000000000e-08	3.000000000000000e-05
8.100000e+01	2.444304603050349e-02	8.854108946243102e-03	3.000000000000000e-08	3.000000000000000e-05
8.200000e+01	2.454967941360626e-02	8.890521422590343e-03	3.000000000000000e-08	3.000000000000000e-05
8.300000e+01	2.465553271276344e-02	8.926804054503402e-03	3.000000000000000e-08	3.000000000000000e-05
8.400000e+01	2.476061748571124e-02	8.962958867877827e-03	3.000000000000000e-08	3.000000000000000e-05
8.500000e+01	2.486494499872546e-02	8.998987829329126e-03	3.000000000000000e-08	3.000000000000000e-05
8.600000e+01	2.496852623764243e-02	9.034892847641031e-03	3.000000000000000e-08	3.000000000000000e-05
8.700000e+01	2.507137191833721e-02	9.070675775187852e-03	3.000000000000000e-08	3.000000000000000e-05
8.800000e+01	2.517349249669153e-02	9.106338409332285e-03	3.000000000000000e-08	3.000000000000000e-05
8.900000e+01	2.527489817808144e-02	9.141882493799821e-03	3.000000000000000e-08	3.000000000000000e-05
9.000000e+01	2.537559892641272e-02	9.177309720030634e-03	3.000000000000000e-08	3.000000000000000e-05
9.100000e+01	2.547560447273017e-02	9.212621728509666e-03	3.000000000000000e-08	3.000000000000000e-05
9.200000e+01	2.557492432342483e-02	9.247820110075454e-03	3.000000000000000e-08	3.000000000000000e-05
9.300000e+01	2.567356776806227e-02	9.282906407208098e-03	3.000000000000000e-08	3.000000000000000e-05
9.400000e+01	2.577154388685264e-02	9.317882115296716e-03	3.000000000000000e-08	3.000000000000000e-05
9.500000e+01	2.586886155778264e-02	9.352748683886596e-03	3.000000000000000e-08	3.000000000000000e-05
9.600000e+01	2.596552946342774e-02	9.387507517906160e-03	3.000000000000000e-08	3.000000000000000e-05
9.700000e+01	2.606155609746199e-02	9.422159978873872e-03	3.000000000000000e-08	3.000000000000000e-05
9.800000e+01	2.615694977088179e-02	9.456707386085124e-03	3.000000000000000e-08	3.000000000000000e-05
9.900000e+01	2.625171861795867e-02	9.491151017779146e-03	3.000000000000000e-08	3.000000000000000e-05
1.000000e+02	2.634587060193528e-02	9.525492112285861e-03	3.000000000000000e-08	3.000000000000000e-05
1.010000e+02	2.643941352047829e-02	9.559731869152733e-03	3.000000000000000e-08	3.000000000000000e-05
1.020000e+02	2.653235501090045e-02	9.593871450251541e-03	3.000000000000000e-08	3.000000000000000e-05
1.030000e+02	2.662470255516366e-02	9.627911980865059e-03	3.000000000000000e-08	3.000000000000000e-05
1.040000e+02	2.671646348467440e-02	9.661854550753590e-03	3.000000000000000e-08	3.000000000000000e-05
1.050000e+02	2.680764498488164e-02	9.695700215201331e-03	3.000000000000000e-08	3.000000000000000e-05
1.060000e+02	2.689825409968728e-02	9.729449996042553e-03	3.000000000000000e-08	3.000000000000000e-05
1.070000e+02	2.698829773567829e-02	9.763104882667567e-03	3.000000000000000e-08	3.000000000000000e-05
1.080000e+02	2.707778266618935e-02	9.796665833008476e-03	3.000000000000000e-08	3.000000000000000e-05
1.090000e+02	2.716671553520404e-02	9.830133774504776e-03	3.000000000000000e-08	3.000000000000000e-05
1.100000e+02	2.725510286110265e-02	9.863509605048729e-03	3.000000000000000e-08	3.000000000000000e-05
1.110000e+02	2.734295104026362e-02	9.896794193910667e-03	3.000000000000000e-08	3.000000000000000e-05
1.120000e+02	2.743026635052574e-02	9.929988382644191e-03	3.000000000000000e-08	3.000000000000000e-05
1.130000e+02	2.751705495451756e-02	9.963092985971408e-03	3.000000000000000e-08	3.000000000000000e-05
1.140000e+02	2.760332290286028e-02	9.996108792648235e-03	3.000000000000000e-08	3.000000000000000e-05
1.150000e+02	2.768907613724982e-02	1.002903656630995e-02	3.000000000000000e-08	3.000000000000000e-05
1.160000e+02	2.777432049342375e-02	1.006187704629703e-02	3.000000000000000e-08	3.000000000000000e-05
1.170000e+02	2.785906170401831e-02	1.009463094846145e-02	3.000000000000000e-08	3.000000000000000e-05
1.180000e+02	2.794330540132036e-02	1.012729896595366e-02	3.000000000000000e-08	3.000000000000000e-05
1.190000e+02	2.802705711991911e-02	1.015988176999025e-02	3.000000000000000e-08	3.000000000000000e-05
1.200000e+02	2.811032229926196e-02	1.019238001060264e-02	3.000000000000000e-08	3.000000000000000e-05
1.210000e+02	2.819310628611885e-02	1.022479431736687e-02	3.000000000000000e-08	3.000000000000000e-05
1.220000e+02	2.827541433695902e-02	1.025712530011482e-02	3.000000000000000e-08	3.000000000000000e-05
1.230000e+02	2.835725162024389e-02	1.028937354962688e-02	3.000000000000000e-08	3.000000000000000e-05
1.240000e+02	2.843862321863992e-02	1.032153963830653e-02	3.000000000000000e-08	3.000000000000000e-05
1.250000e+02	2.851953413115477e-02	1.035362412083689e-02	3.000000000000000e-08	3.000000000000000e-05
1.260000e+02	2.859998927519991e-02	1.038562753481952e-02	3.000000000000000e-08	3.000000000000000e-05
1.270000e+02	2.867999348858306e-02	1.041755040139578e-02	3.000000000000000e-08	3.000000000000000e-05
1.280000e+02	2.875955153143311e-02	1.044939322585098e-02	3.000000000000000e-08	3.000000000000000e-05
1.290000e+02	2.883866808806058e-02	1.048115649820154e-02	3.000000000000000e-08	3.000000000000000e-05
1.300000e+02	2.891734776875614e-02	1.051284069376552e-02	3.000000000000000e-08	3.000000000000000e-05
1.310000e+02	2.899559511152983e-02	1.054444627371670e-02	3.000000000000000e-08	3.000000000000000e-05
1.320000e+02	2.907341458379336e-02	1.057597368562255e-02	3.000000000000000e-08	3.000000000000000e-05
1.330000e+02	2.915081058398784e-02	1.060742336396645e-02	3.000000000000000e-08	3.000000000000000e-05
1.340000e+02	2.922778744315901e-02	1.063879573065421e-02	3.000000000000000e-08	3.000000000000000e-05
1.350000e+02	2.930434942648239e-02	1.067009119550551e-02	3.000000000000000e-08	3.000000000000000e-05
1.360000e+02	2.938050073473990e-02	1.070131015673029e-02	3.000000000000000e-08	3.000000000000000e-05
1.370000e+02	2.945624550575031e-02	1.073245300139050e-02	3.000000000000000e-08	3.000000000000000e-05
1.380000e+02	2.953158781575501e-02	1.076352010584749e-02	3.000000000000000e-08	3.000000000000000e-05
1.390000e+02	2.960653168076105e-02	1.079451183619540e-02	3.000000000000000e-08	3.000000000000000e-05
1.400000e+02	2.968108105784301e-02	1.082542854868065e-02	3.000000000000000e-08	3.000000000000000e-05
1.410000e+02	2.975523984640526e-02	1.085627059010820e-02	3.000000000000000e-08	3.000000000000000e-05
1.420000e+02	2.982901188940631e-02	1.088703829823438e-02	3.000000000000000e-08	3.000000000000000e-05
1.430000e+02	2.990240097454648e-02	1.091773200214709e-02	3.000000000000000e-08	3.000000000000000e-05
1.440000e+02	2.997541083542031e-02	1.094835202263328e-02	3.000000000000000e-08	3.000000000000000e-05
1.450000e+02	3.004804515263525e-02	1.097889867253428e-02	3.000000000000000e-08	3.000000000000000e-05
1.460000e+02	3.012030755489760e-02	1.100937225708901e-02	3.000000000000000e-08	3.000000000000000e-05
1.470000e+02	3.019220162006712e-02	1.103977307426568e-02	3.000000000000000e-08	3.000000000000000e-05
1.480000e+02	3.026373087618142e-02	1.107010141508194e-02	3.000000000000000e-08	3.000000000000000e-05
1.490000e+02	3.033489880245110e-02	1.110035756391397e-02	3.000000000000000e-08	3.000000000000000e-05
1.500000e+02	3.040570883022700e-02	1.113054179879481e-02	3.000000000000000e-08	3.000000000000000e-05
1.510000e+02	3.047616434394027e-02	1.116065439170204e-02	3.000000000000000e-08	3.000000000000000e-05
1.520000e+02	3.054626868201640e-02	1.119069560883525e-02	3.000000000000000e-08	3.000000000000000e-05
1.530000e+02	3.061602513776412e-02	1.122066571088349e-02	3.000000000000000e-08	3.000000000000000e-05
1.540000e+02	3.068543696024008e-02	1.125056495328297e-02	3.000000000000000e-08	3.000000000000000e-05
1.550000e+02	3.075450735509004e-02	1.128039358646536e-02	3.000000000000000e-08	3.000000000000000e-05
1.560000e+02	3.082323948536762e-02	1.131015185609684e-02	3.000000000000000e-08	3.000000000000000e-05
1.570000e+02	3.089163647233119e-02	1.133984000330817e-02	3.000000000000000e-08	3.000000000000000e-05
1.580000e+02	3.095970139621972e-02	1.136945826491614e-02	3.000000000000000e-08	3.000000000000000e-05
1.590000e+02	3.102743729700842e-02	1.139900687363655e-02	3.000000000000000e-08	3.000000000000000e-05
1.600000e+02	3.109484717514467e-02	1.142848605828898e-02	3.000000000000000e-08	3.000000000000000e-05
1.610000e+02	3.116193399226505e-02	1.145789604399359e-02	3.000000000000000e-08	3.000000000000000e-05
1.620000e+02	3.122870067189413e-02	1.148723705236021e-02	3.000000000000000e-08	3.000000000000000e-05
1.630000e+02	3.129515010012544e-02	1.151650930166998e-02	3.000000000000000e-08	3.000000000000000e-05
1.640000e+02	3.136128512628556e-02	1.154571300704961e-02	3.000000000000000e-08	3.000000000000000e-05
1.650000e+02	3.142710856358134e-02	1.157484838063876e-02	3.000000000000000e-08	3.000000000000000e-05
1.660000e+02	3.149262318973157e-02	1.160391563175041e-02	3.000000000000000e-08	3.000000000000000e-05
1.670000e+02	3.155783174758280e-02	1.163291496702475e-02	3.000000000000000e-08	3.000000000000000e-05
1.680000e+02	3.162273694571044e-02	1.166184659057665e-02	3.000000000000000e-08	3.000000000000000e-05
1.690000e+02	3.168734145900530e-02	1.169071070413682e-02	3.000000000000000e-08	3.000000000000000e-05
1.700000e+02	3.175164792924613e-02	1.171950750718710e-02	3.000000000000000e-08	3.000000000000000e-05
1.710000e+02	3.181565896565857e-02	1.174823719708988e-02	3.000000000000000e-08	3.000000000000000e-05
1.720000e+02	3.187937714546097e-02	1.177689996921188e-02	3.000000000000000e-08	3.000000000000000e-05
1.730000e+02	3.194280501439754e-02	1.180549601704254e-02	3.000000000000000e-08	3.000000000000000e-05
1.740000e+02	3.200594508725911e-02	1.183402553230710e-02	3.000000000000000e-08	3.000000000000000e-05
1.750000e+02	3.206879984839200e-02	1.186248870507470e-02	3.000000000000000e-08	3.000000000000000e-05
1.760000e+02	3.213137175219518e-02	1.189088572386145e-02	3.000000000000000e-08	3.000000000000000e-05
1.770000e+02	3.219366322360643e-02	1.191921677572885e-02	3.000000000000000e-08	3.000000000000000e-05
1.780000e+02	3.225567665857737e-02	1.194748204637759e-02	3.000000000000000e-08	3.000000000000000e-05
1.790000e+02	3.231741442453822e-02	1.197568172023699e-02	3.000000000000000e-08	3.000000000000000e-05
1.800000e+02	3.237887886085197e-02	1.200381598055014e-02	3.000000000000000e-08	3.000000000000000e-05
1.810000e+02	3.244007227925889e-02	1.203188500945486e-02	3.000000000000000e-08	3.000000000000000e-05
1.820000e+02	3.250099696431133e-02	1.205988898806085e-02	3.000000000000000e-08	3.000000000000000e-05
1.830000e+02	3.256165517379905e-02	1.208782809652291e-02	3.000000000000000e-08	3.000000000000000e-05
1.840000e+02	3.262204913916569e-02	1.211570251411049e-02	3.000000000000000e-08	3.000000000000000e-05
1.850000e+02	3.268218106591614e-02	1.214351241927373e-02	3.000000000000000e-08	3.000000000000000e-05
1.860000e+02	3.274205313401550e-02	1.217125798970605e-02	3.000000000000000e-08	3.000000000000000e-05
1.870000e+02	3.280166749827977e-02	1.219893940240343e-02	3.000000000000000e-08	3.000000000000000e-05
1.880000e+02	3.286102628875822e-02	1.222655683372062e-02	3.000000000000000e-08	3.000000000000000e-05
1.890000e+02	3.292013161110811e-02	1.225411045942414e-02	3.000000000000000e-08	3.000000000000000e-05
1.900000e+02	3.297898554696173e-02	1.228160045474259e-02	3.000000000000000e-08	3.000000000000000e-05
1.910000e+02	3.303759015428588e-02	1.230902699441382e-02	3.000000000000000e-08	3.000000000000000e-05
1.920000e+02	3.309594746773420e-02	1.233639025272972e-02	3.000000000000000e-08	3.000000000000000e-05
1.930000e+02	3.315405949899251e-02	1.236369040357820e-02	3.000000000000000e-08	3.000000000000000e-05
1.940000e+02	3.321192823711720e-02	1.239092762048272e-02	3.000000000000000e-08	3.000000000000000e-05
1.950000e+02	3.326955564886707e-02	1.241810207663945e-02	3.000000000000000e-08	3.000000000000000e-05
1.960000e+02	3.332694367902857e-02	1.244521394495210e-02	3.000000000000000e-08	3.000000000000000e-05
1.970000e+02	3.338409425073485e-02	1.247226339806456e-02	3.000000000000000e-08	3.000000000000000e-05
1.980000e+02	3.344100926577852e-02	1.249925060839140e-02	3.000000000000000e-08	3.000000000000000e-05
1.990000e+02	3.349769060491861e-02	1.252617574814635e-02	3.000000000000000e-08	3.000000000000000e-05
2.000000e+02	3.355414012818149e-02	1.255303898936880e-02	3.000000000000000e-08	3.000000000000000e-05
2.010000e+02	3.361035967515623e-02	1.257984050394854e-02	3.000000000000000e-08	3.000000000000000e-05
2.020000e+02	3.366635106528444e-02	1.260658046364859e-02	3.000000000000000e-08	3.000000000000000e-05
2.030000e+02	3.372211609814463e-02	1.263325904012635e-02	3.000000000000000e-08	3.000000000000000e-05
2.040000e+02	3.377765655373139e-02	1.265987640495320e-02	3.000000000000000e-08	3.000000000000000e-05
2.050000e+02	3.383297419272931e-02	1.268643272963245e-02	3.000000000000000e-08	3.000000000000000e-05
2.060000e+02	3.388807075678210e-02	1.271292818561578e-02	3.000000000000000e-08	3.000000000000000e-05
2.070000e+02	3.394294796875661e-02	1.273936294431836e-02	3.000000000000000e-08	3.000000000000000e-05
2.080000e+02	3.399760753300222e-02	1.276573717713249e-02	3.000000000000000e-08	3.000000000000000e-05
2.090000e+02	3.405205113560558e-02	1.279205105544004e-02	3.000000000000000e-08	3.000000000000000e-05
2.100000e+02	3.410628044464074e-02	1.281830475062353e-02	3.000000000000000e-08	3.000000000000000e-05
2.110000e+02	3.416029711041486e-02	1.284449843407618e-02	3.000000000000000e-08	3.000000000000000e-05
2.120000e+02	3.421410276570973e-02	1.287063227721069e-02	3.000000000000000e-08	3.000000000000000e-05
2.130000e+02	3.426769902601886e-02	1.289670645146705e-02	3.000000000000000e-08	3.000000000000000e-05
2.140000e+02	3.432108748978063e-02	1.292272112831925e-02	3.000000000000000e-08	3.000000000000000e-05
2.150000e+02	3.437426973860726e-02	1.294867647928109e-02	3.000000000000000e-08	3.000000000000000e-05
2.160000e+02	3.442724733750997e-02	1.297457267591103e-02	3.000000000000000e-08	3.000000000000000e-05
2.170000e+02	3.448002183512025e-02	1.300040988981618e-02	3.000000000000000e-08	3.000000000000000e-05
2.180000e+02	3.453259476390729e-02	1.302618829265539e-02	3.000000000000000e-08	3.000000000000000e-05
2.190000e+02	3.458496764039186e-02	1.305190805614171e-02	3.000000000000000e-08	3.000000000000000e-05
2.200000e+02	3.463714196535649e-02	1.307756935204392e-02	3.000000000000000e-08	3.000000000000000e-05
2.210000e+02	3.468911922405229e-02	1.310317235218749e-02	3.000000000000000e-08	3.000000000000000e-05
2.220000e+02	3.474090088640210e-02	1.312871722845478e-02	3.000000000000000e-08	3.000000000000000e-05
2.230000e+02	3.479248840720050e-02	1.315420415278468e-02	3.000000000000000e-08	3.000000000000000e-05
2.240000e+02	3.484388322631041e-02	1.317963329717160e-02	3.000000000000000e-08	3.000000000000000e-05
2.250000e+02	3.489508676885646e-02	1.320500483366395e-02	3.000000000000000e-08	3.000000000000000e-05
2.260000e+02	3.494610044541532e-02	1.323031893436202e-02	3.000000000000000e-08	3.000000000000000e-05
2.270000e+02	3.499692565220285e-02	1.325557577141544e-02	3.000000000000000e-08	3.000000000000000e-05
2.280000e+02	3.504756377125828e-02	1.328077551702010e-02	3.000000000000000e-08	3.000000000000000e-05
2.290000e+02	3.509801617062536e-02	1.330591834341470e-02	3.000000000000000e-08	3.000000000000000e-05
2.300000e+02	3.514828420453077e-02	1.333100442287684e-02	3.000000000000000e-08	3.000000000000000e-05
2.310000e+02	3.519836921355950e-02	1.335603392771873e-02	3.000000000000000e-08	3.000000000000000e-05
2.320000e+02	3.524827252482763e-02	1.338100703028256e-02	3.000000000000000e-08	3.000000000000000e-05
2.330000e+02	3.529799545215234e-02	1.340592390293555e-02	3.000000000000000e-08	3.000000000000000e-05
2.340000e+02	3.534753929621913e-02	1.343078471806462e-02	3.000000000000000e-08	3.000000000000000e-05
2.350000e+02	3.539690534474665e-02	1.345558964807086e-02	3.000000000000000e-08	3.000000000000000e-05
2.360000e+02	3.544609487264876e-02	1.348033886536368e-02	3.000000000000000e-08	3.000000000000000e-05
2.370000e+02	3.549510914219429e-02	1.350503254235470e-02	3.000000000000000e-08	3.000000000000000e-05
2.380000e+02	3.554394940316413e-02	1.352967085145145e-02	3.000000000000000e-08	3.000000000000000e-05
2.390000e+02	3.559261689300611e-02	1.355425396505088e-02	3.000000000000000e-08	3.000000000000000e-05
2.400000e+02	3.564111283698736e-02	1.357878205553261e-02	3.000000000000000e-08	3.000000000000000e-05
2.410000e+02	3.568943844834445e-02	1.360325529525204e-02	3.000000000000000e-08	3.000000000000000e-05
2.420000e+02	3.573759492843117e-02	1.362767385653337e-02	3.000000000000000e-08	3.000000000000000e-05
2.430000e+02	3.578558346686423e-02	1.365203791166233e-02	3.000000000000000e-08	3.000000000000000e-05
2.440000e+02	3.583340524166664e-02	1.367634763287897e-02	3.000000000000000e-08	3.000000000000000e-05
2.450000e+02	3.588106141940894e-02	1.370060319237015e-02	3.000000000000000e-08	3.000000000000000e-05
2.460000e+02	3.592855315534845e-02	1.372480476226209e-02	3.000000000000000e-08	3.000000000000000e-05
2.470000e+02	3.597588159356632e-02	1.374895251461270e-02	3.000000000000000e-08	3.000000000000000e-05
2.480000e+02	3.602304786710268e-02	1.377304662140402e-02	3.000000000000000e-08	3.000000000000000e-05
2.490000e+02	3.607005309808965e-02	1.379708725453433e-02	3.000000000000000e-08	3.000000000000000e-05
2.500000e+02	3.611689839788258e-02	1.382107458581051e-02	3.000000000000000e-08	3.000000000000000e-05
2.510000e+02	3.616358486718913e-02	1.384500878694010e-02	3.000000000000000e-08	3.000000000000000e-05
2.520000e+02	3.621011359619678e-02	1.386889002952352e-02	3.000000000000000e-08	3.000000000000000e-05
2.530000e+02	3.625648566469823e-02	1.389271848504617e-02	3.000000000000000e-08	3.000000000000000e-05
2.540000e+02	3.630270214221503e-02	1.391649432487051e-02	3.000000000000000e-08	3.000000000000000e-05
2.550000e+02	3.634876408811964e-02	1.394021772022824e-02	3.000000000000000e-08	3.000000000000000e-05
2.560000e+02	3.639467255175543e-02	1.396388884221235e-02	3.000000000000000e-08	3.000000000000000e-05
2.570000e+02	3.644042857255515e-02	1.398750786176932e-02	3.000000000000000e-08	3.000000000000000e-05
2.580000e+02	3.648603318015767e-02	1.401107494969120e-02	3.000000000000000e-08	3.000000000000000e-05
2.590000e+02	3.653148739452310e-02	1.403459027660784e-02	3.000000000000000e-08	3.000000000000000e-05
2.600000e+02	3.657679222604619e-02	1.405805401297908e-02	3.000000000000000e-08	3.000000000000000e-05
2.610000e+02	3.662194867566820e-02	1.408146632908701e-02	3.000000000000000e-08	3.000000000000000e-05
2.620000e+02	3.666695773498713e-02	1.410482739502829e-02	3.000000000000000e-08	3.000000000000000e-05
2.630000e+02	3.671182038636648e-02	1.412813738070646e-02	3.000000000000000e-08	3.000000000000000e-05
2.640000e+02	3.675653760304248e-02	1.415139645582438e-02	3.000000000000000e-08	3.000000000000000e-05
2.650000e+02	3.680111034922973e-02	1.417460478987669e-02	3.000000000000000e-08	3.000000000000000e-05
2.660000e+02	3.684553958022548e-02	1.419776255214234e-02	3.000000000000000e-08	3.000000000000000e-05
2.670000e+02	3.688982624251241e-02	1.422086991167720e-02	3.000000000000000e-08	3.000000000000000e-05
2.680000e+02	3.693397127386003e-02	1.424392703730674e-02	3.000000000000000e-08	3.000000000000000e-05
2.690000e+02	3.697797560342458e-02	1.426693409761877e-02	3.000000000000000e-08	3.000000000000000e-05
2.700000e+02	3.702184015184772e-02	1.428989126095630e-02	3.000000000000000e-08	3.000000000000000e-05
2.710000e+02	3.706556583135368e-02	1.431279869541043e-02	3.000000000000000e-08	3.000000000000000e-05
2.720000e+02	3.710915354584530e-02	1.433565656881339e-02	3.000000000000000e-08	3.000000000000000e-05
2.730000e+02	3.715260419099854e-02	1.435846504873159e-02	3.000000000000000e-08	3.000000000000000e-05
2.740000e+02	3.719591865435588e-02	1.438122430245887e-02	3.000000000000000e-08	3.000000000000000e-05
2.750000e+02	3.723909781541827e-02	1.440393449700973e-02	3.000000000000000e-08	3.000000000000000e-05
2.760000e+02	3.728214254573612e-02	1.442659579911270e-02	3.000000000000000e-08	3.000000000000000e-05
2.770000e+02	3.732505370899874e-02	1.444920837520388e-02	3.000000000000000e-08	3.000000000000000e-05
2.780000e+02	3.736783216112280e-02	1.447177239142044e-02	3.000000000000000e-08	3.000000000000000e-05
2.790000e+02	3.741047875033956e-02	1.449428801359434e-02	3.000000000000000e-08	3.000000000000000e-05
2.800000e+02	3.745299431728082e-02	1.451675540724610e-02	3.000000000000000e-08	3.000000000000000e-05
2.810000e+02	3.749537969506391e-02	1.453917473757867e-02	3.000000000000000e-08	3.000000000000000e-05
2.820000e+02	3.753763570937538e-02	1.456154616947142e-02	3.000000000000000e-08	3.000000000000000e-05
2.830000e+02	3.757976317855369e-02	1.458386986747427e-02	3.000000000000000e-08	3.000000000000000e-05
2.840000e+02	3.762176291367076e-02	1.460614599580182e-02	3.000000000000000e-08	3.000000000000000e-05
2.850000e+02	3.766363571861241e-02	1.462837471832771e-02	3.000000000000000e-08	3.000000000000000e-05
2.860000e+02	3.770538239015789e-02	1.465055619857900e-02	3.000000000000000e-08	3.000000000000000e-05
2.870000e+02	3.774700371805809e-02	1.467269059973073e-02	3.000000000000000e-08	3.000000000000000e-05
2.880000e+02	3.778850048511301e-02	1.469477808460050e-02	3.000000000000000e-08	3.000000000000000e-05
2.890000e+02	3.782987346724813e-02	1.471681881564326e-02	3.000000000000000e-08	3.000000000000000e-05
2.900000e+02	3.787112343358959e-02	1.473881295494613e-02	3.000000000000000e-08	3.000000000000000e-05
2.910000e+02	3.791225114653871e-02	1.476076066422332e-02	3.000000000000000e-08	3.000000000000000e-05
2.920000e+02	3.795325736184530e-02	1.478266210481130e-02	3.000000000000000e-08	3.000000000000000e-05
2.930000e+02	3.799414282868015e-02	1.480451743766383e-02	3.000000000000000e-08	3.000000000000000e-05
2.940000e+02	3.803490828970650e-02	1.482632682334737e-02	3.000000000000000e-08	3.000000000000000e-05
2.950000e+02	3.807555448115067e-02	1.484809042203641e-02	3.000000000000000e-08	3.000000000000000e-05
2.960000e+02	3.811608213287166e-02	1.486980839350895e-02	3.000000000000000e-08	3.000000000000000e-05
2.970000e+02	3.815649196843005e-02	1.489148089714215e-02	3.000000000000000e-08	3.000000000000000e-05
2.980000e+02	3.819678470515581e-02	1.491310809190800e-02	3.000000000000000e-08	3.000000000000000e-05
2.990000e+02	3.823696105421536e-02	1.493469013636915e-02	3.000000000000000e-08	3.000000000000000e-05
3.000000e+02	3.827702172067777e-02	1.495622718867488e-02	3.000000000000000e-08	3.000000000000000e-05
3.010000e+02	3.831696740358006e-02	1.497771940655701e-02	3.000000000000000e-08	3.000000000000000e-05
3.020000e+02	3.835679879599178e-02	1.499916694732619e-02	3.000000000000000e-08	3.000000000000000e-05
3.030000e+02	3.839651658507860e-02	1.502056996786798e-02	3.000000000000000e-08	3.000000000000000e-05
3.040000e+02	3.843612145216528e-02	1.504192862463929e-02	3.000000000000000e-08	3.000000000000000e-05
3.050000e+02	3.847561407279772e-02	1.506324307366480e-02	3.000000000000000e-08	3.000000000000000e-05
3.060000e+02	3.851499511680429e-02	1.508451347053343e-02	3.000000000000000e-08	3.000000000000000e-05
3.070000e+02	3.855426524835637e-02	1.510573997039509e-02	3.000000000000000e-08	3.000000000000000e-05
3.080000e+02	3.859342512602808e-02	1.512692272795735e-02	3.000000000000000e-08	3.000000000000000e-05
3.090000e+02	3.863247540285543e-02	1.514806189748228e-02	3.000000000000000e-08	3.000000000000000e-05
3.100000e+02	3.867141672639447e-02	1.516915763278340e-02	3.000000000000000e-08	3.000000000000000e-05
3.110000e+02	3.871024973877899e-02	1.519021008722271e-02	3.000000000000000e-08	3.000000000000000e-05
3.120000e+02	3.874897507677729e-02	1.521121941370781e-02	3.000000000000000e-08	3.000000000000000e-05
3.130000e+02	3.878759337184837e-02	1.523218576468911e-02	3.000000000000000e-08	3.000000000000000e-05
3.140000e+02	3.882610525019738e-02	1.525310929215715e-02	3.000000000000000e-08	3.000000000000000e-05
3.150000e+02	3.886451133283034e-02	1.527399014764001e-02	3.000000000000000e-08	3.000000000000000e-05
3.160000e+02	3.890281223560828e-02	1.529482848220078e-02	3.000000000000000e-08	3.000000000000000e-05
3.170000e+02	3.894100856930068e-02	1.531562444643520e-02	3.000000000000000e-08	3.000000000000000e-05
3.180000e+02	3.897910093963818e-02	1.533637819046924e-02	3.000000000000000e-08	3.000000000000000e-05
3.190000e+02	3.901708994736477e-02	1.535708986395695e-02	3.000000000000000e-08	3.000000000000000e-05
3.200000e+02	3.905497618828924e-02	1.537775961607825e-02	3.000000000000000e-08	3.000000000000000e-05
3.210000e+02	3.909276025333599e-02	1.539838759553688e-02	3.000000000000000e-08	3.000000000000000e-05
3.220000e+02	3.913044272859535e-02	1.541897395055841e-02	3.000000000000000e-08	3.000000000000000e-05
3.230000e+02	3.916802419537315e-02	1.543951882888831e-02	3.000000000000000e-08	3.000000000000000e-05
3.240000e+02	3.920550523023973e-02	1.546002237779020e-02	3.000000000000000e-08	3.000000000000000e-05
3.250000e+02	3.924288640507845e-02	1.548048474404402e-02	3.000000000000000e-08	3.000000000000000e-05
3.260000e+02	3.928016828713340e-02	1.550090607394441e-02	3.000000000000000e-08	3.000000000000000e-05
3.270000e+02	3.931735143905678e-02	1.552128651329913e-02	3.000000000000000e-08	3.000000000000000e-05
3.280000e+02	3.935443641895554e-02	1.554162620742754e-02	3.000000000000000e-08	3.000000000000000e-05
3.290000e+02	3.939142378043749e-02	1.556192530115917e-02	3.000000000000000e-08	3.000000000000000e-05
3.300000e+02	3.942831407265691e-02	1.558218393883234e-02	3.000000000000000e-08	3.000000000000000e-05
3.310000e+02	3.946510784035959e-02	1.560240226429289e-02	3.000000000000000e-08	3.000000000000000e-05
3.320000e+02	3.950180562392724e-02	1.562258042089297e-02	3.000000000000000e-08	3.000000000000000e-05
3.330000e+02	3.953840795942162e-02	1.564271855148988e-02	3.000000000000000e-08	3.000000000000000e-05
3.340000e+02	3.957491537862778e-02	1.566281679844504e-02	3.000000000000000e-08	3.000000000000000e-05
3.350000e+02	3.961132840909709e-02	1.568287530362287e-02	3.000000000000000e-08	3.000000000000000e-05
3.360000e+02	3.964764757418961e-02	1.570289420838998e-02	3.000000000000000e-08	3.000000000000000e-05
3.370000e+02	3.968387339311603e-02	1.572287365361426e-02	3.000000000000000e-08	3.000000000000000e-05
3.380000e+02	3.972000638097904e-02	1.574281377966399e-02	3.000000000000000e-08	3.000000000000000e-05
3.390000e+02	3.975604704881427e-02	1.576271472640722e-02	3.000000000000000e-08	3.000000000000000e-05
3.400000e+02	3.979199590363074e-02	1.578257663321096e-02	3.000000000000000e-08	3.000000000000000e-05
3.410000e+02	3.982785344845078e-02	1.580239963894067e-02	3.000000000000000e-08	3.000000000000000e-05
3.420000e+02	3.986362018234955e-02	1.582218388195963e-02	3.000000000000000e-08	3.000000000000000e-05
3.430000e+02	3.989929660049409e-02	1.584192950012845e-02	3.000000000000000e-08	3.000000000000000e-05
3.440000e+02	3.993488319418183e-02	1.586163663080464e-02	3.000000000000000e-08	3.000000000000000e-05
3.450000e+02	3.997038045087875e-02	1.588130541084222e-02	3.000000000000000e-08	3.000000000000000e-05
3.460000e+02	4.000578885425705e-02	1.590093597659137e-02	3.000000000000000e-08	3.000000000000000e-05
3.470000e+02	4.004110888423241e-02	1.592052846389818e-02	3.000000000000000e-08	3.000000000000000e-05
3.480000e+02	4.007634101700071e-02	1.594008300810439e-02	3.000000000000000e-08	3.000000000000000e-05
3.490000e+02	4.011148572507449e-02	1.595959974404724e-02	3.000000000000000e-08	3.000000000000000e-05
3.500000e+02	4.014654347731891e-02	1.597907880605938e-02	3.000000000000000e-08	3.000000000000000e-05
3.510000e+02	4.018151473898718e-02	1.599852032796875e-02	3.000000000000000e-08	3.000000000000000e-05
3.520000e+02	4.021639997175581e-02	1.601792444309858e-02	3.000000000000000e-08	3.000000000000000e-05
3.530000e+02	4.025119963375925e-02	1.603729128426743e-02	3.000000000000000e-08	3.000000000000000e-05
3.540000e+02	4.028591417962431e-02	1.605662098378926e-02	3.000000000000000e-08	3.000000000000000e-05
3.550000e+02	4.032054406050393e-02	1.607591367347355e-02	3.000000000000000e-08	3.000000000000000e-05
3.560000e+02	4.035508972411082e-02	1.609516948462545e-02	3.000000000000000e-08	3.000000000000000e-05
3.570000e+02	4.038955161475066e-02	1.611438854804605e-02	3.000000000000000e-08	3.000000000000000e-05
3.580000e+02	4.042393017335475e-02	1.613357099403257e-02	3.000000000000000e-08	3.000000000000000e-05
3.590000e+02	4.045822583751253e-02	1.615271695237871e-02	3.000000000000000e-08	3.000000000000000e-05
3.600000e+02	4.049243904150353e-02	1.617182655237497e-02	3.000000000000000e-08	3.000000000000000e-05
3.610000e+02	4.052657021632910e-02	1.619089992280902e-02	3.000000000000000e-08	3.000000000000000e-05
3.620000e+02	4.056061978974362e-02	1.620993719196615e-02	3.000000000000000e-08	3.000000000000000e-05
3.630000e+02	4.059458818628558e-02	1.622893848762972e-02	3.000000000000000e-08	3.000000000000000e-05
3.640000e+02	4.062847582730811e-02	1.624790393708164e-02	3.000000000000000e-08	3.000000000000000e-05
3.650000e+02	4.066228313100920e-02	1.626683366710294e-02	3.000000000000000e-08	3.000000000000000e-05
3.660000e+02	4.069601051246170e-02	1.628572780397431e-02	3.000000000000000e-08	3.000000000000000e-05
3.670000e+02	4.072965838364288e-02	1.630458647347676e-02	3.000000000000000e-08	3.000000000000000e-05
3.680000e+02	4.076322715346359e-02	1.632340980089219e-02	3.000000000000000e-08	3.000000000000000e-05
3.690000e+02	4.079671722779732e-02	1.634219791100415e-02	3.000000000000000e-08	3.000000000000000e-05
3.700000e+02	4.083012900950865e-02	1.636095092809846e-02	3.000000000000000e-08	3.000000000000000e-05
3.710000e+02	4.086346289848165e-02	1.637966897596403e-02	3.000000000000000e-08	3.000000000000000e-05
3.720000e+02	4.089671929164771e-02	1.639835217789361e-02	3.000000000000000e-08	3.000000000000000e-05
3.730000e+02	4.092989858301330e-02	1.641700065668457e-02	3.000000000000000e-08	3.000000000000000e-05
3.740000e+02	4.096300116368727e-02	1.643561453463978e-02	3.000000000000000e-08	3.000000000000000e-05
3.750000e+02	4.099602742190783e-02	1.645419393356844e-02	3.000000000000000e-08	3.000000000000000e-05
3.760000e+02	4.102897774306936e-02	1.647273897478698e-02	3.000000000000000e-08	3.000000000000000e-05
3.770000e+02	4.106185250974883e-02	1.649124977911998e-02	3.000000000000000e-08	3.000000000000000e-05
3.780000e+02	4.109465210173190e-02	1.650972646690116e-02	3.000000000000000e-08	3.000000000000000e-05
3.790000e+02	4.112737689603885e-02	1.652816915797429e-02	3.000000000000000e-08	3.000000000000000e-05
3.800000e+02	4.116002726695010e-02	1.654657797169422e-02	3.000000000000000e-08	3.000000000000000e-05
3.810000e+02	4.119260358603147e-02	1.656495302692790e-02	3.000000000000000e-08	3.000000000000000e-05
3.820000e+02	4.122510622215931e-02	1.658329444205546e-02	3.000000000000000e-08	3.000000000000000e-05
3.830000e+02	4.125753554154512e-02	1.660160233497123e-02	3.000000000000000e-08	3.000000000000000e-05
3.840000e+02	4.128989190776006e-02	1.661987682308490e-02	3.000000000000000e-08	3.000000000000000e-05
3.850000e+02	4.132217568175921e-02	1.663811802332257e-02	3.000000000000000e-08	3.000000000000000e-05
3.860000e+02	4.135438722190538e-02	1.665632605212794e-02	3.000000000000000e-08	3.000000000000000e-05
3.870000e+02	4.138652688399287e-02	1.667450102546345e-02	3.000000000000000e-08	3.000000000000000e-05
3.880000e+02	4.141859502127090e-02	1.669264305881148e-02	3.000000000000000e-08	3.000000000000000e-05
3.890000e+02	4.145059198446671e-02	1.671075226717554e-02	3.000000000000000e-08	3.000000000000000e-05
3.900000e+02	4.148251812180854e-02	1.672882876508149e-02	3.000000000000000e-08	3.000000000000000e-05
3.910000e+02	4.151437377904824e-02	1.674687266657878e-02	3.000000000000000e-08	3.000000000000000e-05
3.920000e+02	4.154615929948369e-02	1.676488408524176e-02	3.000000000000000e-08	3.000000000000000e-05
3.930000e+02	4.157787502398103e-02	1.678286313417084e-02	3.000000000000000e-08	3.000000000000000e-05
3.940000e+02	4.160952129099655e-02	1.680080992599391e-02	3.000000000000000e-08	3.000000000000000e-05
3.950000e+02	4.164109843659840e-02	1.681872457286758e-02	3.000000000000000e-08	3.000000000000000e-05
3.960000e+02	4.167260679448805e-02	1.683660718647852e-02	3.000000000000000e-08	3.000000000000000e-05
3.970000e+02	4.170404669602156e-02	1.685445787804483e-02	3.000000000000000e-08	3.000000000000000e-05
3.980000e+02	4.173541847023059e-02	1.687227675831735e-02	3.000000000000000e-08	3.000000000000000e-05
3.990000e+02	4.176672244384311e-02	1.689006393758107e-02	3.000000000000000e-08	3.000000000000000e-05
4.000000e+02	4.179795894130408e-02	1.690781952565650e-02	3.000000000000000e-08	3.000000000000000e-05
4.010000e+02	4.182912828479569e-02	1.692554363190107e-02	3.000000000000000e-08	3.000000000000000e-05
4.020000e+02	4.186023079425758e-02	1.694323636521057e-02	3.000000000000000e-08	3.000000000000000e-05
4.030000e+02	4.189126678740669e-02	1.696089783402052e-02	3.000000000000000e-08	3.000000000000000e-05
4.040000e+02	4.192223657975698e-02	1.697852814630768e-02	3.000000000000000e-08	3.000000000000000e-05
4.050000e+02	4.195314048463897e-02	1.699612740959144e-02	3.000000000000000e-08	3.000000000000000e-05
4.060000e+02	4.198397881321893e-02	1.701369573093531e-02	3.000000000000000e-08	3.000000000000000e-05
4.070000e+02	4.201475187451809e-02	1.703123321694838e-02	3.000000000000000e-08	3.000000000000000e-05
4.080000e+02	4.204545997543138e-02	1.704873997378685e-02	3.000000000000000e-08	3.000000000000000e-05
4.090000e+02	4.207610342074625e-02	1.706621610715543e-02	3.000000000000000e-08	3.000000000000000e-05
4.100000e+02	4.210668251316111e-02	1.708366172230893e-02	3.000000000000000e-08	3.000000000000000e-05
4.110000e+02	4.213719755330361e-02	1.710107692405375e-02	3.000000000000000e-08	3.000000000000000e-05
4.120000e+02	4.216764883974872e-02	1.711846181674936e-02	3.000000000000000e-08	3.000000000000000e-05
4.130000e+02	4.219803666903673e-02	1.713581650430990e-02	3.000000000000000e-08	3.000000000000000e-05
4.140000e+02	4.222836133569090e-02	1.715314109020568e-02	3.000000000000000e-08	3.000000000000000e-05
4.150000e+02	4.225862313223504e-02	1.717043567746469e-02	3.000000000000000e-08	3.000000000000000e-05
4.160000e+02	4.228882234921084e-02	1.718770036867423e-02	3.000000000000000e-08	3.000000000000000e-05
4.170000e+02	4.231895927519511e-02	1.720493526598244e-02	3.000000000000000e-08	3.000000000000000e-05
4.180000e+02	4.234903419681668e-02	1.722214047109983e-02	3.000000000000000e-08	3.000000000000000e-05
4.190000e+02	4.237904739877334e-02	1.723931608530091e-02	3.000000000000000e-08	3.000000000000000e-05
4.200000e+02	4.240899916384844e-02	1.725646220942574e-02	3.000000000000000e-08	3.000000000000000e-05
4.210000e+02	4.243888977292732e-02	1.727357894388154e-02	3.000000000000000e-08	3.000000000000000e-05
4.220000e+02	4.246871950501372e-02	1.729066638864426e-02	3.000000000000000e-08	3.000000000000000e-05
4.230000e+02	4.249848863724581e-02	1.730772464326018e-02	3.000000000000000e-08	3.000000000000000e-05
4.240000e+02	4.252819744491230e-02	1.732475380684753e-02	3.000000000000000e-08	3.000000000000000e-05
4.250000e+02	4.255784620146814e-02	1.734175397809807e-02	3.000000000000000e-08	3.000000000000000e-05
4.260000e+02	4.258743517855020e-02	1.735872525527872e-02	3.000000000000000e-08	3.000000000000000e-05
4.270000e+02	4.261696464599278e-02	1.737566773623321e-02	3.000000000000000e-08	3.000000000000000e-05
4.280000e+02	4.264643487184295e-02	1.739258151838359e-02	3.000000000000000e-08	3.000000000000000e-05
4.290000e+02	4.267584612237567e-02	1.740946669873201e-02	3.000000000000000e-08	3.000000000000000e-05
4.300000e+02	4.270519866210887e-02	1.742632337386221e-02	3.000000000000000e-08	3.000000000000000e-05
4.310000e+02	4.273449275381831e-02	1.744315163994119e-02	3.000000000000000e-08	3.000000000000000e-05
4.320000e+02	4.276372865855227e-02	1.745995159272091e-02	3.000000000000000e-08	3.000000000000000e-05
4.330000e+02	4.279290663564611e-02	1.747672332753983e-02	3.000000000000000e-08	3.000000000000000e-05
4.340000e+02	4.282202694273676e-02	1.749346693932459e-02	3.000000000000000e-08	3.000000000000000e-05
4.350000e+02	4.285108983577690e-02	1.751018252259166e-02	3.000000000000000e-08	3.000000000000000e-05
4.360000e+02	4.288009556904920e-02	1.752687017144896e-02	3.000000000000000e-08	3.000000000000000e-05
4.370000e+02	4.290904439518019e-02	1.754352997959751e-02	3.000000000000000e-08	3.000000000000000e-05
4.380000e+02	4.293793656515420e-02	1.756016204033309e-02	3.000000000000000e-08	3.000000000000000e-05
4.390000e+02	4.296677232832704e-02	1.757676644654784e-02	3.000000000000000e-08	3.000000000000000e-05
4.400000e+02	4.299555193243954e-02	1.759334329073197e-02	3.000000000000000e-08	3.000000000000000e-05
4.410000e+02	4.302427562363105e-02	1.760989266497535e-02	3.000000000000000e-08	3.000000000000000e-05
4.420000e+02	4.305294364645271e-02	1.762641466096919e-02	3.000000000000000e-08	3.000000000000000e-05
4.430000e+02	4.308155624388062e-02	1.764290937000768e-02	3.000000000000000e-08	3.000000000000000e-05
4.440000e+02	4.311011365732883e-02	1.765937688298963e-02	3.000000000000000e-08	3.000000000000000e-05
4.450000e+02	4.313861612666232e-02	1.767581729042014e-02	3.000000000000000e-08	3.000000000000000e-05
4.460000e+02	4.316706389020979e-02	1.769223068241223e-02	3.000000000000000e-08	3.000000000000000e-05
4.470000e+02	4.319545718477622e-02	1.770861714868848e-02	3.000000000000000e-08	3.000000000000000e-05
4.480000e+02	4.322379624565550e-02	1.772497677858271e-02	3.000000000000000e-08	3.000000000000000e-05
4.490000e+02	4.325208130664279e-02	1.774130966104159e-02	3.000000000000000e-08	3.000000000000000e-05
4.500000e+02	4.328031260004674e-02	1.775761588462632e-02	3.000000000000000e-08	3.000000000000000e-05
4.510000e+02	4.330849035670181e-02	1.777389553751423e-02	3.000000000000000e-08	3.000000000000000e-05
4.520000e+02	4.333661480598011e-02	1.779014870750047e-02	3.000000000000000e-08	3.000000000000000e-05
4.530000e+02	4.336468617580353e-02	1.780637548199962e-02	3.000000000000000e-08	3.000000000000000e-05
4.540000e+02	4.339270469265539e-02	1.782257594804738e-02	3.000000000000000e-08	3.000000000000000e-05
4.550000e+02	4.342067058159216e-02	1.783875019230212e-02	3.000000000000000e-08	3.000000000000000e-05
4.560000e+02	4.344858406625513e-02	1.785489830104661e-02	3.000000000000000e-08	3.000000000000000e-05
4.570000e+02	4.347644536888174e-02	1.787102036018957e-02	3.000000000000000e-08	3.000000000000000e-05
4.580000e+02	4.350425471031701e-02	1.788711645526740e-02	3.000000000000000e-08	3.000000000000000e-05
4.590000e+02	4.353201231002479e-02	1.790318667144573e-02	3.000000000000000e-08	3.000000000000000e-05
4.600000e+02	4.355971838609884e-02	1.791923109352110e-02	3.000000000000000e-08	3.000000000000000e-05
4.610000e+02	4.358737315527390e-02	1.793524980592253e-02	3.000000000000000e-08	3.000000000000000e-05
4.620000e+02	4.361497683293655e-02	1.795124289271321e-02	3.000000000000000e-08	3.000000000000000e-05
4.630000e+02	4.364252963313610e-02	1.796721043759209e-02	3.000000000000000e-08	3.000000000000000e-05
4.640000e+02	4.367003176859523e-02	1.798315252389548e-02	3.000000000000000e-08	3.000000000000000e-05
4.650000e+02	4.369748345072064e-02	1.799906923459870e-02	3.000000000000000e-08	3.000000000000000e-05
4.660000e+02	4.372488488961348e-02	1.801496065231769e-02	3.000000000000000e-08	3.000000000000000e-05
4.670000e+02	4.375223629407986e-02	1.803082685931057e-02	3.000000000000000e-08	3.000000000000000e-05
4.680000e+02	4.377953787164107e-02	1.804666793747932e-02	3.000000000000000e-08	3.000000000000000e-05
4.690000e+02	4.380678982854377e-02	1.806248396837132e-02	3.000000000000000e-08	3.000000000000000e-05
4.700000e+02	4.383399236977014e-02	1.807827503318102e-02	3.000000000000000e-08	3.000000000000000e-05
4.710000e+02	4.386114569904789e-02	1.809404121275144e-02	3.000000000000000e-08	3.000000000000000e-05
4.720000e+02	4.388825001886013e-02	1.810978258757584e-02	3.000000000000000e-08	3.000000000000000e-05
4.730000e+02	4.391530553045524e-02	1.812549923779930e-02	3.000000000000000e-08	3.000000000000000e-05
4.740000e+02	4.394231243385654e-02	1.814119124322026e-02	3.000000000000000e-08	3.000000000000000e-05
4.750000e+02	4.396927092787194e-02	1.815685868329216e-02	3.000000000000000e-08	3.000000000000000e-05
4.760000e+02	4.399618121010352e-02	1.817250163712498e-02	3.000000000000000e-08	3.000000000000000e-05
4.770000e+02	4.402304347695694e-02	1.818812018348679e-02	3.000000000000000e-08	3.000000000000000e-05
4.780000e+02	4.404985792365074e-02	1.820371440080541e-02	3.000000000000000e-08	3.000000000000000e-05
4.790000e+02	4.407662474422579e-02	1.821928436716988e-02	3.000000000000000e-08	3.000000000000000e-05
4.800000e+02	4.410334413155426e-02	1.823483016033207e-02	3.000000000000000e-08	3.000000000000000e-05
4.810000e+02	4.413001627734888e-02	1.825035185770821e-02	3.000000000000000e-08	3.000000000000000e-05
4.820000e+02	4.415664137217187e-02	1.826584953638048e-02	3.000000000000000e-08	3.000000000000000e-05
4.830000e+02	4.418321960544393e-02	1.828132327309853e-02	3.000000000000000e-08	3.000000000000000e-05
4.840000e+02	4.420975116545300e-02	1.829677314428102e-02	3.000000000000000e-08	3.000000000000000e-05
4.850000e+02	4.423623623936309e-02	1.831219922601719e-02	3.000000000000000e-08	3.000000000000000e-05
4.860000e+02	4.426267501322293e-02	1.832760159406832e-02	3.000000000000000e-08	3.000000000000000e-05
4.870000e+02	4.428906767197457e-02	1.834298032386938e-02	3.000000000000000e-08	3.000000000000000e-05
4.880000e+02	4.431541439946192e-02	1.835833549053046e-02	3.000000000000000e-08	3.000000000000000e-05
4.890000e+02	4.434171537843917e-02	1.837366716883831e-02	3.000000000000000e-08	3.000000000000000e-05
4.900000e+02	4.436797079057914e-02	1.838897543325787e-02	3.000000000000000e-08	3.000000000000000e-05
4.910000e+02	4.439418081648162e-02	1.840426035793376e-02	3.000000000000000e-08	3.000000000000000e-05
4.920000e+02	4.442034563568146e-02	1.841952201669184e-02	3.000000000000000e-08	3.000000000000000e-05
4.930000e+02	4.444646542665685e-02	1.843476048304062e-02	3.000000000000000e-08	3.000000000000000e-05
4.940000e+02	4.447254036683728e-02	1.844997583017283e-02	3.000000000000000e-08	3.000000000000000e-05
4.950000e+02	4.449857063261149e-02	1.846516813096691e-02	3.000000000000000e-08	3.000000000000000e-05
4.960000e+02	4.452455639933551e-02	1.848033745798842e-02	3.000000000000000e-08	3.000000000000000e-05
4.970000e+02	4.455049784134036e-02	1.849548388349163e-02	3.000000000000000e-08	3.000000000000000e-05
4.980000e+02	4.457639513193989e-02	1.851060747942088e-02	3.000000000000000e-08	3.000000000000000e-05
4.990000e+02	4.460224844343847e-02	1.852570831741215e-02	3.000000000000000e-08	3.000000000000000e-05
5.000000e+02	4.462805794713853e-02	1.854078646879448e-02	3.000000000000000e-08	3.000000000000000e-05
5.010000e+02	4.465382381334822e-02	1.855584200459142e-02	3.000000000000000e-08	3.000000000000000e-05
5.020000e+02	4.467954621138886e-02	1.857087499552251e-02	3.000000000000000e-08	3.000000000000000e-05
5.030000e+02	4.470522530960231e-02	1.858588551200467e-02	3.000000000000000e-08	3.000000000000000e-05
5.040000e+02	4.473086127535840e-02	1.860087362415377e-02	3.000000000000000e-08	3.000000000000000e-05
5.050000e+02	4.475645427506207e-02	1.861583940178593e-02	3.000000000000000e-08	3.000000000000000e-05
5.060000e+02	4.478200447416074e-02	1.863078291441902e-02	3.000000000000000e-08	3.000000000000000e-05
