#t[yr]	ecc	inc	eachmass	totalmass
0.000000e+00	1.000000000000000e-01	5.000000000000000e-02	5.000000000000000e-15	3.000000000000000e-07
1.000000e-03	1.000000043462516e-01	5.000000200226250e-02	5.000000000000000e-15	3.000000000000000e-07
1.000000e-02	1.000000434625048e-01	5.000002002262043e-02	5.000000000000000e-15	3.000000000000000e-07
1.000000e-01	1.000004346239649e-01	5.000020022575881e-02	5.000000000000000e-15	3.000000000000000e-07
1.000000e+00	1.000043461313892e-01	5.000200221306127e-02	5.000000000000000e-15	3.000000000000000e-07
1.000000e+01	1.000434504927134e-01	5.002001767974616e-02	5.000000000000000e-15	3.000000000000000e-07
1.000000e+02	1.004334275686819e-01	5.019973350854735e-02	5.000000000000000e-15	3.000000000000000e-07
2.152170e+02	1.009275700730674e-01	5.042781339778939e-02	5.000000000000000e-15	3.000000000000000e-07
3.320177e+02	1.014223592880019e-01	5.065663567956037e-02	5.000000000000000e-15	3.000000000000000e-07
4.508520e+02	1.019195836015626e-01	5.088702802539712e-02	5.000000000000000e-15	3.000000000000000e-07
5.717530e+02	1.024192240633520e-01	5.111898527103861e-02	5.000000000000000e-15	3.000000000000000e-07
6.947619e+02	1.029212928311333e-01	5.135251662475328e-02	5.000000000000000e-15	3.000000000000000e-07
8.199209e+02	1.034258015849837e-01	5.158763108310099e-02	5.000000000000000e-15	3.000000000000000e-07
9.472727e+02	1.039327620716370e-01	5.182433768247446e-02	5.000000000000000e-15	3.000000000000000e-07
1.000000e+03	1.041403381971055e-01	5.192143280780213e-02	5.000000000000000e-15	3.000000000000000e-07
1.131870e+03	1.046560611945879e-01	5.216287323510020e-02	5.000000000000000e-15	3.000000000000000e-07
1.264685e+03	1.051689073278605e-01	5.240342399004691e-02	5.000000000000000e-15	3.000000000000000e-07
1.399870e+03	1.056843394838470e-01	5.264564191832048e-02	5.000000000000000e-15	3.000000000000000e-07
1.537449e+03	1.062022743243814e-01	5.288949156509982e-02	5.000000000000000e-15	3.000000000000000e-07
1.677471e+03	1.067227255846505e-01	5.313498294112965e-02	5.000000000000000e-15	3.000000000000000e-07
1.819985e+03	1.072457053582221e-01	5.338212529357671e-02	5.000000000000000e-15	3.000000000000000e-07
1.965041e+03	1.077712258284495e-01	5.363092791804395e-02	5.000000000000000e-15	3.000000000000000e-07
2.112691e+03	1.082992992383842e-01	5.388140014408142e-02	5.000000000000000e-15	3.000000000000000e-07
2.262987e+03	1.088299378916559e-01	5.413355133524662e-02	5.000000000000000e-15	3.000000000000000e-07
2.415984e+03	1.093631541528088e-01	5.438739088890097e-02	5.000000000000000e-15	3.000000000000000e-07
2.571737e+03	1.098989604476501e-01	5.464292823600402e-02	5.000000000000000e-15	3.000000000000000e-07
2.730301e+03	1.104373692636011e-01	5.490017284090064e-02	5.000000000000000e-15	3.000000000000000e-07
2.891735e+03	1.109783931500499e-01	5.515913420110130e-02	5.000000000000000e-15	3.000000000000000e-07
3.056098e+03	1.115220447187067e-01	5.541982184705513e-02	5.000000000000000e-15	3.000000000000000e-07
3.223448e+03	1.120683366439622e-01	5.568224534191608e-02	5.000000000000000e-15	3.000000000000000e-07
3.393849e+03	1.126172816632472e-01	5.594641428130176e-02	5.000000000000000e-15	3.000000000000000e-07
3.567362e+03	1.131688925773952e-01	5.621233829304517e-02	5.000000000000000e-15	3.000000000000000e-07
3.744053e+03	1.137231822510077e-01	5.648002703693907e-02	5.000000000000000e-15	3.000000000000000e-07
3.923985e+03	1.142801636128213e-01	5.674949020447305e-02	5.000000000000000e-15	3.000000000000000e-07
4.107228e+03	1.148398496560773e-01	5.702073751856329e-02	5.000000000000000e-15	3.000000000000000e-07
4.293849e+03	1.154022534388939e-01	5.729377873327479e-02	5.000000000000000e-15	3.000000000000000e-07
4.483919e+03	1.159673880846408e-01	5.756862363353616e-02	5.000000000000000e-15	3.000000000000000e-07
4.677510e+03	1.165352667823158e-01	5.784528203484694e-02	5.000000000000000e-15	3.000000000000000e-07
4.874694e+03	1.171059027869243e-01	5.812376378297734e-02	5.000000000000000e-15	3.000000000000000e-07
5.075546e+03	1.176793094198613e-01	5.840407875366035e-02	5.000000000000000e-15	3.000000000000000e-07
5.280145e+03	1.182555000692946e-01	5.868623685227621e-02	5.000000000000000e-15	3.000000000000000e-07
5.488567e+03	1.188344881905522e-01	5.897024801352935e-02	5.000000000000000e-15	3.000000000000000e-07
5.700893e+03	1.194162873065107e-01	5.925612220111744e-02	5.000000000000000e-15	3.000000000000000e-07
5.917206e+03	1.200009110079867e-01	5.954386940739288e-02	5.000000000000000e-15	3.000000000000000e-07
6.137588e+03	1.205883729541305e-01	5.983349965301647e-02	5.000000000000000e-15	3.000000000000000e-07
6.362126e+03	1.211786868728221e-01	6.012502298660335e-02	5.000000000000000e-15	3.000000000000000e-07
6.590908e+03	1.217718665610697e-01	6.041844948436120e-02	5.000000000000000e-15	3.000000000000000e-07
6.824022e+03	1.223679258854107e-01	6.071378924972054e-02	5.000000000000000e-15	3.000000000000000e-07
7.061561e+03	1.229668787823147e-01	6.101105241295744e-02	5.000000000000000e-15	3.000000000000000e-07
7.303618e+03	1.235687392585893e-01	6.131024913080827e-02	5.000000000000000e-15	3.000000000000000e-07
7.550290e+03	1.241735213917879e-01	6.161138958607674e-02	5.000000000000000e-15	3.000000000000000e-07
7.801674e+03	1.247812393306204e-01	6.191448398723320e-02	5.000000000000000e-15	3.000000000000000e-07
8.057870e+03	1.253919072953656e-01	6.221954256800612e-02	5.000000000000000e-15	3.000000000000000e-07
8.318981e+03	1.260055395782866e-01	6.252657558696591e-02	5.000000000000000e-15	3.000000000000000e-07
8.585112e+03	1.266221505440478e-01	6.283559332710097e-02	5.000000000000000e-15	3.000000000000000e-07
8.856370e+03	1.272417546301353e-01	6.314660609538608e-02	5.000000000000000e-15	3.000000000000000e-07
9.132865e+03	1.278643663472785e-01	6.345962422234322e-02	5.000000000000000e-15	3.000000000000000e-07
9.414708e+03	1.284900002798748e-01	6.377465806159470e-02	5.000000000000000e-15	3.000000000000000e-07
9.702015e+03	1.291186710864162e-01	6.409171798940885e-02	5.000000000000000e-15	3.000000000000000e-07
9.994902e+03	1.297503934999186e-01	6.441081440423821e-02	5.000000000000000e-15	3.000000000000000e-07
1.000000e+04	1.297612572132799e-01	6.441631067119509e-02	5.000000000000000e-15	3.000000000000000e-07
1.030441e+04	1.304082354426506e-01	6.474362902187214e-02	5.000000000000000e-15	3.000000000000000e-07
1.060892e+04	1.310459828561698e-01	6.506678554968363e-02	5.000000000000000e-15	3.000000000000000e-07
1.091950e+04	1.316870650908774e-01	6.539213068876670e-02	5.000000000000000e-15	3.000000000000000e-07
1.123616e+04	1.323312545479121e-01	6.571955216070255e-02	5.000000000000000e-15	3.000000000000000e-07
1.155903e+04	1.329785710429618e-01	6.604906285038920e-02	5.000000000000000e-15	3.000000000000000e-07
1.188825e+04	1.336290296768484e-01	6.638067323364910e-02	5.000000000000000e-15	3.000000000000000e-07
1.222395e+04	1.342826457210246e-01	6.671439385224683e-02	5.000000000000000e-15	3.000000000000000e-07
1.256628e+04	1.349394345231880e-01	6.705023526523911e-02	5.000000000000000e-15	3.000000000000000e-07
1.291537e+04	1.355994115095742e-01	6.738820804938733e-02	5.000000000000000e-15	3.000000000000000e-07
1.327138e+04	1.362625921853729e-01	6.772832279860752e-02	5.000000000000000e-15	3.000000000000000e-07
1.363446e+04	1.369289921351819e-01	6.807059012343293e-02	5.000000000000000e-15	3.000000000000000e-07
1.400476e+04	1.375986270234629e-01	6.841502065047000e-02	5.000000000000000e-15	3.000000000000000e-07
1.438243e+04	1.382715125949990e-01	6.876162502184861e-02	5.000000000000000e-15	3.000000000000000e-07
1.476764e+04	1.389476646753551e-01	6.911041389466654e-02	5.000000000000000e-15	3.000000000000000e-07
1.516056e+04	1.396270991713395e-01	6.946139794042842e-02	5.000000000000000e-15	3.000000000000000e-07
1.556134e+04	1.403098320714680e-01	6.981458784447946e-02	5.000000000000000e-15	3.000000000000000e-07
1.597017e+04	1.409958794464297e-01	7.016999430543409e-02	5.000000000000000e-15	3.000000000000000e-07
1.638721e+04	1.416852574495553e-01	7.052762803459982e-02	5.000000000000000e-15	3.000000000000000e-07
1.681265e+04	1.423779823172866e-01	7.088749975539649e-02	5.000000000000000e-15	3.000000000000000e-07
1.724668e+04	1.430740703696488e-01	7.124962020277120e-02	5.000000000000000e-15	3.000000000000000e-07
1.768947e+04	1.437735380107241e-01	7.161400012260935e-02	5.000000000000000e-15	3.000000000000000e-07
1.814123e+04	1.444764017291272e-01	7.198065027114176e-02	5.000000000000000e-15	3.000000000000000e-07
1.860215e+04	1.451826780984831e-01	7.234958141434847e-02	5.000000000000000e-15	3.000000000000000e-07
1.907242e+04	1.458923837779062e-01	7.272080432735947e-02	5.000000000000000e-15	3.000000000000000e-07
1.955227e+04	1.466055355124815e-01	7.309432979385252e-02	5.000000000000000e-15	3.000000000000000e-07
2.004189e+04	1.473221501337476e-01	7.347016860544861e-02	5.000000000000000e-15	3.000000000000000e-07
2.054151e+04	1.480422445601813e-01	7.384833156110530e-02	5.000000000000000e-15	3.000000000000000e-07
2.105134e+04	1.487658357976837e-01	7.422882946650843e-02	5.000000000000000e-15	3.000000000000000e-07
2.157161e+04	1.494929409400685e-01	7.461167313346234e-02	5.000000000000000e-15	3.000000000000000e-07
2.210254e+04	1.502235771695513e-01	7.499687337927938e-02	5.000000000000000e-15	3.000000000000000e-07
2.264439e+04	1.509577617572412e-01	7.538444102616873e-02	5.000000000000000e-15	3.000000000000000e-07
2.319737e+04	1.516955120636334e-01	7.577438690062524e-02	5.000000000000000e-15	3.000000000000000e-07
2.376176e+04	1.524368455391033e-01	7.616672183281861e-02	5.000000000000000e-15	3.000000000000000e-07
2.433778e+04	1.531817797244028e-01	7.656145665598335e-02	5.000000000000000e-15	3.000000000000000e-07
2.492571e+04	1.539303322511572e-01	7.695860220581015e-02	5.000000000000000e-15	3.000000000000000e-07
2.552580e+04	1.546825208423638e-01	7.735816931983885e-02	5.000000000000000e-15	3.000000000000000e-07
2.613833e+04	1.554383633128922e-01	7.776016883685394e-02	5.000000000000000e-15	3.000000000000000e-07
2.676357e+04	1.561978775699859e-01	7.816461159628263e-02	5.000000000000000e-15	3.000000000000000e-07
2.740180e+04	1.569610816137643e-01	7.857150843759639e-02	5.000000000000000e-15	3.000000000000000e-07
2.805331e+04	1.577279935377274e-01	7.898087019971632e-02	5.000000000000000e-15	3.000000000000000e-07
2.871840e+04	1.584986315292604e-01	7.939270772042305e-02	5.000000000000000e-15	3.000000000000000e-07
2.939737e+04	1.592730138701405e-01	7.980703183577142e-02	5.000000000000000e-15	3.000000000000000e-07
3.009052e+04	1.600511589370440e-01	8.022385337951113e-02	5.000000000000000e-15	3.000000000000000e-07
3.079818e+04	1.608330852020552e-01	8.064318318251321e-02	5.000000000000000e-15	3.000000000000000e-07
3.152065e+04	1.616188112331758e-01	8.106503207220354e-02	5.000000000000000e-15	3.000000000000000e-07
3.225829e+04	1.624083556948356e-01	8.148941087200381e-02	5.000000000000000e-15	3.000000000000000e-07
3.301141e+04	1.632017373484043e-01	8.191633040078045e-02	5.000000000000000e-15	3.000000000000000e-07
3.378036e+04	1.639989750527036e-01	8.234580147230235e-02	5.000000000000000e-15	3.000000000000000e-07
3.456551e+04	1.648000877645209e-01	8.277783489470804e-02	5.000000000000000e-15	3.000000000000000e-07
3.536720e+04	1.656050945391235e-01	8.321244146998288e-02	5.000000000000000e-15	3.000000000000000e-07
3.618581e+04	1.664140145307737e-01	8.364963199344699e-02	5.000000000000000e-15	3.000000000000000e-07
3.702171e+04	1.672268669932443e-01	8.408941725325478e-02	5.000000000000000e-15	3.000000000000000e-07
3.787529e+04	1.680436712803351e-01	8.453180802990649e-02	5.000000000000000e-15	3.000000000000000e-07
3.874694e+04	1.688644468463903e-01	8.497681509577272e-02	5.000000000000000e-15	3.000000000000000e-07
3.963706e+04	1.696892132468160e-01	8.542444921463252e-02	5.000000000000000e-15	3.000000000000000e-07
4.054607e+04	1.705179901385985e-01	8.587472114122593e-02	5.000000000000000e-15	3.000000000000000e-07
4.147439e+04	1.713507972808231e-01	8.632764162082147e-02	5.000000000000000e-15	3.000000000000000e-07
4.242244e+04	1.721876545351936e-01	8.678322138879963e-02	5.000000000000000e-15	3.000000000000000e-07
4.339067e+04	1.730285818665516e-01	8.724147117025279e-02	5.000000000000000e-15	3.000000000000000e-07
4.437953e+04	1.738735993433972e-01	8.770240167960269e-02	5.000000000000000e-15	3.000000000000000e-07
4.538947e+04	1.747227271384090e-01	8.816602362023593e-02	5.000000000000000e-15	3.000000000000000e-07
4.642096e+04	1.755759855289650e-01	8.863234768415831e-02	5.000000000000000e-15	3.000000000000000e-07
4.747449e+04	1.764333948976638e-01	8.910138455166902e-02	5.000000000000000e-15	3.000000000000000e-07
4.855054e+04	1.772949757328457e-01	8.957314489105514e-02	5.000000000000000e-15	3.000000000000000e-07
4.964962e+04	1.781607486291141e-01	9.004763935830737e-02	5.000000000000000e-15	3.000000000000000e-07
5.077225e+04	1.790307342878574e-01	9.052487859685794e-02	5.000000000000000e-15	3.000000000000000e-07
5.191893e+04	1.799049535177702e-01	9.100487323734105e-02	5.000000000000000e-15	3.000000000000000e-07
5.309022e+04	1.807834272353757e-01	9.148763389737705e-02	5.000000000000000e-15	3.000000000000000e-07
5.428665e+04	1.816661764655469e-01	9.197317118138094e-02	5.000000000000000e-15	3.000000000000000e-07
5.550878e+04	1.825532223420287e-01	9.246149568039595e-02	5.000000000000000e-15	3.000000000000000e-07
5.675720e+04	1.834445861079597e-01	9.295261797195287e-02	5.000000000000000e-15	3.000000000000000e-07
5.803248e+04	1.843402891163937e-01	9.344654861995627e-02	5.000000000000000e-15	3.000000000000000e-07
5.933521e+04	1.852403528308214e-01	9.394329817459786e-02	5.000000000000000e-15	3.000000000000000e-07
6.066602e+04	1.861447988256918e-01	9.444287717229806e-02	5.000000000000000e-15	3.000000000000000e-07
6.202551e+04	1.870536487869334e-01	9.494529613567648e-02	5.000000000000000e-15	3.000000000000000e-07
6.341434e+04	1.879669245124754e-01	9.545056557355190e-02	5.000000000000000e-15	3.000000000000000e-07
6.483315e+04	1.888846479127686e-01	9.595869598097256e-02	5.000000000000000e-15	3.000000000000000e-07
6.628260e+04	1.898068410113058e-01	9.646969783927746e-02	5.000000000000000e-15	3.000000000000000e-07
6.776338e+04	1.907335259451424e-01	9.698358161618931e-02	5.000000000000000e-15	3.000000000000000e-07
6.927618e+04	1.916647249654162e-01	9.750035776593986e-02	5.000000000000000e-15	3.000000000000000e-07
7.082171e+04	1.926004604378676e-01	9.802003672942818e-02	5.000000000000000e-15	3.000000000000000e-07
7.240069e+04	1.935407548433585e-01	9.854262893441255e-02	5.000000000000000e-15	3.000000000000000e-07
7.401386e+04	1.944856307783918e-01	9.906814479573670e-02	5.000000000000000e-15	3.000000000000000e-07
7.566199e+04	1.954351109556300e-01	9.959659471559072e-02	5.000000000000000e-15	3.000000000000000e-07
7.734584e+04	1.963892182044137e-01	1.001279890838075e-01	5.000000000000000e-15	3.000000000000000e-07
7.906620e+04	1.973479754712795e-01	1.006623382781952e-01	5.000000000000000e-15	3.000000000000000e-07
8.082388e+04	1.983114058204778e-01	1.011996526649057e-01	5.000000000000000e-15	3.000000000000000e-07
8.261971e+04	1.992795324344901e-01	1.017399425988409e-01	5.000000000000000e-15	3.000000000000000e-07
8.445451e+04	2.002523786145455e-01	1.022832184240958e-01	5.000000000000000e-15	3.000000000000000e-07
8.632916e+04	2.012299677811381e-01	1.028294904744393e-01	5.000000000000000e-15	3.000000000000000e-07
8.824453e+04	2.022123234745423e-01	1.033787690738343e-01	5.000000000000000e-15	3.000000000000000e-07
9.020152e+04	2.031994693553293e-01	1.039310645369951e-01	5.000000000000000e-15	3.000000000000000e-07
9.220104e+04	2.041914292048820e-01	1.044863871699853e-01	5.000000000000000e-15	3.000000000000000e-07
9.424402e+04	2.051882269259106e-01	1.050447472708539e-01	5.000000000000000e-15	3.000000000000000e-07
9.633143e+04	2.061898865429672e-01	1.056061551303113e-01	5.000000000000000e-15	3.000000000000000e-07
9.846423e+04	2.071964322029605e-01	1.061706210324461e-01	5.000000000000000e-15	3.000000000000000e-07
1.000000e+05	2.079097623294559e-01	1.065709021860233e-01	5.000000000000000e-15	3.000000000000000e-07
1.022266e+05	2.089311310219684e-01	1.071442165584233e-01	5.000000000000000e-15	3.000000000000000e-07
1.044873e+05	2.099509120720498e-01	1.077169487436308e-01	5.000000000000000e-15	3.000000000000000e-07
1.067975e+05	2.109758106522195e-01	1.082928561269709e-01	5.000000000000000e-15	3.000000000000000e-07
1.091579e+05	2.120057076852630e-01	1.088718682661250e-01	5.000000000000000e-15	3.000000000000000e-07
1.115697e+05	2.130406311229618e-01	1.094539971613516e-01	5.000000000000000e-15	3.000000000000000e-07
1.140340e+05	2.140806058801108e-01	1.100392530361889e-01	5.000000000000000e-15	3.000000000000000e-07
1.165520e+05	2.151256570659217e-01	1.106276461526899e-01	5.000000000000000e-15	3.000000000000000e-07
1.191247e+05	2.161758099149708e-01	1.112191867734083e-01	5.000000000000000e-15	3.000000000000000e-07
1.217535e+05	2.172310897892098e-01	1.118138851633494e-01	5.000000000000000e-15	3.000000000000000e-07
1.244394e+05	2.182915221784471e-01	1.124117515911015e-01	5.000000000000000e-15	3.000000000000000e-07
1.271838e+05	2.193571327008621e-01	1.130127963300253e-01	5.000000000000000e-15	3.000000000000000e-07
1.299880e+05	2.204279471035187e-01	1.136170296594828e-01	5.000000000000000e-15	3.000000000000000e-07
1.328531e+05	2.215039912628795e-01	1.142244618661058e-01	5.000000000000000e-15	3.000000000000000e-07
1.357806e+05	2.225852911853200e-01	1.148351032451031e-01	5.000000000000000e-15	3.000000000000000e-07
1.387718e+05	2.236718730076437e-01	1.154489641016071e-01	5.000000000000000e-15	3.000000000000000e-07
1.418280e+05	2.247637629975970e-01	1.160660547520574e-01	5.000000000000000e-15	3.000000000000000e-07
1.449507e+05	2.258609875543854e-01	1.166863855256233e-01	5.000000000000000e-15	3.000000000000000e-07
1.481414e+05	2.269635732091894e-01	1.173099667656632e-01	5.000000000000000e-15	3.000000000000000e-07
1.514013e+05	2.280715466256826e-01	1.179368088312204e-01	5.000000000000000e-15	3.000000000000000e-07
1.547321e+05	2.291849346005489e-01	1.185669220985553e-01	5.000000000000000e-15	3.000000000000000e-07
1.581353e+05	2.303037640640015e-01	1.192003169627125e-01	5.000000000000000e-15	3.000000000000000e-07
1.616125e+05	2.314280620803033e-01	1.198370038391238e-01	5.000000000000000e-15	3.000000000000000e-07
1.651651e+05	2.325578558482872e-01	1.204769931652437e-01	5.000000000000000e-15	3.000000000000000e-07
1.687949e+05	2.336931727018785e-01	1.211202954022189e-01	5.000000000000000e-15	3.000000000000000e-07
1.725034e+05	2.348340401106182e-01	1.217669210365907e-01	5.000000000000000e-15	3.000000000000000e-07
1.762925e+05	2.359804856801878e-01	1.224168805820275e-01	5.000000000000000e-15	3.000000000000000e-07
1.801637e+05	2.371325371529354e-01	1.230701845810898e-01	5.000000000000000e-15	3.000000000000000e-07
1.841188e+05	2.382902224084033e-01	1.237268436070229e-01	5.000000000000000e-15	3.000000000000000e-07
1.881596e+05	2.394535694638577e-01	1.243868682655803e-01	5.000000000000000e-15	3.000000000000000e-07
1.922880e+05	2.406226064748196e-01	1.250502691968736e-01	5.000000000000000e-15	3.000000000000000e-07
1.965058e+05	2.417973617355982e-01	1.257170570772494e-01	5.000000000000000e-15	3.000000000000000e-07
2.008149e+05	2.429778636798255e-01	1.263872426211918e-01	5.000000000000000e-15	3.000000000000000e-07
2.052172e+05	2.441641408809942e-01	1.270608365832501e-01	5.000000000000000e-15	3.000000000000000e-07
2.097147e+05	2.453562220529963e-01	1.277378497599888e-01	5.000000000000000e-15	3.000000000000000e-07
2.143095e+05	2.465541360506653e-01	1.284182929919608e-01	5.000000000000000e-15	3.000000000000000e-07
2.190035e+05	2.477579118703204e-01	1.291021771657009e-01	5.000000000000000e-15	3.000000000000000e-07
2.237988e+05	2.489675786503132e-01	1.297895132157400e-01	5.000000000000000e-15	3.000000000000000e-07
2.286977e+05	2.501831656715772e-01	1.304803121266369e-01	5.000000000000000e-15	3.000000000000000e-07
2.337022e+05	2.514047023581801e-01	1.311745849350283e-01	5.000000000000000e-15	3.000000000000000e-07
2.388146e+05	2.526322182778790e-01	1.318723427316947e-01	5.000000000000000e-15	3.000000000000000e-07
2.440371e+05	2.538657431426788e-01	1.325735966636404e-01	5.000000000000000e-15	3.000000000000000e-07
2.493721e+05	2.551053068093936e-01	1.332783579361876e-01	5.000000000000000e-15	3.000000000000000e-07
2.548219e+05	2.563509392802114e-01	1.339866378150830e-01	5.000000000000000e-15	3.000000000000000e-07
2.603888e+05	2.576026707032624e-01	1.346984476286137e-01	5.000000000000000e-15	3.000000000000000e-07
2.660755e+05	2.588605313731908e-01	1.354137987697341e-01	5.000000000000000e-15	3.000000000000000e-07
2.718842e+05	2.601245517317300e-01	1.361327026982001e-01	5.000000000000000e-15	3.000000000000000e-07
2.778176e+05	2.613947623682822e-01	1.368551709427096e-01	5.000000000000000e-15	3.000000000000000e-07
2.838783e+05	2.626711940205008e-01	1.375812151030493e-01	5.000000000000000e-15	3.000000000000000e-07
2.900689e+05	2.639538775748785e-01	1.383108468522443e-01	5.000000000000000e-15	3.000000000000000e-07
2.963921e+05	2.652428440673379e-01	1.390440779387111e-01	5.000000000000000e-15	3.000000000000000e-07
3.028507e+05	2.665381246838273e-01	1.397809201884113e-01	5.000000000000000e-15	3.000000000000000e-07
3.094473e+05	2.678397507609206e-01	1.405213855070051e-01	5.000000000000000e-15	3.000000000000000e-07
3.161850e+05	2.691477537864220e-01	1.412654858820032e-01	5.000000000000000e-15	3.000000000000000e-07
3.230665e+05	2.704621653999747e-01	1.420132333849158e-01	5.000000000000000e-15	3.000000000000000e-07
3.300949e+05	2.717830173936751e-01	1.427646401733969e-01	5.000000000000000e-15	3.000000000000000e-07
3.372732e+05	2.731103417126912e-01	1.435197184933836e-01	5.000000000000000e-15	3.000000000000000e-07
3.446044e+05	2.744441704558864e-01	1.442784806812276e-01	5.000000000000000e-15	3.000000000000000e-07
3.520917e+05	2.757845358764484e-01	1.450409391658188e-01	5.000000000000000e-15	3.000000000000000e-07
3.597382e+05	2.771314703825226e-01	1.458071064706990e-01	5.000000000000000e-15	3.000000000000000e-07
3.675473e+05	2.784850065378515e-01	1.465769952161647e-01	5.000000000000000e-15	3.000000000000000e-07
3.755222e+05	2.798451770624195e-01	1.473506181213578e-01	5.000000000000000e-15	3.000000000000000e-07
3.836664e+05	2.812120148331025e-01	1.481279880063424e-01	5.000000000000000e-15	3.000000000000000e-07
3.919832e+05	2.825855528843241e-01	1.489091177941677e-01	5.000000000000000e-15	3.000000000000000e-07
4.004762e+05	2.839658244087160e-01	1.496940205129141e-01	5.000000000000000e-15	3.000000000000000e-07
4.091490e+05	2.853528627577862e-01	1.504827092977225e-01	5.000000000000000e-15	3.000000000000000e-07
4.180051e+05	2.867467014425911e-01	1.512751973928059e-01	5.000000000000000e-15	3.000000000000000e-07
4.270484e+05	2.881473741344147e-01	1.520714981534409e-01	5.000000000000000e-15	3.000000000000000e-07
4.362826e+05	2.895549146654536e-01	1.528716250479392e-01	5.000000000000000e-15	3.000000000000000e-07
4.457115e+05	2.909693570295081e-01	1.536755916595976e-01	5.000000000000000e-15	3.000000000000000e-07
4.553391e+05	2.923907353826792e-01	1.544834116886253e-01	5.000000000000000e-15	3.000000000000000e-07
4.651694e+05	2.938190840440725e-01	1.552950989540480e-01	5.000000000000000e-15	3.000000000000000e-07
4.752065e+05	2.952544374965078e-01	1.561106673955871e-01	5.000000000000000e-15	3.000000000000000e-07
4.854545e+05	2.966968303872357e-01	1.569301310755144e-01	5.000000000000000e-15	3.000000000000000e-07
4.959176e+05	2.981462975286602e-01	1.577535041804796e-01	5.000000000000000e-15	3.000000000000000e-07
5.066002e+05	2.996028738990682e-01	1.585808010233113e-01	5.000000000000000e-15	3.000000000000000e-07
5.175066e+05	3.010665946433656e-01	1.594120360447904e-01	5.000000000000000e-15	3.000000000000000e-07
5.286414e+05	3.025374950738198e-01	1.602472238153941e-01	5.000000000000000e-15	3.000000000000000e-07
5.400091e+05	3.040156106708092e-01	1.610863790370111e-01	5.000000000000000e-15	3.000000000000000e-07
5.516143e+05	3.055009770835794e-01	1.619295165446271e-01	5.000000000000000e-15	3.000000000000000e-07
5.634617e+05	3.069936301310063e-01	1.627766513079791e-01	5.000000000000000e-15	3.000000000000000e-07
5.755563e+05	3.084936058023660e-01	1.636277984331787e-01	5.000000000000000e-15	3.000000000000000e-07
5.879028e+05	3.100009402581114e-01	1.644829731643038e-01	5.000000000000000e-15	3.000000000000000e-07
6.005063e+05	3.115156698306565e-01	1.653421908849578e-01	5.000000000000000e-15	3.000000000000000e-07
6.133719e+05	3.130378310251669e-01	1.662054671197962e-01	5.000000000000000e-15	3.000000000000000e-07
6.265047e+05	3.145674605203576e-01	1.670728175360203e-01	5.000000000000000e-15	3.000000000000000e-07
6.399101e+05	3.161045951692982e-01	1.679442579448368e-01	5.000000000000000e-15	3.000000000000000e-07
6.535934e+05	3.176492720002247e-01	1.688198043028843e-01	5.000000000000000e-15	3.000000000000000e-07
6.675602e+05	3.192015282173586e-01	1.696994727136252e-01	5.000000000000000e-15	3.000000000000000e-07
6.818159e+05	3.207614012017334e-01	1.705832794287031e-01	5.000000000000000e-15	3.000000000000000e-07
6.963664e+05	3.223289285120277e-01	1.714712408492662e-01	5.000000000000000e-15	3.000000000000000e-07
7.112173e+05	3.239041478854061e-01	1.723633735272554e-01	5.000000000000000e-15	3.000000000000000e-07
7.263745e+05	3.254870972383668e-01	1.732596941666583e-01	5.000000000000000e-15	3.000000000000000e-07
7.418442e+05	3.270778146675970e-01	1.741602196247270e-01	5.000000000000000e-15	3.000000000000000e-07
7.576324e+05	3.286763384508344e-01	1.750649669131614e-01	5.000000000000000e-15	3.000000000000000e-07
7.737453e+05	3.302827070477370e-01	1.759739531992604e-01	5.000000000000000e-15	3.000000000000000e-07
7.901892e+05	3.318969591007602e-01	1.768871958070331e-01	5.000000000000000e-15	3.000000000000000e-07
8.069708e+05	3.335191334360394e-01	1.778047122182781e-01	5.000000000000000e-15	3.000000000000000e-07
8.240964e+05	3.351492690642826e-01	1.787265200736285e-01	5.000000000000000e-15	3.000000000000000e-07
8.415729e+05	3.367874051816673e-01	1.796526371735606e-01	5.000000000000000e-15	3.000000000000000e-07
8.594070e+05	3.384335811707470e-01	1.805830814793702e-01	5.000000000000000e-15	3.000000000000000e-07
8.776058e+05	3.400878366013630e-01	1.815178711141130e-01	5.000000000000000e-15	3.000000000000000e-07
8.961763e+05	3.417502112315650e-01	1.824570243635119e-01	5.000000000000000e-15	3.000000000000000e-07
9.151256e+05	3.434207450085378e-01	1.834005596768313e-01	5.000000000000000e-15	3.000000000000000e-07
9.344612e+05	3.450994780695352e-01	1.843484956677168e-01	5.000000000000000e-15	3.000000000000000e-07
9.541906e+05	3.467864507428219e-01	1.853008511150031e-01	5.000000000000000e-15	3.000000000000000e-07
9.743213e+05	3.484817035486218e-01	1.862576449634889e-01	5.000000000000000e-15	3.000000000000000e-07
9.948611e+05	3.501852772000729e-01	1.872188963246800e-01	5.000000000000000e-15	3.000000000000000e-07
1.000000e+06	3.506058444018161e-01	1.874561685585244e-01	5.000000000000000e-15	3.000000000000000e-07
1.021382e+06	3.523459203794784e-01	1.884377081394511e-01	5.000000000000000e-15	3.000000000000000e-07
1.042870e+06	3.540679377963795e-01	1.894088151247266e-01	5.000000000000000e-15	3.000000000000000e-07
1.064799e+06	3.557989413819755e-01	1.903847427248833e-01	5.000000000000000e-15	3.000000000000000e-07
1.087172e+06	3.575384308267200e-01	1.913652051658955e-01	5.000000000000000e-15	3.000000000000000e-07
1.109998e+06	3.592864587381361e-01	1.923502285723151e-01	5.000000000000000e-15	3.000000000000000e-07
1.133285e+06	3.610430668417813e-01	1.933398329913294e-01	5.000000000000000e-15	3.000000000000000e-07
1.157041e+06	3.628082972852144e-01	1.943340387664239e-01	5.000000000000000e-15	3.000000000000000e-07
1.181277e+06	3.645821924126307e-01	1.953328664102696e-01	5.000000000000000e-15	3.000000000000000e-07
1.206000e+06	3.663647947704119e-01	1.963363366077446e-01	5.000000000000000e-15	3.000000000000000e-07
1.231221e+06	3.681561471080629e-01	1.973444702163276e-01	5.000000000000000e-15	3.000000000000000e-07
1.256948e+06	3.699562923792473e-01	1.983572882665159e-01	5.000000000000000e-15	3.000000000000000e-07
1.283193e+06	3.717652737428281e-01	1.993748119622180e-01	5.000000000000000e-15	3.000000000000000e-07
1.309963e+06	3.735831345639155e-01	2.003970626811223e-01	5.000000000000000e-15	3.000000000000000e-07
1.337271e+06	3.754099184149206e-01	2.014240619750408e-01	5.000000000000000e-15	3.000000000000000e-07
1.365125e+06	3.772456690766167e-01	2.024558315702311e-01	5.000000000000000e-15	3.000000000000000e-07
1.393536e+06	3.790904305392067e-01	2.034923933676953e-01	5.000000000000000e-15	3.000000000000000e-07
1.422515e+06	3.809442470033974e-01	2.045337694434573e-01	5.000000000000000e-15	3.000000000000000e-07
1.452072e+06	3.828071628814803e-01	2.055799820488202e-01	5.000000000000000e-15	3.000000000000000e-07
1.482220e+06	3.846792227984190e-01	2.066310536106022e-01	5.000000000000000e-15	3.000000000000000e-07
1.512968e+06	3.865604715929430e-01	2.076870067313543e-01	5.000000000000000e-15	3.000000000000000e-07
1.544328e+06	3.884509543186482e-01	2.087478641895590e-01	5.000000000000000e-15	3.000000000000000e-07
1.576312e+06	3.903507162451040e-01	2.098136489398106e-01	5.000000000000000e-15	3.000000000000000e-07
1.608931e+06	3.922598028589664e-01	2.108843841129796e-01	5.000000000000000e-15	3.000000000000000e-07
1.642198e+06	3.941782598650982e-01	2.119600930163596e-01	5.000000000000000e-15	3.000000000000000e-07
1.676126e+06	3.961061331876948e-01	2.130407991337990e-01	5.000000000000000e-15	3.000000000000000e-07
1.710725e+06	3.980434689714168e-01	2.141265261258182e-01	5.000000000000000e-15	3.000000000000000e-07
1.746010e+06	3.999903135825293e-01	2.152172978297122e-01	5.000000000000000e-15	3.000000000000000e-07
1.781993e+06	4.019467136100466e-01	2.163131382596403e-01	5.000000000000000e-15	3.000000000000000e-07
1.818687e+06	4.039127158668842e-01	2.174140716067024e-01	5.000000000000000e-15	3.000000000000000e-07
1.856106e+06	4.058883673910161e-01	2.185201222390046e-01	5.000000000000000e-15	3.000000000000000e-07
1.894263e+06	4.078737154466395e-01	2.196313147017128e-01	5.000000000000000e-15	3.000000000000000e-07
1.933172e+06	4.098688075253441e-01	2.207476737170962e-01	5.000000000000000e-15	3.000000000000000e-07
1.972848e+06	4.118736913472895e-01	2.218692241845609e-01	5.000000000000000e-15	3.000000000000000e-07
2.013305e+06	4.138884148623870e-01	2.229959911806749e-01	5.000000000000000e-15	3.000000000000000e-07
2.054558e+06	4.159130262514888e-01	2.241279999591847e-01	5.000000000000000e-15	3.000000000000000e-07
2.096621e+06	4.179475739275829e-01	2.252652759510240e-01	5.000000000000000e-15	3.000000000000000e-07
2.139510e+06	4.199921065369938e-01	2.264078447643162e-01	5.000000000000000e-15	3.000000000000000e-07
2.183240e+06	4.220466729605897e-01	2.275557321843701e-01	5.000000000000000e-15	3.000000000000000e-07
2.227827e+06	4.241113223149960e-01	2.287089641736704e-01	5.000000000000000e-15	3.000000000000000e-07
2.273288e+06	4.261861039538141e-01	2.298675668718633e-01	5.000000000000000e-15	3.000000000000000e-07
2.319638e+06	4.282710674688468e-01	2.310315665957378e-01	5.000000000000000e-15	3.000000000000000e-07
2.366894e+06	4.303662626913297e-01	2.322009898392035e-01	5.000000000000000e-15	3.000000000000000e-07
2.415074e+06	4.324717396931687e-01	2.333758632732654e-01	5.000000000000000e-15	3.000000000000000e-07
2.464194e+06	4.345875487881827e-01	2.345562137459967e-01	5.000000000000000e-15	3.000000000000000e-07
2.514272e+06	4.367137405333540e-01	2.357420682825093e-01	5.000000000000000e-15	3.000000000000000e-07
2.565327e+06	4.388503657300828e-01	2.369334540849236e-01	5.000000000000000e-15	3.000000000000000e-07
2.617376e+06	4.409974754254489e-01	2.381303985323375e-01	5.000000000000000e-15	3.000000000000000e-07
2.670438e+06	4.431551209134788e-01	2.393329291807959e-01	5.000000000000000e-15	3.000000000000000e-07
2.724532e+06	4.453233537364192e-01	2.405410737632597e-01	5.000000000000000e-15	3.000000000000000e-07
2.779677e+06	4.475022256860165e-01	2.417548601895774e-01	5.000000000000000e-15	3.000000000000000e-07
2.835893e+06	4.496917888048015e-01	2.429743165464568e-01	5.000000000000000e-15	3.000000000000000e-07
2.893199e+06	4.518920953873811e-01	2.441994710974401e-01	5.000000000000000e-15	3.000000000000000e-07
2.951617e+06	4.541031979817349e-01	2.454303522828803e-01	5.000000000000000e-15	3.000000000000000e-07
3.011167e+06	4.563251493905192e-01	2.466669887199225e-01	5.000000000000000e-15	3.000000000000000e-07
3.071870e+06	4.585580026723753e-01	2.479094092024869e-01	5.000000000000000e-15	3.000000000000000e-07
3.133748e+06	4.608018111432451e-01	2.491576427012569e-01	5.000000000000000e-15	3.000000000000000e-07
3.196822e+06	4.630566283776921e-01	2.504117183636718e-01	5.000000000000000e-15	3.000000000000000e-07
3.261114e+06	4.653225082102282e-01	2.516716655139237e-01	5.000000000000000e-15	3.000000000000000e-07
3.326649e+06	4.675995047366471e-01	2.529375136529603e-01	5.000000000000000e-15	3.000000000000000e-07
3.393447e+06	4.698876723153630e-01	2.542092924584929e-01	5.000000000000000e-15	3.000000000000000e-07
3.461534e+06	4.721870655687562e-01	2.554870317850113e-01	5.000000000000000e-15	3.000000000000000e-07
3.530933e+06	4.744977393845234e-01	2.567707616638040e-01	5.000000000000000e-15	3.000000000000000e-07
3.601668e+06	4.768197489170356e-01	2.580605123029869e-01	5.000000000000000e-15	3.000000000000000e-07
3.673765e+06	4.791531495887008e-01	2.593563140875371e-01	5.000000000000000e-15	3.000000000000000e-07
3.747248e+06	4.814979970913332e-01	2.606581975793362e-01	5.000000000000000e-15	3.000000000000000e-07
3.822144e+06	4.838543473875289e-01	2.619661935172199e-01	5.000000000000000e-15	3.000000000000000e-07
3.898479e+06	4.862222567120467e-01	2.632803328170370e-01	5.000000000000000e-15	3.000000000000000e-07
3.976279e+06	4.886017815731959e-01	2.646006465717154e-01	5.000000000000000e-15	3.000000000000000e-07
4.055571e+06	4.909929787542299e-01	2.659271660513387e-01	5.000000000000000e-15	3.000000000000000e-07
4.136384e+06	4.933959053147458e-01	2.672599227032296e-01	5.000000000000000e-15	3.000000000000000e-07
4.218745e+06	4.958106185920904e-01	2.685989481520444e-01	5.000000000000000e-15	3.000000000000000e-07
4.302684e+06	4.982371762027722e-01	2.699442741998759e-01	5.000000000000000e-15	3.000000000000000e-07
4.388229e+06	5.006756360438797e-01	2.712959328263664e-01	5.000000000000000e-15	3.000000000000000e-07
4.475411e+06	5.031260562945058e-01	2.726539561888306e-01	5.000000000000000e-15	3.000000000000000e-07
4.564259e+06	5.055884954171788e-01	2.740183766223883e-01	5.000000000000000e-15	3.000000000000000e-07
4.654805e+06	5.080630121592988e-01	2.753892266401082e-01	5.000000000000000e-15	3.000000000000000e-07
4.747080e+06	5.105496655545820e-01	2.767665389331614e-01	5.000000000000000e-15	3.000000000000000e-07
4.841117e+06	5.130485149245095e-01	2.781503463709861e-01	5.000000000000000e-15	3.000000000000000e-07
4.936947e+06	5.155596198797833e-01	2.795406820014628e-01	5.000000000000000e-15	3.000000000000000e-07
5.034604e+06	5.180830403217891e-01	2.809375790511009e-01	5.000000000000000e-15	3.000000000000000e-07
5.134122e+06	5.206188364440647e-01	2.823410709252364e-01	5.000000000000000e-15	3.000000000000000e-07
5.235535e+06	5.231670687337756e-01	2.837511912082402e-01	5.000000000000000e-15	3.000000000000000e-07
5.338879e+06	5.257277979731958e-01	2.851679736637393e-01	5.000000000000000e-15	3.000000000000000e-07
5.444189e+06	5.283010852411969e-01	2.865914522348478e-01	5.000000000000000e-15	3.000000000000000e-07
5.551501e+06	5.308869919147422e-01	2.880216610444106e-01	5.000000000000000e-15	3.000000000000000e-07
5.660854e+06	5.334855796703882e-01	2.894586343952590e-01	5.000000000000000e-15	3.000000000000000e-07
5.772283e+06	5.360969104857921e-01	2.909024067704772e-01	5.000000000000000e-15	3.000000000000000e-07
5.885829e+06	5.387210466412266e-01	2.923530128336815e-01	5.000000000000000e-15	3.000000000000000e-07
6.001529e+06	5.413580507211005e-01	2.938104874293113e-01	5.000000000000000e-15	3.000000000000000e-07
6.119425e+06	5.440079856154872e-01	2.952748655829319e-01	5.000000000000000e-15	3.000000000000000e-07
6.239556e+06	5.466709145216584e-01	2.967461825015499e-01	5.000000000000000e-15	3.000000000000000e-07
6.361963e+06	5.493469009456261e-01	2.982244735739400e-01	5.000000000000000e-15	3.000000000000000e-07
6.486690e+06	5.520360087036900e-01	2.997097743709849e-01	5.000000000000000e-15	3.000000000000000e-07
6.613779e+06	5.547383019239930e-01	3.012021206460267e-01	5.000000000000000e-15	3.000000000000000e-07
6.743272e+06	5.574538450480827e-01	3.027015483352312e-01	5.000000000000000e-15	3.000000000000000e-07
6.875216e+06	5.601827028324801e-01	3.042080935579637e-01	5.000000000000000e-15	3.000000000000000e-07
7.009655e+06	5.629249403502551e-01	3.057217926171783e-01	5.000000000000000e-15	3.000000000000000e-07
7.146636e+06	5.656806229926095e-01	3.072426819998179e-01	5.000000000000000e-15	3.000000000000000e-07
7.286204e+06	5.684498164704663e-01	3.087707983772282e-01	5.000000000000000e-15	3.000000000000000e-07
7.428409e+06	5.712325868160668e-01	3.103061786055831e-01	5.000000000000000e-15	3.000000000000000e-07
7.573299e+06	5.740290003845742e-01	3.118488597263226e-01	5.000000000000000e-15	3.000000000000000e-07
7.720923e+06	5.768391238556844e-01	3.133988789666029e-01	5.000000000000000e-15	3.000000000000000e-07
7.871332e+06	5.796630242352446e-01	3.149562737397593e-01	5.000000000000000e-15	3.000000000000000e-07
8.024577e+06	5.825007688568787e-01	3.165210816457808e-01	5.000000000000000e-15	3.000000000000000e-07
8.180711e+06	5.853524253836195e-01	3.180933404717974e-01	5.000000000000000e-15	3.000000000000000e-07
8.339788e+06	5.882180618095493e-01	3.196730881925796e-01	5.000000000000000e-15	3.000000000000000e-07
8.501860e+06	5.910977464614470e-01	3.212603629710497e-01	5.000000000000000e-15	3.000000000000000e-07
8.666985e+06	5.939915480004430e-01	3.228552031588060e-01	5.000000000000000e-15	3.000000000000000e-07
8.835218e+06	5.968995354236812e-01	3.244576472966587e-01	5.000000000000000e-15	3.000000000000000e-07
9.006616e+06	5.998217780659891e-01	3.260677341151777e-01	5.000000000000000e-15	3.000000000000000e-07
9.181238e+06	6.027583456015549e-01	3.276855025352533e-01	5.000000000000000e-15	3.000000000000000e-07
9.359144e+06	6.057093080456123e-01	3.293109916686680e-01	5.000000000000000e-15	3.000000000000000e-07
9.540394e+06	6.086747357561331e-01	3.309442408186806e-01	5.000000000000000e-15	3.000000000000000e-07
9.725050e+06	6.116546994355269e-01	3.325852894806230e-01	5.000000000000000e-15	3.000000000000000e-07
9.913174e+06	6.146492701323500e-01	3.342341773425075e-01	5.000000000000000e-15	3.000000000000000e-07
1.000000e+07	6.160143590645516e-01	3.349857507953212e-01	5.000000000000000e-15	3.000000000000000e-07
1.019526e+07	6.190609919988840e-01	3.366630066846276e-01	5.000000000000000e-15	3.000000000000000e-07
1.039217e+07	6.220912948673384e-01	3.383310699823225e-01	5.000000000000000e-15	3.000000000000000e-07
1.059281e+07	6.251370320962432e-01	3.400074299440370e-01	5.000000000000000e-15	3.000000000000000e-07
1.079722e+07	6.281976870308605e-01	3.416918027285464e-01	5.000000000000000e-15	3.000000000000000e-07
1.100546e+07	6.312733435956690e-01	3.433842351174531e-01	5.000000000000000e-15	3.000000000000000e-07
1.121760e+07	6.343640749149546e-01	3.450847679476844e-01	5.000000000000000e-15	3.000000000000000e-07
1.143372e+07	6.374699546794920e-01	3.467934423678759e-01	5.000000000000000e-15	3.000000000000000e-07
1.165389e+07	6.405910569371213e-01	3.485102997228394e-01	5.000000000000000e-15	3.000000000000000e-07
1.187819e+07	6.437274560984557e-01	3.502353815564401e-01	5.000000000000000e-15	3.000000000000000e-07
1.210668e+07	6.468792269385992e-01	3.519687296122849e-01	5.000000000000000e-15	3.000000000000000e-07
1.233946e+07	6.500464445989484e-01	3.537103858344631e-01	5.000000000000000e-15	3.000000000000000e-07
1.257659e+07	6.532291845889999e-01	3.554603923682971e-01	5.000000000000000e-15	3.000000000000000e-07
1.281815e+07	6.564275227881674e-01	3.572187915611047e-01	5.000000000000000e-15	3.000000000000000e-07
1.306424e+07	6.596415354476063e-01	3.589856259629721e-01	5.000000000000000e-15	3.000000000000000e-07
1.331492e+07	6.628712991920467e-01	3.607609383275372e-01	5.000000000000000e-15	3.000000000000000e-07
1.357030e+07	6.661168910216357e-01	3.625447716127848e-01	5.000000000000000e-15	3.000000000000000e-07
1.383045e+07	6.693783883137879e-01	3.643371689818515e-01	5.000000000000000e-15	3.000000000000000e-07
1.409546e+07	6.726558688250438e-01	3.661381738038422e-01	5.000000000000000e-15	3.000000000000000e-07
1.436542e+07	6.759494106929379e-01	3.679478296546565e-01	5.000000000000000e-15	3.000000000000000e-07
1.464043e+07	6.792590924378751e-01	3.697661803178256e-01	5.000000000000000e-15	3.000000000000000e-07
1.492057e+07	6.825849929650157e-01	3.715932697853604e-01	5.000000000000000e-15	3.000000000000000e-07
1.520594e+07	6.859271915661697e-01	3.734291422586093e-01	5.000000000000000e-15	3.000000000000000e-07
1.549664e+07	6.892857679216990e-01	3.752738421491265e-01	5.000000000000000e-15	3.000000000000000e-07
1.579276e+07	6.926608021024301e-01	3.771274140795505e-01	5.000000000000000e-15	3.000000000000000e-07
1.609441e+07	6.960523745715738e-01	3.789899028844930e-01	5.000000000000000e-15	3.000000000000000e-07
1.640169e+07	6.994605661866560e-01	3.808613536114377e-01	5.000000000000000e-15	3.000000000000000e-07
1.671470e+07	7.028854582014556e-01	3.827418115216492e-01	5.000000000000000e-15	3.000000000000000e-07
1.703355e+07	7.063271322679533e-01	3.846313220910917e-01	5.000000000000000e-15	3.000000000000000e-07
1.735834e+07	7.097856704382880e-01	3.865299310113581e-01	5.000000000000000e-15	3.000000000000000e-07
1.768918e+07	7.132611551667238e-01	3.884376841906082e-01	5.000000000000000e-15	3.000000000000000e-07
1.802620e+07	7.167536693116253e-01	3.903546277545174e-01	5.000000000000000e-15	3.000000000000000e-07
1.836949e+07	7.202632961374428e-01	3.922808080472345e-01	5.000000000000000e-15	3.000000000000000e-07
1.871918e+07	7.237901193167064e-01	3.942162716323497e-01	5.000000000000000e-15	3.000000000000000e-07
1.907538e+07	7.273342229320303e-01	3.961610652938716e-01	5.000000000000000e-15	3.000000000000000e-07
1.943822e+07	7.308956914781259e-01	3.981152360372143e-01	5.000000000000000e-15	3.000000000000000e-07
1.980781e+07	7.344746098638244e-01	4.000788310901935e-01	5.000000000000000e-15	3.000000000000000e-07
2.018428e+07	7.380710634141098e-01	4.020518979040321e-01	5.000000000000000e-15	3.000000000000000e-07
2.056777e+07	7.416851378721609e-01	4.040344841543754e-01	5.000000000000000e-15	3.000000000000000e-07
2.095839e+07	7.453169194014032e-01	4.060266377423151e-01	5.000000000000000e-15	3.000000000000000e-07
2.135628e+07	7.489664945875700e-01	4.080284067954232e-01	5.000000000000000e-15	3.000000000000000e-07
2.176157e+07	7.526339504407749e-01	4.100398396687940e-01	5.000000000000000e-15	3.000000000000000e-07
2.217440e+07	7.563193743975920e-01	4.120609849460967e-01	5.000000000000000e-15	3.000000000000000e-07
2.259492e+07	7.600228543231483e-01	4.140918914406353e-01	5.000000000000000e-15	3.000000000000000e-07
2.302325e+07	7.637444785132239e-01	4.161326081964192e-01	5.000000000000000e-15	3.000000000000000e-07
2.345955e+07	7.674843356963641e-01	4.181831844892416e-01	5.000000000000000e-15	3.000000000000000e-07
2.390396e+07	7.712425150360002e-01	4.202436698277671e-01	5.000000000000000e-15	3.000000000000000e-07
2.435664e+07	7.750191061325814e-01	4.223141139546283e-01	5.000000000000000e-15	3.000000000000000e-07
2.481772e+07	7.788141990257166e-01	4.243945668475312e-01	5.000000000000000e-15	3.000000000000000e-07
2.528738e+07	7.826278841963260e-01	4.264850787203691e-01	5.000000000000000e-15	3.000000000000000e-07
2.576577e+07	7.864602525688040e-01	4.285857000243455e-01	5.000000000000000e-15	3.000000000000000e-07
2.625305e+07	7.903113955131914e-01	4.306964814491053e-01	5.000000000000000e-15	3.000000000000000e-07
2.674938e+07	7.941814048473588e-01	4.328174739238754e-01	5.000000000000000e-15	3.000000000000000e-07
2.725493e+07	7.980703728392001e-01	4.349487286186126e-01	5.000000000000000e-15	3.000000000000000e-07
2.776987e+07	8.019783922088369e-01	4.370902969451611e-01	5.000000000000000e-15	3.000000000000000e-07
2.829438e+07	8.059055561308331e-01	4.392422305584186e-01	5.000000000000000e-15	3.000000000000000e-07
2.882863e+07	8.098519582364201e-01	4.414045813575097e-01	5.000000000000000e-15	3.000000000000000e-07
2.937279e+07	8.138176926157336e-01	4.435774014869687e-01	5.000000000000000e-15	3.000000000000000e-07
2.992707e+07	8.178028538200595e-01	4.457607433379307e-01	5.000000000000000e-15	3.000000000000000e-07
3.049163e+07	8.218075368640929e-01	4.479546595493309e-01	5.000000000000000e-15	3.000000000000000e-07
3.106667e+07	8.258318372282057e-01	4.501592030091118e-01	5.000000000000000e-15	3.000000000000000e-07
3.165239e+07	8.298758508607269e-01	4.523744268554395e-01	5.000000000000000e-15	3.000000000000000e-07
3.224898e+07	8.339396741802323e-01	4.546003844779277e-01	5.000000000000000e-15	3.000000000000000e-07
3.285664e+07	8.380234040778474e-01	4.568371295188701e-01	5.000000000000000e-15	3.000000000000000e-07
3.347558e+07	8.421271379195588e-01	4.590847158744806e-01	5.000000000000000e-15	3.000000000000000e-07
3.410600e+07	8.462509735485394e-01	4.613431976961428e-01	5.000000000000000e-15	3.000000000000000e-07
3.474812e+07	8.503950092874826e-01	4.636126293916660e-01	5.000000000000000e-15	3.000000000000000e-07
3.540216e+07	8.545593439409493e-01	4.658930656265510e-01	5.000000000000000e-15	3.000000000000000e-07
3.606833e+07	8.587440767977260e-01	4.681845613252623e-01	5.000000000000000e-15	3.000000000000000e-07
3.674685e+07	8.629493076331931e-01	4.704871716725102e-01	5.000000000000000e-15	3.000000000000000e-07
3.743796e+07	8.671751367117067e-01	4.728009521145394e-01	5.000000000000000e-15	3.000000000000000e-07
3.814189e+07	8.714216647889901e-01	4.751259583604261e-01	5.000000000000000e-15	3.000000000000000e-07
3.885887e+07	8.756889931145382e-01	4.774622463833840e-01	5.000000000000000e-15	3.000000000000000e-07
3.958915e+07	8.799772234340326e-01	4.798098724220768e-01	5.000000000000000e-15	3.000000000000000e-07
4.033298e+07	8.842864579917692e-01	4.821688929819397e-01	5.000000000000000e-15	3.000000000000000e-07
4.109059e+07	8.886167995330969e-01	4.845393648365086e-01	5.000000000000000e-15	3.000000000000000e-07
4.186226e+07	8.929683513068689e-01	4.869213450287573e-01	5.000000000000000e-15	3.000000000000000e-07
4.264823e+07	8.973412170679048e-01	4.893148908724425e-01	5.000000000000000e-15	3.000000000000000e-07
4.344877e+07	9.017355010794660e-01	4.917200599534565e-01	5.000000000000000e-15	3.000000000000000e-07
4.426415e+07	9.061513081157417e-01	4.941369101311886e-01	5.000000000000000e-15	3.000000000000000e-07
4.509465e+07	9.105887434643489e-01	4.965654995398935e-01	5.000000000000000e-15	3.000000000000000e-07
4.594054e+07	9.150479129288420e-01	4.990058865900683e-01	5.000000000000000e-15	3.000000000000000e-07
4.680211e+07	9.195289228312370e-01	5.014581299698367e-01	5.000000000000000e-15	3.000000000000000e-07
4.767965e+07	9.240318800145464e-01	5.039222886463421e-01	5.000000000000000e-15	3.000000000000000e-07
4.857345e+07	9.285568918453271e-01	5.063984218671469e-01	5.000000000000000e-15	3.000000000000000e-07
4.948382e+07	9.331040662162411e-01	5.088865891616418e-01	5.000000000000000e-15	3.000000000000000e-07
5.041106e+07	9.376735115486274e-01	5.113868503424608e-01	5.000000000000000e-15	3.000000000000000e-07
5.135549e+07	9.422653367950876e-01	5.138992655069063e-01	5.000000000000000e-15	3.000000000000000e-07
5.231741e+07	9.468796514420837e-01	5.164238950383799e-01	5.000000000000000e-15	3.000000000000000e-07
5.329716e+07	9.515165655125485e-01	5.189607996078223e-01	5.000000000000000e-15	3.000000000000000e-07
5.429506e+07	9.561761895685083e-01	5.215100401751611e-01	5.000000000000000e-15	3.000000000000000e-07
5.531146e+07	9.608586347137195e-01	5.240716779907657e-01	5.000000000000000e-15	3.000000000000000e-07
5.634668e+07	9.655640125963170e-01	5.266457745969111e-01	5.000000000000000e-15	3.000000000000000e-07
5.740109e+07	9.702924354114761e-01	5.292323918292481e-01	5.000000000000000e-15	3.000000000000000e-07
5.847503e+07	9.750440159040871e-01	5.318315918182832e-01	5.000000000000000e-15	3.000000000000000e-07
5.956887e+07	9.798188673714424e-01	5.344434369908651e-01	5.000000000000000e-15	3.000000000000000e-07
6.068297e+07	9.846171036659386e-01	5.370679900716790e-01	5.000000000000000e-15	3.000000000000000e-07
6.181772e+07	9.894388391977893e-01	5.397053140847498e-01	5.000000000000000e-15	3.000000000000000e-07
6.297348e+07	9.942841889377528e-01	5.423554723549521e-01	5.000000000000000e-15	3.000000000000000e-07
6.415066e+07	9.991532684198728e-01	5.450185285095290e-01	5.000000000000000e-15	3.000000000000000e-07
6.534964e+07	1.004046193744232e+00	5.476945464796183e-01	5.000000000000000e-15	3.000000000000000e-07
6.657083e+07	1.008963081579720e+00	5.503835905017866e-01	5.000000000000000e-15	3.000000000000000e-07
6.781465e+07	1.013904049166814e+00	5.530857251195717e-01	5.000000000000000e-15	3.000000000000000e-07
6.908150e+07	1.018869214320372e+00	5.558010151850321e-01	5.000000000000000e-15	3.000000000000000e-07
7.037183e+07	1.023858695432443e+00	5.585295258603064e-01	5.000000000000000e-15	3.000000000000000e-07
7.168605e+07	1.028872611475087e+00	5.612713226191777e-01	5.000000000000000e-15	3.000000000000000e-07
7.302461e+07	1.033911082003212e+00	5.640264712486489e-01	5.000000000000000e-15	3.000000000000000e-07
7.438797e+07	1.038974227157423e+00	5.667950378505243e-01	5.000000000000000e-15	3.000000000000000e-07
7.577659e+07	1.044062167666885e+00	5.695770888429995e-01	5.000000000000000e-15	3.000000000000000e-07
7.719092e+07	1.049175024852200e+00	5.723726909622598e-01	5.000000000000000e-15	3.000000000000000e-07
7.863145e+07	1.054312920628300e+00	5.751819112640862e-01	5.000000000000000e-15	3.000000000000000e-07
8.009866e+07	1.059475977507351e+00	5.780048171254697e-01	5.000000000000000e-15	3.000000000000000e-07
8.159305e+07	1.064664318601673e+00	5.808414762462333e-01	5.000000000000000e-15	3.000000000000000e-07
8.311512e+07	1.069878067626677e+00	5.836919566506628e-01	5.000000000000000e-15	3.000000000000000e-07
8.466538e+07	1.075117348903807e+00	5.865563266891454e-01	5.000000000000000e-15	3.000000000000000e-07
8.624436e+07	1.080382287363509e+00	5.894346550398158e-01	5.000000000000000e-15	3.000000000000000e-07
8.785258e+07	1.085673008548205e+00	5.923270107102121e-01	5.000000000000000e-15	3.000000000000000e-07
8.949059e+07	1.090989638615287e+00	5.952334630389378e-01	5.000000000000000e-15	3.000000000000000e-07
9.115894e+07	1.096332304340121e+00	5.981540816973333e-01	5.000000000000000e-15	3.000000000000000e-07
9.285818e+07	1.101701133119069e+00	6.010889366911564e-01	5.000000000000000e-15	3.000000000000000e-07
9.458891e+07	1.107096252972528e+00	6.040380983622687e-01	5.000000000000000e-15	3.000000000000000e-07
9.635169e+07	1.112517792547974e+00	6.070016373903326e-01	5.000000000000000e-15	3.000000000000000e-07
9.814712e+07	1.117965881123037e+00	6.099796247945153e-01	5.000000000000000e-15	3.000000000000000e-07
9.997581e+07	1.123440648608572e+00	6.129721319352017e-01	5.000000000000000e-15	3.000000000000000e-07
1.000000e+08	1.123512269786130e+00	6.130112794132357e-01	5.000000000000000e-15	3.000000000000000e-07
1.018971e+08	1.129114518403757e+00	6.160734029085448e-01	5.000000000000000e-15	3.000000000000000e-07
1.037946e+08	1.134642038624884e+00	6.190946179219203e-01	5.000000000000000e-15	3.000000000000000e-07
1.057279e+08	1.140198501288678e+00	6.221315909257732e-01	5.000000000000000e-15	3.000000000000000e-07
1.076970e+08	1.145782138759382e+00	6.251833560901758e-01	5.000000000000000e-15	3.000000000000000e-07
1.097026e+08	1.151393119056255e+00	6.282500055804205e-01	5.000000000000000e-15	3.000000000000000e-07
1.117453e+08	1.157031575335167e+00	6.313316125016705e-01	5.000000000000000e-15	3.000000000000000e-07
1.138259e+08	1.162697642059175e+00	6.344282506688717e-01	5.000000000000000e-15	3.000000000000000e-07
1.159450e+08	1.168391454337894e+00	6.375399942457092e-01	5.000000000000000e-15	3.000000000000000e-07
1.181034e+08	1.174113147942902e+00	6.406669177530557e-01	5.000000000000000e-15	3.000000000000000e-07
1.203017e+08	1.179862859310751e+00	6.438090960706477e-01	5.000000000000000e-15	3.000000000000000e-07
1.225408e+08	1.185640725546225e+00	6.469666044388935e-01	5.000000000000000e-15	3.000000000000000e-07
1.248214e+08	1.191446884425604e+00	6.501395184606895e-01	5.000000000000000e-15	3.000000000000000e-07
1.271442e+08	1.197281474399948e+00	6.533279141032433e-01	5.000000000000000e-15	3.000000000000000e-07
1.295100e+08	1.203144634598399e+00	6.565318676999075e-01	5.000000000000000e-15	3.000000000000000e-07
1.319197e+08	1.209036504831491e+00	6.597514559520206e-01	5.000000000000000e-15	3.000000000000000e-07
1.343740e+08	1.214957225594486e+00	6.629867559307581e-01	5.000000000000000e-15	3.000000000000000e-07
1.368738e+08	1.220906938070719e+00	6.662378450789915e-01	5.000000000000000e-15	3.000000000000000e-07
1.394199e+08	1.226885784134965e+00	6.695048012131567e-01	5.000000000000000e-15	3.000000000000000e-07
1.420132e+08	1.232893906356818e+00	6.727877025251310e-01	5.000000000000000e-15	3.000000000000000e-07
1.446546e+08	1.238931448004089e+00	6.760866275841197e-01	5.000000000000000e-15	3.000000000000000e-07
1.473448e+08	1.244998553046218e+00	6.794016553385511e-01	5.000000000000000e-15	3.000000000000000e-07
1.500850e+08	1.251095366157709e+00	6.827328651179807e-01	5.000000000000000e-15	3.000000000000000e-07
1.528759e+08	1.257222032721572e+00	6.860803366350048e-01	5.000000000000000e-15	3.000000000000000e-07
1.557185e+08	1.263378698832792e+00	6.894441499871828e-01	5.000000000000000e-15	3.000000000000000e-07
1.586138e+08	1.269565511301808e+00	6.928243856589693e-01	5.000000000000000e-15	3.000000000000000e-07
1.615627e+08	1.275782617658012e+00	6.962211245236541e-01	5.000000000000000e-15	3.000000000000000e-07
1.645663e+08	1.282030166153264e+00	6.996344478453138e-01	5.000000000000000e-15	3.000000000000000e-07
1.676256e+08	1.288308305765424e+00	7.030644372807697e-01	5.000000000000000e-15	3.000000000000000e-07
1.707416e+08	1.294617186201905e+00	7.065111748815577e-01	5.000000000000000e-15	3.000000000000000e-07
1.739153e+08	1.300956957903238e+00	7.099747430959060e-01	5.000000000000000e-15	3.000000000000000e-07
1.771478e+08	1.307327772046657e+00	7.134552247707230e-01	5.000000000000000e-15	3.000000000000000e-07
1.804403e+08	1.313729780549700e+00	7.169527031535937e-01	5.000000000000000e-15	3.000000000000000e-07
1.837937e+08	1.320163136073834e+00	7.204672618947870e-01	5.000000000000000e-15	3.000000000000000e-07
1.872094e+08	1.326627992028088e+00	7.239989850492717e-01	5.000000000000000e-15	3.000000000000000e-07
1.906883e+08	1.333124502572711e+00	7.275479570787415e-01	5.000000000000000e-15	3.000000000000000e-07
1.942318e+08	1.339652822622843e+00	7.311142628536512e-01	5.000000000000000e-15	3.000000000000000e-07
1.978409e+08	1.346213107852211e+00	7.346979876552612e-01	5.000000000000000e-15	3.000000000000000e-07
2.015170e+08	1.352805514696835e+00	7.382992171776922e-01	5.000000000000000e-15	3.000000000000000e-07
2.052611e+08	1.359430200358755e+00	7.419180375299904e-01	5.000000000000000e-15	3.000000000000000e-07
2.090748e+08	1.366087322809781e+00	7.455545352382007e-01	5.000000000000000e-15	3.000000000000000e-07
2.129591e+08	1.372777040795256e+00	7.492087972474518e-01	5.000000000000000e-15	3.000000000000000e-07
2.169154e+08	1.379499513837834e+00	7.528809109240501e-01	5.000000000000000e-15	3.000000000000000e-07
2.209451e+08	1.386254902241290e+00	7.565709640575830e-01	5.000000000000000e-15	3.000000000000000e-07
2.250495e+08	1.393043367094332e+00	7.602790448630340e-01	5.000000000000000e-15	3.000000000000000e-07
2.292300e+08	1.399865070274444e+00	7.640052419829062e-01	5.000000000000000e-15	3.000000000000000e-07
2.334881e+08	1.406720174451745e+00	7.677496444893568e-01	5.000000000000000e-15	3.000000000000000e-07
2.378251e+08	1.413608843092859e+00	7.715123418863408e-01	5.000000000000000e-15	3.000000000000000e-07
2.422425e+08	1.420531240464817e+00	7.752934241117663e-01	5.000000000000000e-15	3.000000000000000e-07
2.467419e+08	1.427487531638968e+00	7.790929815396584e-01	5.000000000000000e-15	3.000000000000000e-07
2.513247e+08	1.434477882494913e+00	7.829111049823355e-01	5.000000000000000e-15	3.000000000000000e-07
2.559925e+08	1.441502459724459e+00	7.867478856925931e-01	5.000000000000000e-15	3.000000000000000e-07
2.607469e+08	1.448561430835589e+00	7.906034153659010e-01	5.000000000000000e-15	3.000000000000000e-07
2.655895e+08	1.455654964156459e+00	7.944777861426086e-01	5.000000000000000e-15	3.000000000000000e-07
2.705219e+08	1.462783228839401e+00	7.983710906101619e-01	5.000000000000000e-15	3.000000000000000e-07
2.755458e+08	1.469946394864962e+00	8.022834218053309e-01	5.000000000000000e-15	3.000000000000000e-07
2.806629e+08	1.477144633045949e+00	8.062148732164474e-01	5.000000000000000e-15	3.000000000000000e-07
2.858750e+08	1.484378115031504e+00	8.101655387856529e-01	5.000000000000000e-15	3.000000000000000e-07
2.911837e+08	1.491647013311189e+00	8.141355129111588e-01	5.000000000000000e-15	3.000000000000000e-07
2.965910e+08	1.498951501219102e+00	8.181248904495155e-01	5.000000000000000e-15	3.000000000000000e-07
3.020985e+08	1.506291752938005e+00	8.221337667178936e-01	5.000000000000000e-15	3.000000000000000e-07
3.077083e+08	1.513667943503474e+00	8.261622374963751e-01	5.000000000000000e-15	3.000000000000000e-07
3.134221e+08	1.521080248808072e+00	8.302103990302562e-01	5.000000000000000e-15	3.000000000000000e-07
3.192420e+08	1.528528845605540e+00	8.342783480323607e-01	5.000000000000000e-15	3.000000000000000e-07
3.251699e+08	1.536013911515009e+00	8.383661816853643e-01	5.000000000000000e-15	3.000000000000000e-07
3.312078e+08	1.543535625025233e+00	8.424739976441303e-01	5.000000000000000e-15	3.000000000000000e-07
3.373578e+08	1.551094165498841e+00	8.466018940380565e-01	5.000000000000000e-15	3.000000000000000e-07
3.436219e+08	1.558689713176615e+00	8.507499694734323e-01	5.000000000000000e-15	3.000000000000000e-07
3.500023e+08	1.566322449181782e+00	8.549183230358085e-01	5.000000000000000e-15	3.000000000000000e-07
3.565011e+08	1.573992555524329e+00	8.591070542923775e-01	5.000000000000000e-15	3.000000000000000e-07
3.631205e+08	1.581700215105347e+00	8.633162632943649e-01	5.000000000000000e-15	3.000000000000000e-07
3.698628e+08	1.589445611721382e+00	8.675460505794325e-01	5.000000000000000e-15	3.000000000000000e-07
3.767303e+08	1.597228930068820e+00	8.717965171740932e-01	5.000000000000000e-15	3.000000000000000e-07
3.837253e+08	1.605050355748287e+00	8.760677645961370e-01	5.000000000000000e-15	3.000000000000000e-07
3.908501e+08	1.612910075269073e+00	8.803598948570684e-01	5.000000000000000e-15	3.000000000000000e-07
3.981073e+08	1.620808276053573e+00	8.846730104645563e-01	5.000000000000000e-15	3.000000000000000e-07
4.054992e+08	1.628745146441759e+00	8.890072144248942e-01	5.000000000000000e-15	3.000000000000000e-07
4.130283e+08	1.636720875695666e+00	8.933626102454737e-01	5.000000000000000e-15	3.000000000000000e-07
4.206973e+08	1.644735654003900e+00	8.977393019372686e-01	5.000000000000000e-15	3.000000000000000e-07
4.285087e+08	1.652789672486174e+00	9.021373940173315e-01	5.000000000000000e-15	3.000000000000000e-07
4.364651e+08	1.660883123197861e+00	9.065569915113021e-01	5.000000000000000e-15	3.000000000000000e-07
4.445693e+08	1.669016199134570e+00	9.109981999559276e-01	5.000000000000000e-15	3.000000000000000e-07
4.528240e+08	1.677189094236749e+00	9.154611254015949e-01	5.000000000000000e-15	3.000000000000000e-07
4.612321e+08	1.685402003394303e+00	9.199458744148754e-01	5.000000000000000e-15	3.000000000000000e-07
4.697963e+08	1.693655122451239e+00	9.244525540810812e-01	5.000000000000000e-15	3.000000000000000e-07
4.785197e+08	1.701948648210337e+00	9.289812720068346e-01	5.000000000000000e-15	3.000000000000000e-07
4.874050e+08	1.710282778437834e+00	9.335321363226485e-01	5.000000000000000e-15	3.000000000000000e-07
4.964555e+08	1.718657711868145e+00	9.381052556855207e-01	5.000000000000000e-15	3.000000000000000e-07
5.056741e+08	1.727073648208590e+00	9.427007392815394e-01	5.000000000000000e-15	3.000000000000000e-07
5.150639e+08	1.735530788144161e+00	9.473186968285017e-01	5.000000000000000e-15	3.000000000000000e-07
5.246283e+08	1.744029333342303e+00	9.519592385785443e-01	5.000000000000000e-15	3.000000000000000e-07
5.343703e+08	1.752569486457715e+00	9.566224753207875e-01	5.000000000000000e-15	3.000000000000000e-07
5.442934e+08	1.761151451137188e+00	9.613085183839915e-01	5.000000000000000e-15	3.000000000000000e-07
5.544009e+08	1.769775432024451e+00	9.660174796392245e-01	5.000000000000000e-15	3.000000000000000e-07
5.646962e+08	1.778441634765052e+00	9.707494715025453e-01	5.000000000000000e-15	3.000000000000000e-07
5.751829e+08	1.787150266011259e+00	9.755046069376977e-01	5.000000000000000e-15	3.000000000000000e-07
5.858644e+08	1.795901533426982e+00	9.802829994588175e-01	5.000000000000000e-15	3.000000000000000e-07
5.967445e+08	1.804695645692727e+00	9.850847631331539e-01	5.000000000000000e-15	3.000000000000000e-07
6.078269e+08	1.813532812510565e+00	9.899100125838021e-01	5.000000000000000e-15	3.000000000000000e-07
6.191152e+08	1.822413244609129e+00	9.947588629924505e-01	5.000000000000000e-15	3.000000000000000e-07
6.306134e+08	1.831337153748642e+00	9.996314301021409e-01	5.000000000000000e-15	3.000000000000000e-07
6.423254e+08	1.840304752725958e+00	1.004527830220041e+00	5.000000000000000e-15	3.000000000000000e-07
6.542551e+08	1.849316255379635e+00	1.009448180220230e+00	5.000000000000000e-15	3.000000000000000e-07
6.664066e+08	1.858371876595035e+00	1.014392597546501e+00	5.000000000000000e-15	3.000000000000000e-07
6.787840e+08	1.867471832309438e+00	1.019361200215171e+00	5.000000000000000e-15	3.000000000000000e-07
6.913916e+08	1.876616339517194e+00	1.024354106817911e+00	5.000000000000000e-15	3.000000000000000e-07
7.042336e+08	1.885805616274895e+00	1.029371436524584e+00	5.000000000000000e-15	3.000000000000000e-07
7.173145e+08	1.895039881706567e+00	1.034413309086098e+00	5.000000000000000e-15	3.000000000000000e-07
7.306386e+08	1.904319356008896e+00	1.039479844837278e+00	5.000000000000000e-15	3.000000000000000e-07
7.442105e+08	1.913644260456475e+00	1.044571164699744e+00	5.000000000000000e-15	3.000000000000000e-07
7.580349e+08	1.923014817407079e+00	1.049687390184806e+00	5.000000000000000e-15	3.000000000000000e-07
7.721164e+08	1.932431250306961e+00	1.054828643396375e+00	5.000000000000000e-15	3.000000000000000e-07
7.864598e+08	1.941893783696181e+00	1.059995047033889e+00	5.000000000000000e-15	3.000000000000000e-07
8.010701e+08	1.951402643213954e+00	1.065186724395243e+00	5.000000000000000e-15	3.000000000000000e-07
8.159521e+08	1.960958055604030e+00	1.070403799379746e+00	5.000000000000000e-15	3.000000000000000e-07
8.311111e+08	1.970560248720099e+00	1.075646396491088e+00	5.000000000000000e-15	3.000000000000000e-07
8.465520e+08	1.980209451531218e+00	1.080914640840315e+00	5.000000000000000e-15	3.000000000000000e-07
8.622803e+08	1.989905894127271e+00	1.086208658148827e+00	5.000000000000000e-15	3.000000000000000e-07
8.783012e+08	1.999649807724450e+00	1.091528574751385e+00	5.000000000000000e-15	3.000000000000000e-07
8.946202e+08	2.009441424670769e+00	1.096874517599136e+00	5.000000000000000e-15	3.000000000000000e-07
9.112429e+08	2.019280978451599e+00	1.102246614262649e+00	5.000000000000000e-15	3.000000000000000e-07
9.281750e+08	2.029168703695233e+00	1.107644992934970e+00	5.000000000000000e-15	3.000000000000000e-07
9.454221e+08	2.039104836178478e+00	1.113069782434687e+00	5.000000000000000e-15	3.000000000000000e-07
9.629903e+08	2.049089612832276e+00	1.118521112209011e+00	5.000000000000000e-15	3.000000000000000e-07
9.808855e+08	2.059123271747349e+00	1.123999112336878e+00	5.000000000000000e-15	3.000000000000000e-07
9.991138e+08	2.069206052179873e+00	1.129503913532055e+00	5.000000000000000e-15	3.000000000000000e-07
1.000000e+09	2.069690776608583e+00	1.129768553270300e+00	5.000000000000000e-15	3.000000000000000e-07
