#t[yr]	ecc	inc	eachmass	totalmass
0.000000e+00	1.000000000000000e-01	5.000000000000000e-02	3.000000000000000e-06	3.000000000000000e-06
1.000000e-03	9.999999966392693e-02	4.999999988133558e-02	3.000000000000000e-06	3.000000000000000e-06
1.000000e-02	9.999999663926938e-02	4.999999881335586e-02	3.000000000000000e-06	3.000000000000000e-06
1.000000e-01	9.999996639270886e-02	4.999998813356411e-02	3.000000000000000e-06	3.000000000000000e-06
1.000000e+00	9.999966392860493e-02	4.999988133619785e-02	3.000000000000000e-06	3.000000000000000e-06
1.000000e+01	9.999663943768418e-02	4.999881341765025e-02	3.000000000000000e-06	3.000000000000000e-06
1.000000e+02	9.996640953365910e-02	4.998813974115334e-02	3.000000000000000e-06	3.000000000000000e-06
2.152170e+02	9.992795133956443e-02	4.997455821966213e-02	3.000000000000000e-06	3.000000000000000e-06
3.320177e+02	9.988927525947477e-02	4.996089631070399e-02	3.000000000000000e-06	3.000000000000000e-06
4.508520e+02	9.985024027324017e-02	4.994710420169774e-02	3.000000000000000e-06	3.000000000000000e-06
5.717530e+02	9.981084581247306e-02	4.993318166680781e-02	3.000000000000000e-06	3.000000000000000e-06
6.947619e+02	9.977108886862381e-02	4.991912761931408e-02	3.000000000000000e-06	3.000000000000000e-06
8.199209e+02	9.973096645881724e-02	4.990494098241628e-02	3.000000000000000e-06	3.000000000000000e-06
9.472727e+02	9.969047558332299e-02	4.989062067423711e-02	3.000000000000000e-06	3.000000000000000e-06
1.000000e+03	9.967385144967027e-02	4.988473967433629e-02	3.000000000000000e-06	3.000000000000000e-06
1.131870e+03	9.963241041919239e-02	4.987007853416663e-02	3.000000000000000e-06	3.000000000000000e-06
1.264685e+03	9.959102344967646e-02	4.985543311585289e-02	3.000000000000000e-06	3.000000000000000e-06
1.399870e+03	9.954925009036221e-02	4.984064762168943e-02	3.000000000000000e-06	3.000000000000000e-06
1.537449e+03	9.950709495539038e-02	4.982572366754682e-02	3.000000000000000e-06	3.000000000000000e-06
1.677471e+03	9.946455482479338e-02	4.981066009886660e-02	3.000000000000000e-06	3.000000000000000e-06
1.819985e+03	9.942162660112476e-02	4.979545580549510e-02	3.000000000000000e-06	3.000000000000000e-06
1.965041e+03	9.937830716951471e-02	4.978010967218943e-02	3.000000000000000e-06	3.000000000000000e-06
2.112691e+03	9.933459340032882e-02	4.976462057958367e-02	3.000000000000000e-06	3.000000000000000e-06
2.262987e+03	9.929048214931747e-02	4.974898740426686e-02	3.000000000000000e-06	3.000000000000000e-06
2.415984e+03	9.924597025781799e-02	4.973320901887945e-02	3.000000000000000e-06	3.000000000000000e-06
2.571737e+03	9.920105455296462e-02	4.971728429221227e-02	3.000000000000000e-06	3.000000000000000e-06
2.730301e+03	9.915573184790694e-02	4.970121208930834e-02	3.000000000000000e-06	3.000000000000000e-06
2.891735e+03	9.910999894203708e-02	4.968499127156757e-02	3.000000000000000e-06	3.000000000000000e-06
3.056098e+03	9.906385262122587e-02	4.966862069685430e-02	3.000000000000000e-06	3.000000000000000e-06
3.223448e+03	9.901728965806809e-02	4.965209921960776e-02	3.000000000000000e-06	3.000000000000000e-06
3.393849e+03	9.897030681213687e-02	4.963542569095557e-02	3.000000000000000e-06	3.000000000000000e-06
3.567362e+03	9.892290083024760e-02	4.961859895883005e-02	3.000000000000000e-06	3.000000000000000e-06
3.744053e+03	9.887506844673141e-02	4.960161786808778e-02	3.000000000000000e-06	3.000000000000000e-06
3.923985e+03	9.882680638371831e-02	4.958448126063196e-02	3.000000000000000e-06	3.000000000000000e-06
4.107228e+03	9.877811135143037e-02	4.956718797553807e-02	3.000000000000000e-06	3.000000000000000e-06
4.293849e+03	9.872898004848489e-02	4.954973684918246e-02	3.000000000000000e-06	3.000000000000000e-06
4.483919e+03	9.867940916220780e-02	4.953212671537421e-02	3.000000000000000e-06	3.000000000000000e-06
4.677510e+03	9.862939536895751e-02	4.951435640549004e-02	3.000000000000000e-06	3.000000000000000e-06
4.874694e+03	9.857893533445942e-02	4.949642474861248e-02	3.000000000000000e-06	3.000000000000000e-06
5.075546e+03	9.852802571415099e-02	4.947833057167127e-02	3.000000000000000e-06	3.000000000000000e-06
5.280145e+03	9.847666315353786e-02	4.946007269958796e-02	3.000000000000000e-06	3.000000000000000e-06
5.488567e+03	9.842484428856098e-02	4.944164995542381e-02	3.000000000000000e-06	3.000000000000000e-06
5.700893e+03	9.837256574597500e-02	4.942306116053097e-02	3.000000000000000e-06	3.000000000000000e-06
5.917206e+03	9.831982414373806e-02	4.940430513470701e-02	3.000000000000000e-06	3.000000000000000e-06
6.137588e+03	9.826661609141309e-02	4.938538069635273e-02	3.000000000000000e-06	3.000000000000000e-06
6.362126e+03	9.821293819058084e-02	4.936628666263347e-02	3.000000000000000e-06	3.000000000000000e-06
6.590908e+03	9.815878703526491e-02	4.934702184964364e-02	3.000000000000000e-06	3.000000000000000e-06
6.824022e+03	9.810415921236856e-02	4.932758507257478e-02	3.000000000000000e-06	3.000000000000000e-06
7.061561e+03	9.804905130212392e-02	4.930797514588702e-02	3.000000000000000e-06	3.000000000000000e-06
7.303618e+03	9.799345987855343e-02	4.928819088348397e-02	3.000000000000000e-06	3.000000000000000e-06
7.550290e+03	9.793738150994376e-02	4.926823109889108e-02	3.000000000000000e-06	3.000000000000000e-06
7.801674e+03	9.788081275933241e-02	4.924809460543753e-02	3.000000000000000e-06	3.000000000000000e-06
8.057870e+03	9.782375018500707e-02	4.922778021644152e-02	3.000000000000000e-06	3.000000000000000e-06
8.318981e+03	9.776619034101774e-02	4.920728674539920e-02	3.000000000000000e-06	3.000000000000000e-06
8.585112e+03	9.770812977770221e-02	4.918661300617699e-02	3.000000000000000e-06	3.000000000000000e-06
8.856370e+03	9.764956504222433e-02	4.916575781320754e-02	3.000000000000000e-06	3.000000000000000e-06
9.132865e+03	9.759049267912595e-02	4.914471998168921e-02	3.000000000000000e-06	3.000000000000000e-06
9.414708e+03	9.753090923089200e-02	4.912349832778903e-02	3.000000000000000e-06	3.000000000000000e-06
9.702015e+03	9.747081123852930e-02	4.910209166884939e-02	3.000000000000000e-06	3.000000000000000e-06
9.994902e+03	9.741019524215901e-02	4.908049882359804e-02	3.000000000000000e-06	3.000000000000000e-06
1.000000e+04	9.740915177317219e-02	4.908012705432455e-02	3.000000000000000e-06	3.000000000000000e-06
1.030441e+04	9.734683308199375e-02	4.905792604276703e-02	3.000000000000000e-06	3.000000000000000e-06
1.060892e+04	9.728517436219584e-02	4.903595853816094e-02	3.000000000000000e-06	3.000000000000000e-06
1.091950e+04	9.722296414107351e-02	4.901379308072385e-02	3.000000000000000e-06	3.000000000000000e-06
1.123616e+04	9.716022240307451e-02	4.899143684730967e-02	3.000000000000000e-06	3.000000000000000e-06
1.155903e+04	9.709694523752010e-02	4.896888850455523e-02	3.000000000000000e-06	3.000000000000000e-06
1.188825e+04	9.703312920143696e-02	4.894614688738011e-02	3.000000000000000e-06	3.000000000000000e-06
1.222395e+04	9.696877084647462e-02	4.892321083044295e-02	3.000000000000000e-06	3.000000000000000e-06
1.256628e+04	9.690386672884267e-02	4.890007917166906e-02	3.000000000000000e-06	3.000000000000000e-06
1.291537e+04	9.683841340985083e-02	4.887675075242851e-02	3.000000000000000e-06	3.000000000000000e-06
1.327138e+04	9.677240745664711e-02	4.885322441778327e-02	3.000000000000000e-06	3.000000000000000e-06
1.363446e+04	9.670584544296711e-02	4.882949901673644e-02	3.000000000000000e-06	3.000000000000000e-06
1.400476e+04	9.663872394989777e-02	4.880557340248518e-02	3.000000000000000e-06	3.000000000000000e-06
1.438243e+04	9.657103956665591e-02	4.878144643267682e-02	3.000000000000000e-06	3.000000000000000e-06
1.476764e+04	9.650278889138135e-02	4.875711696966875e-02	3.000000000000000e-06	3.000000000000000e-06
1.516056e+04	9.643396853194451e-02	4.873258388079141e-02	3.000000000000000e-06	3.000000000000000e-06
1.556134e+04	9.636457510676893e-02	4.870784603861484e-02	3.000000000000000e-06	3.000000000000000e-06
1.597017e+04	9.629460524566823e-02	4.868290232121855e-02	3.000000000000000e-06	3.000000000000000e-06
1.638721e+04	9.622405559069762e-02	4.865775161246467e-02	3.000000000000000e-06	3.000000000000000e-06
1.681265e+04	9.615292279702019e-02	4.863239280227438e-02	3.000000000000000e-06	3.000000000000000e-06
1.724668e+04	9.608120353378756e-02	4.860682478690764e-02	3.000000000000000e-06	3.000000000000000e-06
1.768947e+04	9.600889448503505e-02	4.858104646924602e-02	3.000000000000000e-06	3.000000000000000e-06
1.814123e+04	9.593599235059130e-02	4.855505675907877e-02	3.000000000000000e-06	3.000000000000000e-06
1.860215e+04	9.586249384700220e-02	4.852885457339193e-02	3.000000000000000e-06	3.000000000000000e-06
1.907242e+04	9.578839570846898e-02	4.850243883666050e-02	3.000000000000000e-06	3.000000000000000e-06
1.955227e+04	9.571369468780055e-02	4.847580848114362e-02	3.000000000000000e-06	3.000000000000000e-06
2.004189e+04	9.563838755737990e-02	4.844896244718267e-02	3.000000000000000e-06	3.000000000000000e-06
2.054151e+04	9.556247111014407e-02	4.842189968350223e-02	3.000000000000000e-06	3.000000000000000e-06
2.105134e+04	9.548594216057832e-02	4.839461914751387e-02	3.000000000000000e-06	3.000000000000000e-06
2.157161e+04	9.540879754572354e-02	4.836711980562263e-02	3.000000000000000e-06	3.000000000000000e-06
2.210254e+04	9.533103412619717e-02	4.833940063353624e-02	3.000000000000000e-06	3.000000000000000e-06
2.264439e+04	9.525264878722740e-02	4.831146061657681e-02	3.000000000000000e-06	3.000000000000000e-06
2.319737e+04	9.517363843970032e-02	4.828329874999518e-02	3.000000000000000e-06	3.000000000000000e-06
2.376176e+04	9.509400002121987e-02	4.825491403928752e-02	3.000000000000000e-06	3.000000000000000e-06
2.433778e+04	9.501373049718033e-02	4.822630550051441e-02	3.000000000000000e-06	3.000000000000000e-06
2.492571e+04	9.493282686185124e-02	4.819747216062208e-02	3.000000000000000e-06	3.000000000000000e-06
2.552580e+04	9.485128613947418e-02	4.816841305776582e-02	3.000000000000000e-06	3.000000000000000e-06
2.613833e+04	9.476910538537142e-02	4.813912724163544e-02	3.000000000000000e-06	3.000000000000000e-06
2.676357e+04	9.468628168706604e-02	4.810961377378272e-02	3.000000000000000e-06	3.000000000000000e-06
2.740180e+04	9.460281216541308e-02	4.807987172795057e-02	3.000000000000000e-06	3.000000000000000e-06
2.805331e+04	9.451869397574156e-02	4.804990019040409e-02	3.000000000000000e-06	3.000000000000000e-06
2.871840e+04	9.443392430900692e-02	4.801969826026309e-02	3.000000000000000e-06	3.000000000000000e-06
2.939737e+04	9.434850039295359e-02	4.798926504983624e-02	3.000000000000000e-06	3.000000000000000e-06
3.009052e+04	9.426241949328706e-02	4.795859968495647e-02	3.000000000000000e-06	3.000000000000000e-06
3.079818e+04	9.417567891485545e-02	4.792770130531768e-02	3.000000000000000e-06	3.000000000000000e-06
3.152065e+04	9.408827600283977e-02	4.789656906481259e-02	3.000000000000000e-06	3.000000000000000e-06
3.225829e+04	9.400020814395250e-02	4.786520213187144e-02	3.000000000000000e-06	3.000000000000000e-06
3.301141e+04	9.391147276764436e-02	4.783359968980172e-02	3.000000000000000e-06	3.000000000000000e-06
3.378036e+04	9.382206734731822e-02	4.780176093712843e-02	3.000000000000000e-06	3.000000000000000e-06
3.456551e+04	9.373198940155018e-02	4.776968508793495e-02	3.000000000000000e-06	3.000000000000000e-06
3.536720e+04	9.364123649531690e-02	4.773737137220433e-02	3.000000000000000e-06	3.000000000000000e-06
3.618581e+04	9.354980624122887e-02	4.770481903616079e-02	3.000000000000000e-06	3.000000000000000e-06
3.702171e+04	9.345769630076900e-02	4.767202734261125e-02	3.000000000000000e-06	3.000000000000000e-06
3.787529e+04	9.336490438553595e-02	4.763899557128693e-02	3.000000000000000e-06	3.000000000000000e-06
3.874694e+04	9.327142825849150e-02	4.760572301918451e-02	3.000000000000000e-06	3.000000000000000e-06
3.963706e+04	9.317726573521153e-02	4.757220900090700e-02	3.000000000000000e-06	3.000000000000000e-06
4.054607e+04	9.308241468513982e-02	4.753845284900397e-02	3.000000000000000e-06	3.000000000000000e-06
4.147439e+04	9.298687303284411e-02	4.750445391431098e-02	3.000000000000000e-06	3.000000000000000e-06
4.242244e+04	9.289063875927363e-02	4.747021156628808e-02	3.000000000000000e-06	3.000000000000000e-06
4.339067e+04	9.279370990301750e-02	4.743572519335715e-02	3.000000000000000e-06	3.000000000000000e-06
4.437953e+04	9.269608456156339e-02	4.740099420323794e-02	3.000000000000000e-06	3.000000000000000e-06
4.538947e+04	9.259776089255534e-02	4.736601802328250e-02	3.000000000000000e-06	3.000000000000000e-06
4.642096e+04	9.249873711505049e-02	4.733079610080795e-02	3.000000000000000e-06	3.000000000000000e-06
4.747449e+04	9.239901151077355e-02	4.729532790342731e-02	3.000000000000000e-06	3.000000000000000e-06
4.855054e+04	9.229858242536841e-02	4.725961291937820e-02	3.000000000000000e-06	3.000000000000000e-06
4.964962e+04	9.219744826964610e-02	4.722365065784916e-02	3.000000000000000e-06	3.000000000000000e-06
5.077225e+04	9.209560752082827e-02	4.718744064930348e-02	3.000000000000000e-06	3.000000000000000e-06
5.191893e+04	9.199305872378517e-02	4.715098244580026e-02	3.000000000000000e-06	3.000000000000000e-06
5.309022e+04	9.188980049226778e-02	4.711427562131246e-02	3.000000000000000e-06	3.000000000000000e-06
5.428665e+04	9.178583151013252e-02	4.707731977204181e-02	3.000000000000000e-06	3.000000000000000e-06
5.550878e+04	9.168115053255833e-02	4.704011451673028e-02	3.000000000000000e-06	3.000000000000000e-06
5.675720e+04	9.157575638725492e-02	4.700265949696791e-02	3.000000000000000e-06	3.000000000000000e-06
5.803248e+04	9.146964797566112e-02	4.696495437749681e-02	3.000000000000000e-06	3.000000000000000e-06
5.933521e+04	9.136282427413288e-02	4.692699884651106e-02	3.000000000000000e-06	3.000000000000000e-06
6.066602e+04	9.125528433511962e-02	4.688879261595234e-02	3.000000000000000e-06	3.000000000000000e-06
6.202551e+04	9.114702728832808e-02	4.685033542180095e-02	3.000000000000000e-06	3.000000000000000e-06
6.341434e+04	9.103805234187280e-02	4.681162702436214e-02	3.000000000000000e-06	3.000000000000000e-06
6.483315e+04	9.092835878341235e-02	4.677266720854742e-02	3.000000000000000e-06	3.000000000000000e-06
6.628260e+04	9.081794598126997e-02	4.673345578415059e-02	3.000000000000000e-06	3.000000000000000e-06
6.776338e+04	9.070681338553820e-02	4.669399258611843e-02	3.000000000000000e-06	3.000000000000000e-06
6.927618e+04	9.059496052916613e-02	4.665427747481554e-02	3.000000000000000e-06	3.000000000000000e-06
7.082171e+04	9.048238702902839e-02	4.661431033628344e-02	3.000000000000000e-06	3.000000000000000e-06
7.240069e+04	9.036909258697493e-02	4.657409108249335e-02	3.000000000000000e-06	3.000000000000000e-06
7.401386e+04	9.025507699086065e-02	4.653361965159264e-02	3.000000000000000e-06	3.000000000000000e-06
7.566199e+04	9.014034011555377e-02	4.649289600814476e-02	3.000000000000000e-06	3.000000000000000e-06
7.734584e+04	9.002488192392215e-02	4.645192014336216e-02	3.000000000000000e-06	3.000000000000000e-06
7.906620e+04	8.990870246779616e-02	4.641069207533226e-02	3.000000000000000e-06	3.000000000000000e-06
8.082388e+04	8.979180188890780e-02	4.636921184923605e-02	3.000000000000000e-06	3.000000000000000e-06
8.261971e+04	8.967418041980431e-02	4.632747953755922e-02	3.000000000000000e-06	3.000000000000000e-06
8.445451e+04	8.955583838473594e-02	4.628549524029549e-02	3.000000000000000e-06	3.000000000000000e-06
8.632916e+04	8.943677620051652e-02	4.624325908514199e-02	3.000000000000000e-06	3.000000000000000e-06
8.824453e+04	8.931699437735595e-02	4.620077122768648e-02	3.000000000000000e-06	3.000000000000000e-06
9.020152e+04	8.919649351966379e-02	4.615803185158613e-02	3.000000000000000e-06	3.000000000000000e-06
9.220104e+04	8.907527432682283e-02	4.611504116873772e-02	3.000000000000000e-06	3.000000000000000e-06
9.424402e+04	8.895333759393181e-02	4.607179941943901e-02	3.000000000000000e-06	3.000000000000000e-06
9.633143e+04	8.883068421251629e-02	4.602830687254106e-02	3.000000000000000e-06	3.000000000000000e-06
9.846423e+04	8.870731517120675e-02	4.598456382559142e-02	3.000000000000000e-06	3.000000000000000e-06
1.000000e+05	8.861988598319048e-02	4.595356422047604e-02	3.000000000000000e-06	3.000000000000000e-06
1.022266e+05	8.849450673690945e-02	4.590911395363077e-02	3.000000000000000e-06	3.000000000000000e-06
1.044873e+05	8.836921967321448e-02	4.586469936882782e-02	3.000000000000000e-06	3.000000000000000e-06
1.067975e+05	8.824320414072864e-02	4.582002949570729e-02	3.000000000000000e-06	3.000000000000000e-06
1.091579e+05	8.811647930376058e-02	4.577511104588344e-02	3.000000000000000e-06	3.000000000000000e-06
1.115697e+05	8.798904633526990e-02	4.572994434783734e-02	3.000000000000000e-06	3.000000000000000e-06
1.140340e+05	8.786090689879489e-02	4.568452989761880e-02	3.000000000000000e-06	3.000000000000000e-06
1.165520e+05	8.773206275061529e-02	4.563886821777108e-02	3.000000000000000e-06	3.000000000000000e-06
1.191247e+05	8.760251574869096e-02	4.559295986042720e-02	3.000000000000000e-06	3.000000000000000e-06
1.217535e+05	8.747226785279354e-02	4.554680540728873e-02	3.000000000000000e-06	3.000000000000000e-06
1.244394e+05	8.734132112478578e-02	4.550040546966044e-02	3.000000000000000e-06	3.000000000000000e-06
1.271838e+05	8.720967772885496e-02	4.545376068847250e-02	3.000000000000000e-06	3.000000000000000e-06
1.299880e+05	8.707733993170381e-02	4.540687173429127e-02	3.000000000000000e-06	3.000000000000000e-06
1.328531e+05	8.694431010269829e-02	4.535973930731896e-02	3.000000000000000e-06	3.000000000000000e-06
1.357806e+05	8.681059071397176e-02	4.531236413738161e-02	3.000000000000000e-06	3.000000000000000e-06
1.387718e+05	8.667618434048494e-02	4.526474698390572e-02	3.000000000000000e-06	3.000000000000000e-06
1.418280e+05	8.654109366004116e-02	4.521688863588304e-02	3.000000000000000e-06	3.000000000000000e-06
1.449507e+05	8.640532145325661e-02	4.516878991182380e-02	3.000000000000000e-06	3.000000000000000e-06
1.481414e+05	8.626887060348494e-02	4.512045165969810e-02	3.000000000000000e-06	3.000000000000000e-06
1.514013e+05	8.613174409669608e-02	4.507187475686544e-02	3.000000000000000e-06	3.000000000000000e-06
1.547321e+05	8.599394502130869e-02	4.502306010999241e-02	3.000000000000000e-06	3.000000000000000e-06
1.581353e+05	8.585547656797633e-02	4.497400865495847e-02	3.000000000000000e-06	3.000000000000000e-06
1.616125e+05	8.571634202932661e-02	4.492472135674972e-02	3.000000000000000e-06	3.000000000000000e-06
1.651651e+05	8.557654479965364e-02	4.487519920934077e-02	3.000000000000000e-06	3.000000000000000e-06
1.687949e+05	8.543608837456312e-02	4.482544323556461e-02	3.000000000000000e-06	3.000000000000000e-06
1.725034e+05	8.529497635057037e-02	4.477545448697054e-02	3.000000000000000e-06	3.000000000000000e-06
1.762925e+05	8.515321242465100e-02	4.472523404367013e-02	3.000000000000000e-06	3.000000000000000e-06
1.801637e+05	8.501080039374410e-02	4.467478301417128e-02	3.000000000000000e-06	3.000000000000000e-06
1.841188e+05	8.486774415420840e-02	4.462410253520034e-02	3.000000000000000e-06	3.000000000000000e-06
1.881596e+05	8.472404770123085e-02	4.457319377151250e-02	3.000000000000000e-06	3.000000000000000e-06
1.922880e+05	8.457971512818822e-02	4.452205791569027e-02	3.000000000000000e-06	3.000000000000000e-06
1.965058e+05	8.443475062596173e-02	4.447069618793034e-02	3.000000000000000e-06	3.000000000000000e-06
2.008149e+05	8.428915848220475e-02	4.441910983581877e-02	3.000000000000000e-06	3.000000000000000e-06
2.052172e+05	8.414294308056407e-02	4.436730013409463e-02	3.000000000000000e-06	3.000000000000000e-06
2.097147e+05	8.399610889985482e-02	4.431526838440225e-02	3.000000000000000e-06	3.000000000000000e-06
2.143095e+05	8.384866051318957e-02	4.426301591503205e-02	3.000000000000000e-06	3.000000000000000e-06
2.190035e+05	8.370060258706183e-02	4.421054408065026e-02	3.000000000000000e-06	3.000000000000000e-06
2.237988e+05	8.355193988038451e-02	4.415785426201749e-02	3.000000000000000e-06	3.000000000000000e-06
2.286977e+05	8.340267724348367e-02	4.410494786569642e-02	3.000000000000000e-06	3.000000000000000e-06
2.337022e+05	8.325281961704832e-02	4.405182632374867e-02	3.000000000000000e-06	3.000000000000000e-06
2.388146e+05	8.310237203103660e-02	4.399849109342109e-02	3.000000000000000e-06	3.000000000000000e-06
2.440371e+05	8.295133960353909e-02	4.394494365682159e-02	3.000000000000000e-06	3.000000000000000e-06
2.493721e+05	8.279972753959988e-02	4.389118552058471e-02	3.000000000000000e-06	3.000000000000000e-06
2.548219e+05	8.264754112999602e-02	4.383721821552716e-02	3.000000000000000e-06	3.000000000000000e-06
2.603888e+05	8.249478574997630e-02	4.378304329629341e-02	3.000000000000000e-06	3.000000000000000e-06
2.660755e+05	8.234146685795994e-02	4.372866234099175e-02	3.000000000000000e-06	3.000000000000000e-06
2.718842e+05	8.218758999419605e-02	4.367407695082084e-02	3.000000000000000e-06	3.000000000000000e-06
2.778176e+05	8.203316077938484e-02	4.361928874968707e-02	3.000000000000000e-06	3.000000000000000e-06
2.838783e+05	8.187818491326138e-02	4.356429938381295e-02	3.000000000000000e-06	3.000000000000000e-06
2.900689e+05	8.172266817314282e-02	4.350911052133685e-02	3.000000000000000e-06	3.000000000000000e-06
2.963921e+05	8.156661641244028e-02	4.345372385190418e-02	3.000000000000000e-06	3.000000000000000e-06
3.028507e+05	8.141003555913605e-02	4.339814108625040e-02	3.000000000000000e-06	3.000000000000000e-06
3.094473e+05	8.125293161422743e-02	4.334236395577618e-02	3.000000000000000e-06	3.000000000000000e-06
3.161850e+05	8.109531065013832e-02	4.328639421211473e-02	3.000000000000000e-06	3.000000000000000e-06
3.230665e+05	8.093717880909933e-02	4.323023362669193e-02	3.000000000000000e-06	3.000000000000000e-06
3.300949e+05	8.077854230149795e-02	4.317388399027926e-02	3.000000000000000e-06	3.000000000000000e-06
3.372732e+05	8.061940740419975e-02	4.311734711254000e-02	3.000000000000000e-06	3.000000000000000e-06
3.446044e+05	8.045978045884172e-02	4.306062482156884e-02	3.000000000000000e-06	3.000000000000000e-06
3.520917e+05	8.029966787009929e-02	4.300371896342543e-02	3.000000000000000e-06	3.000000000000000e-06
3.597382e+05	8.013907610392776e-02	4.294663140166195e-02	3.000000000000000e-06	3.000000000000000e-06
3.675473e+05	7.997801168577996e-02	4.288936401684513e-02	3.000000000000000e-06	3.000000000000000e-06
3.755222e+05	7.981648119880103e-02	4.283191870607304e-02	3.000000000000000e-06	3.000000000000000e-06
3.836664e+05	7.965449128200176e-02	4.277429738248698e-02	3.000000000000000e-06	3.000000000000000e-06
3.919832e+05	7.949204862841190e-02	4.271650197477863e-02	3.000000000000000e-06	3.000000000000000e-06
4.004762e+05	7.932915998321442e-02	4.265853442669312e-02	3.000000000000000e-06	3.000000000000000e-06
4.091490e+05	7.916583214186268e-02	4.260039669652795e-02	3.000000000000000e-06	3.000000000000000e-06
4.180051e+05	7.900207194818108e-02	4.254209075662842e-02	3.000000000000000e-06	3.000000000000000e-06
4.270484e+05	7.883788629245132e-02	4.248361859287977e-02	3.000000000000000e-06	3.000000000000000e-06
4.362826e+05	7.867328210948511e-02	4.242498220419624e-02	3.000000000000000e-06	3.000000000000000e-06
4.457115e+05	7.850826637668483e-02	4.236618360200765e-02	3.000000000000000e-06	3.000000000000000e-06
4.553391e+05	7.834284611209373e-02	4.230722480974362e-02	3.000000000000000e-06	3.000000000000000e-06
4.651694e+05	7.817702837243681e-02	4.224810786231586e-02	3.000000000000000e-06	3.000000000000000e-06
4.752065e+05	7.801082025115379e-02	4.218883480559880e-02	3.000000000000000e-06	3.000000000000000e-06
4.854545e+05	7.784422887642564e-02	4.212940769590900e-02	3.000000000000000e-06	3.000000000000000e-06
4.959176e+05	7.767726140919605e-02	4.206982859948354e-02	3.000000000000000e-06	3.000000000000000e-06
5.066002e+05	7.750992504118909e-02	4.201009959195778e-02	3.000000000000000e-06	3.000000000000000e-06
5.175066e+05	7.734222699292451e-02	4.195022275784287e-02	3.000000000000000e-06	3.000000000000000e-06
5.286414e+05	7.717417451173199e-02	4.189020019000322e-02	3.000000000000000e-06	3.000000000000000e-06
5.400091e+05	7.700577486976581e-02	4.183003398913435e-02	3.000000000000000e-06	3.000000000000000e-06
5.516143e+05	7.683703536202104e-02	4.176972626324143e-02	3.000000000000000e-06	3.000000000000000e-06
5.634617e+05	7.666796330435266e-02	4.170927912711865e-02	3.000000000000000e-06	3.000000000000000e-06
5.755563e+05	7.649856603149920e-02	4.164869470183009e-02	3.000000000000000e-06	3.000000000000000e-06
5.879028e+05	7.632885089511159e-02	4.158797511419199e-02	3.000000000000000e-06	3.000000000000000e-06
6.005063e+05	7.615882526178905e-02	4.152712249625704e-02	3.000000000000000e-06	3.000000000000000e-06
6.133719e+05	7.598849651112298e-02	4.146613898480075e-02	3.000000000000000e-06	3.000000000000000e-06
6.265047e+05	7.581787203375009e-02	4.140502672081044e-02	3.000000000000000e-06	3.000000000000000e-06
6.399101e+05	7.564695922941608e-02	4.134378784897681e-02	3.000000000000000e-06	3.000000000000000e-06
6.535934e+05	7.547576550505090e-02	4.128242451718873e-02	3.000000000000000e-06	3.000000000000000e-06
6.675602e+05	7.530429827285702e-02	4.122093887603127e-02	3.000000000000000e-06	3.000000000000000e-06
6.818159e+05	7.513256494841136e-02	4.115933307828731e-02	3.000000000000000e-06	3.000000000000000e-06
6.963664e+05	7.496057294878256e-02	4.109760927844302e-02	3.000000000000000e-06	3.000000000000000e-06
7.112173e+05	7.478832969066419e-02	4.103576963219739e-02	3.000000000000000e-06	3.000000000000000e-06
7.263745e+05	7.461584258852526e-02	4.097381629597626e-02	3.000000000000000e-06	3.000000000000000e-06
7.418442e+05	7.444311905277880e-02	4.091175142645073e-02	3.000000000000000e-06	3.000000000000000e-06
7.576324e+05	7.427016648796970e-02	4.084957718006097e-02	3.000000000000000e-06	3.000000000000000e-06
7.737453e+05	7.409699229098267e-02	4.078729571254340e-02	3.000000000000000e-06	3.000000000000000e-06
7.901892e+05	7.392360384927124e-02	4.072490917846556e-02	3.000000000000000e-06	3.000000000000000e-06
8.069708e+05	7.375000853910867e-02	4.066241973076482e-02	3.000000000000000e-06	3.000000000000000e-06
8.240964e+05	7.357621372386174e-02	4.059982952029326e-02	3.000000000000000e-06	3.000000000000000e-06
8.415729e+05	7.340222675228807e-02	4.053714069536832e-02	3.000000000000000e-06	3.000000000000000e-06
8.594070e+05	7.322805495685795e-02	4.047435540132962e-02	3.000000000000000e-06	3.000000000000000e-06
8.776058e+05	7.305370565210126e-02	4.041147578010194e-02	3.000000000000000e-06	3.000000000000000e-06
8.961763e+05	7.287918613298025e-02	4.034850396976466e-02	3.000000000000000e-06	3.000000000000000e-06
9.151256e+05	7.270450367328903e-02	4.028544210412777e-02	3.000000000000000e-06	3.000000000000000e-06
9.344612e+05	7.252966552408012e-02	4.022229231231460e-02	3.000000000000000e-06	3.000000000000000e-06
9.541906e+05	7.235467891211898e-02	4.015905671835145e-02	3.000000000000000e-06	3.000000000000000e-06
9.743213e+05	7.217955103836682e-02	4.009573744076419e-02	3.000000000000000e-06	3.000000000000000e-06
9.948611e+05	7.200428907649242e-02	4.003233659218206e-02	3.000000000000000e-06	3.000000000000000e-06
1.000000e+06	7.196132050225543e-02	4.001677953459139e-02	3.000000000000000e-06	3.000000000000000e-06
1.021382e+06	7.178322249601057e-02	3.995231072776623e-02	3.000000000000000e-06	3.000000000000000e-06
1.042870e+06	7.160773691063488e-02	3.988875253454303e-02	3.000000000000000e-06	3.000000000000000e-06
1.064799e+06	7.143208586521475e-02	3.982509987259826e-02	3.000000000000000e-06	3.000000000000000e-06
1.087172e+06	7.125633204507330e-02	3.976137495960887e-02	3.000000000000000e-06	3.000000000000000e-06
1.109998e+06	7.108048134614614e-02	3.969757946878887e-02	3.000000000000000e-06	3.000000000000000e-06
1.133285e+06	7.090454076148431e-02	3.963371547535129e-02	3.000000000000000e-06	3.000000000000000e-06
1.157041e+06	7.072851722435447e-02	3.956978503777427e-02	3.000000000000000e-06	3.000000000000000e-06
1.181277e+06	7.055241763005300e-02	3.950579020581630e-02	3.000000000000000e-06	3.000000000000000e-06
1.206000e+06	7.037624883424638e-02	3.944173302002444e-02	3.000000000000000e-06	3.000000000000000e-06
1.231221e+06	7.020001765181250e-02	3.937761551142032e-02	3.000000000000000e-06	3.000000000000000e-06
1.256948e+06	7.002373085570521e-02	3.931343970119078e-02	3.000000000000000e-06	3.000000000000000e-06
1.283193e+06	6.984739517585203e-02	3.924920760038665e-02	3.000000000000000e-06	3.000000000000000e-06
1.309963e+06	6.967101729808471e-02	3.918492120962972e-02	3.000000000000000e-06	3.000000000000000e-06
1.337271e+06	6.949460386310266e-02	3.912058251882770e-02	3.000000000000000e-06	3.000000000000000e-06
1.365125e+06	6.931816146546958e-02	3.905619350689744e-02	3.000000000000000e-06	3.000000000000000e-06
1.393536e+06	6.914169665264301e-02	3.899175614149624e-02	3.000000000000000e-06	3.000000000000000e-06
1.422515e+06	6.896521592403694e-02	3.892727237876133e-02	3.000000000000000e-06	3.000000000000000e-06
1.452072e+06	6.878872573011729e-02	3.886274416305743e-02	3.000000000000000e-06	3.000000000000000e-06
1.482220e+06	6.861223247153043e-02	3.879817342673252e-02	3.000000000000000e-06	3.000000000000000e-06
1.512968e+06	6.843574249826435e-02	3.873356208988165e-02	3.000000000000000e-06	3.000000000000000e-06
1.544328e+06	6.825926210884253e-02	3.866891206011881e-02	3.000000000000000e-06	3.000000000000000e-06
1.576312e+06	6.808279754955035e-02	3.860422523235691e-02	3.000000000000000e-06	3.000000000000000e-06
1.608931e+06	6.790635501369378e-02	3.853950348859576e-02	3.000000000000000e-06	3.000000000000000e-06
1.642198e+06	6.772994064089033e-02	3.847474869771789e-02	3.000000000000000e-06	3.000000000000000e-06
1.676126e+06	6.755356051639171e-02	3.840996271529251e-02	3.000000000000000e-06	3.000000000000000e-06
1.710725e+06	6.737722067043833e-02	3.834514738338712e-02	3.000000000000000e-06	3.000000000000000e-06
1.746010e+06	6.720092707764524e-02	3.828030453038703e-02	3.000000000000000e-06	3.000000000000000e-06
1.781993e+06	6.702468565641907e-02	3.821543597082264e-02	3.000000000000000e-06	3.000000000000000e-06
1.818687e+06	6.684850226840588e-02	3.815054350520435e-02	3.000000000000000e-06	3.000000000000000e-06
1.856106e+06	6.667238271796957e-02	3.808562891986512e-02	3.000000000000000e-06	3.000000000000000e-06
1.894263e+06	6.649633275170040e-02	3.802069398681045e-02	3.000000000000000e-06	3.000000000000000e-06
1.933172e+06	6.632035805795339e-02	3.795574046357605e-02	3.000000000000000e-06	3.000000000000000e-06
1.972848e+06	6.614446426641619e-02	3.789077009309257e-02	3.000000000000000e-06	3.000000000000000e-06
2.013305e+06	6.596865694770604e-02	3.782578460355790e-02	3.000000000000000e-06	3.000000000000000e-06
2.054558e+06	6.579294161299534e-02	3.776078570831649e-02	3.000000000000000e-06	3.000000000000000e-06
2.096621e+06	6.561732371366569e-02	3.769577510574580e-02	3.000000000000000e-06	3.000000000000000e-06
2.139510e+06	6.544180864098960e-02	3.763075447914987e-02	3.000000000000000e-06	3.000000000000000e-06
2.183240e+06	6.526640172583976e-02	3.756572549665962e-02	3.000000000000000e-06	3.000000000000000e-06
2.227827e+06	6.509110823842532e-02	3.750068981114012e-02	3.000000000000000e-06	3.000000000000000e-06
2.273288e+06	6.491593338805453e-02	3.743564906010445e-02	3.000000000000000e-06	3.000000000000000e-06
2.319638e+06	6.474088232292377e-02	3.737060486563427e-02	3.000000000000000e-06	3.000000000000000e-06
2.366894e+06	6.456596012993192e-02	3.730555883430679e-02	3.000000000000000e-06	3.000000000000000e-06
2.415074e+06	6.439117183452002e-02	3.724051255712816e-02	3.000000000000000e-06	3.000000000000000e-06
2.464194e+06	6.421652240053558e-02	3.717546760947317e-02	3.000000000000000e-06	3.000000000000000e-06
2.514272e+06	6.404201673012097e-02	3.711042555103105e-02	3.000000000000000e-06	3.000000000000000e-06
2.565327e+06	6.386765966362561e-02	3.704538792575736e-02	3.000000000000000e-06	3.000000000000000e-06
2.617376e+06	6.369345597954125e-02	3.698035626183179e-02	3.000000000000000e-06	3.000000000000000e-06
2.670438e+06	6.351941039445996e-02	3.691533207162181e-02	3.000000000000000e-06	3.000000000000000e-06
2.724532e+06	6.334552756305435e-02	3.685031685165201e-02	3.000000000000000e-06	3.000000000000000e-06
2.779677e+06	6.317181207807925e-02	3.678531208257893e-02	3.000000000000000e-06	3.000000000000000e-06
2.835893e+06	6.299826847039482e-02	3.672031922917156e-02	3.000000000000000e-06	3.000000000000000e-06
2.893199e+06	6.282490120901009e-02	3.665533974029695e-02	3.000000000000000e-06	3.000000000000000e-06
2.951617e+06	6.265171470114671e-02	3.659037504891122e-02	3.000000000000000e-06	3.000000000000000e-06
3.011167e+06	6.247871329232226e-02	3.652542657205556e-02	3.000000000000000e-06	3.000000000000000e-06
3.071870e+06	6.230590126645274e-02	3.646049571085734e-02	3.000000000000000e-06	3.000000000000000e-06
3.133748e+06	6.213328284597355e-02	3.639558385053591e-02	3.000000000000000e-06	3.000000000000000e-06
3.196822e+06	6.196086219197861e-02	3.633069236041332e-02	3.000000000000000e-06	3.000000000000000e-06
3.261114e+06	6.178864340437696e-02	3.626582259392957e-02	3.000000000000000e-06	3.000000000000000e-06
3.326649e+06	6.161663052206651e-02	3.620097588866235e-02	3.000000000000000e-06	3.000000000000000e-06
3.393447e+06	6.144482752312426e-02	3.613615356635125e-02	3.000000000000000e-06	3.000000000000000e-06
3.461534e+06	6.127323832501257e-02	3.607135693292618e-02	3.000000000000000e-06	3.000000000000000e-06
3.530933e+06	6.110186678480099e-02	3.600658727853991e-02	3.000000000000000e-06	3.000000000000000e-06
3.601668e+06	6.093071669940309e-02	3.594184587760470e-02	3.000000000000000e-06	3.000000000000000e-06
3.673765e+06	6.075979180582789e-02	3.587713398883286e-02	3.000000000000000e-06	3.000000000000000e-06
3.747248e+06	6.058909578144532e-02	3.581245285528104e-02	3.000000000000000e-06	3.000000000000000e-06
3.822144e+06	6.041863224426523e-02	3.574780370439821e-02	3.000000000000000e-06	3.000000000000000e-06
3.898479e+06	6.024840475322951e-02	3.568318774807731e-02	3.000000000000000e-06	3.000000000000000e-06
3.976279e+06	6.007841680851689e-02	3.561860618271023e-02	3.000000000000000e-06	3.000000000000000e-06
4.055571e+06	5.990867185185978e-02	3.555406018924620e-02	3.000000000000000e-06	3.000000000000000e-06
4.136384e+06	5.973917326687284e-02	3.548955093325342e-02	3.000000000000000e-06	3.000000000000000e-06
4.218745e+06	5.956992437939282e-02	3.542507956498379e-02	3.000000000000000e-06	3.000000000000000e-06
4.302684e+06	5.940092845782913e-02	3.536064721944063e-02	3.000000000000000e-06	3.000000000000000e-06
4.388229e+06	5.923218871352474e-02	3.529625501644944e-02	3.000000000000000e-06	3.000000000000000e-06
4.475411e+06	5.906370830112701e-02	3.523190406073125e-02	3.000000000000000e-06	3.000000000000000e-06
4.564259e+06	5.889549031896792e-02	3.516759544197885e-02	3.000000000000000e-06	3.000000000000000e-06
4.654805e+06	5.872753780945338e-02	3.510333023493555e-02	3.000000000000000e-06	3.000000000000000e-06
4.747080e+06	5.855985375946115e-02	3.503910949947641e-02	3.000000000000000e-06	3.000000000000000e-06
4.841117e+06	5.839244110074696e-02	3.497493428069194e-02	3.000000000000000e-06	3.000000000000000e-06
4.936947e+06	5.822530271035840e-02	3.491080560897400e-02	3.000000000000000e-06	3.000000000000000e-06
5.034604e+06	5.805844141105630e-02	3.484672450010396e-02	3.000000000000000e-06	3.000000000000000e-06
5.134122e+06	5.789185997174300e-02	3.478269195534297e-02	3.000000000000000e-06	3.000000000000000e-06
5.235535e+06	5.772556110789735e-02	3.471870896152422e-02	3.000000000000000e-06	3.000000000000000e-06
5.338879e+06	5.755954748201596e-02	3.465477649114713e-02	3.000000000000000e-06	3.000000000000000e-06
5.444189e+06	5.739382170406030e-02	3.459089550247332e-02	3.000000000000000e-06	3.000000000000000e-06
5.551501e+06	5.722838633190933e-02	3.452706693962444e-02	3.000000000000000e-06	3.000000000000000e-06
5.660854e+06	5.706324387181734e-02	3.446329173268153e-02	3.000000000000000e-06	3.000000000000000e-06
5.772283e+06	5.689839677887669e-02	3.439957079778599e-02	3.000000000000000e-06	3.000000000000000e-06
5.885829e+06	5.673384745748489e-02	3.433590503724211e-02	3.000000000000000e-06	3.000000000000000e-06
6.001529e+06	5.656959826181601e-02	3.427229533962083e-02	3.000000000000000e-06	3.000000000000000e-06
6.119425e+06	5.640565149629583e-02	3.420874257986506e-02	3.000000000000000e-06	3.000000000000000e-06
6.239556e+06	5.624200941608067e-02	3.414524761939600e-02	3.000000000000000e-06	3.000000000000000e-06
6.361963e+06	5.607867422753925e-02	3.408181130622084e-02	3.000000000000000e-06	3.000000000000000e-06
6.486690e+06	5.591564808873772e-02	3.401843447504138e-02	3.000000000000000e-06	3.000000000000000e-06
6.613779e+06	5.575293310992714e-02	3.395511794736385e-02	3.000000000000000e-06	3.000000000000000e-06
6.743272e+06	5.559053135403345e-02	3.389186253160947e-02	3.000000000000000e-06	3.000000000000000e-06
6.875216e+06	5.542844483714952e-02	3.382866902322609e-02	3.000000000000000e-06	3.000000000000000e-06
7.009655e+06	5.526667552902895e-02	3.376553820480054e-02	3.000000000000000e-06	3.000000000000000e-06
7.146636e+06	5.510522535358153e-02	3.370247084617168e-02	3.000000000000000e-06	3.000000000000000e-06
7.286204e+06	5.494409618936993e-02	3.363946770454428e-02	3.000000000000000e-06	3.000000000000000e-06
7.428409e+06	5.478328987010756e-02	3.357652952460338e-02	3.000000000000000e-06	3.000000000000000e-06
7.573299e+06	5.462280818515713e-02	3.351365703862925e-02	3.000000000000000e-06	3.000000000000000e-06
7.720923e+06	5.446265288002994e-02	3.345085096661288e-02	3.000000000000000e-06	3.000000000000000e-06
7.871332e+06	5.430282565688546e-02	3.338811201637187e-02	3.000000000000000e-06	3.000000000000000e-06
8.024577e+06	5.414332817503115e-02	3.332544088366671e-02	3.000000000000000e-06	3.000000000000000e-06
8.180711e+06	5.398416205142212e-02	3.326283825231742e-02	3.000000000000000e-06	3.000000000000000e-06
8.339788e+06	5.382532886116063e-02	3.320030479432041e-02	3.000000000000000e-06	3.000000000000000e-06
8.501860e+06	5.366683013799516e-02	3.313784116996559e-02	3.000000000000000e-06	3.000000000000000e-06
8.666985e+06	5.350866737481876e-02	3.307544802795370e-02	3.000000000000000e-06	3.000000000000000e-06
8.835218e+06	5.335084202416662e-02	3.301312600551363e-02	3.000000000000000e-06	3.000000000000000e-06
9.006616e+06	5.319335549871269e-02	3.295087572852000e-02	3.000000000000000e-06	3.000000000000000e-06
9.181238e+06	5.303620917176508e-02	3.288869781161060e-02	3.000000000000000e-06	3.000000000000000e-06
9.359144e+06	5.287940437776012e-02	3.282659285830394e-02	3.000000000000000e-06	3.000000000000000e-06
9.540394e+06	5.272294241275504e-02	3.276456146111666e-02	3.000000000000000e-06	3.000000000000000e-06
9.725050e+06	5.256682453491886e-02	3.270260420168089e-02	3.000000000000000e-06	3.000000000000000e-06
9.913174e+06	5.241105196502160e-02	3.264072165086147e-02	3.000000000000000e-06	3.000000000000000e-06
1.000000e+07	5.234069711821637e-02	3.261273586768765e-02	3.000000000000000e-06	3.000000000000000e-06
1.019526e+07	5.218384159782367e-02	3.255033198566663e-02	3.000000000000000e-06	3.000000000000000e-06
1.039217e+07	5.202895350811259e-02	3.248864741466578e-02	3.000000000000000e-06	3.000000000000000e-06
1.059281e+07	5.187438478244438e-02	3.242702756190902e-02	3.000000000000000e-06	3.000000000000000e-06
1.079722e+07	5.172016692339841e-02	3.236548505740906e-02	3.000000000000000e-06	3.000000000000000e-06
1.100546e+07	5.156630039408037e-02	3.230402019160156e-02	3.000000000000000e-06	3.000000000000000e-06
1.121760e+07	5.141278619555775e-02	3.224263347270044e-02	3.000000000000000e-06	3.000000000000000e-06
1.143372e+07	5.125962528452183e-02	3.218132539481176e-02	3.000000000000000e-06	3.000000000000000e-06
1.165389e+07	5.110681858451019e-02	3.212009644233330e-02	3.000000000000000e-06	3.000000000000000e-06
1.187819e+07	5.095436698617447e-02	3.205894708998964e-02	3.000000000000000e-06	3.000000000000000e-06
1.210668e+07	5.080227134774718e-02	3.199787780294729e-02	3.000000000000000e-06	3.000000000000000e-06
1.233946e+07	5.065053249550174e-02	3.193688903692788e-02	3.000000000000000e-06	3.000000000000000e-06
1.257659e+07	5.049915122420941e-02	3.187598123832076e-02	3.000000000000000e-06	3.000000000000000e-06
1.281815e+07	5.034812829759299e-02	3.181515484429516e-02	3.000000000000000e-06	3.000000000000000e-06
1.306424e+07	5.019746444877721e-02	3.175441028291164e-02	3.000000000000000e-06	3.000000000000000e-06
1.331492e+07	5.004716038073576e-02	3.169374797323308e-02	3.000000000000000e-06	3.000000000000000e-06
1.357030e+07	4.989721676673491e-02	3.163316832543494e-02	3.000000000000000e-06	3.000000000000000e-06
1.383045e+07	4.974763425077353e-02	3.157267174091496e-02	3.000000000000000e-06	3.000000000000000e-06
1.409546e+07	4.959841344801968e-02	3.151225861240210e-02	3.000000000000000e-06	3.000000000000000e-06
1.436542e+07	4.944955494524351e-02	3.145192932406495e-02	3.000000000000000e-06	3.000000000000000e-06
1.464043e+07	4.930105930124650e-02	3.139168425161931e-02	3.000000000000000e-06	3.000000000000000e-06
1.492057e+07	4.915292704728703e-02	3.133152376243513e-02	3.000000000000000e-06	3.000000000000000e-06
1.520594e+07	4.900515868750216e-02	3.127144821564271e-02	3.000000000000000e-06	3.000000000000000e-06
1.549664e+07	4.885775469932564e-02	3.121145796223819e-02	3.000000000000000e-06	3.000000000000000e-06
1.579276e+07	4.871071553390208e-02	3.115155334518823e-02	3.000000000000000e-06	3.000000000000000e-06
1.609441e+07	4.856404161649731e-02	3.109173469953397e-02	3.000000000000000e-06	3.000000000000000e-06
1.640169e+07	4.841773334690470e-02	3.103200235249419e-02	3.000000000000000e-06	3.000000000000000e-06
1.671470e+07	4.827179109984776e-02	3.097235662356772e-02	3.000000000000000e-06	3.000000000000000e-06
1.703355e+07	4.812621522537863e-02	3.091279782463497e-02	3.000000000000000e-06	3.000000000000000e-06
1.735834e+07	4.798100604927270e-02	3.085332626005877e-02	3.000000000000000e-06	3.000000000000000e-06
1.768918e+07	4.783616387341918e-02	3.079394222678426e-02	3.000000000000000e-06	3.000000000000000e-06
1.802620e+07	4.769168897620771e-02	3.073464601443806e-02	3.000000000000000e-06	3.000000000000000e-06
1.836949e+07	4.754758161291092e-02	3.067543790542655e-02	3.000000000000000e-06	3.000000000000000e-06
1.871918e+07	4.740384201606299e-02	3.061631817503334e-02	3.000000000000000e-06	3.000000000000000e-06
1.907538e+07	4.726047039583411e-02	3.055728709151585e-02	3.000000000000000e-06	3.000000000000000e-06
1.943822e+07	4.711746694040096e-02	3.049834491620105e-02	3.000000000000000e-06	3.000000000000000e-06
1.980781e+07	4.697483181631310e-02	3.043949190358041e-02	3.000000000000000e-06	3.000000000000000e-06
2.018428e+07	4.683256516885526e-02	3.038072830140386e-02	3.000000000000000e-06	3.000000000000000e-06
2.056777e+07	4.669066712240569e-02	3.032205435077297e-02	3.000000000000000e-06	3.000000000000000e-06
2.095839e+07	4.654913778079033e-02	3.026347028623325e-02	3.000000000000000e-06	3.000000000000000e-06
2.135628e+07	4.640797722763293e-02	3.020497633586555e-02	3.000000000000000e-06	3.000000000000000e-06
2.176157e+07	4.626718552670122e-02	3.014657272137654e-02	3.000000000000000e-06	3.000000000000000e-06
2.217440e+07	4.612676272224892e-02	3.008825965818845e-02	3.000000000000000e-06	3.000000000000000e-06
2.259492e+07	4.598670883935377e-02	3.003003735552776e-02	3.000000000000000e-06	3.000000000000000e-06
2.302325e+07	4.584702388425149e-02	2.997190601651306e-02	3.000000000000000e-06	3.000000000000000e-06
2.345955e+07	4.570770784466577e-02	2.991386583824213e-02	3.000000000000000e-06	3.000000000000000e-06
2.390396e+07	4.556876069013420e-02	2.985591701187797e-02	3.000000000000000e-06	3.000000000000000e-06
2.435664e+07	4.543018237233019e-02	2.979805972273401e-02	3.000000000000000e-06	3.000000000000000e-06
2.481772e+07	4.529197282538103e-02	2.974029415035851e-02	3.000000000000000e-06	3.000000000000000e-06
2.528738e+07	4.515413196618177e-02	2.968262046861793e-02	3.000000000000000e-06	3.000000000000000e-06
2.576577e+07	4.501665969470538e-02	2.962503884577951e-02	3.000000000000000e-06	3.000000000000000e-06
2.625305e+07	4.487955589430881e-02	2.956754944459296e-02	3.000000000000000e-06	3.000000000000000e-06
2.674938e+07	4.474282043203524e-02	2.951015242237121e-02	3.000000000000000e-06	3.000000000000000e-06
2.725493e+07	4.460645315891234e-02	2.945284793107034e-02	3.000000000000000e-06	3.000000000000000e-06
2.776987e+07	4.447045391024678e-02	2.939563611736860e-02	3.000000000000000e-06	3.000000000000000e-06
2.829438e+07	4.433482250591479e-02	2.933851712274457e-02	3.000000000000000e-06	3.000000000000000e-06
2.882863e+07	4.419955875064893e-02	2.928149108355440e-02	3.000000000000000e-06	3.000000000000000e-06
2.937279e+07	4.406466243432109e-02	2.922455813110822e-02	3.000000000000000e-06	3.000000000000000e-06
2.992707e+07	4.393013333222164e-02	2.916771839174570e-02	3.000000000000000e-06	3.000000000000000e-06
3.049163e+07	4.379597120533490e-02	2.911097198691067e-02	3.000000000000000e-06	3.000000000000000e-06
3.106667e+07	4.366217580061087e-02	2.905431903322498e-02	3.000000000000000e-06	3.000000000000000e-06
3.165239e+07	4.352874685123317e-02	2.899775964256137e-02	3.000000000000000e-06	3.000000000000000e-06
3.224898e+07	4.339568407688350e-02	2.894129392211562e-02	3.000000000000000e-06	3.000000000000000e-06
3.285664e+07	4.326298718400221e-02	2.888492197447777e-02	3.000000000000000e-06	3.000000000000000e-06
3.347558e+07	4.313065586604552e-02	2.882864389770250e-02	3.000000000000000e-06	3.000000000000000e-06
3.410600e+07	4.299868980373893e-02	2.877245978537872e-02	3.000000000000000e-06	3.000000000000000e-06
3.474812e+07	4.286708866532717e-02	2.871636972669822e-02	3.000000000000000e-06	3.000000000000000e-06
3.540216e+07	4.273585210682066e-02	2.866037380652363e-02	3.000000000000000e-06	3.000000000000000e-06
3.606833e+07	4.260497977223841e-02	2.860447210545542e-02	3.000000000000000e-06	3.000000000000000e-06
3.674685e+07	4.247447129384748e-02	2.854866469989818e-02	3.000000000000000e-06	3.000000000000000e-06
3.743796e+07	4.234432629239900e-02	2.849295166212600e-02	3.000000000000000e-06	3.000000000000000e-06
3.814189e+07	4.221454437736079e-02	2.843733306034709e-02	3.000000000000000e-06	3.000000000000000e-06
3.885887e+07	4.208512514714664e-02	2.838180895876760e-02	3.000000000000000e-06	3.000000000000000e-06
3.958915e+07	4.195606818934220e-02	2.832637941765464e-02	3.000000000000000e-06	3.000000000000000e-06
4.033298e+07	4.182737308092759e-02	2.827104449339843e-02	3.000000000000000e-06	3.000000000000000e-06
4.109059e+07	4.169903938849671e-02	2.821580423857377e-02	3.000000000000000e-06	3.000000000000000e-06
4.186226e+07	4.157106666847343e-02	2.816065870200069e-02	3.000000000000000e-06	3.000000000000000e-06
4.264823e+07	4.144345446732435e-02	2.810560792880429e-02	3.000000000000000e-06	3.000000000000000e-06
4.344877e+07	4.131620232176861e-02	2.805065196047384e-02	3.000000000000000e-06	3.000000000000000e-06
4.426415e+07	4.118930975898442e-02	2.799579083492114e-02	3.000000000000000e-06	3.000000000000000e-06
4.509465e+07	4.106277629681251e-02	2.794102458653806e-02	3.000000000000000e-06	3.000000000000000e-06
4.594054e+07	4.093660144395659e-02	2.788635324625341e-02	3.000000000000000e-06	3.000000000000000e-06
4.680211e+07	4.081078470018059e-02	2.783177684158899e-02	3.000000000000000e-06	3.000000000000000e-06
4.767965e+07	4.068532555650310e-02	2.777729539671494e-02	3.000000000000000e-06	3.000000000000000e-06
4.857345e+07	4.056022349538868e-02	2.772290893250440e-02	3.000000000000000e-06	3.000000000000000e-06
4.948382e+07	4.043547799093630e-02	2.766861746658733e-02	3.000000000000000e-06	3.000000000000000e-06
5.041106e+07	4.031108850906483e-02	2.761442101340373e-02	3.000000000000000e-06	3.000000000000000e-06
5.135549e+07	4.018705450769577e-02	2.756031958425612e-02	3.000000000000000e-06	3.000000000000000e-06
5.231741e+07	4.006337543693295e-02	2.750631318736123e-02	3.000000000000000e-06	3.000000000000000e-06
5.329716e+07	3.994005073923957e-02	2.745240182790116e-02	3.000000000000000e-06	3.000000000000000e-06
5.429506e+07	3.981707984961242e-02	2.739858550807367e-02	3.000000000000000e-06	3.000000000000000e-06
5.531146e+07	3.969446219575339e-02	2.734486422714190e-02	3.000000000000000e-06	3.000000000000000e-06
5.634668e+07	3.957219719823818e-02	2.729123798148339e-02	3.000000000000000e-06	3.000000000000000e-06
5.740109e+07	3.945028427068246e-02	2.723770676463840e-02	3.000000000000000e-06	3.000000000000000e-06
5.847503e+07	3.932872281990530e-02	2.718427056735761e-02	3.000000000000000e-06	3.000000000000000e-06
5.956887e+07	3.920751224609000e-02	2.713092937764914e-02	3.000000000000000e-06	3.000000000000000e-06
6.068297e+07	3.908665194294242e-02	2.707768318082491e-02	3.000000000000000e-06	3.000000000000000e-06
6.181772e+07	3.896614129784663e-02	2.702453195954635e-02	3.000000000000000e-06	3.000000000000000e-06
6.297348e+07	3.884597969201820e-02	2.697147569386956e-02	3.000000000000000e-06	3.000000000000000e-06
6.415066e+07	3.872616650065488e-02	2.691851436128972e-02	3.000000000000000e-06	3.000000000000000e-06
6.534964e+07	3.860670109308494e-02	2.686564793678493e-02	3.000000000000000e-06	3.000000000000000e-06
6.657083e+07	3.848758283291299e-02	2.681287639285948e-02	3.000000000000000e-06	3.000000000000000e-06
6.781465e+07	3.836881107816352e-02	2.676019969958643e-02	3.000000000000000e-06	3.000000000000000e-06
6.908150e+07	3.825038518142200e-02	2.670761782464964e-02	3.000000000000000e-06	3.000000000000000e-06
7.037183e+07	3.813230448997371e-02	2.665513073338521e-02	3.000000000000000e-06	3.000000000000000e-06
7.168605e+07	3.801456834594026e-02	2.660273838882226e-02	3.000000000000000e-06	3.000000000000000e-06
7.302461e+07	3.789717608641386e-02	2.655044075172327e-02	3.000000000000000e-06	3.000000000000000e-06
7.438797e+07	3.778012704358934e-02	2.649823778062365e-02	3.000000000000000e-06	3.000000000000000e-06
7.577659e+07	3.766342054489399e-02	2.644612943187096e-02	3.000000000000000e-06	3.000000000000000e-06
7.719092e+07	3.754705591311522e-02	2.639411565966337e-02	3.000000000000000e-06	3.000000000000000e-06
7.863145e+07	3.743103246652612e-02	2.634219641608769e-02	3.000000000000000e-06	3.000000000000000e-06
8.009866e+07	3.731534951900882e-02	2.629037165115680e-02	3.000000000000000e-06	3.000000000000000e-06
8.159305e+07	3.720000638017586e-02	2.623864131284659e-02	3.000000000000000e-06	3.000000000000000e-06
8.311512e+07	3.708500235548945e-02	2.618700534713226e-02	3.000000000000000e-06	3.000000000000000e-06
8.466538e+07	3.697033674637876e-02	2.613546369802423e-02	3.000000000000000e-06	3.000000000000000e-06
8.624436e+07	3.685600885035516e-02	2.608401630760339e-02	3.000000000000000e-06	3.000000000000000e-06
8.785258e+07	3.674201796112551e-02	2.603266311605594e-02	3.000000000000000e-06	3.000000000000000e-06
8.949059e+07	3.662836336870355e-02	2.598140406170767e-02	3.000000000000000e-06	3.000000000000000e-06
9.115894e+07	3.651504435951931e-02	2.593023908105774e-02	3.000000000000000e-06	3.000000000000000e-06
9.285818e+07	3.640206021652674e-02	2.587916810881197e-02	3.000000000000000e-06	3.000000000000000e-06
9.458891e+07	3.628941021930931e-02	2.582819107791564e-02	3.000000000000000e-06	3.000000000000000e-06
9.635169e+07	3.617709364418403e-02	2.577730791958579e-02	3.000000000000000e-06	3.000000000000000e-06
9.814712e+07	3.606510976430340e-02	2.572651856334308e-02	3.000000000000000e-06	3.000000000000000e-06
9.997581e+07	3.595345784975579e-02	2.567582293704311e-02	3.000000000000000e-06	3.000000000000000e-06
1.000000e+08	3.595201434660173e-02	2.567516641269815e-02	3.000000000000000e-06	3.000000000000000e-06
1.018971e+08	3.583865996254120e-02	2.562363978783908e-02	3.000000000000000e-06	3.000000000000000e-06
1.037946e+08	3.572771720470472e-02	2.557315119844685e-02	3.000000000000000e-06	3.000000000000000e-06
1.057279e+08	3.561706629622993e-02	2.552273889746829e-02	3.000000000000000e-06	3.000000000000000e-06
1.076970e+08	3.550674507167691e-02	2.547242033317017e-02	3.000000000000000e-06	3.000000000000000e-06
1.097026e+08	3.539675208468906e-02	2.542219510595856e-02	3.000000000000000e-06	3.000000000000000e-06
1.117453e+08	3.528708660169692e-02	2.537206314011162e-02	3.000000000000000e-06	3.000000000000000e-06
1.138259e+08	3.517774787369842e-02	2.532202435251851e-02	3.000000000000000e-06	3.000000000000000e-06
1.159450e+08	3.506873514960869e-02	2.527207865874694e-02	3.000000000000000e-06	3.000000000000000e-06
1.181034e+08	3.496004767610401e-02	2.522222597296040e-02	3.000000000000000e-06	3.000000000000000e-06
1.203017e+08	3.485168469771005e-02	2.517246620794709e-02	3.000000000000000e-06	3.000000000000000e-06
1.225408e+08	3.474364545688419e-02	2.512279927514649e-02	3.000000000000000e-06	3.000000000000000e-06
1.248214e+08	3.463592919409638e-02	2.507322508467542e-02	3.000000000000000e-06	3.000000000000000e-06
1.271442e+08	3.452853514790864e-02	2.502374354535380e-02	3.000000000000000e-06	3.000000000000000e-06
1.295100e+08	3.442146255505295e-02	2.497435456473001e-02	3.000000000000000e-06	3.000000000000000e-06
1.319197e+08	3.431471065050795e-02	2.492505804910581e-02	3.000000000000000e-06	3.000000000000000e-06
1.343740e+08	3.420827866757406e-02	2.487585390356093e-02	3.000000000000000e-06	3.000000000000000e-06
1.368738e+08	3.410216583794730e-02	2.482674203197727e-02	3.000000000000000e-06	3.000000000000000e-06
1.394199e+08	3.399637139179180e-02	2.477772233706272e-02	3.000000000000000e-06	3.000000000000000e-06
1.420132e+08	3.389089455781091e-02	2.472879472037459e-02	3.000000000000000e-06	3.000000000000000e-06
1.446546e+08	3.378573456331704e-02	2.467995908234275e-02	3.000000000000000e-06	3.000000000000000e-06
1.473448e+08	3.368089063430024e-02	2.463121532229233e-02	3.000000000000000e-06	3.000000000000000e-06
1.500850e+08	3.357636199549543e-02	2.458256333846613e-02	3.000000000000000e-06	3.000000000000000e-06
1.528759e+08	3.347214787044847e-02	2.453400302804663e-02	3.000000000000000e-06	3.000000000000000e-06
1.557185e+08	3.336824748158097e-02	2.448553428717772e-02	3.000000000000000e-06	3.000000000000000e-06
1.586138e+08	3.326466005025386e-02	2.443715701098605e-02	3.000000000000000e-06	3.000000000000000e-06
1.615627e+08	3.316138479682983e-02	2.438887109360205e-02	3.000000000000000e-06	3.000000000000000e-06
1.645663e+08	3.305842094073457e-02	2.434067642818062e-02	3.000000000000000e-06	3.000000000000000e-06
1.676256e+08	3.295576770051684e-02	2.429257290692154e-02	3.000000000000000e-06	3.000000000000000e-06
1.707416e+08	3.285342429390746e-02	2.424456042108949e-02	3.000000000000000e-06	3.000000000000000e-06
1.739153e+08	3.275138993787713e-02	2.419663886103383e-02	3.000000000000000e-06	3.000000000000000e-06
1.771478e+08	3.264966384869318e-02	2.414880811620798e-02	3.000000000000000e-06	3.000000000000000e-06
1.804403e+08	3.254824524197528e-02	2.410106807518864e-02	3.000000000000000e-06	3.000000000000000e-06
1.837937e+08	3.244713333274998e-02	2.405341862569449e-02	3.000000000000000e-06	3.000000000000000e-06
1.872094e+08	3.234632733550433e-02	2.400585965460486e-02	3.000000000000000e-06	3.000000000000000e-06
1.906883e+08	3.224582646423844e-02	2.395839104797785e-02	3.000000000000000e-06	3.000000000000000e-06
1.942318e+08	3.214562993251691e-02	2.391101269106835e-02	3.000000000000000e-06	3.000000000000000e-06
1.978409e+08	3.204573695351947e-02	2.386372446834569e-02	3.000000000000000e-06	3.000000000000000e-06
2.015170e+08	3.194614674009048e-02	2.381652626351104e-02	3.000000000000000e-06	3.000000000000000e-06
2.052611e+08	3.184685850478755e-02	2.376941795951446e-02	3.000000000000000e-06	3.000000000000000e-06
2.090748e+08	3.174787145992916e-02	2.372239943857181e-02	3.000000000000000e-06	3.000000000000000e-06
2.129591e+08	3.164918481764144e-02	2.367547058218131e-02	3.000000000000000e-06	3.000000000000000e-06
2.169154e+08	3.155079778990390e-02	2.362863127113981e-02	3.000000000000000e-06	3.000000000000000e-06
2.209451e+08	3.145270958859439e-02	2.358188138555885e-02	3.000000000000000e-06	3.000000000000000e-06
2.250495e+08	3.135491942553311e-02	2.353522080488048e-02	3.000000000000000e-06	3.000000000000000e-06
2.292300e+08	3.125742651252576e-02	2.348864940789275e-02	3.000000000000000e-06	3.000000000000000e-06
2.334881e+08	3.116023006140582e-02	2.344216707274507e-02	3.000000000000000e-06	3.000000000000000e-06
2.378251e+08	3.106332928407602e-02	2.339577367696315e-02	3.000000000000000e-06	3.000000000000000e-06
2.422425e+08	3.096672339254898e-02	2.334946909746389e-02	3.000000000000000e-06	3.000000000000000e-06
2.467419e+08	3.087041159898699e-02	2.330325321056993e-02	3.000000000000000e-06	3.000000000000000e-06
2.513247e+08	3.077439311574104e-02	2.325712589202392e-02	3.000000000000000e-06	3.000000000000000e-06
2.559925e+08	3.067866715538907e-02	2.321108701700270e-02	3.000000000000000e-06	3.000000000000000e-06
2.607469e+08	3.058323293077339e-02	2.316513646013112e-02	3.000000000000000e-06	3.000000000000000e-06
2.655895e+08	3.048808965503738e-02	2.311927409549568e-02	3.000000000000000e-06	3.000000000000000e-06
2.705219e+08	3.039323654166146e-02	2.307349979665801e-02	3.000000000000000e-06	3.000000000000000e-06
2.755458e+08	3.029867280449828e-02	2.302781343666800e-02	3.000000000000000e-06	3.000000000000000e-06
2.806629e+08	3.020439765780721e-02	2.298221488807688e-02	3.000000000000000e-06	3.000000000000000e-06
2.858750e+08	3.011041031628813e-02	2.293670402294992e-02	3.000000000000000e-06	3.000000000000000e-06
2.911837e+08	3.001670999511450e-02	2.289128071287905e-02	3.000000000000000e-06	3.000000000000000e-06
2.965910e+08	2.992329590996576e-02	2.284594482899525e-02	3.000000000000000e-06	3.000000000000000e-06
3.020985e+08	2.983016727705906e-02	2.280069624198064e-02	3.000000000000000e-06	3.000000000000000e-06
3.077083e+08	2.973732331318031e-02	2.275553482208055e-02	3.000000000000000e-06	3.000000000000000e-06
3.134221e+08	2.964476323571457e-02	2.271046043911520e-02	3.000000000000000e-06	3.000000000000000e-06
3.192420e+08	2.955248626267584e-02	2.266547296249134e-02	3.000000000000000e-06	3.000000000000000e-06
3.251699e+08	2.946049161273619e-02	2.262057226121363e-02	3.000000000000000e-06	3.000000000000000e-06
3.312078e+08	2.936877850525427e-02	2.257575820389581e-02	3.000000000000000e-06	3.000000000000000e-06
3.373578e+08	2.927734616030322e-02	2.253103065877177e-02	3.000000000000000e-06	3.000000000000000e-06
3.436219e+08	2.918619379869798e-02	2.248638949370636e-02	3.000000000000000e-06	3.000000000000000e-06
3.500023e+08	2.909532064202203e-02	2.244183457620605e-02	3.000000000000000e-06	3.000000000000000e-06
3.565011e+08	2.900472591265353e-02	2.239736577342940e-02	3.000000000000000e-06	3.000000000000000e-06
3.631205e+08	2.891440883379088e-02	2.235298295219740e-02	3.000000000000000e-06	3.000000000000000e-06
3.698628e+08	2.882436862947776e-02	2.230868597900361e-02	3.000000000000000e-06	3.000000000000000e-06
3.767303e+08	2.873460452462762e-02	2.226447472002409e-02	3.000000000000000e-06	3.000000000000000e-06
3.837253e+08	2.864511574504760e-02	2.222034904112725e-02	3.000000000000000e-06	3.000000000000000e-06
3.908501e+08	2.855590151746190e-02	2.217630880788349e-02	3.000000000000000e-06	3.000000000000000e-06
3.981073e+08	2.846696106953477e-02	2.213235388557465e-02	3.000000000000000e-06	3.000000000000000e-06
4.054992e+08	2.837829362989279e-02	2.208848413920336e-02	3.000000000000000e-06	3.000000000000000e-06
4.130283e+08	2.828989842814677e-02	2.204469943350221e-02	3.000000000000000e-06	3.000000000000000e-06
4.206973e+08	2.820177469491318e-02	2.200099963294277e-02	3.000000000000000e-06	3.000000000000000e-06
4.285087e+08	2.811392166183500e-02	2.195738460174444e-02	3.000000000000000e-06	3.000000000000000e-06
4.364651e+08	2.802633856160216e-02	2.191385420388317e-02	3.000000000000000e-06	3.000000000000000e-06
4.445693e+08	2.793902462797149e-02	2.187040830310006e-02	3.000000000000000e-06	3.000000000000000e-06
4.528240e+08	2.785197909578625e-02	2.182704676290975e-02	3.000000000000000e-06	3.000000000000000e-06
4.612321e+08	2.776520120099513e-02	2.178376944660871e-02	3.000000000000000e-06	3.000000000000000e-06
4.697963e+08	2.767869018067088e-02	2.174057621728344e-02	3.000000000000000e-06	3.000000000000000e-06
4.785197e+08	2.759244527302850e-02	2.169746693781840e-02	3.000000000000000e-06	3.000000000000000e-06
4.874050e+08	2.750646571744291e-02	2.165444147090394e-02	3.000000000000000e-06	3.000000000000000e-06
4.964555e+08	2.742075075446636e-02	2.161149967904402e-02	3.000000000000000e-06	3.000000000000000e-06
5.056741e+08	2.733529962584528e-02	2.156864142456382e-02	3.000000000000000e-06	3.000000000000000e-06
5.150639e+08	2.725011157453680e-02	2.152586656961723e-02	3.000000000000000e-06	3.000000000000000e-06
5.246283e+08	2.716518584472487e-02	2.148317497619420e-02	3.000000000000000e-06	3.000000000000000e-06
5.343703e+08	2.708052168183595e-02	2.144056650612798e-02	3.000000000000000e-06	3.000000000000000e-06
5.442934e+08	2.699611833255435e-02	2.139804102110220e-02	3.000000000000000e-06	3.000000000000000e-06
5.544009e+08	2.691197504483722e-02	2.135559838265788e-02	3.000000000000000e-06	3.000000000000000e-06
5.646962e+08	2.682809106792908e-02	2.131323845220029e-02	3.000000000000000e-06	3.000000000000000e-06
5.751829e+08	2.674446565237606e-02	2.127096109100570e-02	3.000000000000000e-06	3.000000000000000e-06
5.858644e+08	2.666109805003979e-02	2.122876616022801e-02	3.000000000000000e-06	3.000000000000000e-06
5.967445e+08	2.657798751411089e-02	2.118665352090528e-02	3.000000000000000e-06	3.000000000000000e-06
6.078269e+08	2.649513329912213e-02	2.114462303396610e-02	3.000000000000000e-06	3.000000000000000e-06
6.191152e+08	2.641253466096128e-02	2.110267456023595e-02	3.000000000000000e-06	3.000000000000000e-06
6.306134e+08	2.633019085688362e-02	2.106080796044335e-02	3.000000000000000e-06	3.000000000000000e-06
6.423254e+08	2.624810114552407e-02	2.101902309522595e-02	3.000000000000000e-06	3.000000000000000e-06
6.542551e+08	2.616626478690910e-02	2.097731982513651e-02	3.000000000000000e-06	3.000000000000000e-06
6.664066e+08	2.608468104246820e-02	2.093569801064876e-02	3.000000000000000e-06	3.000000000000000e-06
6.787840e+08	2.600334917504520e-02	2.089415751216321e-02	3.000000000000000e-06	3.000000000000000e-06
6.913916e+08	2.592226844890911e-02	2.085269819001279e-02	3.000000000000000e-06	3.000000000000000e-06
7.042336e+08	2.584143812976480e-02	2.081131990446843e-02	3.000000000000000e-06	3.000000000000000e-06
7.173145e+08	2.576085748476334e-02	2.077002251574454e-02	3.000000000000000e-06	3.000000000000000e-06
7.306386e+08	2.568052578251201e-02	2.072880588400441e-02	3.000000000000000e-06	3.000000000000000e-06
7.442105e+08	2.560044229308414e-02	2.068766986936547e-02	3.000000000000000e-06	3.000000000000000e-06
7.580349e+08	2.552060628802853e-02	2.064661433190449e-02	3.000000000000000e-06	3.000000000000000e-06
7.721164e+08	2.544101704037871e-02	2.060563913166272e-02	3.000000000000000e-06	3.000000000000000e-06
7.864598e+08	2.536167382466191e-02	2.056474412865086e-02	3.000000000000000e-06	3.000000000000000e-06
8.010701e+08	2.528257591690773e-02	2.052392918285401e-02	3.000000000000000e-06	3.000000000000000e-06
8.159521e+08	2.520372259465659e-02	2.048319415423649e-02	3.000000000000000e-06	3.000000000000000e-06
8.311111e+08	2.512511313696790e-02	2.044253890274663e-02	3.000000000000000e-06	3.000000000000000e-06
8.465520e+08	2.504674682442804e-02	2.040196328832143e-02	3.000000000000000e-06	3.000000000000000e-06
8.622803e+08	2.496862293915802e-02	2.036146717089111e-02	3.000000000000000e-06	3.000000000000000e-06
8.783012e+08	2.489074076482096e-02	2.032105041038369e-02	3.000000000000000e-06	3.000000000000000e-06
8.946202e+08	2.481309958662931e-02	2.028071286672934e-02	3.000000000000000e-06	3.000000000000000e-06
9.112429e+08	2.473569869135182e-02	2.024045439986477e-02	3.000000000000000e-06	3.000000000000000e-06
9.281750e+08	2.465853736732039e-02	2.020027486973753e-02	3.000000000000000e-06	3.000000000000000e-06
9.454221e+08	2.458161490443652e-02	2.016017413631012e-02	3.000000000000000e-06	3.000000000000000e-06
9.629903e+08	2.450493059417773e-02	2.012015205956419e-02	3.000000000000000e-06	3.000000000000000e-06
9.808855e+08	2.442848372960362e-02	2.008020849950456e-02	3.000000000000000e-06	3.000000000000000e-06
9.991138e+08	2.435227360536184e-02	2.004034331616318e-02	3.000000000000000e-06	3.000000000000000e-06
1.000000e+09	2.434865282404895e-02	2.003844611955180e-02	3.000000000000000e-06	3.000000000000000e-06
