#t[yr]	ecc	inc	eachmass	totalmass
0.000000e+00	3.000000000000000e-02	1.500000000000000e-02	3.000000000000000e-06	3.000000000000000e-06
1.000000e-03	2.999999621850102e-02	1.499999861053055e-02	3.000000000000000e-06	3.000000000000000e-06
1.000000e-02	2.999996218507645e-02	1.499998610532744e-02	3.000000000000000e-06	3.000000000000000e-06
1.000000e-01	2.999962185660344e-02	1.499986105521650e-02	3.000000000000000e-06	3.000000000000000e-06
1.000000e+00	2.999621914905825e-02	1.499861074610079e-02	3.000000000000000e-06	3.000000000000000e-06
3.099724e+00	2.998829742981775e-02	1.499569914488708e-02	3.000000000000000e-06	3.000000000000000e-06
5.212675e+00	2.998036658203444e-02	1.499278219456887e-02	3.000000000000000e-06	3.000000000000000e-06
7.356582e+00	2.997236069579352e-02	1.498983565145800e-02	3.000000000000000e-06	3.000000000000000e-06
9.531724e+00	2.996428006285079e-02	1.498685958737736e-02	3.000000000000000e-06	3.000000000000000e-06
1.000000e+01	2.996254965478545e-02	1.498622183708640e-02	3.000000000000000e-06	3.000000000000000e-06
1.223925e+01	2.995428335375446e-02	1.498317490287126e-02	3.000000000000000e-06	3.000000000000000e-06
1.448545e+01	2.994603543122791e-02	1.498013267142204e-02	3.000000000000000e-06	3.000000000000000e-06
1.676505e+01	2.993770922639738e-02	1.497705950299890e-02	3.000000000000000e-06	3.000000000000000e-06
1.907823e+01	2.992930547059366e-02	1.497395563195415e-02	3.000000000000000e-06	3.000000000000000e-06
2.142558e+01	2.992082346497001e-02	1.497082076539324e-02	3.000000000000000e-06	3.000000000000000e-06
2.380772e+01	2.991226252668105e-02	1.496765461625309e-02	3.000000000000000e-06	3.000000000000000e-06
2.622523e+01	2.990362196765458e-02	1.496445689548515e-02	3.000000000000000e-06	3.000000000000000e-06
2.867876e+01	2.989490109489748e-02	1.496122731218181e-02	3.000000000000000e-06	3.000000000000000e-06
3.116892e+01	2.988609921048577e-02	1.495796557358661e-02	3.000000000000000e-06	3.000000000000000e-06
3.369638e+01	2.987721561156037e-02	1.495467138510700e-02	3.000000000000000e-06	3.000000000000000e-06
3.626180e+01	2.986824959032395e-02	1.495134445032789e-02	3.000000000000000e-06	3.000000000000000e-06
3.886584e+01	2.985920043403885e-02	1.494798447102599e-02	3.000000000000000e-06	3.000000000000000e-06
4.150920e+01	2.985006742502623e-02	1.494459114718500e-02	3.000000000000000e-06	3.000000000000000e-06
4.419258e+01	2.984084984066639e-02	1.494116417701169e-02	3.000000000000000e-06	3.000000000000000e-06
4.691670e+01	2.983154695340036e-02	1.493770325695283e-02	3.000000000000000e-06	3.000000000000000e-06
4.968229e+01	2.982215803073281e-02	1.493420808171300e-02	3.000000000000000e-06	3.000000000000000e-06
5.249010e+01	2.981268233523630e-02	1.493067834427338e-02	3.000000000000000e-06	3.000000000000000e-06
5.534089e+01	2.980311912455690e-02	1.492711373591137e-02	3.000000000000000e-06	3.000000000000000e-06
5.823544e+01	2.979346765142126e-02	1.492351394622122e-02	3.000000000000000e-06	3.000000000000000e-06
6.117455e+01	2.978372716364519e-02	1.491987866313564e-02	3.000000000000000e-06	3.000000000000000e-06
6.415903e+01	2.977389690414376e-02	1.491620757294835e-02	3.000000000000000e-06	3.000000000000000e-06
6.718970e+01	2.976397611094294e-02	1.491250036033761e-02	3.000000000000000e-06	3.000000000000000e-06
7.026742e+01	2.975396401719298e-02	1.490875670839089e-02	3.000000000000000e-06	3.000000000000000e-06
7.339305e+01	2.974385985118340e-02	1.490497629863041e-02	3.000000000000000e-06	3.000000000000000e-06
7.656746e+01	2.973366283635973e-02	1.490115881103986e-02	3.000000000000000e-06	3.000000000000000e-06
7.979157e+01	2.972337219134208e-02	1.489730392409213e-02	3.000000000000000e-06	3.000000000000000e-06
8.306629e+01	2.971298712994558e-02	1.489341131477818e-02	3.000000000000000e-06	3.000000000000000e-06
8.639255e+01	2.970250686120262e-02	1.488948065863695e-02	3.000000000000000e-06	3.000000000000000e-06
8.977133e+01	2.969193058938725e-02	1.488551162978648e-02	3.000000000000000e-06	3.000000000000000e-06
9.320359e+01	2.968125751404141e-02	1.488150390095610e-02	3.000000000000000e-06	3.000000000000000e-06
9.669034e+01	2.967048683000341e-02	1.487745714351983e-02	3.000000000000000e-06	3.000000000000000e-06
1.000000e+02	2.966033156352077e-02	1.487363937462192e-02	3.000000000000000e-06	3.000000000000000e-06
1.035988e+02	2.964935836903057e-02	1.486951189758894e-02	3.000000000000000e-06	3.000000000000000e-06
1.072514e+02	2.963829662482537e-02	1.486534872374107e-02	3.000000000000000e-06	3.000000000000000e-06
1.109628e+02	2.962713387519847e-02	1.486114514668269e-02	3.000000000000000e-06	3.000000000000000e-06
1.147338e+02	2.961586947802716e-02	1.485690090149980e-02	3.000000000000000e-06	3.000000000000000e-06
1.185658e+02	2.960450259796206e-02	1.485261565115488e-02	3.000000000000000e-06	3.000000000000000e-06
1.224598e+02	2.959303239823260e-02	1.484828905865772e-02	3.000000000000000e-06	3.000000000000000e-06
1.264170e+02	2.958145803762320e-02	1.484392078595282e-02	3.000000000000000e-06	3.000000000000000e-06
1.304387e+02	2.956977867057251e-02	1.483951049398252e-02	3.000000000000000e-06	3.000000000000000e-06
1.345260e+02	2.955799344722541e-02	1.483505784273267e-02	3.000000000000000e-06	3.000000000000000e-06
1.386802e+02	2.954610151348859e-02	1.483056249127985e-02	3.000000000000000e-06	3.000000000000000e-06
1.429027e+02	2.953410201108907e-02	1.482602409784007e-02	3.000000000000000e-06	3.000000000000000e-06
1.471947e+02	2.952199407763563e-02	1.482144231981876e-02	3.000000000000000e-06	3.000000000000000e-06
1.515576e+02	2.950977684668339e-02	1.481681681386225e-02	3.000000000000000e-06	3.000000000000000e-06
1.559927e+02	2.949744944780150e-02	1.481214723591061e-02	3.000000000000000e-06	3.000000000000000e-06
1.605015e+02	2.948501100664397e-02	1.480743324125200e-02	3.000000000000000e-06	3.000000000000000e-06
1.650854e+02	2.947246064502396e-02	1.480267448457837e-02	3.000000000000000e-06	3.000000000000000e-06
1.697458e+02	2.945979748099128e-02	1.479787062004277e-02	3.000000000000000e-06	3.000000000000000e-06
1.744843e+02	2.944702062891350e-02	1.479302130131801e-02	3.000000000000000e-06	3.000000000000000e-06
1.793024e+02	2.943412919956047e-02	1.478812618165693e-02	3.000000000000000e-06	3.000000000000000e-06
1.842017e+02	2.942112230019261e-02	1.478318491395410e-02	3.000000000000000e-06	3.000000000000000e-06
1.891837e+02	2.940799903465280e-02	1.477819715080911e-02	3.000000000000000e-06	3.000000000000000e-06
1.942502e+02	2.939475850346213e-02	1.477316254459140e-02	3.000000000000000e-06	3.000000000000000e-06
1.994027e+02	2.938139980391952e-02	1.476808074750660e-02	3.000000000000000e-06	3.000000000000000e-06
2.046429e+02	2.936792203020534e-02	1.476295141166452e-02	3.000000000000000e-06	3.000000000000000e-06
2.099727e+02	2.935432427348906e-02	1.475777418914864e-02	3.000000000000000e-06	3.000000000000000e-06
2.153938e+02	2.934060562204106e-02	1.475254873208725e-02	3.000000000000000e-06	3.000000000000000e-06
2.209081e+02	2.932676516134871e-02	1.474727469272622e-02	3.000000000000000e-06	3.000000000000000e-06
2.265173e+02	2.931280197423673e-02	1.474195172350332e-02	3.000000000000000e-06	3.000000000000000e-06
2.322234e+02	2.929871514099203e-02	1.473657947712423e-02	3.000000000000000e-06	3.000000000000000e-06
2.380284e+02	2.928450373949303e-02	1.473115760664017e-02	3.000000000000000e-06	3.000000000000000e-06
2.439342e+02	2.927016684534357e-02	1.472568576552717e-02	3.000000000000000e-06	3.000000000000000e-06
2.499429e+02	2.925570353201154e-02	1.472016360776706e-02	3.000000000000000e-06	3.000000000000000e-06
2.560566e+02	2.924111287097227e-02	1.471459078793004e-02	3.000000000000000e-06	3.000000000000000e-06
2.622774e+02	2.922639393185685e-02	1.470896696125904e-02	3.000000000000000e-06	3.000000000000000e-06
2.686074e+02	2.921154578260532e-02	1.470329178375561e-02	3.000000000000000e-06	3.000000000000000e-06
2.750489e+02	2.919656748962503e-02	1.469756491226769e-02	3.000000000000000e-06	3.000000000000000e-06
2.816042e+02	2.918145811795407e-02	1.469178600457895e-02	3.000000000000000e-06	3.000000000000000e-06
2.882755e+02	2.916621673142998e-02	1.468595471949985e-02	3.000000000000000e-06	3.000000000000000e-06
2.950654e+02	2.915084239286375e-02	1.468007071696046e-02	3.000000000000000e-06	3.000000000000000e-06
3.019761e+02	2.913533416421929e-02	1.467413365810496e-02	3.000000000000000e-06	3.000000000000000e-06
3.090102e+02	2.911969110679836e-02	1.466814320538784e-02	3.000000000000000e-06	3.000000000000000e-06
3.161702e+02	2.910391228143115e-02	1.466209902267186e-02	3.000000000000000e-06	3.000000000000000e-06
3.234587e+02	2.908799674867248e-02	1.465600077532770e-02	3.000000000000000e-06	3.000000000000000e-06
3.308785e+02	2.907194356900380e-02	1.464984813033532e-02	3.000000000000000e-06	3.000000000000000e-06
3.384321e+02	2.905575180304107e-02	1.464364075638709e-02	3.000000000000000e-06	3.000000000000000e-06
3.461224e+02	2.903942051174853e-02	1.463737832399258e-02	3.000000000000000e-06	3.000000000000000e-06
3.539522e+02	2.902294875665849e-02	1.463106050558509e-02	3.000000000000000e-06	3.000000000000000e-06
3.619244e+02	2.900633560009728e-02	1.462468697562989e-02	3.000000000000000e-06	3.000000000000000e-06
3.700419e+02	2.898958010541729e-02	1.461825741073417e-02	3.000000000000000e-06	3.000000000000000e-06
3.783080e+02	2.897268133723534e-02	1.461177148975870e-02	3.000000000000000e-06	3.000000000000000e-06
3.867255e+02	2.895563836167733e-02	1.460522889393114e-02	3.000000000000000e-06	3.000000000000000e-06
3.952977e+02	2.893845024662930e-02	1.459862930696110e-02	3.000000000000000e-06	3.000000000000000e-06
4.040279e+02	2.892111606199499e-02	1.459197241515679e-02	3.000000000000000e-06	3.000000000000000e-06
4.129194e+02	2.890363487995990e-02	1.458525790754346e-02	3.000000000000000e-06	3.000000000000000e-06
4.219755e+02	2.888600577526194e-02	1.457848547598336e-02	3.000000000000000e-06	3.000000000000000e-06
4.311997e+02	2.886822782546881e-02	1.457165481529742e-02	3.000000000000000e-06	3.000000000000000e-06
4.405957e+02	2.885030011126202e-02	1.456476562338855e-02	3.000000000000000e-06	3.000000000000000e-06
4.501669e+02	2.883222171672776e-02	1.455781760136650e-02	3.000000000000000e-06	3.000000000000000e-06
4.599172e+02	2.881399172965448e-02	1.455081045367436e-02	3.000000000000000e-06	3.000000000000000e-06
4.698504e+02	2.879560924183753e-02	1.454374388821664e-02	3.000000000000000e-06	3.000000000000000e-06
4.799702e+02	2.877707334939050e-02	1.453661761648885e-02	3.000000000000000e-06	3.000000000000000e-06
4.902808e+02	2.875838315306368e-02	1.452943135370864e-02	3.000000000000000e-06	3.000000000000000e-06
5.007861e+02	2.873953775856944e-02	1.452218481894847e-02	3.000000000000000e-06	3.000000000000000e-06
5.114903e+02	2.872053627691462e-02	1.451487773526971e-02	3.000000000000000e-06	3.000000000000000e-06
5.223976e+02	2.870137782473998e-02	1.450750982985822e-02	3.000000000000000e-06	3.000000000000000e-06
5.335125e+02	2.868206152466677e-02	1.450008083416137e-02	3.000000000000000e-06	3.000000000000000e-06
5.448393e+02	2.866258650565024e-02	1.449259048402644e-02	3.000000000000000e-06	3.000000000000000e-06
5.563826e+02	2.864295190334038e-02	1.448503851984037e-02	3.000000000000000e-06	3.000000000000000e-06
5.681470e+02	2.862315686044971e-02	1.447742468667087e-02	3.000000000000000e-06	3.000000000000000e-06
5.801374e+02	2.860320052712809e-02	1.446974873440878e-02	3.000000000000000e-06	3.000000000000000e-06
5.923585e+02	2.858308206134469e-02	1.446201041791173e-02	3.000000000000000e-06	3.000000000000000e-06
6.048153e+02	2.856280062927701e-02	1.445420949714899e-02	3.000000000000000e-06	3.000000000000000e-06
6.175129e+02	2.854235540570694e-02	1.444634573734753e-02	3.000000000000000e-06	3.000000000000000e-06
6.304565e+02	2.852174557442380e-02	1.443841890913915e-02	3.000000000000000e-06	3.000000000000000e-06
6.436514e+02	2.850097032863440e-02	1.443042878870875e-02	3.000000000000000e-06	3.000000000000000e-06
6.571031e+02	2.848002887138004e-02	1.442237515794364e-02	3.000000000000000e-06	3.000000000000000e-06
6.708172e+02	2.845892041596038e-02	1.441425780458380e-02	3.000000000000000e-06	3.000000000000000e-06
6.847992e+02	2.843764418636413e-02	1.440607652237313e-02	3.000000000000000e-06	3.000000000000000e-06
6.990550e+02	2.841619941770652e-02	1.439783111121158e-02	3.000000000000000e-06	3.000000000000000e-06
7.135906e+02	2.839458535667347e-02	1.438952137730806e-02	3.000000000000000e-06	3.000000000000000e-06
7.284121e+02	2.837280126197232e-02	1.438114713333418e-02	3.000000000000000e-06	3.000000000000000e-06
7.435256e+02	2.835084640478916e-02	1.437270819857873e-02	3.000000000000000e-06	3.000000000000000e-06
7.589375e+02	2.832872006925247e-02	1.436420439910274e-02	3.000000000000000e-06	3.000000000000000e-06
7.746544e+02	2.830642155290316e-02	1.435563556789520e-02	3.000000000000000e-06	3.000000000000000e-06
7.906828e+02	2.828395016717077e-02	1.434700154502927e-02	3.000000000000000e-06	3.000000000000000e-06
8.070296e+02	2.826130523785571e-02	1.433830217781899e-02	3.000000000000000e-06	3.000000000000000e-06
8.237017e+02	2.823848610561748e-02	1.432953732097633e-02	3.000000000000000e-06	3.000000000000000e-06
8.407062e+02	2.821549212646864e-02	1.432070683676863e-02	3.000000000000000e-06	3.000000000000000e-06
8.580504e+02	2.819232267227442e-02	1.431181059517625e-02	3.000000000000000e-06	3.000000000000000e-06
8.757417e+02	2.816897713125782e-02	1.430284847405035e-02	3.000000000000000e-06	3.000000000000000e-06
8.937878e+02	2.814545490850996e-02	1.429382035927090e-02	3.000000000000000e-06	3.000000000000000e-06
9.121963e+02	2.812175542650555e-02	1.428472614490458e-02	3.000000000000000e-06	3.000000000000000e-06
9.309752e+02	2.809787812562334e-02	1.427556573336267e-02	3.000000000000000e-06	3.000000000000000e-06
9.501327e+02	2.807382246467121e-02	1.426633903555881e-02	3.000000000000000e-06	3.000000000000000e-06
9.696770e+02	2.804958792141573e-02	1.425704597106655e-02	3.000000000000000e-06	3.000000000000000e-06
9.896166e+02	2.802517399311611e-02	1.424768646827650e-02	3.000000000000000e-06	3.000000000000000e-06
1.000000e+03	2.801262400557390e-02	1.424287621085107e-02	3.000000000000000e-06	3.000000000000000e-06
1.020756e+03	2.798769441169349e-02	1.423332284136159e-02	3.000000000000000e-06	3.000000000000000e-06
1.041728e+03	2.796283101290700e-02	1.422379746751570e-02	3.000000000000000e-06	3.000000000000000e-06
1.063130e+03	2.793778164452067e-02	1.421420356837906e-02	3.000000000000000e-06	3.000000000000000e-06
1.084968e+03	2.791255097658021e-02	1.420454305981859e-02	3.000000000000000e-06	3.000000000000000e-06
1.107252e+03	2.788713852114702e-02	1.419481588241023e-02	3.000000000000000e-06	3.000000000000000e-06
1.129991e+03	2.786154391801728e-02	1.418502202665408e-02	3.000000000000000e-06	3.000000000000000e-06
1.153196e+03	2.783576682848856e-02	1.417516149221952e-02	3.000000000000000e-06	3.000000000000000e-06
1.176876e+03	2.780980693808074e-02	1.416523428892369e-02	3.000000000000000e-06	3.000000000000000e-06
1.201043e+03	2.778366395705364e-02	1.415524043686436e-02	3.000000000000000e-06	3.000000000000000e-06
1.225706e+03	2.775733762097066e-02	1.414517996656865e-02	3.000000000000000e-06	3.000000000000000e-06
1.250878e+03	2.773082769126252e-02	1.413505291914002e-02	3.000000000000000e-06	3.000000000000000e-06
1.276568e+03	2.770413395579162e-02	1.412485934640365e-02	3.000000000000000e-06	3.000000000000000e-06
1.302789e+03	2.767725622941671e-02	1.411459931105037e-02	3.000000000000000e-06	3.000000000000000e-06
1.329552e+03	2.765019435455744e-02	1.410427288677879e-02	3.000000000000000e-06	3.000000000000000e-06
1.356868e+03	2.762294820175849e-02	1.409388015843561e-02	3.000000000000000e-06	3.000000000000000e-06
1.384751e+03	2.759551767025284e-02	1.408342122215411e-02	3.000000000000000e-06	3.000000000000000e-06
1.413212e+03	2.756790268852385e-02	1.407289618549050e-02	3.000000000000000e-06	3.000000000000000e-06
1.442265e+03	2.754010321486573e-02	1.406230516755823e-02	3.000000000000000e-06	3.000000000000000e-06
1.471922e+03	2.751211923794196e-02	1.405164829916009e-02	3.000000000000000e-06	3.000000000000000e-06
1.502196e+03	2.748395077734135e-02	1.404092572291792e-02	3.000000000000000e-06	3.000000000000000e-06
1.533102e+03	2.745559788413122e-02	1.403013759339997e-02	3.000000000000000e-06	3.000000000000000e-06
1.564652e+03	2.742706064140739e-02	1.401928407724561e-02	3.000000000000000e-06	3.000000000000000e-06
1.596862e+03	2.739833916484046e-02	1.400836535328759e-02	3.000000000000000e-06	3.000000000000000e-06
1.629745e+03	2.736943360321801e-02	1.399738161267137e-02	3.000000000000000e-06	3.000000000000000e-06
1.663316e+03	2.734034413898227e-02	1.398633305897177e-02	3.000000000000000e-06	3.000000000000000e-06
1.697591e+03	2.731107098876287e-02	1.397521990830664e-02	3.000000000000000e-06	3.000000000000000e-06
1.732585e+03	2.728161440390415e-02	1.396404238944745e-02	3.000000000000000e-06	3.000000000000000e-06
1.768313e+03	2.725197467098663e-02	1.395280074392686e-02	3.000000000000000e-06	3.000000000000000e-06
1.804792e+03	2.722215211234225e-02	1.394149522614298e-02	3.000000000000000e-06	3.000000000000000e-06
1.842038e+03	2.719214708656288e-02	1.393012610346040e-02	3.000000000000000e-06	3.000000000000000e-06
1.880068e+03	2.716195998900162e-02	1.391869365630775e-02	3.000000000000000e-06	3.000000000000000e-06
1.918899e+03	2.713159125226655e-02	1.390719817827183e-02	3.000000000000000e-06	3.000000000000000e-06
1.958548e+03	2.710104134670647e-02	1.389563997618815e-02	3.000000000000000e-06	3.000000000000000e-06
1.999034e+03	2.707031078088802e-02	1.388401937022778e-02	3.000000000000000e-06	3.000000000000000e-06
2.040374e+03	2.703940010206406e-02	1.387233669398055e-02	3.000000000000000e-06	3.000000000000000e-06
2.082588e+03	2.700830989663252e-02	1.386059229453431e-02	3.000000000000000e-06	3.000000000000000e-06
2.125693e+03	2.697704079058557e-02	1.384878653255043e-02	3.000000000000000e-06	3.000000000000000e-06
2.169711e+03	2.694559344994856e-02	1.383691978233522e-02	3.000000000000000e-06	3.000000000000000e-06
2.214659e+03	2.691396858120829e-02	1.382499243190743e-02	3.000000000000000e-06	3.000000000000000e-06
2.260560e+03	2.688216693173021e-02	1.381300488306156e-02	3.000000000000000e-06	3.000000000000000e-06
2.307433e+03	2.685018929016423e-02	1.380095755142707e-02	3.000000000000000e-06	3.000000000000000e-06
2.355299e+03	2.681803648683856e-02	1.378885086652331e-02	3.000000000000000e-06	3.000000000000000e-06
2.404180e+03	2.678570939414137e-02	1.377668527181026e-02	3.000000000000000e-06	3.000000000000000e-06
2.454099e+03	2.675320892688975e-02	1.376446122473488e-02	3.000000000000000e-06	3.000000000000000e-06
2.505076e+03	2.672053604268564e-02	1.375217919677311e-02	3.000000000000000e-06	3.000000000000000e-06
2.557136e+03	2.668769174225839e-02	1.373983967346744e-02	3.000000000000000e-06	3.000000000000000e-06
2.610302e+03	2.665467706979350e-02	1.372744315446005e-02	3.000000000000000e-06	3.000000000000000e-06
2.664597e+03	2.662149311324737e-02	1.371499015352147e-02	3.000000000000000e-06	3.000000000000000e-06
2.720046e+03	2.658814100464745e-02	1.370248119857465e-02	3.000000000000000e-06	3.000000000000000e-06
2.776674e+03	2.655462192037781e-02	1.368991683171457e-02	3.000000000000000e-06	3.000000000000000e-06
2.834506e+03	2.652093708144948e-02	1.367729760922325e-02	3.000000000000000e-06	3.000000000000000e-06
2.893568e+03	2.648708775375555e-02	1.366462410158017e-02	3.000000000000000e-06	3.000000000000000e-06
2.953886e+03	2.645307524831052e-02	1.365189689346808e-02	3.000000000000000e-06	3.000000000000000e-06
3.015487e+03	2.641890092147385e-02	1.363911658377425e-02	3.000000000000000e-06	3.000000000000000e-06
3.078400e+03	2.638456617515723e-02	1.362628378558713e-02	3.000000000000000e-06	3.000000000000000e-06
3.142650e+03	2.635007245701555e-02	1.361339912618828e-02	3.000000000000000e-06	3.000000000000000e-06
3.208269e+03	2.631542126062122e-02	1.360046324703990e-02	3.000000000000000e-06	3.000000000000000e-06
3.275283e+03	2.628061412562167e-02	1.358747680376762e-02	3.000000000000000e-06	3.000000000000000e-06
3.343724e+03	2.624565263787985e-02	1.357444046613879e-02	3.000000000000000e-06	3.000000000000000e-06
3.413622e+03	2.621053842959760e-02	1.356135491803623e-02	3.000000000000000e-06	3.000000000000000e-06
3.485007e+03	2.617527317942164e-02	1.354822085742744e-02	3.000000000000000e-06	3.000000000000000e-06
3.557912e+03	2.613985861253222e-02	1.353503899632937e-02	3.000000000000000e-06	3.000000000000000e-06
3.632368e+03	2.610429650071413e-02	1.352181006076866e-02	3.000000000000000e-06	3.000000000000000e-06
3.708408e+03	2.606858866241011e-02	1.350853479073759e-02	3.000000000000000e-06	3.000000000000000e-06
3.786066e+03	2.603273696275651e-02	1.349521394014554e-02	3.000000000000000e-06	3.000000000000000e-06
3.865376e+03	2.599674331360128e-02	1.348184827676627e-02	3.000000000000000e-06	3.000000000000000e-06
3.946373e+03	2.596060967350399e-02	1.346843858218082e-02	3.000000000000000e-06	3.000000000000000e-06
4.029092e+03	2.592433804771824e-02	1.345498565171635e-02	3.000000000000000e-06	3.000000000000000e-06
4.113569e+03	2.588793048815607e-02	1.344149029438074e-02	3.000000000000000e-06	3.000000000000000e-06
4.199842e+03	2.585138909333476e-02	1.342795333279317e-02	3.000000000000000e-06	3.000000000000000e-06
4.287948e+03	2.581471600830575e-02	1.341437560311074e-02	3.000000000000000e-06	3.000000000000000e-06
4.377926e+03	2.577791342456597e-02	1.340075795495114e-02	3.000000000000000e-06	3.000000000000000e-06
4.469814e+03	2.574098357995159e-02	1.338710125131153e-02	3.000000000000000e-06	3.000000000000000e-06
4.563653e+03	2.570392875851426e-02	1.337340636848364e-02	3.000000000000000e-06	3.000000000000000e-06
4.659483e+03	2.566675129038000e-02	1.335967419596525e-02	3.000000000000000e-06	3.000000000000000e-06
4.757346e+03	2.562945355159088e-02	1.334590563636807e-02	3.000000000000000e-06	3.000000000000000e-06
4.857284e+03	2.559203796392964e-02	1.333210160532223e-02	3.000000000000000e-06	3.000000000000000e-06
4.959340e+03	2.555450699472749e-02	1.331826303137729e-02	3.000000000000000e-06	3.000000000000000e-06
5.063558e+03	2.551686315665513e-02	1.330439085590013e-02	3.000000000000000e-06	3.000000000000000e-06
5.169983e+03	2.547910900749745e-02	1.329048603296957e-02	3.000000000000000e-06	3.000000000000000e-06
5.278660e+03	2.544124714991187e-02	1.327654952926795e-02	3.000000000000000e-06	3.000000000000000e-06
5.389636e+03	2.540328023117084e-02	1.326258232396990e-02	3.000000000000000e-06	3.000000000000000e-06
5.502959e+03	2.536521094288851e-02	1.324858540862809e-02	3.000000000000000e-06	3.000000000000000e-06
5.618676e+03	2.532704202073207e-02	1.323455978705646e-02	3.000000000000000e-06	3.000000000000000e-06
5.736837e+03	2.528877624411789e-02	1.322050647521073e-02	3.000000000000000e-06	3.000000000000000e-06
5.857492e+03	2.525041643589297e-02	1.320642650106653e-02	3.000000000000000e-06	3.000000000000000e-06
5.980692e+03	2.521196546200171e-02	1.319232090449510e-02	3.000000000000000e-06	3.000000000000000e-06
6.106490e+03	2.517342623113874e-02	1.317819073713684e-02	3.000000000000000e-06	3.000000000000000e-06
6.234937e+03	2.513480169438784e-02	1.316403706227274e-02	3.000000000000000e-06	3.000000000000000e-06
6.366089e+03	2.509609484484743e-02	1.314986095469379e-02	3.000000000000000e-06	3.000000000000000e-06
6.500000e+03	2.505730871724311e-02	1.313566350056862e-02	3.000000000000000e-06	3.000000000000000e-06
6.636727e+03	2.501844638752741e-02	1.312144579730935e-02	3.000000000000000e-06	3.000000000000000e-06
6.776327e+03	2.497951097246740e-02	1.310720895343588e-02	3.000000000000000e-06	3.000000000000000e-06
6.918857e+03	2.494050562922034e-02	1.309295408843874e-02	3.000000000000000e-06	3.000000000000000e-06
7.064378e+03	2.490143355489800e-02	1.307868233264051e-02	3.000000000000000e-06	3.000000000000000e-06
7.212949e+03	2.486229798611988e-02	1.306439482705614e-02	3.000000000000000e-06	3.000000000000000e-06
7.364632e+03	2.482310219855585e-02	1.305009272325214e-02	3.000000000000000e-06	3.000000000000000e-06
7.519491e+03	2.478384950645874e-02	1.303577718320478e-02	3.000000000000000e-06	3.000000000000000e-06
7.677588e+03	2.474454326218708e-02	1.302144937915751e-02	3.000000000000000e-06	3.000000000000000e-06
7.838990e+03	2.470518685571873e-02	1.300711049347768e-02	3.000000000000000e-06	3.000000000000000e-06
8.003761e+03	2.466578371415558e-02	1.299276171851262e-02	3.000000000000000e-06	3.000000000000000e-06
8.171970e+03	2.462633730121999e-02	1.297840425644531e-02	3.000000000000000e-06	3.000000000000000e-06
8.343686e+03	2.458685111674326e-02	1.296403931914976e-02	3.000000000000000e-06	3.000000000000000e-06
8.518978e+03	2.454732869614674e-02	1.294966812804602e-02	3.000000000000000e-06	3.000000000000000e-06
8.697919e+03	2.450777360991585e-02	1.293529191395528e-02	3.000000000000000e-06	3.000000000000000e-06
8.880579e+03	2.446818946306772e-02	1.292091191695487e-02	3.000000000000000e-06	3.000000000000000e-06
9.067034e+03	2.442857989461259e-02	1.290652938623341e-02	3.000000000000000e-06	3.000000000000000e-06
9.257359e+03	2.438894857700977e-02	1.289214557994626e-02	3.000000000000000e-06	3.000000000000000e-06
9.451630e+03	2.434929921561830e-02	1.287776176507124e-02	3.000000000000000e-06	3.000000000000000e-06
9.649926e+03	2.430963554814296e-02	1.286337921726489e-02	3.000000000000000e-06	3.000000000000000e-06
9.852327e+03	2.426996134407607e-02	1.284899922071924e-02	3.000000000000000e-06	3.000000000000000e-06
1.000000e+04	2.424160286156683e-02	1.283872436472625e-02	3.000000000000000e-06	3.000000000000000e-06
1.021085e+04	2.420168799420585e-02	1.282426797354735e-02	3.000000000000000e-06	3.000000000000000e-06
1.042481e+04	2.416200910596932e-02	1.280990319387619e-02	3.000000000000000e-06	3.000000000000000e-06
1.064321e+04	2.412232917794474e-02	1.279554407864500e-02	3.000000000000000e-06	3.000000000000000e-06
1.086611e+04	2.408265701917913e-02	1.278119372355111e-02	3.000000000000000e-06	3.000000000000000e-06
1.109359e+04	2.404299647069332e-02	1.276685342292236e-02	3.000000000000000e-06	3.000000000000000e-06
1.132576e+04	2.400335150293620e-02	1.275252451540541e-02	3.000000000000000e-06	3.000000000000000e-06
1.156269e+04	2.396372611167851e-02	1.273820834636165e-02	3.000000000000000e-06	3.000000000000000e-06
1.180448e+04	2.392412431953550e-02	1.272390626849270e-02	3.000000000000000e-06	3.000000000000000e-06
1.205124e+04	2.388455017534662e-02	1.270961964169218e-02	3.000000000000000e-06	3.000000000000000e-06
1.230304e+04	2.384500775359862e-02	1.269534983291471e-02	3.000000000000000e-06	3.000000000000000e-06
1.256000e+04	2.380550115384828e-02	1.268109821604611e-02	3.000000000000000e-06	3.000000000000000e-06
1.282221e+04	2.376603450014587e-02	1.266686617177526e-02	3.000000000000000e-06	3.000000000000000e-06
1.308978e+04	2.372661194045979e-02	1.265265508746771e-02	3.000000000000000e-06	3.000000000000000e-06
1.336280e+04	2.368723764610258e-02	1.263846635704092e-02	3.000000000000000e-06	3.000000000000000e-06
1.364139e+04	2.364791581115864e-02	1.262430138084137e-02	3.000000000000000e-06	3.000000000000000e-06
1.392565e+04	2.360865065191404e-02	1.261016156552357e-02	3.000000000000000e-06	3.000000000000000e-06
1.421568e+04	2.356944640628858e-02	1.259604832393085e-02	3.000000000000000e-06	3.000000000000000e-06
1.451161e+04	2.353030733327039e-02	1.258196307497816e-02	3.000000000000000e-06	3.000000000000000e-06
1.481355e+04	2.349123771235347e-02	1.256790724353686e-02	3.000000000000000e-06	3.000000000000000e-06
1.512160e+04	2.345224184297813e-02	1.255388226032145e-02	3.000000000000000e-06	3.000000000000000e-06
1.543589e+04	2.341332404397484e-02	1.253988956177843e-02	3.000000000000000e-06	3.000000000000000e-06
1.575654e+04	2.337448865301154e-02	1.252593058997714e-02	3.000000000000000e-06	3.000000000000000e-06
1.608367e+04	2.333574002604465e-02	1.251200679250275e-02	3.000000000000000e-06	3.000000000000000e-06
1.641741e+04	2.329708253677397e-02	1.249811962235137e-02	3.000000000000000e-06	3.000000000000000e-06
1.675787e+04	2.325852057610159e-02	1.248427053782723e-02	3.000000000000000e-06	3.000000000000000e-06
1.710519e+04	2.322005855159514e-02	1.247046100244207e-02	3.000000000000000e-06	3.000000000000000e-06
1.745950e+04	2.318170088695522e-02	1.245669248481663e-02	3.000000000000000e-06	3.000000000000000e-06
1.782093e+04	2.314345202148752e-02	1.244296645858433e-02	3.000000000000000e-06	3.000000000000000e-06
1.818962e+04	2.310531640957931e-02	1.242928440229714e-02	3.000000000000000e-06	3.000000000000000e-06
1.856570e+04	2.306729852018087e-02	1.241564779933351e-02	3.000000000000000e-06	3.000000000000000e-06
1.894932e+04	2.302940283629155e-02	1.240205813780861e-02	3.000000000000000e-06	3.000000000000000e-06
1.934062e+04	2.299163385445076e-02	1.238851691048655e-02	3.000000000000000e-06	3.000000000000000e-06
1.973974e+04	2.295399608423388e-02	1.237502561469495e-02	3.000000000000000e-06	3.000000000000000e-06
2.014684e+04	2.291649404775315e-02	1.236158575224142e-02	3.000000000000000e-06	3.000000000000000e-06
2.056205e+04	2.287913227916360e-02	1.234819882933235e-02	3.000000000000000e-06	3.000000000000000e-06
2.098554e+04	2.284191532417396e-02	1.233486635649365e-02	3.000000000000000e-06	3.000000000000000e-06
2.141747e+04	2.280484773956267e-02	1.232158984849372e-02	3.000000000000000e-06	3.000000000000000e-06
2.185798e+04	2.276793409269889e-02	1.230837082426830e-02	3.000000000000000e-06	3.000000000000000e-06
2.230725e+04	2.273117896106860e-02	1.229521080684750e-02	3.000000000000000e-06	3.000000000000000e-06
2.276543e+04	2.269458693180567e-02	1.228211132328474e-02	3.000000000000000e-06	3.000000000000000e-06
2.323270e+04	2.265816260122785e-02	1.226907390458774e-02	3.000000000000000e-06	3.000000000000000e-06
2.370922e+04	2.262191057437782e-02	1.225610008565134e-02	3.000000000000000e-06	3.000000000000000e-06
2.419518e+04	2.258583546456894e-02	1.224319140519231e-02	3.000000000000000e-06	3.000000000000000e-06
2.469073e+04	2.254994189293593e-02	1.223034940568600e-02	3.000000000000000e-06	3.000000000000000e-06
2.519608e+04	2.251423448799019e-02	1.221757563330480e-02	3.000000000000000e-06	3.000000000000000e-06
2.571139e+04	2.247871788517973e-02	1.220487163785841e-02	3.000000000000000e-06	3.000000000000000e-06
2.623685e+04	2.244339672645373e-02	1.219223897273579e-02	3.000000000000000e-06	3.000000000000000e-06
2.677266e+04	2.240827565983142e-02	1.217967919484889e-02	3.000000000000000e-06	3.000000000000000e-06
2.731901e+04	2.237335933897534e-02	1.216719386457797e-02	3.000000000000000e-06	3.000000000000000e-06
2.787609e+04	2.233865242276871e-02	1.215478454571850e-02	3.000000000000000e-06	3.000000000000000e-06
2.844410e+04	2.230415957489697e-02	1.214245280542967e-02	3.000000000000000e-06	3.000000000000000e-06
2.902325e+04	2.226988546343313e-02	1.213020021418437e-02	3.000000000000000e-06	3.000000000000000e-06
2.961375e+04	2.223583476042696e-02	1.211802834572054e-02	3.000000000000000e-06	3.000000000000000e-06
3.021580e+04	2.220201214149781e-02	1.210593877699407e-02	3.000000000000000e-06	3.000000000000000e-06
3.082961e+04	2.216842228543084e-02	1.209393308813284e-02	3.000000000000000e-06	3.000000000000000e-06
3.145542e+04	2.213506987377664e-02	1.208201286239220e-02	3.000000000000000e-06	3.000000000000000e-06
3.209343e+04	2.210195959045394e-02	1.207017968611153e-02	3.000000000000000e-06	3.000000000000000e-06
3.274388e+04	2.206909612135535e-02	1.205843514867211e-02	3.000000000000000e-06	3.000000000000000e-06
3.340700e+04	2.203648415395581e-02	1.204678084245591e-02	3.000000000000000e-06	3.000000000000000e-06
3.408302e+04	2.200412837692380e-02	1.203521836280558e-02	3.000000000000000e-06	3.000000000000000e-06
3.477217e+04	2.197203347973484e-02	1.202374930798532e-02	3.000000000000000e-06	3.000000000000000e-06
3.547471e+04	2.194020415228742e-02	1.201237527914271e-02	3.000000000000000e-06	3.000000000000000e-06
3.619087e+04	2.190864508452084e-02	1.200109788027134e-02	3.000000000000000e-06	3.000000000000000e-06
3.692092e+04	2.187736096603512e-02	1.198991871817430e-02	3.000000000000000e-06	3.000000000000000e-06
3.766510e+04	2.184635648571246e-02	1.197883940242838e-02	3.000000000000000e-06	3.000000000000000e-06
3.842368e+04	2.181563633134031e-02	1.196786154534883e-02	3.000000000000000e-06	3.000000000000000e-06
3.919692e+04	2.178520518923579e-02	1.195698676195493e-02	3.000000000000000e-06	3.000000000000000e-06
3.998509e+04	2.175506774387120e-02	1.194621666993586e-02	3.000000000000000e-06	3.000000000000000e-06
4.078846e+04	2.172522867750050e-02	1.193555288961720e-02	3.000000000000000e-06	3.000000000000000e-06
4.160733e+04	2.169569266978665e-02	1.192499704392780e-02	3.000000000000000e-06	3.000000000000000e-06
4.244196e+04	2.166646439742945e-02	1.191455075836694e-02	3.000000000000000e-06	3.000000000000000e-06
4.329265e+04	2.163754853379385e-02	1.190421566097184e-02	3.000000000000000e-06	3.000000000000000e-06
4.415969e+04	2.160894974853849e-02	1.189399338228535e-02	3.000000000000000e-06	3.000000000000000e-06
4.504339e+04	2.158067270724434e-02	1.188388555532381e-02	3.000000000000000e-06	3.000000000000000e-06
4.594405e+04	2.155272207104319e-02	1.187389381554494e-02	3.000000000000000e-06	3.000000000000000e-06
4.686198e+04	2.152510249624592e-02	1.186401980081586e-02	3.000000000000000e-06	3.000000000000000e-06
4.779750e+04	2.149781863397031e-02	1.185426515138100e-02	3.000000000000000e-06	3.000000000000000e-06
4.875092e+04	2.147087512976830e-02	1.184463150982990e-02	3.000000000000000e-06	3.000000000000000e-06
4.972258e+04	2.144427662325252e-02	1.183512052106491e-02	3.000000000000000e-06	3.000000000000000e-06
5.071281e+04	2.141802774772190e-02	1.182573383226864e-02	3.000000000000000e-06	3.000000000000000e-06
5.172195e+04	2.139213312978634e-02	1.181647309287115e-02	3.000000000000000e-06	3.000000000000000e-06
5.275034e+04	2.136659738899016e-02	1.180733995451673e-02	3.000000000000000e-06	3.000000000000000e-06
5.379834e+04	2.134142513743435e-02	1.179833607103040e-02	3.000000000000000e-06	3.000000000000000e-06
5.486630e+04	2.131662097939739e-02	1.178946309838389e-02	3.000000000000000e-06	3.000000000000000e-06
5.595459e+04	2.129218951095464e-02	1.178072269466108e-02	3.000000000000000e-06	3.000000000000000e-06
5.706358e+04	2.126813531959600e-02	1.177211652002298e-02	3.000000000000000e-06	3.000000000000000e-06
5.819365e+04	2.124446298384208e-02	1.176364623667195e-02	3.000000000000000e-06	3.000000000000000e-06
5.934518e+04	2.122117707285843e-02	1.175531350881541e-02	3.000000000000000e-06	3.000000000000000e-06
6.051856e+04	2.119828214606802e-02	1.174712000262871e-02	3.000000000000000e-06	3.000000000000000e-06
6.171419e+04	2.117578275276180e-02	1.173906738621724e-02	3.000000000000000e-06	3.000000000000000e-06
6.293247e+04	2.115368343170725e-02	1.173115732957778e-02	3.000000000000000e-06	3.000000000000000e-06
6.417382e+04	2.113198871075500e-02	1.172339150455901e-02	3.000000000000000e-06	3.000000000000000e-06
6.543866e+04	2.111070310644331e-02	1.171577158482079e-02	3.000000000000000e-06	3.000000000000000e-06
6.672741e+04	2.108983112360060e-02	1.170829924579300e-02	3.000000000000000e-06	3.000000000000000e-06
6.804051e+04	2.106937725494577e-02	1.170097616463295e-02	3.000000000000000e-06	3.000000000000000e-06
6.937840e+04	2.104934598068655e-02	1.169380402018198e-02	3.000000000000000e-06	3.000000000000000e-06
7.074153e+04	2.102974176811567e-02	1.168678449292083e-02	3.000000000000000e-06	3.000000000000000e-06
7.213037e+04	2.101056907120508e-02	1.167991926492394e-02	3.000000000000000e-06	3.000000000000000e-06
7.354536e+04	2.099183233019803e-02	1.167321001981266e-02	3.000000000000000e-06	3.000000000000000e-06
7.498700e+04	2.097353597119926e-02	1.166665844270712e-02	3.000000000000000e-06	3.000000000000000e-06
7.645577e+04	2.095568440576319e-02	1.166026622017696e-02	3.000000000000000e-06	3.000000000000000e-06
7.795215e+04	2.093828203048027e-02	1.165403504019082e-02	3.000000000000000e-06	3.000000000000000e-06
7.947666e+04	2.092133322656156e-02	1.164796659206445e-02	3.000000000000000e-06	3.000000000000000e-06
8.102979e+04	2.090484235942158e-02	1.164206256640756e-02	3.000000000000000e-06	3.000000000000000e-06
8.261206e+04	2.088881377825951e-02	1.163632465506933e-02	3.000000000000000e-06	3.000000000000000e-06
8.422401e+04	2.087325181563904e-02	1.163075455108250e-02	3.000000000000000e-06	3.000000000000000e-06
8.586618e+04	2.085816078706670e-02	1.162535394860613e-02	3.000000000000000e-06	3.000000000000000e-06
8.753911e+04	2.084354499056906e-02	1.162012454286687e-02	3.000000000000000e-06	3.000000000000000e-06
8.924335e+04	2.082940870626879e-02	1.161506803009889e-02	3.000000000000000e-06	3.000000000000000e-06
9.097948e+04	2.081575619595986e-02	1.161018610748227e-02	3.000000000000000e-06	3.000000000000000e-06
9.274807e+04	2.080259170268187e-02	1.160548047308000e-02	3.000000000000000e-06	3.000000000000000e-06
9.454971e+04	2.078991945029398e-02	1.160095282577349e-02	3.000000000000000e-06	3.000000000000000e-06
9.638500e+04	2.077774364304827e-02	1.159660486519656e-02	3.000000000000000e-06	3.000000000000000e-06
9.825454e+04	2.076606846516310e-02	1.159243829166796e-02	3.000000000000000e-06	3.000000000000000e-06
1.000000e+05	2.075583072186486e-02	1.158878736698957e-02	3.000000000000000e-06	3.000000000000000e-06
1.019399e+05	2.074511025700184e-02	1.158496736238015e-02	3.000000000000000e-06	3.000000000000000e-06
1.039130e+05	2.073492003042172e-02	1.158133995625774e-02	3.000000000000000e-06	3.000000000000000e-06
1.059228e+05	2.072524632012205e-02	1.157790049544798e-02	3.000000000000000e-06	3.000000000000000e-06
1.079701e+05	2.071609351809157e-02	1.157465079394157e-02	3.000000000000000e-06	3.000000000000000e-06
1.100555e+05	2.070746567580849e-02	1.157159255270636e-02	3.000000000000000e-06	3.000000000000000e-06
1.121796e+05	2.069936682733594e-02	1.156872747486515e-02	3.000000000000000e-06	3.000000000000000e-06
1.143432e+05	2.069180098324852e-02	1.156605726360423e-02	3.000000000000000e-06	3.000000000000000e-06
1.165470e+05	2.068477213031317e-02	1.156358362212766e-02	3.000000000000000e-06	3.000000000000000e-06
1.187917e+05	2.067828423107221e-02	1.156130825357448e-02	3.000000000000000e-06	3.000000000000000e-06
1.210781e+05	2.067234122343084e-02	1.155923286093516e-02	3.000000000000000e-06	3.000000000000000e-06
1.234069e+05	2.066694702024762e-02	1.155735914696654e-02	3.000000000000000e-06	3.000000000000000e-06
1.257789e+05	2.066210550892833e-02	1.155568881410548e-02	3.000000000000000e-06	3.000000000000000e-06
1.281948e+05	2.065782055102337e-02	1.155422356438113e-02	3.000000000000000e-06	3.000000000000000e-06
1.306555e+05	2.065409598182926e-02	1.155296509932581e-02	3.000000000000000e-06	3.000000000000000e-06
1.331617e+05	2.065093560999439e-02	1.155191511988466e-02	3.000000000000000e-06	3.000000000000000e-06
1.357143e+05	2.064834321712954e-02	1.155107532632396e-02	3.000000000000000e-06	3.000000000000000e-06
1.383141e+05	2.064632255742325e-02	1.155044741813828e-02	3.000000000000000e-06	3.000000000000000e-06
1.409620e+05	2.064487735726274e-02	1.155003309395634e-02	3.000000000000000e-06	3.000000000000000e-06
1.436588e+05	2.064401131486042e-02	1.154983405144574e-02	3.000000000000000e-06	3.000000000000000e-06
1.464055e+05	2.064372809988653e-02	1.154985198721664e-02	3.000000000000000e-06	3.000000000000000e-06
1.492028e+05	2.064403135310823e-02	1.155008859672419e-02	3.000000000000000e-06	3.000000000000000e-06
1.520518e+05	2.064492468603541e-02	1.155054557417011e-02	3.000000000000000e-06	3.000000000000000e-06
1.549534e+05	2.064641168057374e-02	1.155122461240310e-02	3.000000000000000e-06	3.000000000000000e-06
1.579085e+05	2.064849588868519e-02	1.155212740281847e-02	3.000000000000000e-06	3.000000000000000e-06
1.609180e+05	2.065118083205643e-02	1.155325563525674e-02	3.000000000000000e-06	3.000000000000000e-06
1.639830e+05	2.065447000177544e-02	1.155461099790146e-02	3.000000000000000e-06	3.000000000000000e-06
1.671045e+05	2.065836685801676e-02	1.155619517717626e-02	3.000000000000000e-06	3.000000000000000e-06
1.702834e+05	2.066287482973567e-02	1.155800985764116e-02	3.000000000000000e-06	3.000000000000000e-06
1.735209e+05	2.066799731437161e-02	1.156005672188813e-02	3.000000000000000e-06	3.000000000000000e-06
1.768179e+05	2.067373767756133e-02	1.156233745043617e-02	3.000000000000000e-06	3.000000000000000e-06
1.801756e+05	2.068009925286194e-02	1.156485372162575e-02	3.000000000000000e-06	3.000000000000000e-06
1.835950e+05	2.068708534148437e-02	1.156760721151277e-02	3.000000000000000e-06	3.000000000000000e-06
1.870773e+05	2.069469921203746e-02	1.157059959376216e-02	3.000000000000000e-06	3.000000000000000e-06
1.906235e+05	2.070294410028297e-02	1.157383253954101e-02	3.000000000000000e-06	3.000000000000000e-06
1.942349e+05	2.071182320890202e-02	1.157730771741157e-02	3.000000000000000e-06	3.000000000000000e-06
1.979126e+05	2.072133970727307e-02	1.158102679322389e-02	3.000000000000000e-06	3.000000000000000e-06
2.016578e+05	2.073149673126182e-02	1.158499143000840e-02	3.000000000000000e-06	3.000000000000000e-06
2.054718e+05	2.074229738302340e-02	1.158920328786839e-02	3.000000000000000e-06	3.000000000000000e-06
2.093557e+05	2.075374473081699e-02	1.159366402387252e-02	3.000000000000000e-06	3.000000000000000e-06
2.133108e+05	2.076584180883331e-02	1.159837529194735e-02	3.000000000000000e-06	3.000000000000000e-06
2.173384e+05	2.077859161703508e-02	1.160333874277008e-02	3.000000000000000e-06	3.000000000000000e-06
2.214399e+05	2.079199712101090e-02	1.160855602366149e-02	3.000000000000000e-06	3.000000000000000e-06
2.256164e+05	2.080606125184258e-02	1.161402877847923e-02	3.000000000000000e-06	3.000000000000000e-06
2.298695e+05	2.082078690598636e-02	1.161975864751144e-02	3.000000000000000e-06	3.000000000000000e-06
2.342005e+05	2.083617694516809e-02	1.162574726737089e-02	3.000000000000000e-06	3.000000000000000e-06
2.386108e+05	2.085223419629267e-02	1.163199627088964e-02	3.000000000000000e-06	3.000000000000000e-06
2.431017e+05	2.086896145136789e-02	1.163850728701436e-02	3.000000000000000e-06	3.000000000000000e-06
2.476749e+05	2.088636146744293e-02	1.164528194070231e-02	3.000000000000000e-06	3.000000000000000e-06
2.523316e+05	2.090443696656158e-02	1.165232185281820e-02	3.000000000000000e-06	3.000000000000000e-06
2.570736e+05	2.092319063573042e-02	1.165962864003186e-02	3.000000000000000e-06	3.000000000000000e-06
2.619022e+05	2.094262512690214e-02	1.166720391471689e-02	3.000000000000000e-06	3.000000000000000e-06
2.668191e+05	2.096274305697392e-02	1.167504928485037e-02	3.000000000000000e-06	3.000000000000000e-06
2.718258e+05	2.098354700780134e-02	1.168316635391370e-02	3.000000000000000e-06	3.000000000000000e-06
2.769240e+05	2.100503952622749e-02	1.169155672079460e-02	3.000000000000000e-06	3.000000000000000e-06
2.821153e+05	2.102722312412773e-02	1.170022197969052e-02	3.000000000000000e-06	3.000000000000000e-06
2.874014e+05	2.105010027846998e-02	1.170916372001328e-02	3.000000000000000e-06	3.000000000000000e-06
2.927840e+05	2.107367343139059e-02	1.171838352629533e-02	3.000000000000000e-06	3.000000000000000e-06
2.982649e+05	2.109794499028590e-02	1.172788297809739e-02	3.000000000000000e-06	3.000000000000000e-06
3.038457e+05	2.112291732791948e-02	1.173766364991789e-02	3.000000000000000e-06	3.000000000000000e-06
3.095284e+05	2.114859278254504e-02	1.174772711110395e-02	3.000000000000000e-06	3.000000000000000e-06
3.153148e+05	2.117497365804497e-02	1.175807492576430e-02	3.000000000000000e-06	3.000000000000000e-06
3.212066e+05	2.120206222408461e-02	1.176870865268394e-02	3.000000000000000e-06	3.000000000000000e-06
3.272059e+05	2.122986071628200e-02	1.177962984524085e-02	3.000000000000000e-06	3.000000000000000e-06
3.333145e+05	2.125837133639329e-02	1.179084005132466e-02	3.000000000000000e-06	3.000000000000000e-06
3.395345e+05	2.128759625251352e-02	1.180234081325746e-02	3.000000000000000e-06	3.000000000000000e-06
3.458678e+05	2.131753759929282e-02	1.181413366771679e-02	3.000000000000000e-06	3.000000000000000e-06
3.523165e+05	2.134819747816787e-02	1.182622014566085e-02	3.000000000000000e-06	3.000000000000000e-06
3.588826e+05	2.137957795760851e-02	1.183860177225605e-02	3.000000000000000e-06	3.000000000000000e-06
3.655683e+05	2.141168107337937e-02	1.185128006680705e-02	3.000000000000000e-06	3.000000000000000e-06
3.723758e+05	2.144450882881637e-02	1.186425654268911e-02	3.000000000000000e-06	3.000000000000000e-06
3.793072e+05	2.147806319511788e-02	1.187753270728309e-02	3.000000000000000e-06	3.000000000000000e-06
3.863648e+05	2.151234611165046e-02	1.189111006191308e-02	3.000000000000000e-06	3.000000000000000e-06
3.935509e+05	2.154735948626893e-02	1.190499010178661e-02	3.000000000000000e-06	3.000000000000000e-06
4.008677e+05	2.158310519565052e-02	1.191917431593768e-02	3.000000000000000e-06	3.000000000000000e-06
4.083176e+05	2.161958508564294e-02	1.193366418717253e-02	3.000000000000000e-06	3.000000000000000e-06
4.159030e+05	2.165680097162619e-02	1.194846119201831e-02	3.000000000000000e-06	3.000000000000000e-06
4.236264e+05	2.169475463888772e-02	1.196356680067471e-02	3.000000000000000e-06	3.000000000000000e-06
4.314903e+05	2.173344784301083e-02	1.197898247696843e-02	3.000000000000000e-06	3.000000000000000e-06
4.394972e+05	2.177288231027596e-02	1.199470967831081e-02	3.000000000000000e-06	3.000000000000000e-06
4.476496e+05	2.181305973807464e-02	1.201074985565851e-02	3.000000000000000e-06	3.000000000000000e-06
4.559503e+05	2.185398179533572e-02	1.202710445347728e-02	3.000000000000000e-06	3.000000000000000e-06
4.644018e+05	2.189565012296377e-02	1.204377490970892e-02	3.000000000000000e-06	3.000000000000000e-06
4.730069e+05	2.193806633428910e-02	1.206076265574152e-02	3.000000000000000e-06	3.000000000000000e-06
4.817684e+05	2.198123201552932e-02	1.207806911638287e-02	3.000000000000000e-06	3.000000000000000e-06
4.906891e+05	2.202514872626192e-02	1.209569570983727e-02	3.000000000000000e-06	3.000000000000000e-06
4.997719e+05	2.206981799990765e-02	1.211364384768560e-02	3.000000000000000e-06	3.000000000000000e-06
5.090196e+05	2.211524134422435e-02	1.213191493486881e-02	3.000000000000000e-06	3.000000000000000e-06
5.184354e+05	2.216142024181087e-02	1.215051036967483e-02	3.000000000000000e-06	3.000000000000000e-06
5.280221e+05	2.220835615062065e-02	1.216943154372888e-02	3.000000000000000e-06	3.000000000000000e-06
5.377829e+05	2.225605050448478e-02	1.218867984198725e-02	3.000000000000000e-06	3.000000000000000e-06
5.477210e+05	2.230450471364399e-02	1.220825664273464e-02	3.000000000000000e-06	3.000000000000000e-06
5.578395e+05	2.235372016528932e-02	1.222816331758488e-02	3.000000000000000e-06	3.000000000000000e-06
5.681417e+05	2.240369822411104e-02	1.224840123148531e-02	3.000000000000000e-06	3.000000000000000e-06
5.786309e+05	2.245444023285547e-02	1.226897174272464e-02	3.000000000000000e-06	3.000000000000000e-06
5.893105e+05	2.250594751288932e-02	1.228987620294433e-02	3.000000000000000e-06	3.000000000000000e-06
6.001839e+05	2.255822136477111e-02	1.231111595715366e-02	3.000000000000000e-06	3.000000000000000e-06
6.112547e+05	2.261126306882946e-02	1.233269234374826e-02	3.000000000000000e-06	3.000000000000000e-06
6.225264e+05	2.266507388574757e-02	1.235460669453228e-02	3.000000000000000e-06	3.000000000000000e-06
6.340026e+05	2.271965505715383e-02	1.237686033474413e-02	3.000000000000000e-06	3.000000000000000e-06
6.456870e+05	2.277500780621793e-02	1.239945458308579e-02	3.000000000000000e-06	3.000000000000000e-06
6.575834e+05	2.283113333825222e-02	1.242239075175577e-02	3.000000000000000e-06	3.000000000000000e-06
6.696956e+05	2.288803284131783e-02	1.244567014648553e-02	3.000000000000000e-06	3.000000000000000e-06
6.820275e+05	2.294570748683530e-02	1.246929406657956e-02	3.000000000000000e-06	3.000000000000000e-06
6.945832e+05	2.300415843019920e-02	1.249326380495900e-02	3.000000000000000e-06	3.000000000000000e-06
7.073665e+05	2.306338681139646e-02	1.251758064820876e-02	3.000000000000000e-06	3.000000000000000e-06
7.203817e+05	2.312339375562794e-02	1.254224587662820e-02	3.000000000000000e-06	3.000000000000000e-06
7.336330e+05	2.318418037393299e-02	1.256726076428535e-02	3.000000000000000e-06	3.000000000000000e-06
7.471245e+05	2.324574776381649e-02	1.259262657907449e-02	3.000000000000000e-06	3.000000000000000e-06
7.608607e+05	2.330809700987810e-02	1.261834458277737e-02	3.000000000000000e-06	3.000000000000000e-06
7.748460e+05	2.337122918444330e-02	1.264441603112772e-02	3.000000000000000e-06	3.000000000000000e-06
7.890849e+05	2.343514534819592e-02	1.267084217387922e-02	3.000000000000000e-06	3.000000000000000e-06
8.035819e+05	2.349984655081172e-02	1.269762425487686e-02	3.000000000000000e-06	3.000000000000000e-06
8.183418e+05	2.356533383159277e-02	1.272476351213162e-02	3.000000000000000e-06	3.000000000000000e-06
8.333693e+05	2.363160822010218e-02	1.275226117789844e-02	3.000000000000000e-06	3.000000000000000e-06
8.486692e+05	2.369867073679895e-02	1.278011847875751e-02	3.000000000000000e-06	3.000000000000000e-06
8.642464e+05	2.376652239367254e-02	1.280833663569874e-02	3.000000000000000e-06	3.000000000000000e-06
8.801061e+05	2.383516419487683e-02	1.283691686420941e-02	3.000000000000000e-06	3.000000000000000e-06
8.962532e+05	2.390459713736319e-02	1.286586037436503e-02	3.000000000000000e-06	3.000000000000000e-06
9.126930e+05	2.397482221151235e-02	1.289516837092321e-02	3.000000000000000e-06	3.000000000000000e-06
9.294308e+05	2.404584040176470e-02	1.292484205342064e-02	3.000000000000000e-06	3.000000000000000e-06
9.464720e+05	2.411765268724885e-02	1.295488261627303e-02	3.000000000000000e-06	3.000000000000000e-06
9.638221e+05	2.419026004240797e-02	1.298529124887800e-02	3.000000000000000e-06	3.000000000000000e-06
9.814866e+05	2.426366343762383e-02	1.301606913572094e-02	3.000000000000000e-06	3.000000000000000e-06
9.994713e+05	2.433786383983818e-02	1.304721745648354e-02	3.000000000000000e-06	3.000000000000000e-06
1.000000e+06	2.434003251645078e-02	1.304812860257546e-02	3.000000000000000e-06	3.000000000000000e-06
1.018643e+06	2.441637183102107e-02	1.308021336824270e-02	3.000000000000000e-06	3.000000000000000e-06
1.037295e+06	2.449218250557389e-02	1.311211342143130e-02	3.000000000000000e-06	3.000000000000000e-06
1.056291e+06	2.456881710200992e-02	1.314439755788787e-02	3.000000000000000e-06	3.000000000000000e-06
1.075631e+06	2.464625216229963e-02	1.317705667243999e-02	3.000000000000000e-06	3.000000000000000e-06
1.095322e+06	2.472448908646254e-02	1.321009210795412e-02	3.000000000000000e-06	3.000000000000000e-06
1.115370e+06	2.480352882572487e-02	1.324350501417973e-02	3.000000000000000e-06	3.000000000000000e-06
1.135781e+06	2.488337234026425e-02	1.327729654032172e-02	3.000000000000000e-06	3.000000000000000e-06
1.156562e+06	2.496402059154375e-02	1.331146783168981e-02	3.000000000000000e-06	3.000000000000000e-06
1.177720e+06	2.504547454304722e-02	1.334602002989304e-02	3.000000000000000e-06	3.000000000000000e-06
1.199261e+06	2.512773516085781e-02	1.338095427297250e-02	3.000000000000000e-06	3.000000000000000e-06
1.221192e+06	2.521080341423421e-02	1.341627169553727e-02	3.000000000000000e-06	3.000000000000000e-06
1.243521e+06	2.529468027618140e-02	1.345197342890248e-02	3.000000000000000e-06	3.000000000000000e-06
1.266254e+06	2.537936672401605e-02	1.348806060122942e-02	3.000000000000000e-06	3.000000000000000e-06
1.289400e+06	2.546486373992625e-02	1.352453433766749e-02	3.000000000000000e-06	3.000000000000000e-06
1.312965e+06	2.555117231152547e-02	1.356139576049813e-02	3.000000000000000e-06	3.000000000000000e-06
1.336957e+06	2.563829343240064e-02	1.359864598928050e-02	3.000000000000000e-06	3.000000000000000e-06
1.361384e+06	2.572622810265417e-02	1.363628614099892e-02	3.000000000000000e-06	3.000000000000000e-06
1.386253e+06	2.581497732943982e-02	1.367431733021196e-02	3.000000000000000e-06	3.000000000000000e-06
1.411573e+06	2.590454212749232e-02	1.371274066920314e-02	3.000000000000000e-06	3.000000000000000e-06
1.437353e+06	2.599492351965061e-02	1.375155726813313e-02	3.000000000000000e-06	3.000000000000000e-06
1.463599e+06	2.608612253737455e-02	1.379076823519346e-02	3.000000000000000e-06	3.000000000000000e-06
1.490321e+06	2.617814022125519e-02	1.383037467676152e-02	3.000000000000000e-06	3.000000000000000e-06
1.517527e+06	2.627097762151825e-02	1.387037769755701e-02	3.000000000000000e-06	3.000000000000000e-06
1.545227e+06	2.636463579852100e-02	1.391077840079948e-02	3.000000000000000e-06	3.000000000000000e-06
1.573428e+06	2.645911582324228e-02	1.395157788836717e-02	3.000000000000000e-06	3.000000000000000e-06
1.602141e+06	2.655441877776573e-02	1.399277726095689e-02	3.000000000000000e-06	3.000000000000000e-06
1.631374e+06	2.665054575575604e-02	1.403437761824494e-02	3.000000000000000e-06	3.000000000000000e-06
1.661137e+06	2.674749786292837e-02	1.407638005904903e-02	3.000000000000000e-06	3.000000000000000e-06
1.691440e+06	2.684527621751066e-02	1.411878568149106e-02	3.000000000000000e-06	3.000000000000000e-06
1.722292e+06	2.694388195069900e-02	1.416159558316078e-02	3.000000000000000e-06	3.000000000000000e-06
1.753703e+06	2.704331620710598e-02	1.420481086128015e-02	3.000000000000000e-06	3.000000000000000e-06
1.785683e+06	2.714358014520186e-02	1.424843261286843e-02	3.000000000000000e-06	3.000000000000000e-06
1.818244e+06	2.724467493774878e-02	1.429246193490795e-02	3.000000000000000e-06	3.000000000000000e-06
1.851394e+06	2.734660177222784e-02	1.433689992451037e-02	3.000000000000000e-06	3.000000000000000e-06
1.885146e+06	2.744936185125905e-02	1.438174767908349e-02	3.000000000000000e-06	3.000000000000000e-06
1.919509e+06	2.755295639301430e-02	1.442700629649848e-02	3.000000000000000e-06	3.000000000000000e-06
1.954496e+06	2.765738663162311e-02	1.447267687525752e-02	3.000000000000000e-06	3.000000000000000e-06
1.990117e+06	2.776265381757145e-02	1.451876051466172e-02	3.000000000000000e-06	3.000000000000000e-06
2.026384e+06	2.786875921809341e-02	1.456525831497932e-02	3.000000000000000e-06	3.000000000000000e-06
2.063309e+06	2.797570411755594e-02	1.461217137761409e-02	3.000000000000000e-06	3.000000000000000e-06
2.100903e+06	2.808348981783653e-02	1.465950080527383e-02	3.000000000000000e-06	3.000000000000000e-06
2.139179e+06	2.819211763869392e-02	1.470724770213906e-02	3.000000000000000e-06	3.000000000000000e-06
2.178149e+06	2.830158891813200e-02	1.475541317403156e-02	3.000000000000000e-06	3.000000000000000e-06
2.217825e+06	2.841190501275665e-02	1.480399832858309e-02	3.000000000000000e-06	3.000000000000000e-06
2.258222e+06	2.852306729812591e-02	1.485300427540383e-02	3.000000000000000e-06	3.000000000000000e-06
2.299351e+06	2.863507716909324e-02	1.490243212625086e-02	3.000000000000000e-06	3.000000000000000e-06
2.341226e+06	2.874793604014412e-02	1.495228299519628e-02	3.000000000000000e-06	3.000000000000000e-06
2.383861e+06	2.886164534572594e-02	1.500255799879527e-02	3.000000000000000e-06	3.000000000000000e-06
2.427269e+06	2.897620654057125e-02	1.505325825625375e-02	3.000000000000000e-06	3.000000000000000e-06
2.471464e+06	2.909162110001451e-02	1.510438488959572e-02	3.000000000000000e-06	3.000000000000000e-06
2.516462e+06	2.920789052030225e-02	1.515593902383025e-02	3.000000000000000e-06	3.000000000000000e-06
2.562275e+06	2.932501631889693e-02	1.520792178711806e-02	3.000000000000000e-06	3.000000000000000e-06
2.608920e+06	2.944300003477431e-02	1.526033431093756e-02	3.000000000000000e-06	3.000000000000000e-06
2.656411e+06	2.956184322871465e-02	1.531317773025044e-02	3.000000000000000e-06	3.000000000000000e-06
2.704764e+06	2.968154748358764e-02	1.536645318366674e-02	3.000000000000000e-06	3.000000000000000e-06
2.753995e+06	2.980211440463124e-02	1.542016181360920e-02	3.000000000000000e-06	3.000000000000000e-06
2.804119e+06	2.992354561972438e-02	1.547430476647713e-02	3.000000000000000e-06	3.000000000000000e-06
2.855152e+06	3.004584277965385e-02	1.552888319280951e-02	3.000000000000000e-06	3.000000000000000e-06
2.907112e+06	3.016900755837515e-02	1.558389824744743e-02	3.000000000000000e-06	3.000000000000000e-06
2.960015e+06	3.029304165326763e-02	1.563935108969575e-02	3.000000000000000e-06	3.000000000000000e-06
3.013878e+06	3.041794678538387e-02	1.569524288348409e-02	3.000000000000000e-06	3.000000000000000e-06
3.068719e+06	3.054372469969350e-02	1.575157479752686e-02	3.000000000000000e-06	3.000000000000000e-06
3.124555e+06	3.067037716532138e-02	1.580834800548262e-02	3.000000000000000e-06	3.000000000000000e-06
3.181405e+06	3.079790597578042e-02	1.586556368611243e-02	3.000000000000000e-06	3.000000000000000e-06
3.239287e+06	3.092631294919901e-02	1.592322302343741e-02	3.000000000000000e-06	3.000000000000000e-06
3.298220e+06	3.105559992854317e-02	1.598132720689536e-02	3.000000000000000e-06	3.000000000000000e-06
3.358223e+06	3.118576878183358e-02	1.603987743149637e-02	3.000000000000000e-06	3.000000000000000e-06
3.419316e+06	3.131682140235746e-02	1.609887489797758e-02	3.000000000000000e-06	3.000000000000000e-06
3.481518e+06	3.144875970887556e-02	1.615832081295683e-02	3.000000000000000e-06	3.000000000000000e-06
3.544850e+06	3.158158564582410e-02	1.621821638908535e-02	3.000000000000000e-06	3.000000000000000e-06
3.609332e+06	3.171530118351216e-02	1.627856284519947e-02	3.000000000000000e-06	3.000000000000000e-06
3.674985e+06	3.184990831831410e-02	1.633936140647114e-02	3.000000000000000e-06	3.000000000000000e-06
3.741830e+06	3.198540907285757e-02	1.640061330455751e-02	3.000000000000000e-06	3.000000000000000e-06
3.809890e+06	3.212180549620692e-02	1.646231977774937e-02	3.000000000000000e-06	3.000000000000000e-06
3.879187e+06	3.225909966404224e-02	1.652448207111844e-02	3.000000000000000e-06	3.000000000000000e-06
3.949742e+06	3.239729367883405e-02	1.658710143666367e-02	3.000000000000000e-06	3.000000000000000e-06
4.021580e+06	3.253638967001374e-02	1.665017913345622e-02	3.000000000000000e-06	3.000000000000000e-06
4.094722e+06	3.267638979413999e-02	1.671371642778349e-02	3.000000000000000e-06	3.000000000000000e-06
4.169194e+06	3.281729623506101e-02	1.677771459329183e-02	3.000000000000000e-06	3.000000000000000e-06
4.245019e+06	3.295911120407295e-02	1.684217491112823e-02	3.000000000000000e-06	3.000000000000000e-06
4.322222e+06	3.310183694007442e-02	1.690709867008068e-02	3.000000000000000e-06	3.000000000000000e-06
4.400828e+06	3.324547570971727e-02	1.697248716671747e-02	3.000000000000000e-06	3.000000000000000e-06
4.480863e+06	3.339002980755372e-02	1.703834170552526e-02	3.000000000000000e-06	3.000000000000000e-06
4.562353e+06	3.353550155617985e-02	1.710466359904592e-02	3.000000000000000e-06	3.000000000000000e-06
4.645324e+06	3.368189330637573e-02	1.717145416801219e-02	3.000000000000000e-06	3.000000000000000e-06
4.729803e+06	3.382920743724212e-02	1.723871474148217e-02	3.000000000000000e-06	3.000000000000000e-06
4.815819e+06	3.397744635633380e-02	1.730644665697253e-02	3.000000000000000e-06	3.000000000000000e-06
4.903399e+06	3.412661249978984e-02	1.737465126059056e-02	3.000000000000000e-06	3.000000000000000e-06
4.992571e+06	3.427670833246063e-02	1.744332990716498e-02	3.000000000000000e-06	3.000000000000000e-06
5.083364e+06	3.442773634803196e-02	1.751248396037552e-02	3.000000000000000e-06	3.000000000000000e-06
5.175809e+06	3.457969906914610e-02	1.758211479288136e-02	3.000000000000000e-06	3.000000000000000e-06
5.269935e+06	3.473259904752011e-02	1.765222378644824e-02	3.000000000000000e-06	3.000000000000000e-06
5.365774e+06	3.488643886406131e-02	1.772281233207444e-02	3.000000000000000e-06	3.000000000000000e-06
5.463355e+06	3.504122112898009e-02	1.779388183011555e-02	3.000000000000000e-06	3.000000000000000e-06
5.562712e+06	3.519694848190014e-02	1.786543369040797e-02	3.000000000000000e-06	3.000000000000000e-06
5.663877e+06	3.535362359196611e-02	1.793746933239127e-02	3.000000000000000e-06	3.000000000000000e-06
5.766882e+06	3.551124915794893e-02	1.800999018522930e-02	3.000000000000000e-06	3.000000000000000e-06
5.871761e+06	3.566982790834867e-02	1.808299768793018e-02	3.000000000000000e-06	3.000000000000000e-06
5.978549e+06	3.582936260149520e-02	1.815649328946499e-02	3.000000000000000e-06	3.000000000000000e-06
6.087280e+06	3.598985602564663e-02	1.823047844888537e-02	3.000000000000000e-06	3.000000000000000e-06
6.197990e+06	3.615131099908562e-02	1.830495463543995e-02	3.000000000000000e-06	3.000000000000000e-06
6.310716e+06	3.631373037021363e-02	1.837992332868952e-02	3.000000000000000e-06	3.000000000000000e-06
6.425493e+06	3.647711701764331e-02	1.845538601862113e-02	3.000000000000000e-06	3.000000000000000e-06
6.542359e+06	3.664147385028881e-02	1.853134420576100e-02	3.000000000000000e-06	3.000000000000000e-06
6.661353e+06	3.680680380745447e-02	1.860779940128632e-02	3.000000000000000e-06	3.000000000000000e-06
6.782514e+06	3.697310985892160e-02	1.868475312713587e-02	3.000000000000000e-06	3.000000000000000e-06
6.905881e+06	3.714039500503367e-02	1.876220691611956e-02	3.000000000000000e-06	3.000000000000000e-06
7.031494e+06	3.730866227677988e-02	1.884016231202683e-02	3.000000000000000e-06	3.000000000000000e-06
7.159395e+06	3.747791473587717e-02	1.891862086973400e-02	3.000000000000000e-06	3.000000000000000e-06
7.289625e+06	3.764815547485077e-02	1.899758415531046e-02	3.000000000000000e-06	3.000000000000000e-06
7.422227e+06	3.781938761711331e-02	1.907705374612385e-02	3.000000000000000e-06	3.000000000000000e-06
7.557245e+06	3.799161431704264e-02	1.915703123094413e-02	3.000000000000000e-06	3.000000000000000e-06
7.694722e+06	3.816483876005837e-02	1.923751821004662e-02	3.000000000000000e-06	3.000000000000000e-06
7.834704e+06	3.833906416269711e-02	1.931851629531401e-02	3.000000000000000e-06	3.000000000000000e-06
7.977236e+06	3.851429377268666e-02	1.940002711033733e-02	3.000000000000000e-06	3.000000000000000e-06
8.122366e+06	3.869053086901905e-02	1.948205229051589e-02	3.000000000000000e-06	3.000000000000000e-06
8.270140e+06	3.886777876202256e-02	1.956459348315629e-02	3.000000000000000e-06	3.000000000000000e-06
8.420607e+06	3.904604079343275e-02	1.964765234757037e-02	3.000000000000000e-06	3.000000000000000e-06
8.573816e+06	3.922532033646257e-02	1.973123055517222e-02	3.000000000000000e-06	3.000000000000000e-06
8.729818e+06	3.940562079587165e-02	1.981532978957426e-02	3.000000000000000e-06	3.000000000000000e-06
8.888664e+06	3.958694560803470e-02	1.989995174668232e-02	3.000000000000000e-06	3.000000000000000e-06
9.050405e+06	3.976929824100924e-02	1.998509813478989e-02	3.000000000000000e-06	3.000000000000000e-06
9.215095e+06	3.995268219460257e-02	2.007077067467137e-02	3.000000000000000e-06	3.000000000000000e-06
9.382788e+06	4.013710100043806e-02	2.015697109967446e-02	3.000000000000000e-06	3.000000000000000e-06
9.553539e+06	4.032255822202097e-02	2.024370115581165e-02	3.000000000000000e-06	3.000000000000000e-06
9.727403e+06	4.050905745480357e-02	2.033096260185096e-02	3.000000000000000e-06	3.000000000000000e-06
9.904439e+06	4.069660232624982e-02	2.041875720940561e-02	3.000000000000000e-06	3.000000000000000e-06
1.000000e+07	4.079668803541962e-02	2.046562975866514e-02	3.000000000000000e-06	3.000000000000000e-06
1.018355e+07	4.098744664864570e-02	2.055499649389252e-02	3.000000000000000e-06	3.000000000000000e-06
1.036888e+07	4.117763460972183e-02	2.064413960822904e-02	3.000000000000000e-06	3.000000000000000e-06
1.055761e+07	4.136891071525795e-02	2.073383603868588e-02	3.000000000000000e-06	3.000000000000000e-06
1.074979e+07	4.156124880024990e-02	2.082407358810659e-02	3.000000000000000e-06	3.000000000000000e-06
1.094547e+07	4.175465321226795e-02	2.091485435476288e-02	3.000000000000000e-06	3.000000000000000e-06
1.114472e+07	4.194912777987905e-02	2.100618019183092e-02	3.000000000000000e-06	3.000000000000000e-06
1.134761e+07	4.214467637411477e-02	2.109805297066293e-02	3.000000000000000e-06	3.000000000000000e-06
1.155420e+07	4.234130289837623e-02	2.119047457610633e-02	3.000000000000000e-06	3.000000000000000e-06
1.176457e+07	4.253901128867994e-02	2.128344690667253e-02	3.000000000000000e-06	3.000000000000000e-06
1.197877e+07	4.273780551371655e-02	2.137697187461724e-02	3.000000000000000e-06	3.000000000000000e-06
1.219688e+07	4.293768957491297e-02	2.147105140602167e-02	3.000000000000000e-06	3.000000000000000e-06
1.241898e+07	4.313866750649437e-02	2.156568744087313e-02	3.000000000000000e-06	3.000000000000000e-06
1.264513e+07	4.334074337554639e-02	2.166088193314493e-02	3.000000000000000e-06	3.000000000000000e-06
1.287541e+07	4.354392128207724e-02	2.175663685087569e-02	3.000000000000000e-06	3.000000000000000e-06
1.310989e+07	4.374820535908006e-02	2.185295417624810e-02	3.000000000000000e-06	3.000000000000000e-06
1.334866e+07	4.395359977259545e-02	2.194983590566706e-02	3.000000000000000e-06	3.000000000000000e-06
1.359178e+07	4.416010872177407e-02	2.204728404983727e-02	3.000000000000000e-06	3.000000000000000e-06
1.383935e+07	4.436773643893956e-02	2.214530063384026e-02	3.000000000000000e-06	3.000000000000000e-06
1.409144e+07	4.457648718965169e-02	2.224388769721092e-02	3.000000000000000e-06	3.000000000000000e-06
1.434814e+07	4.478636527276977e-02	2.234304729401352e-02	3.000000000000000e-06	3.000000000000000e-06
1.460952e+07	4.499737502051636e-02	2.244278149291718e-02	3.000000000000000e-06	3.000000000000000e-06
1.487569e+07	4.520952079854137e-02	2.254309237727094e-02	3.000000000000000e-06	3.000000000000000e-06
1.514671e+07	4.542280700598649e-02	2.264398204517829e-02	3.000000000000000e-06	3.000000000000000e-06
1.542269e+07	4.563723807554999e-02	2.274545260957130e-02	3.000000000000000e-06	3.000000000000000e-06
1.570371e+07	4.585281847355197e-02	2.284750619828429e-02	3.000000000000000e-06	3.000000000000000e-06
1.598987e+07	4.606955270000006e-02	2.295014495412712e-02	3.000000000000000e-06	3.000000000000000e-06
1.628126e+07	4.628744528865560e-02	2.305337103495803e-02	3.000000000000000e-06	3.000000000000000e-06
1.657797e+07	4.650650080710023e-02	2.315718661375612e-02	3.000000000000000e-06	3.000000000000000e-06
1.688011e+07	4.672672385680311e-02	2.326159387869343e-02	3.000000000000000e-06	3.000000000000000e-06
1.718778e+07	4.694811907318861e-02	2.336659503320676e-02	3.000000000000000e-06	3.000000000000000e-06
1.750107e+07	4.717069112570457e-02	2.347219229606899e-02	3.000000000000000e-06	3.000000000000000e-06
1.782009e+07	4.739444471789117e-02	2.357838790146023e-02	3.000000000000000e-06	3.000000000000000e-06
1.814494e+07	4.761938458745040e-02	2.368518409903854e-02	3.000000000000000e-06	3.000000000000000e-06
1.847574e+07	4.784551550631612e-02	2.379258315401043e-02	3.000000000000000e-06	3.000000000000000e-06
1.881259e+07	4.807284228072480e-02	2.390058734720104e-02	3.000000000000000e-06	3.000000000000000e-06
1.915559e+07	4.830136975128694e-02	2.400919897512409e-02	3.000000000000000e-06	3.000000000000000e-06
1.950488e+07	4.853110279305912e-02	2.411842035005149e-02	3.000000000000000e-06	3.000000000000000e-06
1.986055e+07	4.876204631561681e-02	2.422825380008283e-02	3.000000000000000e-06	3.000000000000000e-06
2.022274e+07	4.899420526312789e-02	2.433870166921457e-02	3.000000000000000e-06	3.000000000000000e-06
2.059155e+07	4.922758461442685e-02	2.444976631740899e-02	3.000000000000000e-06	3.000000000000000e-06
2.096711e+07	4.946218938308986e-02	2.456145012066304e-02	3.000000000000000e-06	3.000000000000000e-06
2.134954e+07	4.969802461751046e-02	2.467375547107693e-02	3.000000000000000e-06	3.000000000000000e-06
2.173897e+07	4.993509540097620e-02	2.478668477692258e-02	3.000000000000000e-06	3.000000000000000e-06
2.213554e+07	5.017340685174600e-02	2.490024046271186e-02	3.000000000000000e-06	3.000000000000000e-06
2.253936e+07	5.041296412312829e-02	2.501442496926480e-02	3.000000000000000e-06	3.000000000000000e-06
2.295057e+07	5.065377240356005e-02	2.512924075377752e-02	3.000000000000000e-06	3.000000000000000e-06
2.336932e+07	5.089583691668672e-02	2.524469028989017e-02	3.000000000000000e-06	3.000000000000000e-06
2.379573e+07	5.113916292144288e-02	2.536077606775471e-02	3.000000000000000e-06	3.000000000000000e-06
2.422995e+07	5.138375571213388e-02	2.547750059410257e-02	3.000000000000000e-06	3.000000000000000e-06
2.467213e+07	5.162962061851834e-02	2.559486639231227e-02	3.000000000000000e-06	3.000000000000000e-06
2.512240e+07	5.187676300589156e-02	2.571287600247696e-02	3.000000000000000e-06	3.000000000000000e-06
2.558093e+07	5.212518827516981e-02	2.583153198147192e-02	3.000000000000000e-06	3.000000000000000e-06
2.604785e+07	5.237490186297557e-02	2.595083690302195e-02	3.000000000000000e-06	3.000000000000000e-06
2.652333e+07	5.262590924172373e-02	2.607079335776884e-02	3.000000000000000e-06	3.000000000000000e-06
2.700752e+07	5.287821591970870e-02	2.619140395333869e-02	3.000000000000000e-06	3.000000000000000e-06
2.750058e+07	5.313182744119251e-02	2.631267131440932e-02	3.000000000000000e-06	3.000000000000000e-06
2.800267e+07	5.338674938649385e-02	2.643459808277764e-02	3.000000000000000e-06	3.000000000000000e-06
2.851397e+07	5.364298737207817e-02	2.655718691742700e-02	3.000000000000000e-06	3.000000000000000e-06
2.903464e+07	5.390054705064862e-02	2.668044049459468e-02	3.000000000000000e-06	3.000000000000000e-06
2.956486e+07	5.415943411123815e-02	2.680436150783926e-02	3.000000000000000e-06	3.000000000000000e-06
3.010479e+07	5.441965427930257e-02	2.692895266810813e-02	3.000000000000000e-06	3.000000000000000e-06
3.065463e+07	5.468121331681455e-02	2.705421670380506e-02	3.000000000000000e-06	3.000000000000000e-06
3.121454e+07	5.494411702235878e-02	2.718015636085781e-02	3.000000000000000e-06	3.000000000000000e-06
3.178473e+07	5.520837123122809e-02	2.730677440278579e-02	3.000000000000000e-06	3.000000000000000e-06
3.236536e+07	5.547398181552062e-02	2.743407361076786e-02	3.000000000000000e-06	3.000000000000000e-06
3.295665e+07	5.574095468423806e-02	2.756205678371020e-02	3.000000000000000e-06	3.000000000000000e-06
3.355878e+07	5.600929578338497e-02	2.769072673831431e-02	3.000000000000000e-06	3.000000000000000e-06
3.417196e+07	5.627901109606914e-02	2.782008630914506e-02	3.000000000000000e-06	3.000000000000000e-06
3.479638e+07	5.655010664260302e-02	2.795013834869898e-02	3.000000000000000e-06	3.000000000000000e-06
3.543226e+07	5.682258848060631e-02	2.808088572747254e-02	3.000000000000000e-06	3.000000000000000e-06
3.607981e+07	5.709646270510955e-02	2.821233133403075e-02	3.000000000000000e-06	3.000000000000000e-06
3.673924e+07	5.737173544865888e-02	2.834447807507574e-02	3.000000000000000e-06	3.000000000000000e-06
3.741077e+07	5.764841288142184e-02	2.847732887551561e-02	3.000000000000000e-06	3.000000000000000e-06
3.809463e+07	5.792650121129437e-02	2.861088667853345e-02	3.000000000000000e-06	3.000000000000000e-06
3.879103e+07	5.820600668400885e-02	2.874515444565649e-02	3.000000000000000e-06	3.000000000000000e-06
3.950022e+07	5.848693558324330e-02	2.888013515682546e-02	3.000000000000000e-06	3.000000000000000e-06
4.022243e+07	5.876929423073175e-02	2.901583181046418e-02	3.000000000000000e-06	3.000000000000000e-06
4.095789e+07	5.905308898637567e-02	2.915224742354933e-02	3.000000000000000e-06	3.000000000000000e-06
4.170686e+07	5.933832624835659e-02	2.928938503168043e-02	3.000000000000000e-06	3.000000000000000e-06
4.246958e+07	5.962501245324989e-02	2.942724768915004e-02	3.000000000000000e-06	3.000000000000000e-06
4.324630e+07	5.991315407613972e-02	2.956583846901424e-02	3.000000000000000e-06	3.000000000000000e-06
4.403729e+07	6.020275763073501e-02	2.970516046316327e-02	3.000000000000000e-06	3.000000000000000e-06
4.484281e+07	6.049382966948683e-02	2.984521678239251e-02	3.000000000000000e-06	3.000000000000000e-06
4.566312e+07	6.078637678370671e-02	2.998601055647360e-02	3.000000000000000e-06	3.000000000000000e-06
4.649850e+07	6.108040560368629e-02	3.012754493422598e-02	3.000000000000000e-06	3.000000000000000e-06
4.734923e+07	6.137592279881810e-02	3.026982308358851e-02	3.000000000000000e-06	3.000000000000000e-06
4.821558e+07	6.167293507771746e-02	3.041284819169155e-02	3.000000000000000e-06	3.000000000000000e-06
4.909786e+07	6.197144918834566e-02	3.055662346492921e-02	3.000000000000000e-06	3.000000000000000e-06
4.999634e+07	6.227147191813437e-02	3.070115212903191e-02	3.000000000000000e-06	3.000000000000000e-06
5.091134e+07	6.257301009411105e-02	3.084643742913928e-02	3.000000000000000e-06	3.000000000000000e-06
5.184315e+07	6.287607058302583e-02	3.099248262987334e-02	3.000000000000000e-06	3.000000000000000e-06
5.279209e+07	6.318066029147933e-02	3.113929101541198e-02	3.000000000000000e-06	3.000000000000000e-06
5.375847e+07	6.348678616605195e-02	3.128686588956280e-02	3.000000000000000e-06	3.000000000000000e-06
5.474262e+07	6.379445519343421e-02	3.143521057583721e-02	3.000000000000000e-06	3.000000000000000e-06
5.574486e+07	6.410367440055827e-02	3.158432841752496e-02	3.000000000000000e-06	3.000000000000000e-06
5.676553e+07	6.441445085473087e-02	3.173422277776891e-02	3.000000000000000e-06	3.000000000000000e-06
5.780496e+07	6.472679166376727e-02	3.188489703964022e-02	3.000000000000000e-06	3.000000000000000e-06
5.886351e+07	6.504070397612663e-02	3.203635460621385e-02	3.000000000000000e-06	3.000000000000000e-06
5.994152e+07	6.535619498104846e-02	3.218859890064445e-02	3.000000000000000e-06	3.000000000000000e-06
6.103936e+07	6.567327190869038e-02	3.234163336624256e-02	3.000000000000000e-06	3.000000000000000e-06
6.215739e+07	6.599194203026713e-02	3.249546146655128e-02	3.000000000000000e-06	3.000000000000000e-06
6.329599e+07	6.631221265819080e-02	3.265008668542321e-02	3.000000000000000e-06	3.000000000000000e-06
6.445553e+07	6.663409114621228e-02	3.280551252709785e-02	3.000000000000000e-06	3.000000000000000e-06
6.563641e+07	6.695758488956410e-02	3.296174251627931e-02	3.000000000000000e-06	3.000000000000000e-06
6.683902e+07	6.728270132510426e-02	3.311878019821451e-02	3.000000000000000e-06	3.000000000000000e-06
6.806375e+07	6.760944793146166e-02	3.327662913877176e-02	3.000000000000000e-06	3.000000000000000e-06
6.931102e+07	6.793783222918244e-02	3.343529292451963e-02	3.000000000000000e-06	3.000000000000000e-06
7.058125e+07	6.826786178087792e-02	3.359477516280640e-02	3.000000000000000e-06	3.000000000000000e-06
7.187485e+07	6.859954419137350e-02	3.375507948183979e-02	3.000000000000000e-06	3.000000000000000e-06
7.319226e+07	6.893288710785907e-02	3.391620953076723e-02	3.000000000000000e-06	3.000000000000000e-06
7.453393e+07	6.926789822004055e-02	3.407816897975643e-02	3.000000000000000e-06	3.000000000000000e-06
7.590030e+07	6.960458526029276e-02	3.424096152007652e-02	3.000000000000000e-06	3.000000000000000e-06
7.729182e+07	6.994295600381359e-02	3.440459086417947e-02	3.000000000000000e-06	3.000000000000000e-06
7.870896e+07	7.028301826877939e-02	3.456906074578214e-02	3.000000000000000e-06	3.000000000000000e-06
8.015220e+07	7.062477991650175e-02	3.473437491994857e-02	3.000000000000000e-06	3.000000000000000e-06
8.162202e+07	7.096824885158538e-02	3.490053716317294e-02	3.000000000000000e-06	3.000000000000000e-06
8.311890e+07	7.131343302208754e-02	3.506755127346278e-02	3.000000000000000e-06	3.000000000000000e-06
8.464336e+07	7.166034041967853e-02	3.523542107042278e-02	3.000000000000000e-06	3.000000000000000e-06
8.619590e+07	7.200897907980364e-02	3.540415039533906e-02	3.000000000000000e-06	3.000000000000000e-06
8.777703e+07	7.235935708184627e-02	3.557374311126381e-02	3.000000000000000e-06	3.000000000000000e-06
8.938730e+07	7.271148254929248e-02	3.574420310310052e-02	3.000000000000000e-06	3.000000000000000e-06
9.102723e+07	7.306536364989676e-02	3.591553427768964e-02	3.000000000000000e-06	3.000000000000000e-06
9.269739e+07	7.342100859584913e-02	3.608774056389473e-02	3.000000000000000e-06	3.000000000000000e-06
9.439831e+07	7.377842564394356e-02	3.626082591268909e-02	3.000000000000000e-06	3.000000000000000e-06
9.613059e+07	7.413762309574769e-02	3.643479429724290e-02	3.000000000000000e-06	3.000000000000000e-06
9.789479e+07	7.449860929777391e-02	3.660964971301087e-02	3.000000000000000e-06	3.000000000000000e-06
9.969150e+07	7.486139264165169e-02	3.678539617782035e-02	3.000000000000000e-06	3.000000000000000e-06
1.000000e+08	7.492298391026420e-02	3.681523600354820e-02	3.000000000000000e-06	3.000000000000000e-06
1.018636e+08	7.529344496290778e-02	3.699472614813699e-02	3.000000000000000e-06	3.000000000000000e-06
1.037329e+08	7.566008187633549e-02	3.717238391135486e-02	3.000000000000000e-06	3.000000000000000e-06
1.056372e+08	7.602864597923106e-02	3.735099558503008e-02	3.000000000000000e-06	3.000000000000000e-06
1.075767e+08	7.639904094747776e-02	3.753051445181675e-02	3.000000000000000e-06	3.000000000000000e-06
1.095519e+08	7.677127732612879e-02	3.771094557575949e-02	3.000000000000000e-06	3.000000000000000e-06
1.115635e+08	7.714536375471391e-02	3.789229309805880e-02	3.000000000000000e-06	3.000000000000000e-06
1.136122e+08	7.752130895481972e-02	3.807456120021938e-02	3.000000000000000e-06	3.000000000000000e-06
1.156987e+08	7.789912169395886e-02	3.825775408654356e-02	3.000000000000000e-06	3.000000000000000e-06
1.178237e+08	7.827881078641835e-02	3.844187598454580e-02	3.000000000000000e-06	3.000000000000000e-06
1.199879e+08	7.866038509343332e-02	3.862693114504038e-02	3.000000000000000e-06	3.000000000000000e-06
1.221920e+08	7.904385352337465e-02	3.881292384223555e-02	3.000000000000000e-06	3.000000000000000e-06
1.244368e+08	7.942922503193760e-02	3.899985837382811e-02	3.000000000000000e-06	3.000000000000000e-06
1.267230e+08	7.981650862233193e-02	3.918773906109857e-02	3.000000000000000e-06	3.000000000000000e-06
1.290514e+08	8.020571334547323e-02	3.937657024900691e-02	3.000000000000000e-06	3.000000000000000e-06
1.314227e+08	8.059684830017570e-02	3.956635630628880e-02	3.000000000000000e-06	3.000000000000000e-06
1.338378e+08	8.098992263334635e-02	3.975710162555252e-02	3.000000000000000e-06	3.000000000000000e-06
1.362975e+08	8.138494554018047e-02	3.994881062337632e-02	3.000000000000000e-06	3.000000000000000e-06
1.388026e+08	8.178192626435850e-02	4.014148774040648e-02	3.000000000000000e-06	3.000000000000000e-06
1.413539e+08	8.218087409824432e-02	4.033513744145585e-02	3.000000000000000e-06	3.000000000000000e-06
1.439523e+08	8.258179838308488e-02	4.052976421560302e-02	3.000000000000000e-06	3.000000000000000e-06
1.465987e+08	8.298470850921126e-02	4.072537257629206e-02	3.000000000000000e-06	3.000000000000000e-06
1.492940e+08	8.338961391624100e-02	4.092196706143288e-02	3.000000000000000e-06	3.000000000000000e-06
1.520390e+08	8.379652409328200e-02	4.111955223350214e-02	3.000000000000000e-06	3.000000000000000e-06
1.548347e+08	8.420544857913763e-02	4.131813267964479e-02	3.000000000000000e-06	3.000000000000000e-06
1.576821e+08	8.461639696251338e-02	4.151771301177617e-02	3.000000000000000e-06	3.000000000000000e-06
1.605820e+08	8.502937888222485e-02	4.171829786668478e-02	3.000000000000000e-06	3.000000000000000e-06
1.635355e+08	8.544440402740706e-02	4.191989190613560e-02	3.000000000000000e-06	3.000000000000000e-06
1.665436e+08	8.586148213772538e-02	4.212249981697402e-02	3.000000000000000e-06	3.000000000000000e-06
1.696072e+08	8.628062300358762e-02	4.232612631123046e-02	3.000000000000000e-06	3.000000000000000e-06
1.727274e+08	8.670183646635773e-02	4.253077612622547e-02	3.000000000000000e-06	3.000000000000000e-06
1.759053e+08	8.712513241857085e-02	4.273645402467561e-02	3.000000000000000e-06	3.000000000000000e-06
1.791419e+08	8.755052080414966e-02	4.294316479479983e-02	3.000000000000000e-06	3.000000000000000e-06
1.824383e+08	8.797801161862237e-02	4.315091325042653e-02	3.000000000000000e-06	3.000000000000000e-06
1.857956e+08	8.840761490934201e-02	4.335970423110126e-02	3.000000000000000e-06	3.000000000000000e-06
1.892150e+08	8.883934077570714e-02	4.356954260219504e-02	3.000000000000000e-06	3.000000000000000e-06
1.926976e+08	8.927319936938402e-02	4.378043325501330e-02	3.000000000000000e-06	3.000000000000000e-06
1.962445e+08	8.970920089453027e-02	4.399238110690549e-02	3.000000000000000e-06	3.000000000000000e-06
1.998570e+08	9.014735560801990e-02	4.420539110137531e-02	3.000000000000000e-06	3.000000000000000e-06
2.035363e+08	9.058767381966978e-02	4.441946820819165e-02	3.000000000000000e-06	3.000000000000000e-06
2.072837e+08	9.103016589246767e-02	4.463461742350005e-02	3.000000000000000e-06	3.000000000000000e-06
2.111003e+08	9.147484224280149e-02	4.485084376993496e-02	3.000000000000000e-06	3.000000000000000e-06
2.149875e+08	9.192171334069031e-02	4.506815229673260e-02	3.000000000000000e-06	3.000000000000000e-06
2.189465e+08	9.237078971001665e-02	4.528654807984439e-02	3.000000000000000e-06	3.000000000000000e-06
2.229788e+08	9.282208192876015e-02	4.550603622205124e-02	3.000000000000000e-06	3.000000000000000e-06
2.270857e+08	9.327560062923296e-02	4.572662185307831e-02	3.000000000000000e-06	3.000000000000000e-06
2.312685e+08	9.373135649831643e-02	4.594831012971060e-02	3.000000000000000e-06	3.000000000000000e-06
2.355287e+08	9.418936027769924e-02	4.617110623590905e-02	3.000000000000000e-06	3.000000000000000e-06
2.398677e+08	9.464962276411720e-02	4.639501538292749e-02	3.000000000000000e-06	3.000000000000000e-06
2.442870e+08	9.511215480959431e-02	4.662004280943016e-02	3.000000000000000e-06	3.000000000000000e-06
2.487881e+08	9.557696732168551e-02	4.684619378160991e-02	3.000000000000000e-06	3.000000000000000e-06
2.533724e+08	9.604407126372078e-02	4.707347359330717e-02	3.000000000000000e-06	3.000000000000000e-06
2.580416e+08	9.651347765505078e-02	4.730188756612952e-02	3.000000000000000e-06	3.000000000000000e-06
2.627972e+08	9.698519757129404e-02	4.753144104957200e-02	3.000000000000000e-06	3.000000000000000e-06
2.676408e+08	9.745924214458559e-02	4.776213942113813e-02	3.000000000000000e-06	3.000000000000000e-06
2.725740e+08	9.793562256382718e-02	4.799398808646156e-02	3.000000000000000e-06	3.000000000000000e-06
2.775986e+08	9.841435007493886e-02	4.822699247942853e-02	3.000000000000000e-06	3.000000000000000e-06
2.827162e+08	9.889543598111228e-02	4.846115806230093e-02	3.000000000000000e-06	3.000000000000000e-06
2.879285e+08	9.937889164306539e-02	4.869649032584013e-02	3.000000000000000e-06	3.000000000000000e-06
2.932373e+08	9.986472847929870e-02	4.893299478943149e-02	3.000000000000000e-06	3.000000000000000e-06
2.986445e+08	1.003529579663530e-01	4.917067700120967e-02	3.000000000000000e-06	3.000000000000000e-06
3.041517e+08	1.008435916390689e-01	4.940954253818450e-02	3.000000000000000e-06	3.000000000000000e-06
3.097609e+08	1.013366410908474e-01	4.964959700636772e-02	3.000000000000000e-06	3.000000000000000e-06
3.154740e+08	1.018321179739124e-01	4.989084604090039e-02	3.000000000000000e-06	3.000000000000000e-06
3.212929e+08	1.023300339995750e-01	5.013329530618103e-02	3.000000000000000e-06	3.000000000000000e-06
3.272196e+08	1.028304009384986e-01	5.037695049599445e-02	3.000000000000000e-06	3.000000000000000e-06
3.332561e+08	1.033332306209661e-01	5.062181733364141e-02	3.000000000000000e-06	3.000000000000000e-06
3.394044e+08	1.038385349371486e-01	5.086790157206893e-02	3.000000000000000e-06	3.000000000000000e-06
3.456666e+08	1.043463258373758e-01	5.111520899400140e-02	3.000000000000000e-06	3.000000000000000e-06
3.520449e+08	1.048566153324075e-01	5.136374541207238e-02	3.000000000000000e-06	3.000000000000000e-06
3.585413e+08	1.053694154937072e-01	5.161351666895721e-02	3.000000000000000e-06	3.000000000000000e-06
3.651581e+08	1.058847384537169e-01	5.186452863750635e-02	3.000000000000000e-06	3.000000000000000e-06
3.718975e+08	1.064025964061339e-01	5.211678722087940e-02	3.000000000000000e-06	3.000000000000000e-06
3.787618e+08	1.069230016061889e-01	5.237029835268005e-02	3.000000000000000e-06	3.000000000000000e-06
3.857533e+08	1.074459663709254e-01	5.262506799709155e-02	3.000000000000000e-06	3.000000000000000e-06
3.928745e+08	1.079715030794818e-01	5.288110214901323e-02	3.000000000000000e-06	3.000000000000000e-06
4.001276e+08	1.084996241733735e-01	5.313840683419752e-02	3.000000000000000e-06	3.000000000000000e-06
4.075152e+08	1.090303421567785e-01	5.339698810938791e-02	3.000000000000000e-06	3.000000000000000e-06
4.150397e+08	1.095636695968227e-01	5.365685206245763e-02	3.000000000000000e-06	3.000000000000000e-06
4.227038e+08	1.100996191238683e-01	5.391800481254913e-02	3.000000000000000e-06	3.000000000000000e-06
4.305099e+08	1.106382034318034e-01	5.418045251021426e-02	3.000000000000000e-06	3.000000000000000e-06
4.384608e+08	1.111794352783325e-01	5.444420133755538e-02	3.000000000000000e-06	3.000000000000000e-06
4.465592e+08	1.117233274852701e-01	5.470925750836712e-02	3.000000000000000e-06	3.000000000000000e-06
4.548077e+08	1.122698929388345e-01	5.497562726827900e-02	3.000000000000000e-06	3.000000000000000e-06
4.632092e+08	1.128191445899443e-01	5.524331689489886e-02	3.000000000000000e-06	3.000000000000000e-06
4.717666e+08	1.133710954545158e-01	5.551233269795702e-02	3.000000000000000e-06	3.000000000000000e-06
4.804827e+08	1.139257586137628e-01	5.578268101945132e-02	3.000000000000000e-06	3.000000000000000e-06
4.893605e+08	1.144831472144975e-01	5.605436823379288e-02	3.000000000000000e-06	3.000000000000000e-06
4.984029e+08	1.150432744694332e-01	5.632740074795279e-02	3.000000000000000e-06	3.000000000000000e-06
5.076132e+08	1.156061536574892e-01	5.660178500160946e-02	3.000000000000000e-06	3.000000000000000e-06
5.169943e+08	1.161717981240963e-01	5.687752746729693e-02	3.000000000000000e-06	3.000000000000000e-06
5.265495e+08	1.167402212815053e-01	5.715463465055387e-02	3.000000000000000e-06	3.000000000000000e-06
5.362821e+08	1.173114366090961e-01	5.743311309007353e-02	3.000000000000000e-06	3.000000000000000e-06
5.461952e+08	1.178854576536895e-01	5.771296935785442e-02	3.000000000000000e-06	3.000000000000000e-06
5.562923e+08	1.184622980298597e-01	5.799421005935182e-02	3.000000000000000e-06	3.000000000000000e-06
5.665769e+08	1.190419714202492e-01	5.827684183363023e-02	3.000000000000000e-06	3.000000000000000e-06
5.770523e+08	1.196244915758855e-01	5.856087135351652e-02	3.000000000000000e-06	3.000000000000000e-06
5.877222e+08	1.202098723164988e-01	5.884630532575398e-02	3.000000000000000e-06	3.000000000000000e-06
5.985902e+08	1.207981275308425e-01	5.913315049115728e-02	3.000000000000000e-06	3.000000000000000e-06
6.096599e+08	1.213892711770145e-01	5.942141362476815e-02	3.000000000000000e-06	3.000000000000000e-06
6.209352e+08	1.219833172827809e-01	5.971110153601199e-02	3.000000000000000e-06	3.000000000000000e-06
6.324199e+08	1.225802799459010e-01	6.000222106885530e-02	3.000000000000000e-06	3.000000000000000e-06
6.441178e+08	1.231801733344543e-01	6.029477910196404e-02	3.000000000000000e-06	3.000000000000000e-06
6.560329e+08	1.237830116871696e-01	6.058878254886277e-02	3.000000000000000e-06	3.000000000000000e-06
6.681694e+08	1.243888093137551e-01	6.088423835809465e-02	3.000000000000000e-06	3.000000000000000e-06
6.805312e+08	1.249975805952309e-01	6.118115351338241e-02	3.000000000000000e-06	3.000000000000000e-06
6.931227e+08	1.256093399842632e-01	6.147953503379007e-02	3.000000000000000e-06	3.000000000000000e-06
7.059480e+08	1.262241020055004e-01	6.177938997388562e-02	3.000000000000000e-06	3.000000000000000e-06
7.190116e+08	1.268418812559102e-01	6.208072542390457e-02	3.000000000000000e-06	3.000000000000000e-06
7.323179e+08	1.274626924051200e-01	6.238354850991432e-02	3.000000000000000e-06	3.000000000000000e-06
7.458715e+08	1.280865501957578e-01	6.268786639397952e-02	3.000000000000000e-06	3.000000000000000e-06
7.596768e+08	1.287134694437955e-01	6.299368627432825e-02	3.000000000000000e-06	3.000000000000000e-06
7.737387e+08	1.293434650388939e-01	6.330101538551908e-02	3.000000000000000e-06	3.000000000000000e-06
7.880619e+08	1.299765519447497e-01	6.360986099860913e-02	3.000000000000000e-06	3.000000000000000e-06
8.026513e+08	1.306127451994447e-01	6.392023042132292e-02	3.000000000000000e-06	3.000000000000000e-06
8.175118e+08	1.312520599157953e-01	6.423213099822217e-02	3.000000000000000e-06	3.000000000000000e-06
8.326486e+08	1.318945112817063e-01	6.454557011087658e-02	3.000000000000000e-06	3.000000000000000e-06
8.480667e+08	1.325401145605243e-01	6.486055517803536e-02	3.000000000000000e-06	3.000000000000000e-06
8.637714e+08	1.331888850913945e-01	6.517709365579989e-02	3.000000000000000e-06	3.000000000000000e-06
8.797680e+08	1.338408382896186e-01	6.549519303779711e-02	3.000000000000000e-06	3.000000000000000e-06
8.960621e+08	1.344959896470150e-01	6.581486085535396e-02	3.000000000000000e-06	3.000000000000000e-06
9.126591e+08	1.351543547322807e-01	6.613610467767268e-02	3.000000000000000e-06	3.000000000000000e-06
9.295647e+08	1.358159491913549e-01	6.645893211200718e-02	3.000000000000000e-06	3.000000000000000e-06
9.467846e+08	1.364807887477854e-01	6.678335080384007e-02	3.000000000000000e-06	3.000000000000000e-06
9.643248e+08	1.371488892030957e-01	6.710936843706096e-02	3.000000000000000e-06	3.000000000000000e-06
9.821912e+08	1.378202664371551e-01	6.743699273414548e-02	3.000000000000000e-06	3.000000000000000e-06
1.000000e+09	1.384805176348187e-01	6.775919505468898e-02	3.000000000000000e-06	3.000000000000000e-06
