#t[yr]	ecc	inc	eachmass	totalmass
0.000000e+00	1.000000000000000e-01	5.000000000000000e-02	3.000000000000000e-12	3.000000000000000e-07
1.000000e-03	1.000000043462475e-01	5.000000200226093e-02	3.000000000000000e-12	3.000000000000000e-07
1.000000e-02	1.000000434624640e-01	5.000002002260472e-02	3.000000000000000e-12	3.000000000000000e-07
1.000000e-01	1.000004346235566e-01	5.000020022560176e-02	3.000000000000000e-12	3.000000000000000e-07
1.000000e+00	1.000043461273066e-01	5.000200221149080e-02	3.000000000000000e-12	3.000000000000000e-07
1.000000e+01	1.000434504519056e-01	5.002001766404780e-02	3.000000000000000e-12	3.000000000000000e-07
1.000000e+02	1.004334271623900e-01	5.019973335219512e-02	3.000000000000000e-12	3.000000000000000e-07
2.152171e+02	1.009275696681528e-01	5.042781327728735e-02	3.000000000000000e-12	3.000000000000000e-07
3.320179e+02	1.014223588773395e-01	5.065663559208821e-02	3.000000000000000e-12	3.000000000000000e-07
4.508523e+02	1.019195831852088e-01	5.088702797157629e-02	3.000000000000000e-12	3.000000000000000e-07
5.717534e+02	1.024192236412256e-01	5.111898525143279e-02	3.000000000000000e-12	3.000000000000000e-07
6.947625e+02	1.029212924031548e-01	5.135251663993473e-02	3.000000000000000e-12	3.000000000000000e-07
8.199216e+02	1.034258011510725e-01	5.158763113364943e-02	3.000000000000000e-12	3.000000000000000e-07
9.472735e+02	1.039327616317116e-01	5.182433776897714e-02	3.000000000000000e-12	3.000000000000000e-07
1.000000e+03	1.041403343888478e-01	5.192143133472196e-02	3.000000000000000e-12	3.000000000000000e-07
1.131870e+03	1.046560574253168e-01	5.216287181733908e-02	3.000000000000000e-12	3.000000000000000e-07
1.264685e+03	1.051689035351235e-01	5.240342259865864e-02	3.000000000000000e-12	3.000000000000000e-07
1.399871e+03	1.056843356686111e-01	5.264564055439472e-02	3.000000000000000e-12	3.000000000000000e-07
1.537450e+03	1.062022704864619e-01	5.288949022918826e-02	3.000000000000000e-12	3.000000000000000e-07
1.677472e+03	1.067227217238821e-01	5.313498163380154e-02	3.000000000000000e-12	3.000000000000000e-07
1.819986e+03	1.072457014744376e-01	5.338212401540885e-02	3.000000000000000e-12	3.000000000000000e-07
1.965042e+03	1.077712219214803e-01	5.363092666962088e-02	3.000000000000000e-12	3.000000000000000e-07
2.112692e+03	1.082992953080603e-01	5.388139892599552e-02	3.000000000000000e-12	3.000000000000000e-07
2.262988e+03	1.088299339378057e-01	5.413355014809816e-02	3.000000000000000e-12	3.000000000000000e-07
2.415986e+03	1.093631501752592e-01	5.438738973329815e-02	3.000000000000000e-12	3.000000000000000e-07
2.571738e+03	1.098989564462267e-01	5.464292711256306e-02	3.000000000000000e-12	3.000000000000000e-07
2.730303e+03	1.104373652381277e-01	5.490017175024585e-02	3.000000000000000e-12	3.000000000000000e-07
2.891737e+03	1.109783891003489e-01	5.515913314386506e-02	3.000000000000000e-12	3.000000000000000e-07
3.056100e+03	1.115220406445991e-01	5.541982082387805e-02	3.000000000000000e-12	3.000000000000000e-07
3.223451e+03	1.120683325452672e-01	5.568224435344698e-02	3.000000000000000e-12	3.000000000000000e-07
3.393851e+03	1.126172775397825e-01	5.594641332819777e-02	3.000000000000000e-12	3.000000000000000e-07
3.567365e+03	1.131688884289770e-01	5.621233737597176e-02	3.000000000000000e-12	3.000000000000000e-07
3.744055e+03	1.137231780774508e-01	5.648002615657011e-02	3.000000000000000e-12	3.000000000000000e-07
3.923988e+03	1.142801594139386e-01	5.674948936149087e-02	3.000000000000000e-12	3.000000000000000e-07
4.107231e+03	1.148398454316802e-01	5.702073671365872e-02	3.000000000000000e-12	3.000000000000000e-07
4.293853e+03	1.154022491887922e-01	5.729377796714722e-02	3.000000000000000e-12	3.000000000000000e-07
4.483923e+03	1.159673838086426e-01	5.756862290689357e-02	3.000000000000000e-12	3.000000000000000e-07
4.677513e+03	1.165352624802278e-01	5.784528134840598e-02	3.000000000000000e-12	3.000000000000000e-07
4.874697e+03	1.171058984585515e-01	5.812376313746334e-02	3.000000000000000e-12	3.000000000000000e-07
5.075550e+03	1.176793050650068e-01	5.840407814980737e-02	3.000000000000000e-12	3.000000000000000e-07
5.280149e+03	1.182554956877602e-01	5.868623629082712e-02	3.000000000000000e-12	3.000000000000000e-07
5.488571e+03	1.188344837821378e-01	5.897024749523583e-02	3.000000000000000e-12	3.000000000000000e-07
5.700898e+03	1.194162828710146e-01	5.925612172674002e-02	3.000000000000000e-12	3.000000000000000e-07
5.917211e+03	1.200009065452055e-01	5.954386897770101e-02	3.000000000000000e-12	3.000000000000000e-07
6.137593e+03	1.205883684638590e-01	5.983349926878852e-02	3.000000000000000e-12	3.000000000000000e-07
6.362132e+03	1.211786823548536e-01	6.012502264862669e-02	3.000000000000000e-12	3.000000000000000e-07
6.590913e+03	1.217718620151958e-01	6.041844919343214e-02	3.000000000000000e-12	3.000000000000000e-07
6.824028e+03	1.223679213114211e-01	6.071378900664447e-02	3.000000000000000e-12	3.000000000000000e-07
7.061567e+03	1.229668741799975e-01	6.101105221854880e-02	3.000000000000000e-12	3.000000000000000e-07
7.303625e+03	1.235687346277308e-01	6.131024898589055e-02	3.000000000000000e-12	3.000000000000000e-07
7.550297e+03	1.241735167321727e-01	6.161138949148257e-02	3.000000000000000e-12	3.000000000000000e-07
7.801681e+03	1.247812346420314e-01	6.191448394380431e-02	3.000000000000000e-12	3.000000000000000e-07
8.057877e+03	1.253919025775840e-01	6.221954257659341e-02	3.000000000000000e-12	3.000000000000000e-07
8.318989e+03	1.260055348310916e-01	6.252657564842941e-02	3.000000000000000e-12	3.000000000000000e-07
8.585120e+03	1.266221457672172e-01	6.283559344230988e-02	3.000000000000000e-12	3.000000000000000e-07
8.856378e+03	1.272417498234448e-01	6.314660626521880e-02	3.000000000000000e-12	3.000000000000000e-07
9.132873e+03	1.278643615105022e-01	6.345962444768730e-02	3.000000000000000e-12	3.000000000000000e-07
9.414717e+03	1.284899954127849e-01	6.377465834334692e-02	3.000000000000000e-12	3.000000000000000e-07
9.702024e+03	1.291186661887831e-01	6.409171832847514e-02	3.000000000000000e-12	3.000000000000000e-07
9.994912e+03	1.297503885715111e-01	6.441081480153373e-02	3.000000000000000e-12	3.000000000000000e-07
1.000000e+04	1.297612314801304e-01	6.441630054405895e-02	3.000000000000000e-12	3.000000000000000e-07
1.030441e+04	1.304082099910059e-01	6.474361909690238e-02	3.000000000000000e-12	3.000000000000000e-07
1.060892e+04	1.310459572656989e-01	6.506677561439371e-02	3.000000000000000e-12	3.000000000000000e-07
1.091950e+04	1.316870393690903e-01	6.539212074794742e-02	3.000000000000000e-12	3.000000000000000e-07
1.123616e+04	1.323312286939231e-01	6.571954221488487e-02	3.000000000000000e-12	3.000000000000000e-07
1.155903e+04	1.329785450560455e-01	6.604905290019654e-02	3.000000000000000e-12	3.000000000000000e-07
1.188825e+04	1.336290035562719e-01	6.638066327971176e-02	3.000000000000000e-12	3.000000000000000e-07
1.222395e+04	1.342826194660511e-01	6.671438389520358e-02	3.000000000000000e-12	3.000000000000000e-07
1.256628e+04	1.349394081330759e-01	6.705022530573719e-02	3.000000000000000e-12	3.000000000000000e-07
1.291537e+04	1.355993849835778e-01	6.738819808808241e-02	3.000000000000000e-12	3.000000000000000e-07
1.327139e+04	1.362625655227421e-01	6.772831283616372e-02	3.000000000000000e-12	3.000000000000000e-07
1.363446e+04	1.369289653351622e-01	6.807058016052271e-02	3.000000000000000e-12	3.000000000000000e-07
1.400476e+04	1.375986000852954e-01	6.841501068777420e-02	3.000000000000000e-12	3.000000000000000e-07
1.438243e+04	1.382714855179204e-01	6.876161506005640e-02	3.000000000000000e-12	3.000000000000000e-07
1.476765e+04	1.389476374585977e-01	6.911040393447536e-02	3.000000000000000e-12	3.000000000000000e-07
1.516056e+04	1.396270718141312e-01	6.946138798254395e-02	3.000000000000000e-12	3.000000000000000e-07
1.556134e+04	1.403098045730321e-01	6.981457788961558e-02	3.000000000000000e-12	3.000000000000000e-07
1.597017e+04	1.409958518059852e-01	7.016998435431281e-02	3.000000000000000e-12	3.000000000000000e-07
1.638721e+04	1.416852296663166e-01	7.052761808795123e-02	3.000000000000000e-12	3.000000000000000e-07
1.681266e+04	1.423779543904637e-01	7.088748981395869e-02	3.000000000000000e-12	3.000000000000000e-07
1.724668e+04	1.430740422984472e-01	7.124961026729024e-02	3.000000000000000e-12	3.000000000000000e-07
1.768948e+04	1.437735097943447e-01	7.161399019383913e-02	3.000000000000000e-12	3.000000000000000e-07
1.814124e+04	1.444763733667665e-01	7.198064034984397e-02	3.000000000000000e-12	3.000000000000000e-07
1.860215e+04	1.451826495893329e-01	7.234957150129255e-02	3.000000000000000e-12	3.000000000000000e-07
1.907243e+04	1.458923551211540e-01	7.272079442332244e-02	3.000000000000000e-12	3.000000000000000e-07
1.955228e+04	1.466055067073101e-01	7.309431989961893e-02	3.000000000000000e-12	3.000000000000000e-07
2.004190e+04	1.473221211793354e-01	7.347015872181041e-02	3.000000000000000e-12	3.000000000000000e-07
2.054152e+04	1.480422154557018e-01	7.384832168886178e-02	3.000000000000000e-12	3.000000000000000e-07
2.105135e+04	1.487658065423061e-01	7.422881960646605e-02	3.000000000000000e-12	3.000000000000000e-07
2.157162e+04	1.494929115329574e-01	7.461166328643465e-02	3.000000000000000e-12	3.000000000000000e-07
2.210256e+04	1.502235476098666e-01	7.499686354608688e-02	3.000000000000000e-12	3.000000000000000e-07
2.264440e+04	1.509577320441384e-01	7.538443120763876e-02	3.000000000000000e-12	3.000000000000000e-07
2.319739e+04	1.516954821962632e-01	7.577437709759179e-02	3.000000000000000e-12	3.000000000000000e-07
2.376177e+04	1.524368155166120e-01	7.616671204612221e-02	3.000000000000000e-12	3.000000000000000e-07
2.433779e+04	1.531817495459319e-01	7.656144688647094e-02	3.000000000000000e-12	3.000000000000000e-07
2.492572e+04	1.539303019158436e-01	7.695859245433485e-02	3.000000000000000e-12	3.000000000000000e-07
2.552581e+04	1.546824903493400e-01	7.735815958725989e-02	3.000000000000000e-12	3.000000000000000e-07
2.613834e+04	1.554383326612860e-01	7.776015912403642e-02	3.000000000000000e-12	3.000000000000000e-07
2.676358e+04	1.561978467589204e-01	7.816460190409734e-02	3.000000000000000e-12	3.000000000000000e-07
2.740181e+04	1.569610506423580e-01	7.857149876691967e-02	3.000000000000000e-12	3.000000000000000e-07
2.805333e+04	1.577279624050942e-01	7.898086055142983e-02	3.000000000000000e-12	3.000000000000000e-07
2.871842e+04	1.584986002345097e-01	7.939269809541358e-02	3.000000000000000e-12	3.000000000000000e-07
2.939739e+04	1.592729824123769e-01	7.980702223493071e-02	3.000000000000000e-12	3.000000000000000e-07
3.009054e+04	1.600511273153677e-01	8.022384380373558e-02	3.000000000000000e-12	3.000000000000000e-07
3.079820e+04	1.608330534155616e-01	8.064317363270374e-02	3.000000000000000e-12	3.000000000000000e-07
3.152067e+04	1.616187792809557e-01	8.106502254926533e-02	3.000000000000000e-12	3.000000000000000e-07
3.225831e+04	1.624083235759754e-01	8.148940137684607e-02	3.000000000000000e-12	3.000000000000000e-07
3.301143e+04	1.632017050619855e-01	8.191632093431615e-02	3.000000000000000e-12	3.000000000000000e-07
3.378039e+04	1.639989425978034e-01	8.234579203544799e-02	3.000000000000000e-12	3.000000000000000e-07
3.456553e+04	1.648000551402117e-01	8.277782548838342e-02	3.000000000000000e-12	3.000000000000000e-07
3.536723e+04	1.656050617444734e-01	8.321243209511074e-02	3.000000000000000e-12	3.000000000000000e-07
3.618583e+04	1.664139815648459e-01	8.364962265095285e-02	3.000000000000000e-12	3.000000000000000e-07
3.702174e+04	1.672268338550975e-01	8.408940794406661e-02	3.000000000000000e-12	3.000000000000000e-07
3.787532e+04	1.680436379690236e-01	8.453179875495438e-02	3.000000000000000e-12	3.000000000000000e-07
3.874697e+04	1.688644133609637e-01	8.497680585598864e-02	3.000000000000000e-12	3.000000000000000e-07
3.963709e+04	1.696891795863195e-01	8.542444001095001e-02	3.000000000000000e-12	3.000000000000000e-07
4.054610e+04	1.705179563020726e-01	8.587471197457976e-02	3.000000000000000e-12	3.000000000000000e-07
4.147442e+04	1.713507632673039e-01	8.632763249214734e-02	3.000000000000000e-12	3.000000000000000e-07
4.242248e+04	1.721876203437125e-01	8.678321229903382e-02	3.000000000000000e-12	3.000000000000000e-07
4.339071e+04	1.730285474961359e-01	8.724146212033190e-02	3.000000000000000e-12	3.000000000000000e-07
4.437956e+04	1.738735647930694e-01	8.770239267046320e-02	3.000000000000000e-12	3.000000000000000e-07
4.538950e+04	1.747226924071872e-01	8.816601465281390e-02	3.000000000000000e-12	3.000000000000000e-07
4.642100e+04	1.755759506158628e-01	8.863233875938904e-02	3.000000000000000e-12	3.000000000000000e-07
4.747453e+04	1.764333598016904e-01	8.910137567048666e-02	3.000000000000000e-12	3.000000000000000e-07
4.855059e+04	1.772949404530060e-01	8.957313605439231e-02	3.000000000000000e-12	3.000000000000000e-07
4.964967e+04	1.781607131644083e-01	9.004763056709485e-02	3.000000000000000e-12	3.000000000000000e-07
5.077229e+04	1.790306986372815e-01	9.052486985202417e-02	3.000000000000000e-12	3.000000000000000e-07
5.191898e+04	1.799049176803159e-01	9.100486453981184e-02	3.000000000000000e-12	3.000000000000000e-07
5.309026e+04	1.807833912100302e-01	9.148762524807517e-02	3.000000000000000e-12	3.000000000000000e-07
5.428670e+04	1.816661402512930e-01	9.197316258122570e-02	3.000000000000000e-12	3.000000000000000e-07
5.550884e+04	1.825531859378451e-01	9.246148713030275e-02	3.000000000000000e-12	3.000000000000000e-07
5.675725e+04	1.834445495128206e-01	9.295260947283285e-02	3.000000000000000e-12	3.000000000000000e-07
5.803253e+04	1.843402523292691e-01	9.344654017271585e-02	3.000000000000000e-12	3.000000000000000e-07
5.933527e+04	1.852403158506769e-01	9.394328978013833e-02	3.000000000000000e-12	3.000000000000000e-07
6.066608e+04	1.861447616514889e-01	9.444286883151515e-02	3.000000000000000e-12	3.000000000000000e-07
6.202558e+04	1.870536114176294e-01	9.494528784945989e-02	3.000000000000000e-12	3.000000000000000e-07
6.341441e+04	1.879668869470233e-01	9.545055734278492e-02	3.000000000000000e-12	3.000000000000000e-07
6.483322e+04	1.888846101501172e-01	9.595868780653152e-02	3.000000000000000e-12	3.000000000000000e-07
6.628267e+04	1.898068030503998e-01	9.646968972203139e-02	3.000000000000000e-12	3.000000000000000e-07
6.776345e+04	1.907334877849222e-01	9.698357355699942e-02	3.000000000000000e-12	3.000000000000000e-07
6.927625e+04	1.916646866048184e-01	9.750034976565909e-02	3.000000000000000e-12	3.000000000000000e-07
7.082178e+04	1.926004218758244e-01	9.802002878890073e-02	3.000000000000000e-12	3.000000000000000e-07
7.240077e+04	1.935407160787982e-01	9.854262105447342e-02	3.000000000000000e-12	3.000000000000000e-07
7.401395e+04	1.944855918102386e-01	9.906813697721122e-02	3.000000000000000e-12	3.000000000000000e-07
7.566208e+04	1.954350717828041e-01	9.959658695929405e-02	3.000000000000000e-12	3.000000000000000e-07
7.734593e+04	1.963891788258312e-01	1.001279813905442e-01	3.000000000000000e-12	3.000000000000000e-07
7.906629e+04	1.973479358858526e-01	1.006623306487586e-01	3.000000000000000e-12	3.000000000000000e-07
8.082398e+04	1.983113660271147e-01	1.011996451000778e-01	3.000000000000000e-12	3.000000000000000e-07
8.261980e+04	1.992794924320951e-01	1.017399350993914e-01	3.000000000000000e-12	3.000000000000000e-07
8.445461e+04	2.002523384020190e-01	1.022832109907818e-01	3.000000000000000e-12	3.000000000000000e-07
8.632927e+04	2.012299273573766e-01	1.028294831080051e-01	3.000000000000000e-12	3.000000000000000e-07
8.824464e+04	2.022122828384385e-01	1.033787617750104e-01	3.000000000000000e-12	3.000000000000000e-07
9.020163e+04	2.031994285057718e-01	1.039310573064982e-01	3.000000000000000e-12	3.000000000000000e-07
9.220115e+04	2.041913881407559e-01	1.044863800085173e-01	3.000000000000000e-12	3.000000000000000e-07
9.424414e+04	2.051881856460972e-01	1.050447401791019e-01	3.000000000000000e-12	3.000000000000000e-07
9.633155e+04	2.061898450463438e-01	1.056061481089470e-01	3.000000000000000e-12	3.000000000000000e-07
9.846435e+04	2.071963904884008e-01	1.061706140821251e-01	3.000000000000000e-12	3.000000000000000e-07
1.000000e+05	2.079096600136452e-01	1.065708613724810e-01	3.000000000000000e-12	3.000000000000000e-07
1.022266e+05	2.089310295019265e-01	1.071441763694917e-01	3.000000000000000e-12	3.000000000000000e-07
1.044873e+05	2.099508100127136e-01	1.077169084308058e-01	3.000000000000000e-12	3.000000000000000e-07
1.067975e+05	2.109757080797886e-01	1.082928157064240e-01	3.000000000000000e-12	3.000000000000000e-07
1.091579e+05	2.120056045965230e-01	1.088718277374834e-01	3.000000000000000e-12	3.000000000000000e-07
1.115697e+05	2.130405275153228e-01	1.094539565245810e-01	3.000000000000000e-12	3.000000000000000e-07
1.140341e+05	2.140805017509579e-01	1.100392122912282e-01	3.000000000000000e-12	3.000000000000000e-07
1.165520e+05	2.151255524126295e-01	1.106276052994584e-01	3.000000000000000e-12	3.000000000000000e-07
1.191247e+05	2.161757047349028e-01	1.112191458118050e-01	3.000000000000000e-12	3.000000000000000e-07
1.217535e+05	2.172309840797186e-01	1.118138440932528e-01	3.000000000000000e-12	3.000000000000000e-07
1.244395e+05	2.182914159368743e-01	1.124117104123687e-01	3.000000000000000e-12	3.000000000000000e-07
1.271839e+05	2.193570259245383e-01	1.130127550424916e-01	3.000000000000000e-12	3.000000000000000e-07
1.299880e+05	2.204278397897633e-01	1.136169882629612e-01	3.000000000000000e-12	3.000000000000000e-07
1.328532e+05	2.215038834090010e-01	1.142244203603866e-01	3.000000000000000e-12	3.000000000000000e-07
1.357807e+05	2.225851827886159e-01	1.148350616299535e-01	3.000000000000000e-12	3.000000000000000e-07
1.387718e+05	2.236717640654002e-01	1.154489223767703e-01	3.000000000000000e-12	3.000000000000000e-07
1.418281e+05	2.247636535070893e-01	1.160660129172525e-01	3.000000000000000e-12	3.000000000000000e-07
1.449508e+05	2.258608775128776e-01	1.166863435805447e-01	3.000000000000000e-12	3.000000000000000e-07
1.481414e+05	2.269634626139346e-01	1.173099247099800e-01	3.000000000000000e-12	3.000000000000000e-07
1.514014e+05	2.280714354739226e-01	1.179367666645762e-01	3.000000000000000e-12	3.000000000000000e-07
1.547322e+05	2.291848228895143e-01	1.185668798205674e-01	3.000000000000000e-12	3.000000000000000e-07
1.581354e+05	2.303036517909118e-01	1.192002745729720e-01	3.000000000000000e-12	3.000000000000000e-07
1.616125e+05	2.314279492423667e-01	1.198369613371945e-01	3.000000000000000e-12	3.000000000000000e-07
1.651652e+05	2.325577424427008e-01	1.204769505506621e-01	3.000000000000000e-12	3.000000000000000e-07
1.687950e+05	2.336930587258280e-01	1.211202526744938e-01	3.000000000000000e-12	3.000000000000000e-07
1.725035e+05	2.348339255612781e-01	1.217668781952025e-01	3.000000000000000e-12	3.000000000000000e-07
1.762925e+05	2.359803705547213e-01	1.224168376264281e-01	3.000000000000000e-12	3.000000000000000e-07
1.801637e+05	2.371324214484942e-01	1.230701415107020e-01	3.000000000000000e-12	3.000000000000000e-07
1.841189e+05	2.382901061221279e-01	1.237268004212403e-01	3.000000000000000e-12	3.000000000000000e-07
1.881597e+05	2.394534525928771e-01	1.243868249637667e-01	3.000000000000000e-12	3.000000000000000e-07
1.922881e+05	2.406224890162514e-01	1.250502257783625e-01	3.000000000000000e-12	3.000000000000000e-07
1.965059e+05	2.417972436865485e-01	1.257170135413441e-01	3.000000000000000e-12	3.000000000000000e-07
2.008150e+05	2.429777450373889e-01	1.263871989671648e-01	3.000000000000000e-12	3.000000000000000e-07
2.052173e+05	2.441640216422538e-01	1.270607928103429e-01	3.000000000000000e-12	3.000000000000000e-07
2.097149e+05	2.453561022150234e-01	1.277378058674115e-01	3.000000000000000e-12	3.000000000000000e-07
2.143096e+05	2.465540156105198e-01	1.284182489788918e-01	3.000000000000000e-12	3.000000000000000e-07
2.190036e+05	2.477577908250504e-01	1.291021330312869e-01	3.000000000000000e-12	3.000000000000000e-07
2.237990e+05	2.489674569969552e-01	1.297894689590953e-01	3.000000000000000e-12	3.000000000000000e-07
2.286978e+05	2.501830434071559e-01	1.304802677468436e-01	3.000000000000000e-12	3.000000000000000e-07
2.337023e+05	2.514045794797083e-01	1.311745404311359e-01	3.000000000000000e-12	3.000000000000000e-07
2.388147e+05	2.526320947823578e-01	1.318722981027197e-01	3.000000000000000e-12	3.000000000000000e-07
2.440372e+05	2.538656190270972e-01	1.325735519085665e-01	3.000000000000000e-12	3.000000000000000e-07
2.493722e+05	2.551051820707287e-01	1.332783130539653e-01	3.000000000000000e-12	3.000000000000000e-07
2.548220e+05	2.563508139154284e-01	1.339865928046293e-01	3.000000000000000e-12	3.000000000000000e-07
2.603890e+05	2.576025447093144e-01	1.346984024888123e-01	3.000000000000000e-12	3.000000000000000e-07
2.660756e+05	2.588604047470186e-01	1.354137534994350e-01	3.000000000000000e-12	3.000000000000000e-07
2.718844e+05	2.601244244702623e-01	1.361326572962196e-01	3.000000000000000e-12	3.000000000000000e-07
2.778178e+05	2.613946344684355e-01	1.368551254078303e-01	3.000000000000000e-12	3.000000000000000e-07
2.838785e+05	2.626710654791793e-01	1.375811694340197e-01	3.000000000000000e-12	3.000000000000000e-07
2.900692e+05	2.639537483889740e-01	1.383108010477791e-01	3.000000000000000e-12	3.000000000000000e-07
2.963924e+05	2.652427142337296e-01	1.390440319974910e-01	3.000000000000000e-12	3.000000000000000e-07
3.028509e+05	2.665379941993820e-01	1.397808741090831e-01	3.000000000000000e-12	3.000000000000000e-07
3.094476e+05	2.678396196224925e-01	1.405213392881815e-01	3.000000000000000e-12	3.000000000000000e-07
3.161852e+05	2.691476219908526e-01	1.412654395222629e-01	3.000000000000000e-12	3.000000000000000e-07
3.230668e+05	2.704620329440929e-01	1.420131868828034e-01	3.000000000000000e-12	3.000000000000000e-07
3.300952e+05	2.717828842742968e-01	1.427645935274232e-01	3.000000000000000e-12	3.000000000000000e-07
3.372735e+05	2.731102079266196e-01	1.435196717020256e-01	3.000000000000000e-12	3.000000000000000e-07
3.446047e+05	2.744440359999116e-01	1.442784337429284e-01	3.000000000000000e-12	3.000000000000000e-07
3.520920e+05	2.757844007473473e-01	1.450408920789879e-01	3.000000000000000e-12	3.000000000000000e-07
3.597385e+05	2.771313345770592e-01	1.458070592337121e-01	3.000000000000000e-12	3.000000000000000e-07
3.675476e+05	2.784848700527766e-01	1.465769478273643e-01	3.000000000000000e-12	3.000000000000000e-07
3.755226e+05	2.798450398944703e-01	1.473505705790528e-01	3.000000000000000e-12	3.000000000000000e-07
3.836667e+05	2.812118769790030e-01	1.481279403088089e-01	3.000000000000000e-12	3.000000000000000e-07
3.919836e+05	2.825854143407847e-01	1.489090699396486e-01	3.000000000000000e-12	3.000000000000000e-07
4.004766e+05	2.839656851724337e-01	1.496939724996195e-01	3.000000000000000e-12	3.000000000000000e-07
4.091494e+05	2.853527228254441e-01	1.504826611238300e-01	3.000000000000000e-12	3.000000000000000e-07
4.180055e+05	2.867465608108586e-01	1.512751490564608e-01	3.000000000000000e-12	3.000000000000000e-07
4.270488e+05	2.881472327999473e-01	1.520714496527563e-01	3.000000000000000e-12	3.000000000000000e-07
4.362830e+05	2.895547726248929e-01	1.528715763809964e-01	3.000000000000000e-12	3.000000000000000e-07
4.457120e+05	2.909692142794815e-01	1.536755428244463e-01	3.000000000000000e-12	3.000000000000000e-07
4.553396e+05	2.923905919197999e-01	1.544833626832838e-01	3.000000000000000e-12	3.000000000000000e-07
4.651699e+05	2.938189398649395e-01	1.552950497765036e-01	3.000000000000000e-12	3.000000000000000e-07
4.752070e+05	2.952542925977057e-01	1.561106180437966e-01	3.000000000000000e-12	3.000000000000000e-07
4.854550e+05	2.966966847653345e-01	1.569300815474040e-01	3.000000000000000e-12	3.000000000000000e-07
4.959181e+05	2.981461511802154e-01	1.577534544739456e-01	3.000000000000000e-12	3.000000000000000e-07
5.066007e+05	2.996027268206205e-01	1.585807511362203e-01	3.000000000000000e-12	3.000000000000000e-07
5.175072e+05	3.010664468314409e-01	1.594119859749796e-01	3.000000000000000e-12	3.000000000000000e-07
5.286420e+05	3.025373465249290e-01	1.602471735606717e-01	3.000000000000000e-12	3.000000000000000e-07
5.400097e+05	3.040154613814481e-01	1.610863285951568e-01	3.000000000000000e-12	3.000000000000000e-07
5.516149e+05	3.055008270502286e-01	1.619294659133926e-01	3.000000000000000e-12	3.000000000000000e-07
5.634624e+05	3.069934793501312e-01	1.627766004850880e-01	3.000000000000000e-12	3.000000000000000e-07
5.755569e+05	3.084934542704163e-01	1.636277474163275e-01	3.000000000000000e-12	3.000000000000000e-07
5.879035e+05	3.100007879715216e-01	1.644829219511619e-01	3.000000000000000e-12	3.000000000000000e-07
6.005070e+05	3.115155167858453e-01	1.653421394731681e-01	3.000000000000000e-12	3.000000000000000e-07
6.133726e+05	3.130376772185371e-01	1.662054155069757e-01	3.000000000000000e-12	3.000000000000000e-07
6.265055e+05	3.145673059482962e-01	1.670727657197603e-01	3.000000000000000e-12	3.000000000000000e-07
6.399109e+05	3.161044398281761e-01	1.679442059227035e-01	3.000000000000000e-12	3.000000000000000e-07
6.535943e+05	3.176491158863965e-01	1.688197520724191e-01	3.000000000000000e-12	3.000000000000000e-07
6.675610e+05	3.192013713271629e-01	1.696994202723454e-01	3.000000000000000e-12	3.000000000000000e-07
6.818168e+05	3.207612435314919e-01	1.705832267741022e-01	3.000000000000000e-12	3.000000000000000e-07
6.963673e+05	3.223287700580460e-01	1.714711879788145e-01	3.000000000000000e-12	3.000000000000000e-07
7.112182e+05	3.239039886439729e-01	1.723633204384006e-01	3.000000000000000e-12	3.000000000000000e-07
7.263755e+05	3.254869372057541e-01	1.732596408568255e-01	3.000000000000000e-12	3.000000000000000e-07
7.418452e+05	3.270776538400596e-01	1.741601660913198e-01	3.000000000000000e-12	3.000000000000000e-07
7.576334e+05	3.286761768246101e-01	1.750649131535622e-01	3.000000000000000e-12	3.000000000000000e-07
7.737463e+05	3.302825446190465e-01	1.759738992108306e-01	3.000000000000000e-12	3.000000000000000e-07
7.901903e+05	3.318967958658066e-01	1.768871415871140e-01	3.000000000000000e-12	3.000000000000000e-07
8.069719e+05	3.335189693910086e-01	1.778046577641914e-01	3.000000000000000e-12	3.000000000000000e-07
8.240975e+05	3.351491042053426e-01	1.787264653826764e-01	3.000000000000000e-12	3.000000000000000e-07
8.415741e+05	3.367872395049684e-01	1.796525822430269e-01	3.000000000000000e-12	3.000000000000000e-07
8.594082e+05	3.384334146724214e-01	1.805830263065202e-01	3.000000000000000e-12	3.000000000000000e-07
8.776070e+05	3.400876692775253e-01	1.815178156961945e-01	3.000000000000000e-12	3.000000000000000e-07
8.961775e+05	3.417500430783112e-01	1.824569686977557e-01	3.000000000000000e-12	3.000000000000000e-07
9.151269e+05	3.434205760219457e-01	1.834005037604514e-01	3.000000000000000e-12	3.000000000000000e-07
9.344626e+05	3.450993082456642e-01	1.843484394979110e-01	3.000000000000000e-12	3.000000000000000e-07
9.541919e+05	3.467862800777127e-01	1.853007946889538e-01	3.000000000000000e-12	3.000000000000000e-07
9.743227e+05	3.484815320382962e-01	1.862575882783633e-01	3.000000000000000e-12	3.000000000000000e-07
9.948625e+05	3.501851048405341e-01	1.872188393776308e-01	3.000000000000000e-12	3.000000000000000e-07
1.000000e+06	3.506055522122427e-01	1.874560440621633e-01	3.000000000000000e-12	3.000000000000000e-07
1.021382e+06	3.523456291734361e-01	1.884375844346696e-01	3.000000000000000e-12	3.000000000000000e-07
1.042870e+06	3.540676451051043e-01	1.894086908148283e-01	3.000000000000000e-12	3.000000000000000e-07
1.064799e+06	3.557986472481619e-01	1.903846178336639e-01	3.000000000000000e-12	3.000000000000000e-07
1.087173e+06	3.575381352424351e-01	1.913650796885184e-01	3.000000000000000e-12	3.000000000000000e-07
1.109998e+06	3.592861616964322e-01	1.923501025044957e-01	3.000000000000000e-12	3.000000000000000e-07
1.133285e+06	3.610427683356568e-01	1.933397063287486e-01	3.000000000000000e-12	3.000000000000000e-07
1.157041e+06	3.628079973076344e-01	1.943339115047401e-01	3.000000000000000e-12	3.000000000000000e-07
1.181277e+06	3.645818909565263e-01	1.953327385451188e-01	3.000000000000000e-12	3.000000000000000e-07
1.206000e+06	3.663644918286802e-01	1.963362081347414e-01	3.000000000000000e-12	3.000000000000000e-07
1.231221e+06	3.681558426735666e-01	1.973443411310650e-01	3.000000000000000e-12	3.000000000000000e-07
1.256949e+06	3.699559864448145e-01	1.983571585645661e-01	3.000000000000000e-12	3.000000000000000e-07
1.283193e+06	3.717649663012522e-01	1.993746816391329e-01	3.000000000000000e-12	3.000000000000000e-07
1.309964e+06	3.735828256079548e-01	2.003969317324335e-01	3.000000000000000e-12	3.000000000000000e-07
1.337271e+06	3.754096079372983e-01	2.014239303962604e-01	3.000000000000000e-12	3.000000000000000e-07
1.365125e+06	3.772453570700205e-01	2.024556993568520e-01	3.000000000000000e-12	3.000000000000000e-07
1.393536e+06	3.790901169962888e-01	2.034922605151915e-01	3.000000000000000e-12	3.000000000000000e-07
1.422515e+06	3.809439319167740e-01	2.045336359472845e-01	3.000000000000000e-12	3.000000000000000e-07
1.452073e+06	3.828068462437316e-01	2.055798479044161e-01	3.000000000000000e-12	3.000000000000000e-07
1.482220e+06	3.846789046020888e-01	2.066309188133868e-01	3.000000000000000e-12	3.000000000000000e-07
1.512968e+06	3.865601518305387e-01	2.076868712767304e-01	3.000000000000000e-12	3.000000000000000e-07
1.544328e+06	3.884506329826404e-01	2.087477280729124e-01	3.000000000000000e-12	3.000000000000000e-07
1.576312e+06	3.903503933279264e-01	2.098135121565109e-01	3.000000000000000e-12	3.000000000000000e-07
1.608932e+06	3.922594783530154e-01	2.108842466583800e-01	3.000000000000000e-12	3.000000000000000e-07
1.642199e+06	3.941779337627329e-01	2.119599548857975e-01	3.000000000000000e-12	3.000000000000000e-07
1.676126e+06	3.961058054812366e-01	2.130406603225965e-01	3.000000000000000e-12	3.000000000000000e-07
1.710726e+06	3.980431396531493e-01	2.141263866292822e-01	3.000000000000000e-12	3.000000000000000e-07
1.746010e+06	3.999899826446979e-01	2.152171576431347e-01	3.000000000000000e-12	3.000000000000000e-07
1.781993e+06	4.019463810448586e-01	2.163129973782989e-01	3.000000000000000e-12	3.000000000000000e-07
1.818687e+06	4.039123816665083e-01	2.174139300258606e-01	3.000000000000000e-12	3.000000000000000e-07
1.856106e+06	4.058880315475823e-01	2.185199799539120e-01	3.000000000000000e-12	3.000000000000000e-07
1.894264e+06	4.078733779522387e-01	2.196311717076054e-01	3.000000000000000e-12	3.000000000000000e-07
1.933173e+06	4.098684683720282e-01	2.207475300091967e-01	3.000000000000000e-12	3.000000000000000e-07
1.972849e+06	4.118733505270707e-01	2.218690797580789e-01	3.000000000000000e-12	3.000000000000000e-07
2.013306e+06	4.138880723672382e-01	2.229958460308073e-01	3.000000000000000e-12	3.000000000000000e-07
2.054558e+06	4.159126820733429e-01	2.241278540811159e-01	3.000000000000000e-12	3.000000000000000e-07
2.096622e+06	4.179472280583326e-01	2.252651293399262e-01	3.000000000000000e-12	3.000000000000000e-07
2.139510e+06	4.199917589684916e-01	2.264076974153494e-01	3.000000000000000e-12	3.000000000000000e-07
2.183241e+06	4.220463236846476e-01	2.275555840926827e-01	3.000000000000000e-12	3.000000000000000e-07
2.227828e+06	4.241109713233852e-01	2.287088153343992e-01	3.000000000000000e-12	3.000000000000000e-07
2.273289e+06	4.261857512382646e-01	2.298674172801336e-01	3.000000000000000e-12	3.000000000000000e-07
2.319639e+06	4.282707130210477e-01	2.310314162466637e-01	3.000000000000000e-12	3.000000000000000e-07
2.366895e+06	4.303659065029284e-01	2.322008387278882e-01	3.000000000000000e-12	3.000000000000000e-07
2.415075e+06	4.324713817557711e-01	2.333757113948014e-01	3.000000000000000e-12	3.000000000000000e-07
2.464195e+06	4.345871890933528e-01	2.345560610954658e-01	3.000000000000000e-12	3.000000000000000e-07
2.514274e+06	4.367133790726136e-01	2.357419148549826e-01	3.000000000000000e-12	3.000000000000000e-07
2.565328e+06	4.388500024949112e-01	2.369332998754622e-01	3.000000000000000e-12	3.000000000000000e-07
2.617377e+06	4.409971104072830e-01	2.381302435359922e-01	3.000000000000000e-12	3.000000000000000e-07
2.670439e+06	4.431547541037126e-01	2.393327733926073e-01	3.000000000000000e-12	3.000000000000000e-07
2.724533e+06	4.453229851264038e-01	2.405409171782587e-01	3.000000000000000e-12	3.000000000000000e-07
2.779678e+06	4.475018552670595e-01	2.417547028027850e-01	3.000000000000000e-12	3.000000000000000e-07
2.835894e+06	4.496914165681672e-01	2.429741583528843e-01	3.000000000000000e-12	3.000000000000000e-07
2.893201e+06	4.518917213242899e-01	2.441993120920890e-01	3.000000000000000e-12	3.000000000000000e-07
2.951619e+06	4.541028220833634e-01	2.454301924607430e-01	3.000000000000000e-12	3.000000000000000e-07
3.011169e+06	4.563247716479996e-01	2.466668280759815e-01	3.000000000000000e-12	3.000000000000000e-07
3.071872e+06	4.585576230767956e-01	2.479092477317156e-01	3.000000000000000e-12	3.000000000000000e-07
3.133749e+06	4.608014296856485e-01	2.491574803986193e-01	3.000000000000000e-12	3.000000000000000e-07
3.196823e+06	4.630562450490769e-01	2.504115552241227e-01	3.000000000000000e-12	3.000000000000000e-07
3.261116e+06	4.653221230015476e-01	2.516715015324087e-01	3.000000000000000e-12	3.000000000000000e-07
3.326650e+06	4.675991176388089e-01	2.529373488244157e-01	3.000000000000000e-12	3.000000000000000e-07
3.393449e+06	4.698872833192295e-01	2.542091267778458e-01	3.000000000000000e-12	3.000000000000000e-07
3.461536e+06	4.721866746651437e-01	2.554868652471797e-01	3.000000000000000e-12	3.000000000000000e-07
3.530935e+06	4.744973465642023e-01	2.567705942636971e-01	3.000000000000000e-12	3.000000000000000e-07
3.601670e+06	4.768193541707300e-01	2.580603440355043e-01	3.000000000000000e-12	3.000000000000000e-07
3.673767e+06	4.791527529070882e-01	2.593561449475695e-01	3.000000000000000e-12	3.000000000000000e-07
3.747251e+06	4.814975984650444e-01	2.606580275617650e-01	3.000000000000000e-12	3.000000000000000e-07
3.822146e+06	4.838539468071476e-01	2.619660226169176e-01	3.000000000000000e-12	3.000000000000000e-07
3.898481e+06	4.862218541681094e-01	2.632801610288666e-01	3.000000000000000e-12	3.000000000000000e-07
3.976281e+06	4.886013770561917e-01	2.646004738905309e-01	3.000000000000000e-12	3.000000000000000e-07
4.055573e+06	4.909925722546000e-01	2.659269924719847e-01	3.000000000000000e-12	3.000000000000000e-07
4.136386e+06	4.933954968228836e-01	2.672597482205414e-01	3.000000000000000e-12	3.000000000000000e-07
4.218748e+06	4.958102080983410e-01	2.685987727608479e-01	3.000000000000000e-12	3.000000000000000e-07
4.302687e+06	4.982367636974324e-01	2.699440978949876e-01	3.000000000000000e-12	3.000000000000000e-07
4.388232e+06	5.006752215171975e-01	2.712957556025933e-01	3.000000000000000e-12	3.000000000000000e-07
4.475414e+06	5.031256397366802e-01	2.726537780409700e-01	3.000000000000000e-12	3.000000000000000e-07
4.564262e+06	5.055880768183598e-01	2.740181975452279e-01	3.000000000000000e-12	3.000000000000000e-07
4.654808e+06	5.080625915095871e-01	2.753890466284258e-01	3.000000000000000e-12	3.000000000000000e-07
4.747083e+06	5.105492428440285e-01	2.767663579817252e-01	3.000000000000000e-12	3.000000000000000e-07
4.841120e+06	5.130480901431150e-01	2.781501644745540e-01	3.000000000000000e-12	3.000000000000000e-07
4.936950e+06	5.155591930174989e-01	2.795404991547828e-01	3.000000000000000e-12	3.000000000000000e-07
5.034607e+06	5.180826113685151e-01	2.809373952489108e-01	3.000000000000000e-12	3.000000000000000e-07
5.134125e+06	5.206184053896511e-01	2.823408861622636e-01	3.000000000000000e-12	3.000000000000000e-07
5.235539e+06	5.231666355680211e-01	2.837510054792018e-01	3.000000000000000e-12	3.000000000000000e-07
5.338882e+06	5.257273626858485e-01	2.851677869633417e-01	3.000000000000000e-12	3.000000000000000e-07
5.444193e+06	5.283006478219533e-01	2.865912645577867e-01	3.000000000000000e-12	3.000000000000000e-07
5.551505e+06	5.308865523532471e-01	2.880214723853710e-01	3.000000000000000e-12	3.000000000000000e-07
5.660858e+06	5.334851379562346e-01	2.894584447489147e-01	3.000000000000000e-12	3.000000000000000e-07
5.772287e+06	5.360964666085208e-01	2.909022161314910e-01	3.000000000000000e-12	3.000000000000000e-07
5.885833e+06	5.387206005903261e-01	2.923528211967048e-01	3.000000000000000e-12	3.000000000000000e-07
6.001534e+06	5.413576024860067e-01	2.938102947889841e-01	3.000000000000000e-12	3.000000000000000e-07
6.119429e+06	5.440075351855831e-01	2.952746719338827e-01	3.000000000000000e-12	3.000000000000000e-07
6.239560e+06	5.466704618862738e-01	2.967459878383951e-01	3.000000000000000e-12	3.000000000000000e-07
6.361968e+06	5.493464460940373e-01	2.982242778912843e-01	3.000000000000000e-12	3.000000000000000e-07
6.486695e+06	5.520355516251200e-01	2.997095776634207e-01	3.000000000000000e-12	3.000000000000000e-07
6.613783e+06	5.547378426076105e-01	3.012019229081342e-01	3.000000000000000e-12	3.000000000000000e-07
6.743277e+06	5.574533834830024e-01	3.027013495615780e-01	3.000000000000000e-12	3.000000000000000e-07
6.875221e+06	5.601822390077623e-01	3.042078937431048e-01	3.000000000000000e-12	3.000000000000000e-07
7.009660e+06	5.629244742549054e-01	3.057215917556556e-01	3.000000000000000e-12	3.000000000000000e-07
7.146641e+06	5.656801546155786e-01	3.072424800861604e-01	3.000000000000000e-12	3.000000000000000e-07
7.286210e+06	5.684493458006498e-01	3.087705954059517e-01	3.000000000000000e-12	3.000000000000000e-07
7.428414e+06	5.712321138423044e-01	3.103059745711898e-01	3.000000000000000e-12	3.000000000000000e-07
7.573304e+06	5.740285250956502e-01	3.118486546233010e-01	3.000000000000000e-12	3.000000000000000e-07
7.720928e+06	5.768386462403270e-01	3.133986727894276e-01	3.000000000000000e-12	3.000000000000000e-07
7.871337e+06	5.796625442821258e-01	3.149560664828908e-01	3.000000000000000e-12	3.000000000000000e-07
8.024583e+06	5.825002865546138e-01	3.165208733036654e-01	3.000000000000000e-12	3.000000000000000e-07
8.180717e+06	5.853519407207671e-01	3.180931310388667e-01	3.000000000000000e-12	3.000000000000000e-07
8.339794e+06	5.882175747746110e-01	3.196728776632505e-01	3.000000000000000e-12	3.000000000000000e-07
8.501867e+06	5.910972570428669e-01	3.212601513397242e-01	3.000000000000000e-12	3.000000000000000e-07
8.666991e+06	5.939910561866075e-01	3.228549904198710e-01	3.000000000000000e-12	3.000000000000000e-07
8.835224e+06	5.968990412029191e-01	3.244574334444854e-01	3.000000000000000e-12	3.000000000000000e-07
9.006623e+06	5.998212814265709e-01	3.260675191441220e-01	3.000000000000000e-12	3.000000000000000e-07
9.181245e+06	6.027578465316925e-01	3.276852864396548e-01	3.000000000000000e-12	3.000000000000000e-07
9.359151e+06	6.057088065334589e-01	3.293107744428506e-01	3.000000000000000e-12	3.000000000000000e-07
9.540401e+06	6.086742317897830e-01	3.309440224569516e-01	3.000000000000000e-12	3.000000000000000e-07
9.725057e+06	6.116541930030152e-01	3.325850699772733e-01	3.000000000000000e-12	3.000000000000000e-07
9.913182e+06	6.146487612216520e-01	3.342339566918111e-01	3.000000000000000e-12	3.000000000000000e-07
1.000000e+07	6.160137290821077e-01	3.349854635862064e-01	3.000000000000000e-12	3.000000000000000e-07
1.019526e+07	6.190603611541248e-01	3.366627192293662e-01	3.000000000000000e-12	3.000000000000000e-07
1.039217e+07	6.220906608934392e-01	3.383307810314276e-01	3.000000000000000e-12	3.000000000000000e-07
1.059281e+07	6.251363950199963e-01	3.400071395132269e-01	3.000000000000000e-12	3.000000000000000e-07
1.079722e+07	6.281970468363453e-01	3.416915108099970e-01	3.000000000000000e-12	3.000000000000000e-07
1.100546e+07	6.312727002676820e-01	3.433839417037516e-01	3.000000000000000e-12	3.000000000000000e-07
1.121760e+07	6.343634284382023e-01	3.450844730313838e-01	3.000000000000000e-12	3.000000000000000e-07
1.143372e+07	6.374693050386052e-01	3.467931459415030e-01	3.000000000000000e-12	3.000000000000000e-07
1.165389e+07	6.405904041166550e-01	3.485100017788943e-01	3.000000000000000e-12	3.000000000000000e-07
1.187819e+07	6.437268000828882e-01	3.502350820873961e-01	3.000000000000000e-12	3.000000000000000e-07
1.210668e+07	6.468785677123319e-01	3.519684286105879e-01	3.000000000000000e-12	3.000000000000000e-07
1.233946e+07	6.500457821463054e-01	3.537100832925317e-01	3.000000000000000e-12	3.000000000000000e-07
1.257659e+07	6.532285188942276e-01	3.554600882785221e-01	3.000000000000000e-12	3.000000000000000e-07
1.281815e+07	6.564268538354345e-01	3.572184859158490e-01	3.000000000000000e-12	3.000000000000000e-07
1.306424e+07	6.596408632210028e-01	3.589853187545701e-01	3.000000000000000e-12	3.000000000000000e-07
1.331493e+07	6.628706236755840e-01	3.607606295482947e-01	3.000000000000000e-12	3.000000000000000e-07
1.357030e+07	6.661162121992463e-01	3.625444612549788e-01	3.000000000000000e-12	3.000000000000000e-07
1.383045e+07	6.693777061693246e-01	3.643368570377298e-01	3.000000000000000e-12	3.000000000000000e-07
1.409546e+07	6.726551833422793e-01	3.661378602656232e-01	3.000000000000000e-12	3.000000000000000e-07
1.436542e+07	6.759487218555650e-01	3.679475145145287e-01	3.000000000000000e-12	3.000000000000000e-07
1.464043e+07	6.792584002295057e-01	3.697658635679476e-01	3.000000000000000e-12	3.000000000000000e-07
1.492057e+07	6.825842973691809e-01	3.715929514178605e-01	3.000000000000000e-12	3.000000000000000e-07
1.520594e+07	6.859264925663190e-01	3.734288222655850e-01	3.000000000000000e-12	3.000000000000000e-07
1.549664e+07	6.892850655012003e-01	3.752735205226446e-01	3.000000000000000e-12	3.000000000000000e-07
1.579276e+07	6.926600962445688e-01	3.771270908116465e-01	3.000000000000000e-12	3.000000000000000e-07
1.609441e+07	6.960516652595531e-01	3.789895779671709e-01	3.000000000000000e-12	3.000000000000000e-07
1.640169e+07	6.994598534035958e-01	3.808610270366697e-01	3.000000000000000e-12	3.000000000000000e-07
1.671470e+07	7.028847419303927e-01	3.827414832813755e-01	3.000000000000000e-12	3.000000000000000e-07
1.703355e+07	7.063264124918405e-01	3.846309921772201e-01	3.000000000000000e-12	3.000000000000000e-07
1.735834e+07	7.097849471399940e-01	3.865295994157637e-01	3.000000000000000e-12	3.000000000000000e-07
1.768918e+07	7.132604283290326e-01	3.884373509051332e-01	3.000000000000000e-12	3.000000000000000e-07
1.802620e+07	7.167529389172361e-01	3.903542927709707e-01	3.000000000000000e-12	3.000000000000000e-07
1.836949e+07	7.202625621689693e-01	3.922804713573914e-01	3.000000000000000e-12	3.000000000000000e-07
1.871918e+07	7.237893817566767e-01	3.942159332279517e-01	3.000000000000000e-12	3.000000000000000e-07
1.907538e+07	7.273334817628860e-01	3.961607251666261e-01	3.000000000000000e-12	3.000000000000000e-07
1.943822e+07	7.308949466822220e-01	3.981148941787943e-01	3.000000000000000e-12	3.000000000000000e-07
1.980781e+07	7.344738614234292e-01	4.000784874922370e-01	3.000000000000000e-12	3.000000000000000e-07
2.018428e+07	7.380703113114038e-01	4.020515525581424e-01	3.000000000000000e-12	3.000000000000000e-07
2.056777e+07	7.416843820892368e-01	4.040341370521202e-01	3.000000000000000e-12	3.000000000000000e-07
2.095839e+07	7.453161599202655e-01	4.060262888752267e-01	3.000000000000000e-12	3.000000000000000e-07
2.135628e+07	7.489657313901344e-01	4.080280561549977e-01	3.000000000000000e-12	3.000000000000000e-07
2.176157e+07	7.526331835088680e-01	4.100394872464916e-01	3.000000000000000e-12	3.000000000000000e-07
2.217440e+07	7.563186037129510e-01	4.120606307333406e-01	3.000000000000000e-12	3.000000000000000e-07
2.259492e+07	7.600220798674201e-01	4.140915354288124e-01	3.000000000000000e-12	3.000000000000000e-07
2.302325e+07	7.637437002679650e-01	4.161322503768790e-01	3.000000000000000e-12	3.000000000000000e-07
2.345955e+07	7.674835536430403e-01	4.181828248532962e-01	3.000000000000000e-12	3.000000000000000e-07
2.390396e+07	7.712417291559860e-01	4.202433083666908e-01	3.000000000000000e-12	3.000000000000000e-07
2.435664e+07	7.750183164071595e-01	4.223137506596575e-01	3.000000000000000e-12	3.000000000000000e-07
2.481773e+07	7.788134054360775e-01	4.243942017098639e-01	3.000000000000000e-12	3.000000000000000e-07
2.528739e+07	7.826270867235676e-01	4.264847117311647e-01	3.000000000000000e-12	3.000000000000000e-07
2.576577e+07	7.864594511939310e-01	4.285853311747244e-01	3.000000000000000e-12	3.000000000000000e-07
2.625305e+07	7.903105902171152e-01	4.306961107301489e-01	3.000000000000000e-12	3.000000000000000e-07
2.674938e+07	7.941805956108968e-01	4.328171013266253e-01	3.000000000000000e-12	3.000000000000000e-07
2.725493e+07	7.980695596430751e-01	4.349483541340707e-01	3.000000000000000e-12	3.000000000000000e-07
2.776987e+07	8.019775750336772e-01	4.370899205642892e-01	3.000000000000000e-12	3.000000000000000e-07
2.829438e+07	8.059047349571712e-01	4.392418522721381e-01	3.000000000000000e-12	3.000000000000000e-07
2.882863e+07	8.098511330446930e-01	4.414042011567011e-01	3.000000000000000e-12	3.000000000000000e-07
2.937280e+07	8.138168633862820e-01	4.435770193624716e-01	3.000000000000000e-12	3.000000000000000e-07
2.992707e+07	8.178020205331276e-01	4.457603592805434e-01	3.000000000000000e-12	3.000000000000000e-07
3.049163e+07	8.218066994998273e-01	4.479542735498099e-01	3.000000000000000e-12	3.000000000000000e-07
3.106668e+07	8.258309957666558e-01	4.501588150581718e-01	3.000000000000000e-12	3.000000000000000e-07
3.165239e+07	8.298750052818435e-01	4.523740369437530e-01	3.000000000000000e-12	3.000000000000000e-07
3.224898e+07	8.339388244638682e-01	4.545999925961245e-01	3.000000000000000e-12	3.000000000000000e-07
3.285665e+07	8.380225502037558e-01	4.568367356575373e-01	3.000000000000000e-12	3.000000000000000e-07
3.347558e+07	8.421262798673939e-01	4.590843200241621e-01	3.000000000000000e-12	3.000000000000000e-07
3.410601e+07	8.462501112978548e-01	4.613427998473389e-01	3.000000000000000e-12	3.000000000000000e-07
3.474813e+07	8.503941428177317e-01	4.636122295348337e-01	3.000000000000000e-12	3.000000000000000e-07
3.540216e+07	8.545584732314848e-01	4.658926637521026e-01	3.000000000000000e-12	3.000000000000000e-07
3.606833e+07	8.587432018277986e-01	4.681841574235664e-01	3.000000000000000e-12	3.000000000000000e-07
3.674685e+07	8.629484283819518e-01	4.704867657338903e-01	3.000000000000000e-12	3.000000000000000e-07
3.743796e+07	8.671742531581981e-01	4.728005441292741e-01	3.000000000000000e-12	3.000000000000000e-07
3.814189e+07	8.714207769121578e-01	4.751255483187490e-01	3.000000000000000e-12	3.000000000000000e-07
3.885888e+07	8.756881008932222e-01	4.774618342754829e-01	3.000000000000000e-12	3.000000000000000e-07
3.958916e+07	8.799763268469694e-01	4.798094582380936e-01	3.000000000000000e-12	3.000000000000000e-07
4.033298e+07	8.842855570175904e-01	4.821684767119703e-01	3.000000000000000e-12	3.000000000000000e-07
4.109060e+07	8.886158941503294e-01	4.845389464706023e-01	3.000000000000000e-12	3.000000000000000e-07
4.186226e+07	8.929674414939339e-01	4.869209245569167e-01	3.000000000000000e-12	3.000000000000000e-07
4.264823e+07	8.973403028031178e-01	4.893144682846229e-01	3.000000000000000e-12	3.000000000000000e-07
4.344877e+07	9.017345823410359e-01	4.917196352395660e-01	3.000000000000000e-12	3.000000000000000e-07
4.426415e+07	9.061503848817706e-01	4.941364832810877e-01	3.000000000000000e-12	3.000000000000000e-07
4.509465e+07	9.105878157128311e-01	4.965650705433944e-01	3.000000000000000e-12	3.000000000000000e-07
4.594054e+07	9.150469806376639e-01	4.990054554369352e-01	3.000000000000000e-12	3.000000000000000e-07
4.680211e+07	9.195279859781763e-01	5.014576966497851e-01	3.000000000000000e-12	3.000000000000000e-07
4.767965e+07	9.240309385772719e-01	5.039218531490383e-01	3.000000000000000e-12	3.000000000000000e-07
4.857346e+07	9.285559458013981e-01	5.063979841822083e-01	3.000000000000000e-12	3.000000000000000e-07
4.948383e+07	9.331031155431065e-01	5.088861492786361e-01	3.000000000000000e-12	3.000000000000000e-07
5.041107e+07	9.376725562236257e-01	5.113864082509060e-01	3.000000000000000e-12	3.000000000000000e-07
5.135549e+07	9.422643767954458e-01	5.138988211962702e-01	3.000000000000000e-12	3.000000000000000e-07
5.231741e+07	9.468786867449174e-01	5.164234484980796e-01	3.000000000000000e-12	3.000000000000000e-07
5.329716e+07	9.515155960948605e-01	5.189603508272246e-01	3.000000000000000e-12	3.000000000000000e-07
5.429507e+07	9.561752154071891e-01	5.215095891435814e-01	3.000000000000000e-12	3.000000000000000e-07
5.531146e+07	9.608576557855460e-01	5.240712246974681e-01	3.000000000000000e-12	3.000000000000000e-07
5.634669e+07	9.655630288779523e-01	5.266453190311079e-01	3.000000000000000e-12	3.000000000000000e-07
5.740110e+07	9.702914468794688e-01	5.292319339800998e-01	3.000000000000000e-12	3.000000000000000e-07
5.847504e+07	9.750430225348705e-01	5.318311316748980e-01	3.000000000000000e-12	3.000000000000000e-07
5.956888e+07	9.798178691413345e-01	5.344429745422983e-01	3.000000000000000e-12	3.000000000000000e-07
6.068298e+07	9.846161005511411e-01	5.370675253069331e-01	3.000000000000000e-12	3.000000000000000e-07
6.181772e+07	9.894378311743873e-01	5.397048469927741e-01	3.000000000000000e-12	3.000000000000000e-07
6.297349e+07	9.942831759817141e-01	5.423550029246424e-01	3.000000000000000e-12	3.000000000000000e-07
6.415066e+07	9.991522505070474e-01	5.450180567297273e-01	3.000000000000000e-12	3.000000000000000e-07
6.534965e+07	1.004045170850351e+00	5.476940723391120e-01	3.000000000000000e-12	3.000000000000000e-07
6.657084e+07	1.008962053680397e+00	5.503831139893091e-01	3.000000000000000e-12	3.000000000000000e-07
6.781465e+07	1.013903016237541e+00	5.530852462238011e-01	3.000000000000000e-12	3.000000000000000e-07
6.908151e+07	1.018868176336521e+00	5.558005338945919e-01	3.000000000000000e-12	3.000000000000000e-07
7.037183e+07	1.023857652369267e+00	5.585290421637642e-01	3.000000000000000e-12	3.000000000000000e-07
7.168605e+07	1.028871563307717e+00	5.612708365050456e-01	3.000000000000000e-12	3.000000000000000e-07
7.302462e+07	1.033910028706656e+00	5.640259827053830e-01	3.000000000000000e-12	3.000000000000000e-07
7.438798e+07	1.038973168706568e+00	5.667945468665240e-01	3.000000000000000e-12	3.000000000000000e-07
7.577659e+07	1.044061104036494e+00	5.695765954066078e-01	3.000000000000000e-12	3.000000000000000e-07
7.719093e+07	1.049173956016912e+00	5.723721950617624e-01	3.000000000000000e-12	3.000000000000000e-07
7.863146e+07	1.054311846562630e+00	5.751814128877116e-01	3.000000000000000e-12	3.000000000000000e-07
8.009867e+07	1.059474898185691e+00	5.780043162613887e-01	3.000000000000000e-12	3.000000000000000e-07
8.159306e+07	1.064663233998287e+00	5.808409728825588e-01	3.000000000000000e-12	3.000000000000000e-07
8.311513e+07	1.069876977715703e+00	5.836914507754493e-01	3.000000000000000e-12	3.000000000000000e-07
8.466539e+07	1.075116253659257e+00	5.865558182903886e-01	3.000000000000000e-12	3.000000000000000e-07
8.624437e+07	1.080381186759268e+00	5.894341441054529e-01	3.000000000000000e-12	3.000000000000000e-07
8.785259e+07	1.085671902558030e+00	5.923264972281206e-01	3.000000000000000e-12	3.000000000000000e-07
8.949059e+07	1.090988527212805e+00	5.952329469969356e-01	3.000000000000000e-12	3.000000000000000e-07
9.115894e+07	1.096331187498832e+00	5.981535630831788e-01	3.000000000000000e-12	3.000000000000000e-07
9.285819e+07	1.101700010812342e+00	6.010884154925472e-01	3.000000000000000e-12	3.000000000000000e-07
9.458892e+07	1.107095125173600e+00	6.040375745668422e-01	3.000000000000000e-12	3.000000000000000e-07
9.635170e+07	1.112516659229954e+00	6.070011109856651e-01	3.000000000000000e-12	3.000000000000000e-07
9.814713e+07	1.117964742258899e+00	6.099790957681219e-01	3.000000000000000e-12	3.000000000000000e-07
9.997582e+07	1.123439504171160e+00	6.129716002745361e-01	3.000000000000000e-12	3.000000000000000e-07
1.000000e+08	1.123511100513189e+00	6.130107341830893e-01	3.000000000000000e-12	3.000000000000000e-07
1.018971e+08	1.129113343763186e+00	6.160728551667073e-01	3.000000000000000e-12	3.000000000000000e-07
1.037946e+08	1.134640858229415e+00	6.190940674513695e-01	3.000000000000000e-12	3.000000000000000e-07
1.057279e+08	1.140197315116683e+00	6.221310377171573e-01	3.000000000000000e-12	3.000000000000000e-07
1.076970e+08	1.145780946782458e+00	6.251828001303067e-01	3.000000000000000e-12	3.000000000000000e-07
1.097026e+08	1.151391921245980e+00	6.282494468561135e-01	3.000000000000000e-12	3.000000000000000e-07
1.117453e+08	1.157030371662978e+00	6.313310509996745e-01	3.000000000000000e-12	3.000000000000000e-07
1.138259e+08	1.162696432496369e+00	6.344276863758703e-01	3.000000000000000e-12	3.000000000000000e-07
1.159450e+08	1.168390238855627e+00	6.375394271483202e-01	3.000000000000000e-12	3.000000000000000e-07
1.181034e+08	1.174111926512189e+00	6.406663478378308e-01	3.000000000000000e-12	3.000000000000000e-07
1.203017e+08	1.179861631902465e+00	6.438085233240718e-01	3.000000000000000e-12	3.000000000000000e-07
1.225408e+08	1.185639492131096e+00	6.469660288473847e-01	3.000000000000000e-12	3.000000000000000e-07
1.248214e+08	1.191445644974220e+00	6.501389400105987e-01	3.000000000000000e-12	3.000000000000000e-07
1.271442e+08	1.197280228882753e+00	6.533273327808540e-01	3.000000000000000e-12	3.000000000000000e-07
1.295100e+08	1.203143382985690e+00	6.565312834914350e-01	3.000000000000000e-12	3.000000000000000e-07
1.319197e+08	1.209035247093421e+00	6.597508688436122e-01	3.000000000000000e-12	3.000000000000000e-07
1.343740e+08	1.214955961701061e+00	6.629861659084925e-01	3.000000000000000e-12	3.000000000000000e-07
1.368738e+08	1.220905667991800e+00	6.662372521288782e-01	3.000000000000000e-12	3.000000000000000e-07
1.394199e+08	1.226884507840264e+00	6.695042053211359e-01	3.000000000000000e-12	3.000000000000000e-07
1.420132e+08	1.232892623815899e+00	6.727871036770733e-01	3.000000000000000e-12	3.000000000000000e-07
1.446546e+08	1.238930159186366e+00	6.760860257658255e-01	3.000000000000000e-12	3.000000000000000e-07
1.473448e+08	1.244997257920957e+00	6.794010505357506e-01	3.000000000000000e-12	3.000000000000000e-07
1.500850e+08	1.251094064694024e+00	6.827322573163332e-01	3.000000000000000e-12	3.000000000000000e-07
1.528759e+08	1.257220724888426e+00	6.860797258200985e-01	3.000000000000000e-12	3.000000000000000e-07
1.557185e+08	1.263377384598998e+00	6.894435361445344e-01	3.000000000000000e-12	3.000000000000000e-07
1.586138e+08	1.269564190636024e+00	6.928237687740234e-01	3.000000000000000e-12	3.000000000000000e-07
1.615627e+08	1.275781290528743e+00	6.962205045817836e-01	3.000000000000000e-12	3.000000000000000e-07
1.645663e+08	1.282028832528860e+00	6.996338248318186e-01	3.000000000000000e-12	3.000000000000000e-07
1.676256e+08	1.288306965614083e+00	7.030638111808767e-01	3.000000000000000e-12	3.000000000000000e-07
1.707416e+08	1.294615839491667e+00	7.065105456804207e-01	3.000000000000000e-12	3.000000000000000e-07
1.739153e+08	1.300955604601987e+00	7.099741107786051e-01	3.000000000000000e-12	3.000000000000000e-07
1.771478e+08	1.307326412122118e+00	7.134545893222639e-01	3.000000000000000e-12	3.000000000000000e-07
1.804403e+08	1.313728413969444e+00	7.169520645589079e-01	3.000000000000000e-12	3.000000000000000e-07
1.837937e+08	1.320161762805270e+00	7.204666201387313e-01	3.000000000000000e-12	3.000000000000000e-07
1.872094e+08	1.326626612038466e+00	7.239983401166273e-01	3.000000000000000e-12	3.000000000000000e-07
1.906883e+08	1.333123115829121e+00	7.275473089542143e-01	3.000000000000000e-12	3.000000000000000e-07
1.942318e+08	1.339651429092215e+00	7.311136115218709e-01	3.000000000000000e-12	3.000000000000000e-07
1.978409e+08	1.346211707501312e+00	7.346973331007814e-01	3.000000000000000e-12	3.000000000000000e-07
2.015170e+08	1.352804107492268e+00	7.382985593849899e-01	3.000000000000000e-12	3.000000000000000e-07
2.052611e+08	1.359428786266962e+00	7.419173764834650e-01	3.000000000000000e-12	3.000000000000000e-07
2.090747e+08	1.366085901797039e+00	7.455538709221744e-01	3.000000000000000e-12	3.000000000000000e-07
2.129591e+08	1.372775612827675e+00	7.492081296461690e-01	3.000000000000000e-12	3.000000000000000e-07
2.169154e+08	1.379498078881361e+00	7.528802400216764e-01	3.000000000000000e-12	3.000000000000000e-07
2.209451e+08	1.386253460261703e+00	7.565702898382060e-01	3.000000000000000e-12	3.000000000000000e-07
2.250495e+08	1.393041918057243e+00	7.602783673106620e-01	3.000000000000000e-12	3.000000000000000e-07
2.292300e+08	1.399863614145297e+00	7.640045610814680e-01	3.000000000000000e-12	3.000000000000000e-07
2.334881e+08	1.406718711195813e+00	7.677489602227012e-01	3.000000000000000e-12	3.000000000000000e-07
2.378251e+08	1.413607372675246e+00	7.715116542382366e-01	3.000000000000000e-12	3.000000000000000e-07
2.422425e+08	1.420529762850457e+00	7.752927330659014e-01	3.000000000000000e-12	3.000000000000000e-07
2.467419e+08	1.427486046792621e+00	7.790922870796402e-01	3.000000000000000e-12	3.000000000000000e-07
2.513247e+08	1.434476390381169e+00	7.829104070916891e-01	3.000000000000000e-12	3.000000000000000e-07
2.559925e+08	1.441500960307733e+00	7.867471843547624e-01	3.000000000000000e-12	3.000000000000000e-07
2.607469e+08	1.448559924080124e+00	7.906027105642475e-01	3.000000000000000e-12	3.000000000000000e-07
2.655895e+08	1.455653450026320e+00	7.944770778604109e-01	3.000000000000000e-12	3.000000000000000e-07
2.705219e+08	1.462781707298480e+00	7.983703788306158e-01	3.000000000000000e-12	3.000000000000000e-07
2.755458e+08	1.469944865876972e+00	8.022827065115486e-01	3.000000000000000e-12	3.000000000000000e-07
2.806629e+08	1.477143096574427e+00	8.062141543914570e-01	3.000000000000000e-12	3.000000000000000e-07
2.858750e+08	1.484376571039807e+00	8.101648164123988e-01	3.000000000000000e-12	3.000000000000000e-07
2.911837e+08	1.491645461762496e+00	8.141347869725002e-01	3.000000000000000e-12	3.000000000000000e-07
2.965909e+08	1.498949942076412e+00	8.181241609282265e-01	3.000000000000000e-12	3.000000000000000e-07
3.020985e+08	1.506290186164134e+00	8.221330335966627e-01	3.000000000000000e-12	3.000000000000000e-07
3.077083e+08	1.513666369061057e+00	8.261615007578049e-01	3.000000000000000e-12	3.000000000000000e-07
3.134221e+08	1.521078666659563e+00	8.302096586568630e-01	3.000000000000000e-12	3.000000000000000e-07
3.192420e+08	1.528527255713207e+00	8.342776040065739e-01	3.000000000000000e-12	3.000000000000000e-07
3.251699e+08	1.536012313840935e+00	8.383654339895259e-01	3.000000000000000e-12	3.000000000000000e-07
3.312078e+08	1.543534019531317e+00	8.424732462604949e-01	3.000000000000000e-12	3.000000000000000e-07
3.373578e+08	1.551092552146795e+00	8.466011389487902e-01	3.000000000000000e-12	3.000000000000000e-07
3.436219e+08	1.558688091927963e+00	8.507492106606128e-01	3.000000000000000e-12	3.000000000000000e-07
3.500022e+08	1.566320819997859e+00	8.549175604814248e-01	3.000000000000000e-12	3.000000000000000e-07
3.565011e+08	1.573990918366284e+00	8.591062879783288e-01	3.000000000000000e-12	3.000000000000000e-07
3.631205e+08	1.581698569934136e+00	8.633154932024605e-01	3.000000000000000e-12	3.000000000000000e-07
3.698628e+08	1.589443958497771e+00	8.675452766913917e-01	3.000000000000000e-12	3.000000000000000e-07
3.767303e+08	1.597227268753382e+00	8.717957394715444e-01	3.000000000000000e-12	3.000000000000000e-07
3.837253e+08	1.605048686301404e+00	8.760669830606175e-01	3.000000000000000e-12	3.000000000000000e-07
3.908501e+08	1.612908397650930e+00	8.803591094700238e-01	3.000000000000000e-12	3.000000000000000e-07
3.981073e+08	1.620806590224164e+00	8.846722212073401e-01	3.000000000000000e-12	3.000000000000000e-07
4.054992e+08	1.628743452360880e+00	8.890064212787674e-01	3.000000000000000e-12	3.000000000000000e-07
4.130283e+08	1.636719173322915e+00	8.933618131916043e-01	3.000000000000000e-12	3.000000000000000e-07
4.206973e+08	1.644733943298680e+00	8.977385009567314e-01	3.000000000000000e-12	3.000000000000000e-07
4.285086e+08	1.652787953407687e+00	9.021365890911071e-01	3.000000000000000e-12	3.000000000000000e-07
4.364651e+08	1.660881395705111e+00	9.065561826202767e-01	3.000000000000000e-12	3.000000000000000e-07
4.445693e+08	1.669014463186360e+00	9.109973870808930e-01	3.000000000000000e-12	3.000000000000000e-07
4.528240e+08	1.677187349791680e+00	9.154603085232472e-01	3.000000000000000e-12	3.000000000000000e-07
4.612321e+08	1.685400250410773e+00	9.199450535138151e-01	3.000000000000000e-12	3.000000000000000e-07
4.697963e+08	1.693653360887444e+00	9.244517291378127e-01	3.000000000000000e-12	3.000000000000000e-07
4.785196e+08	1.701946878024267e+00	9.289804430017655e-01	3.000000000000000e-12	3.000000000000000e-07
4.874050e+08	1.710280999587274e+00	9.335313032360895e-01	3.000000000000000e-12	3.000000000000000e-07
4.964555e+08	1.718655924310672e+00	9.381044184976846e-01	3.000000000000000e-12	3.000000000000000e-07
5.056740e+08	1.727071851901576e+00	9.426998979725409e-01	3.000000000000000e-12	3.000000000000000e-07
5.150639e+08	1.735528983044768e+00	9.473178513783570e-01	3.000000000000000e-12	3.000000000000000e-07
5.246282e+08	1.744027519407482e+00	9.519583889671707e-01	3.000000000000000e-12	3.000000000000000e-07
5.343703e+08	1.752567663644209e+00	9.566216215280028e-01	3.000000000000000e-12	3.000000000000000e-07
5.442934e+08	1.761149619401526e+00	9.613076603895131e-01	3.000000000000000e-12	3.000000000000000e-07
5.544008e+08	1.769773591322951e+00	9.660166174226695e-01	3.000000000000000e-12	3.000000000000000e-07
5.646962e+08	1.778439785053817e+00	9.707486050434301e-01	3.000000000000000e-12	3.000000000000000e-07
5.751828e+08	1.787148407246178e+00	9.755037362154367e-01	3.000000000000000e-12	3.000000000000000e-07
5.858644e+08	1.795899665563728e+00	9.802821244527236e-01	3.000000000000000e-12	3.000000000000000e-07
5.967445e+08	1.804693768686756e+00	9.850838838224371e-01	3.000000000000000e-12	3.000000000000000e-07
6.078268e+08	1.813530926317114e+00	9.899091289475698e-01	3.000000000000000e-12	3.000000000000000e-07
6.191152e+08	1.822411349183218e+00	9.947579750097065e-01	3.000000000000000e-12	3.000000000000000e-07
6.306134e+08	1.831335249045069e+00	9.996305377517850e-01	3.000000000000000e-12	3.000000000000000e-07
6.423253e+08	1.840302838699301e+00	1.004526933480868e+00	3.000000000000000e-12	3.000000000000000e-07
6.542550e+08	1.849314331984249e+00	1.009447279070931e+00	3.000000000000000e-12	3.000000000000000e-07
6.664065e+08	1.858369943785052e+00	1.014391691965660e+00	3.000000000000000e-12	3.000000000000000e-07
6.787840e+08	1.867469890038765e+00	1.019360290181268e+00	3.000000000000000e-12	3.000000000000000e-07
6.913916e+08	1.876614387739514e+00	1.024353192309318e+00	3.000000000000000e-12	3.000000000000000e-07
7.042336e+08	1.885803654943662e+00	1.029370517519565e+00	3.000000000000000e-12	3.000000000000000e-07
7.173145e+08	1.895037910775008e+00	1.034412385562812e+00	3.000000000000000e-12	3.000000000000000e-07
7.306386e+08	1.904317375430011e+00	1.039478916773774e+00	3.000000000000000e-12	3.000000000000000e-07
7.442105e+08	1.913642270183032e+00	1.044570232073963e+00	3.000000000000000e-12	3.000000000000000e-07
7.580349e+08	1.923012817391616e+00	1.049686452974580e+00	3.000000000000000e-12	3.000000000000000e-07
7.721164e+08	1.932429240501782e+00	1.054827701579427e+00	3.000000000000000e-12	3.000000000000000e-07
7.864598e+08	1.941891764053358e+00	1.059994100587830e+00	3.000000000000000e-12	3.000000000000000e-07
8.010701e+08	1.951400613685324e+00	1.065185773297574e+00	3.000000000000000e-12	3.000000000000000e-07
8.159521e+08	1.960956016141195e+00	1.070402843607859e+00	3.000000000000000e-12	3.000000000000000e-07
8.311110e+08	1.970558199274424e+00	1.075645436022259e+00	3.000000000000000e-12	3.000000000000000e-07
8.465520e+08	1.980207392053830e+00	1.080913675651711e+00	3.000000000000000e-12	3.000000000000000e-07
8.622802e+08	1.989903824569056e+00	1.086207688217500e+00	3.000000000000000e-12	3.000000000000000e-07
8.783011e+08	1.999647728036057e+00	1.091527600054276e+00	3.000000000000000e-12	3.000000000000000e-07
8.946201e+08	2.009439334802603e+00	1.096873538113069e+00	3.000000000000000e-12	3.000000000000000e-07
9.112429e+08	2.019278878353822e+00	1.102245629964336e+00	3.000000000000000e-12	3.000000000000000e-07
9.281749e+08	2.029166593317764e+00	1.107644003801007e+00	3.000000000000000e-12	3.000000000000000e-07
9.454221e+08	2.039102715470992e+00	1.113068788441553e+00	3.000000000000000e-12	3.000000000000000e-07
9.629903e+08	2.049087481744201e+00	1.118520113333071e+00	3.000000000000000e-12	3.000000000000000e-07
9.808854e+08	2.059121130227865e+00	1.123998108554379e+00	3.000000000000000e-12	3.000000000000000e-07
9.991137e+08	2.069203900177911e+00	1.129502904819127e+00	3.000000000000000e-12	3.000000000000000e-07
1.000000e+09	2.069688657265080e+00	1.129767562425666e+00	3.000000000000000e-12	3.000000000000000e-07
