#t[yr]	ecc	inc	eachmass	totalmass
0.000000e+00	1.000000000000000e-01	5.000000000000000e-02	3.000000000000000e-06	3.000000000000000e-06
1.000000e-03	9.999999966392742e-02	4.999999988133581e-02	3.000000000000000e-06	3.000000000000000e-06
1.000000e-02	9.999999663927436e-02	4.999999881335809e-02	3.000000000000000e-06	3.000000000000000e-06
1.000000e-01	9.999996639275881e-02	4.999998813358640e-02	3.000000000000000e-06	3.000000000000000e-06
1.000000e+00	9.999966392910446e-02	4.999988133642069e-02	3.000000000000000e-06	3.000000000000000e-06
1.000000e+01	9.999663944267938e-02	4.999881341987855e-02	3.000000000000000e-06	3.000000000000000e-06
1.000000e+02	9.996640958360604e-02	4.998813976343353e-02	3.000000000000000e-06	3.000000000000000e-06
2.152171e+02	9.992795141074111e-02	4.997455825478101e-02	3.000000000000000e-06	3.000000000000000e-06
3.320179e+02	9.988927535274351e-02	4.996089635902431e-02	3.000000000000000e-06	3.000000000000000e-06
4.508523e+02	9.985024038898928e-02	4.994710426343529e-02	3.000000000000000e-06	3.000000000000000e-06
5.717534e+02	9.981084595110852e-02	4.993318174218558e-02	3.000000000000000e-06	3.000000000000000e-06
6.947625e+02	9.977108903055992e-02	4.991912770855935e-02	3.000000000000000e-06	3.000000000000000e-06
8.199216e+02	9.973096664447702e-02	4.990494108576077e-02	3.000000000000000e-06	3.000000000000000e-06
9.472735e+02	9.969047579313838e-02	4.989062079191710e-02	3.000000000000000e-06	3.000000000000000e-06
1.000000e+03	9.967385193934263e-02	4.988473989340715e-02	3.000000000000000e-06	3.000000000000000e-06
1.131870e+03	9.963241093142937e-02	4.987007876721386e-02	3.000000000000000e-06	3.000000000000000e-06
1.264685e+03	9.959102398968583e-02	4.985543336474358e-02	3.000000000000000e-06	3.000000000000000e-06
1.399871e+03	9.954925065854150e-02	4.984064788665373e-02	3.000000000000000e-06	3.000000000000000e-06
1.537450e+03	9.950709555223504e-02	4.982572394884993e-02	3.000000000000000e-06	3.000000000000000e-06
1.677472e+03	9.946455545080746e-02	4.981066039677829e-02	3.000000000000000e-06	3.000000000000000e-06
1.819986e+03	9.942162725682274e-02	4.979545612029036e-02	3.000000000000000e-06	3.000000000000000e-06
1.965042e+03	9.937830785542182e-02	4.978011000414859e-02	3.000000000000000e-06	3.000000000000000e-06
2.112692e+03	9.933459411698117e-02	4.976462092899252e-02	3.000000000000000e-06	3.000000000000000e-06
2.262988e+03	9.929048289726236e-02	4.974898777141678e-02	3.000000000000000e-06	3.000000000000000e-06
2.415986e+03	9.924597103761418e-02	4.973320940406748e-02	3.000000000000000e-06	3.000000000000000e-06
2.571738e+03	9.920105536518257e-02	4.971728469574127e-02	3.000000000000000e-06	3.000000000000000e-06
2.730303e+03	9.915573269312909e-02	4.970121251148712e-02	3.000000000000000e-06	3.000000000000000e-06
2.891737e+03	9.910999982085814e-02	4.968499171271100e-02	3.000000000000000e-06	3.000000000000000e-06
3.056100e+03	9.906385353425309e-02	4.966862115728344e-02	3.000000000000000e-06	3.000000000000000e-06
3.223451e+03	9.901729060592154e-02	4.965209969965002e-02	3.000000000000000e-06	3.000000000000000e-06
3.393851e+03	9.897030779544978e-02	4.963542619094478e-02	3.000000000000000e-06	3.000000000000000e-06
3.567365e+03	9.892290184966665e-02	4.961859947910671e-02	3.000000000000000e-06	3.000000000000000e-06
3.744055e+03	9.887506950291702e-02	4.960161840899908e-02	3.000000000000000e-06	3.000000000000000e-06
3.923988e+03	9.882680747734503e-02	4.958448182253202e-02	3.000000000000000e-06	3.000000000000000e-06
4.107231e+03	9.877811248318712e-02	4.956718855878804e-02	3.000000000000000e-06	3.000000000000000e-06
4.293853e+03	9.872898121907533e-02	4.954973745415070e-02	3.000000000000000e-06	3.000000000000000e-06
4.483923e+03	9.867941037235071e-02	4.953212734243639e-02	3.000000000000000e-06	3.000000000000000e-06
4.677513e+03	9.862939661938716e-02	4.951435705502938e-02	3.000000000000000e-06	3.000000000000000e-06
4.874697e+03	9.857893662592583e-02	4.949642542101984e-02	3.000000000000000e-06	3.000000000000000e-06
5.075550e+03	9.852802704742042e-02	4.947833126734538e-02	3.000000000000000e-06	3.000000000000000e-06
5.280149e+03	9.847666452939310e-02	4.946007341893551e-02	3.000000000000000e-06	3.000000000000000e-06
5.488571e+03	9.842484570780181e-02	4.944165069885971e-02	3.000000000000000e-06	3.000000000000000e-06
5.700898e+03	9.837256720941856e-02	4.942306192847846e-02	3.000000000000000e-06	3.000000000000000e-06
5.917211e+03	9.831982565221924e-02	4.940430592759786e-02	3.000000000000000e-06	3.000000000000000e-06
6.137593e+03	9.826661764578495e-02	4.938538151462747e-02	3.000000000000000e-06	3.000000000000000e-06
6.362132e+03	9.821293979171512e-02	4.936628750674150e-02	3.000000000000000e-06	3.000000000000000e-06
6.590913e+03	9.815878868405237e-02	4.934702272004347e-02	3.000000000000000e-06	3.000000000000000e-06
6.824028e+03	9.810416090971943e-02	4.932758596973423e-02	3.000000000000000e-06	3.000000000000000e-06
7.061567e+03	9.804905304896847e-02	4.930797607028339e-02	3.000000000000000e-06	3.000000000000000e-06
7.303625e+03	9.799346167584230e-02	4.928819183560428e-02	3.000000000000000e-06	3.000000000000000e-06
7.550297e+03	9.793738335864857e-02	4.926823207923225e-02	3.000000000000000e-06	3.000000000000000e-06
7.801681e+03	9.788081466044618e-02	4.924809561450661e-02	3.000000000000000e-06	3.000000000000000e-06
8.057877e+03	9.782375213954472e-02	4.922778125475592e-02	3.000000000000000e-06	3.000000000000000e-06
8.318989e+03	9.776619235001668e-02	4.920728781348687e-02	3.000000000000000e-06	3.000000000000000e-06
8.585120e+03	9.770813184222277e-02	4.918661410457669e-02	3.000000000000000e-06	3.000000000000000e-06
8.856378e+03	9.764956716335040e-02	4.916575894246907e-02	3.000000000000000e-06	3.000000000000000e-06
9.132873e+03	9.759049485796545e-02	4.914472114237362e-02	3.000000000000000e-06	3.000000000000000e-06
9.414717e+03	9.753091146857751e-02	4.912349952046890e-02	3.000000000000000e-06	3.000000000000000e-06
9.702024e+03	9.747081353621863e-02	4.910209289410902e-02	3.000000000000000e-06	3.000000000000000e-06
9.994912e+03	9.741019760103579e-02	4.908050008203377e-02	3.000000000000000e-06	3.000000000000000e-06
1.000000e+04	9.740915613146817e-02	4.908012902531321e-02	3.000000000000000e-06	3.000000000000000e-06
1.030441e+04	9.734683748123427e-02	4.905792804017398e-02	3.000000000000000e-06	3.000000000000000e-06
1.060892e+04	9.728517884283334e-02	4.903596057635026e-02	3.000000000000000e-06	3.000000000000000e-06
1.091950e+04	9.722296870371526e-02	4.901379516009786e-02	3.000000000000000e-06	3.000000000000000e-06
1.123616e+04	9.716022704914117e-02	4.899143896855893e-02	3.000000000000000e-06	3.000000000000000e-06
1.155903e+04	9.709694996844584e-02	4.896889066837817e-02	3.000000000000000e-06	3.000000000000000e-06
1.188825e+04	9.703313401868581e-02	4.894614909448882e-02	3.000000000000000e-06	3.000000000000000e-06
1.222395e+04	9.696877575154095e-02	4.892321308156335e-02	3.000000000000000e-06	3.000000000000000e-06
1.256628e+04	9.690387172325182e-02	4.890008146754121e-02	3.000000000000000e-06	3.000000000000000e-06
1.291537e+04	9.683841849515987e-02	4.887675309380689e-02	3.000000000000000e-06	3.000000000000000e-06
1.327139e+04	9.677241263444550e-02	4.885322680543711e-02	3.000000000000000e-06	3.000000000000000e-06
1.363446e+04	9.670585071487750e-02	4.882950145145001e-02	3.000000000000000e-06	3.000000000000000e-06
1.400476e+04	9.663872931757672e-02	4.880557588505808e-02	3.000000000000000e-06	3.000000000000000e-06
1.438243e+04	9.657104503179473e-02	4.878144896392436e-02	3.000000000000000e-06	3.000000000000000e-06
1.476765e+04	9.650279445570678e-02	4.875711955042222e-02	3.000000000000000e-06	3.000000000000000e-06
1.516056e+04	9.643397419721968e-02	4.873258651189845e-02	3.000000000000000e-06	3.000000000000000e-06
1.556134e+04	9.636458087479409e-02	4.870784872093976e-02	3.000000000000000e-06	3.000000000000000e-06
1.597017e+04	9.629461111828158e-02	4.868290505564270e-02	3.000000000000000e-06	3.000000000000000e-06
1.638721e+04	9.622406156977628e-02	4.865775439988677e-02	3.000000000000000e-06	3.000000000000000e-06
1.681266e+04	9.615292888448101e-02	4.863239564361091e-02	3.000000000000000e-06	3.000000000000000e-06
1.724668e+04	9.608120973158807e-02	4.860682768309318e-02	3.000000000000000e-06	3.000000000000000e-06
1.768948e+04	9.600890079517435e-02	4.858104942123363e-02	3.000000000000000e-06	3.000000000000000e-06
1.814124e+04	9.593599877511107e-02	4.855505976784040e-02	3.000000000000000e-06	3.000000000000000e-06
1.860215e+04	9.586250038798758e-02	4.852885763991878e-02	3.000000000000000e-06	3.000000000000000e-06
1.907243e+04	9.578840236804964e-02	4.850244196196344e-02	3.000000000000000e-06	3.000000000000000e-06
1.955228e+04	9.571370146815171e-02	4.847581166625360e-02	3.000000000000000e-06	3.000000000000000e-06
2.004190e+04	9.563839446072325e-02	4.844896569315110e-02	3.000000000000000e-06	3.000000000000000e-06
2.054152e+04	9.556247813874900e-02	4.842190299140146e-02	3.000000000000000e-06	3.000000000000000e-06
2.105135e+04	9.548594931676288e-02	4.839462251843754e-02	3.000000000000000e-06	3.000000000000000e-06
2.157162e+04	9.540880483185557e-02	4.836712324068620e-02	3.000000000000000e-06	3.000000000000000e-06
2.210256e+04	9.533104154469546e-02	4.833940413387736e-02	3.000000000000000e-06	3.000000000000000e-06
2.264440e+04	9.525265634056282e-02	4.831146418335584e-02	3.000000000000000e-06	3.000000000000000e-06
2.319739e+04	9.517364613039699e-02	4.828330238439559e-02	3.000000000000000e-06	3.000000000000000e-06
2.376177e+04	9.509400785185634e-02	4.825491774251643e-02	3.000000000000000e-06	3.000000000000000e-06
2.433779e+04	9.501373847039092e-02	4.822630927380301e-02	3.000000000000000e-06	3.000000000000000e-06
2.492572e+04	9.493283498032715e-02	4.819747600522617e-02	3.000000000000000e-06	3.000000000000000e-06
2.552581e+04	9.485129440596485e-02	4.816841697496627e-02	3.000000000000000e-06	3.000000000000000e-06
2.613834e+04	9.476911380268586e-02	4.813913123273875e-02	3.000000000000000e-06	3.000000000000000e-06
2.676358e+04	9.468629025807410e-02	4.810961784012147e-02	3.000000000000000e-06	3.000000000000000e-06
2.740181e+04	9.460282089304682e-02	4.807987587088399e-02	3.000000000000000e-06	3.000000000000000e-06
2.805333e+04	9.451870286299667e-02	4.804990441131861e-02	3.000000000000000e-06	3.000000000000000e-06
2.871842e+04	9.443393335894418e-02	4.801970256057286e-02	3.000000000000000e-06	3.000000000000000e-06
2.939739e+04	9.434850960870021e-02	4.798926943098370e-02	3.000000000000000e-06	3.000000000000000e-06
3.009054e+04	9.426242887803825e-02	4.795860414841291e-02	3.000000000000000e-06	3.000000000000000e-06
3.079820e+04	9.417568847187589e-02	4.792770585258382e-02	3.000000000000000e-06	3.000000000000000e-06
3.152067e+04	9.408828573546511e-02	4.789657369741916e-02	3.000000000000000e-06	3.000000000000000e-06
3.225831e+04	9.400021805559101e-02	4.786520685137981e-02	3.000000000000000e-06	3.000000000000000e-06
3.301143e+04	9.391148286177847e-02	4.783360449780447e-02	3.000000000000000e-06	3.000000000000000e-06
3.378039e+04	9.382207762750618e-02	4.780176583524996e-02	3.000000000000000e-06	3.000000000000000e-06
3.456553e+04	9.373199987142768e-02	4.776969007783215e-02	3.000000000000000e-06	3.000000000000000e-06
3.536723e+04	9.364124715859880e-02	4.773737645556721e-02	3.000000000000000e-06	3.000000000000000e-06
3.618583e+04	9.354981710171091e-02	4.770482421471309e-02	3.000000000000000e-06	3.000000000000000e-06
3.702174e+04	9.345770736232963e-02	4.767203261811116e-02	3.000000000000000e-06	3.000000000000000e-06
3.787532e+04	9.336491565213799e-02	4.763900094552771e-02	3.000000000000000e-06	3.000000000000000e-06
3.874697e+04	9.327143973418409e-02	4.760572849399523e-02	3.000000000000000e-06	3.000000000000000e-06
3.963709e+04	9.317727742413191e-02	4.757221457815318e-02	3.000000000000000e-06	3.000000000000000e-06
4.054610e+04	9.308242659151529e-02	4.753845853058832e-02	3.000000000000000e-06	3.000000000000000e-06
4.147442e+04	9.298688516099392e-02	4.750445970217408e-02	3.000000000000000e-06	3.000000000000000e-06
4.242248e+04	9.289065111361094e-02	4.747021746240917e-02	3.000000000000000e-06	3.000000000000000e-06
4.339071e+04	9.279372248805146e-02	4.743573119975483e-02	3.000000000000000e-06	3.000000000000000e-06
4.437956e+04	9.269609738190107e-02	4.740100032197093e-02	3.000000000000000e-06	3.000000000000000e-06
4.538950e+04	9.259777395290390e-02	4.736602425645040e-02	3.000000000000000e-06	3.000000000000000e-06
4.642100e+04	9.249875042021925e-02	4.733080245055202e-02	3.000000000000000e-06	3.000000000000000e-06
4.747453e+04	9.239902506567613e-02	4.729533437193127e-02	3.000000000000000e-06	3.000000000000000e-06
4.855059e+04	9.229859623502495e-02	4.725961950886901e-02	3.000000000000000e-06	3.000000000000000e-06
4.964967e+04	9.219746233918548e-02	4.722365737059785e-02	3.000000000000000e-06	3.000000000000000e-06
5.077229e+04	9.209562185549035e-02	4.718744748762598e-02	3.000000000000000e-06	3.000000000000000e-06
5.191898e+04	9.199307332892316e-02	4.715098941205822e-02	3.000000000000000e-06	3.000000000000000e-06
5.309026e+04	9.188981537335048e-02	4.711428271791410e-02	3.000000000000000e-06	3.000000000000000e-06
5.428670e+04	9.178584667274679e-02	4.707732700144281e-02	3.000000000000000e-06	3.000000000000000e-06
5.550884e+04	9.168116598241152e-02	4.704012188143461e-02	3.000000000000000e-06	3.000000000000000e-06
5.675725e+04	9.157577213017726e-02	4.700266699952875e-02	3.000000000000000e-06	3.000000000000000e-06
5.803253e+04	9.146966401760827e-02	4.696496202051745e-02	3.000000000000000e-06	3.000000000000000e-06
5.933527e+04	9.136284062118849e-02	4.692700663264582e-02	3.000000000000000e-06	3.000000000000000e-06
6.066608e+04	9.125530099349788e-02	4.688880054790747e-02	3.000000000000000e-06	3.000000000000000e-06
6.202558e+04	9.114704426437635e-02	4.685034350233558e-02	3.000000000000000e-06	3.000000000000000e-06
6.341441e+04	9.103806964207434e-02	4.681163525628924e-02	3.000000000000000e-06	3.000000000000000e-06
6.483322e+04	9.092837641438890e-02	4.677267559473475e-02	3.000000000000000e-06	3.000000000000000e-06
6.628267e+04	9.081796394978464e-02	4.673346432752170e-02	3.000000000000000e-06	3.000000000000000e-06
6.776345e+04	9.070683169849822e-02	4.669400128965363e-02	3.000000000000000e-06	3.000000000000000e-06
6.927625e+04	9.059497919362562e-02	4.665428634155291e-02	3.000000000000000e-06	3.000000000000000e-06
7.082178e+04	9.048240605219131e-02	4.661431936931986e-02	3.000000000000000e-06	3.000000000000000e-06
7.240077e+04	9.036911197619799e-02	4.657410028498549e-02	3.000000000000000e-06	3.000000000000000e-06
7.401395e+04	9.025509675365624e-02	4.653362902675807e-02	3.000000000000000e-06	3.000000000000000e-06
7.566208e+04	9.014036025959306e-02	4.649290555926294e-02	3.000000000000000e-06	3.000000000000000e-06
7.734593e+04	9.002490245703798e-02	4.645192987377555e-02	3.000000000000000e-06	3.000000000000000e-06
7.906629e+04	8.990872339798629e-02	4.641070198844739e-02	3.000000000000000e-06	3.000000000000000e-06
8.082398e+04	8.979182322433796e-02	4.636922194852462e-02	3.000000000000000e-06	3.000000000000000e-06
8.261980e+04	8.967420216881142e-02	4.632748982655920e-02	3.000000000000000e-06	3.000000000000000e-06
8.445461e+04	8.955586055583131e-02	4.628550572261224e-02	3.000000000000000e-06	3.000000000000000e-06
8.632927e+04	8.943679880238911e-02	4.624326976444942e-02	3.000000000000000e-06	3.000000000000000e-06
8.824464e+04	8.931701741887572e-02	4.620078210772816e-02	3.000000000000000e-06	3.000000000000000e-06
9.020163e+04	8.919651700988504e-02	4.615804293617651e-02	3.000000000000000e-06	3.000000000000000e-06
9.220115e+04	8.907529827498757e-02	4.611505246176324e-02	3.000000000000000e-06	3.000000000000000e-06
9.424414e+04	8.895336200947322e-02	4.607181092485931e-02	3.000000000000000e-06	3.000000000000000e-06
9.633155e+04	8.883070910506219e-02	4.602831859439023e-02	3.000000000000000e-06	3.000000000000000e-06
9.846435e+04	8.870734055058320e-02	4.598457576797912e-02	3.000000000000000e-06	3.000000000000000e-06
1.000000e+05	8.861991913758310e-02	4.595357895344959e-02	3.000000000000000e-06	3.000000000000000e-06
1.022266e+05	8.849454027963725e-02	4.590912887344691e-02	3.000000000000000e-06	3.000000000000000e-06
1.044873e+05	8.836925377545635e-02	4.586471453649635e-02	3.000000000000000e-06	3.000000000000000e-06
1.067975e+05	8.824323880951854e-02	4.582004491437915e-02	3.000000000000000e-06	3.000000000000000e-06
1.091579e+05	8.811651454989419e-02	4.577512672004151e-02	3.000000000000000e-06	3.000000000000000e-06
1.115697e+05	8.798908216967948e-02	4.572996028201849e-02	3.000000000000000e-06	3.000000000000000e-06
1.140341e+05	8.786094333263139e-02	4.568454609644290e-02	3.000000000000000e-06	3.000000000000000e-06
1.165520e+05	8.773209979525064e-02	4.563888468594168e-02	3.000000000000000e-06	3.000000000000000e-06
1.191247e+05	8.760255341572187e-02	4.559297660273286e-02	3.000000000000000e-06	3.000000000000000e-06
1.217535e+05	8.747230615404551e-02	4.554682242860437e-02	3.000000000000000e-06	3.000000000000000e-06
1.244395e+05	8.734136007231708e-02	4.550042277494871e-02	3.000000000000000e-06	3.000000000000000e-06
1.271839e+05	8.720971733496061e-02	4.545377828278507e-02	3.000000000000000e-06	3.000000000000000e-06
1.299880e+05	8.707738020891967e-02	4.540688962277031e-02	3.000000000000000e-06	3.000000000000000e-06
1.328532e+05	8.694435106380519e-02	4.535975749519843e-02	3.000000000000000e-06	3.000000000000000e-06
1.357807e+05	8.681063237199961e-02	4.531238262998875e-02	3.000000000000000e-06	3.000000000000000e-06
1.387718e+05	8.667622670871700e-02	4.526476578666239e-02	3.000000000000000e-06	3.000000000000000e-06
1.418281e+05	8.654113675201824e-02	4.521690775430719e-02	3.000000000000000e-06	3.000000000000000e-06
1.449508e+05	8.640536528278139e-02	4.516880935153091e-02	3.000000000000000e-06	3.000000000000000e-06
1.481414e+05	8.626891518462630e-02	4.512047142640260e-02	3.000000000000000e-06	3.000000000000000e-06
1.514014e+05	8.613178944379342e-02	4.507189485638221e-02	3.000000000000000e-06	3.000000000000000e-06
1.547322e+05	8.599399114897645e-02	4.502308054823826e-02	3.000000000000000e-06	3.000000000000000e-06
1.581354e+05	8.585552349110838e-02	4.497402943795360e-02	3.000000000000000e-06	3.000000000000000e-06
1.616125e+05	8.571638976310082e-02	4.492474249061925e-02	3.000000000000000e-06	3.000000000000000e-06
1.651652e+05	8.557659335953638e-02	4.487522070031624e-02	3.000000000000000e-06	3.000000000000000e-06
1.687950e+05	8.543613777631388e-02	4.482546508998551e-02	3.000000000000000e-06	3.000000000000000e-06
1.725035e+05	8.529502661024642e-02	4.477547671128586e-02	3.000000000000000e-06	3.000000000000000e-06
1.762925e+05	8.515326355861201e-02	4.472525664443990e-02	3.000000000000000e-06	3.000000000000000e-06
1.801637e+05	8.501085241865694e-02	4.467480599806814e-02	3.000000000000000e-06	3.000000000000000e-06
1.841189e+05	8.486779708705185e-02	4.462412590901112e-02	3.000000000000000e-06	3.000000000000000e-06
1.881597e+05	8.472410155930041e-02	4.457321754213979e-02	3.000000000000000e-06	3.000000000000000e-06
1.922881e+05	8.457976992910100e-02	4.452208209015404e-02	3.000000000000000e-06	3.000000000000000e-06
1.965059e+05	8.443480638766129e-02	4.447072077336953e-02	3.000000000000000e-06	3.000000000000000e-06
2.008150e+05	8.428921522296608e-02	4.441913483949293e-02	3.000000000000000e-06	3.000000000000000e-06
2.052173e+05	8.414300081899850e-02	4.436732556338556e-02	3.000000000000000e-06	3.000000000000000e-06
2.097149e+05	8.399616765491512e-02	4.431529424681561e-02	3.000000000000000e-06	3.000000000000000e-06
2.143096e+05	8.384872030417491e-02	4.426304221819907e-02	3.000000000000000e-06	3.000000000000000e-06
2.190036e+05	8.370066343362294e-02	4.421057083232934e-02	3.000000000000000e-06	3.000000000000000e-06
2.237990e+05	8.355200180252878e-02	4.415788147009595e-02	3.000000000000000e-06	3.000000000000000e-06
2.286978e+05	8.340274026158034e-02	4.410497553819215e-02	3.000000000000000e-06	3.000000000000000e-06
2.337023e+05	8.325288375183373e-02	4.405185446881184e-02	3.000000000000000e-06	3.000000000000000e-06
2.388147e+05	8.310243730361937e-02	4.399851971933588e-02	3.000000000000000e-06	3.000000000000000e-06
2.440372e+05	8.295140603540548e-02	4.394497277200787e-02	3.000000000000000e-06	3.000000000000000e-06
2.493722e+05	8.279979515261905e-02	4.389121513359984e-02	3.000000000000000e-06	3.000000000000000e-06
2.548220e+05	8.264760994642552e-02	4.383724833506766e-02	3.000000000000000e-06	3.000000000000000e-06
2.603890e+05	8.249485579246740e-02	4.378307393119681e-02	3.000000000000000e-06	3.000000000000000e-06
2.660756e+05	8.234153814956310e-02	4.372869350023828e-02	3.000000000000000e-06	3.000000000000000e-06
2.718844e+05	8.218766255836643e-02	4.367410864353524e-02	3.000000000000000e-06	3.000000000000000e-06
2.778178e+05	8.203323463998781e-02	4.361932098514038e-02	3.000000000000000e-06	3.000000000000000e-06
2.838785e+05	8.187826009457810e-02	4.356433217142434e-02	3.000000000000000e-06	3.000000000000000e-06
2.900692e+05	8.172274469987591e-02	4.350914387067538e-02	3.000000000000000e-06	3.000000000000000e-06
2.963924e+05	8.156669430971937e-02	4.345375777269064e-02	3.000000000000000e-06	3.000000000000000e-06
3.028509e+05	8.141011485252354e-02	4.339817558835918e-02	3.000000000000000e-06	3.000000000000000e-06
3.094476e+05	8.125301232972426e-02	4.334239904923707e-02	3.000000000000000e-06	3.000000000000000e-06
3.161852e+05	8.109539281418963e-02	4.328642990711482e-02	3.000000000000000e-06	3.000000000000000e-06
3.230668e+05	8.093726244860039e-02	4.323026993357745e-02	3.000000000000000e-06	3.000000000000000e-06
3.300952e+05	8.077862744379995e-02	4.317392091955748e-02	3.000000000000000e-06	3.000000000000000e-06
3.372735e+05	8.061949407711573e-02	4.311738467488110e-02	3.000000000000000e-06	3.000000000000000e-06
3.446047e+05	8.045986869065250e-02	4.306066302780782e-02	3.000000000000000e-06	3.000000000000000e-06
3.520920e+05	8.029975768955941e-02	4.300375782456404e-02	3.000000000000000e-06	3.000000000000000e-06
3.597385e+05	8.013916754027156e-02	4.294667092887058e-02	3.000000000000000e-06	3.000000000000000e-06
3.675476e+05	7.997810476872760e-02	4.288940422146480e-02	3.000000000000000e-06	3.000000000000000e-06
3.755226e+05	7.981657595856466e-02	4.283195959961733e-02	3.000000000000000e-06	3.000000000000000e-06
3.836667e+05	7.965458774929161e-02	4.277433897664395e-02	3.000000000000000e-06	3.000000000000000e-06
3.919836e+05	7.949214683444247e-02	4.271654428141286e-02	3.000000000000000e-06	3.000000000000000e-06
4.004766e+05	7.932925995971078e-02	4.265857745784764e-02	3.000000000000000e-06	3.000000000000000e-06
4.091494e+05	7.916593392106669e-02	4.260044046442627e-02	3.000000000000000e-06	3.000000000000000e-06
4.180055e+05	7.900217556285775e-02	4.254213527367656e-02	3.000000000000000e-06	3.000000000000000e-06
4.270488e+05	7.883799177589521e-02	4.248366387166822e-02	3.000000000000000e-06	3.000000000000000e-06
4.362830e+05	7.867338949552667e-02	4.242502825750205e-02	3.000000000000000e-06	3.000000000000000e-06
4.457120e+05	7.850837569969697e-02	4.236623044279646e-02	3.000000000000000e-06	3.000000000000000e-06
4.553396e+05	7.834295740699829e-02	4.230727245117174e-02	3.000000000000000e-06	3.000000000000000e-06
4.651699e+05	7.817714167471111e-02	4.224815631773231e-02	3.000000000000000e-06	3.000000000000000e-06
4.752070e+05	7.801093559683728e-02	4.218888408854746e-02	3.000000000000000e-06	3.000000000000000e-06
4.854550e+05	7.784434630212657e-02	4.212945782013065e-02	3.000000000000000e-06	3.000000000000000e-06
4.959181e+05	7.767738095209815e-02	4.206987957891800e-02	3.000000000000000e-06	3.000000000000000e-06
5.066007e+05	7.751004673905840e-02	4.201015144074607e-02	3.000000000000000e-06	3.000000000000000e-06
5.175072e+05	7.734235088411615e-02	4.195027549032933e-02	3.000000000000000e-06	3.000000000000000e-06
5.286420e+05	7.717430063519709e-02	4.189025382073767e-02	3.000000000000000e-06	3.000000000000000e-06
5.400097e+05	7.700590326505845e-02	4.183008853287432e-02	3.000000000000000e-06	3.000000000000000e-06
5.516149e+05	7.683716606930516e-02	4.176978173495426e-02	3.000000000000000e-06	3.000000000000000e-06
5.634624e+05	7.666809636440924e-02	4.170933554198379e-02	3.000000000000000e-06	3.000000000000000e-06
5.755569e+05	7.649870148573328e-02	4.164875207524128e-02	3.000000000000000e-06	3.000000000000000e-06
5.879035e+05	7.632898878555948e-02	4.158803346175950e-02	3.000000000000000e-06	3.000000000000000e-06
6.005070e+05	7.615896563112558e-02	4.152718183380993e-02	3.000000000000000e-06	3.000000000000000e-06
6.133726e+05	7.598863940266876e-02	4.146619932838920e-02	3.000000000000000e-06	3.000000000000000e-06
6.265055e+05	7.581801749147887e-02	4.140508808670796e-02	3.000000000000000e-06	3.000000000000000e-06
6.399109e+05	7.564710729796223e-02	4.134385025368261e-02	3.000000000000000e-06	3.000000000000000e-06
6.535943e+05	7.547591622971690e-02	4.128248797743005e-02	3.000000000000000e-06	3.000000000000000e-06
6.675610e+05	7.530445169962094e-02	4.122100340876571e-02	3.000000000000000e-06	3.000000000000000e-06
6.818168e+05	7.513272112393460e-02	4.115939870070520e-02	3.000000000000000e-06	3.000000000000000e-06
6.963673e+05	7.496073192041752e-02	4.109767600796980e-02	3.000000000000000e-06	3.000000000000000e-06
7.112182e+05	7.478849150646207e-02	4.103583748649606e-02	3.000000000000000e-06	3.000000000000000e-06
7.263755e+05	7.461600729724385e-02	4.097388529294976e-02	3.000000000000000e-06	3.000000000000000e-06
7.418452e+05	7.444328670389051e-02	4.091182158424442e-02	3.000000000000000e-06	3.000000000000000e-06
7.576334e+05	7.427033713166953e-02	4.084964851706511e-02	3.000000000000000e-06	3.000000000000000e-06
7.737463e+05	7.409716597819629e-02	4.078736824739562e-02	3.000000000000000e-06	3.000000000000000e-06
7.901903e+05	7.392378063166319e-02	4.072498293005336e-02	3.000000000000000e-06	3.000000000000000e-06
8.069719e+05	7.375018846909059e-02	4.066249471822816e-02	3.000000000000000e-06	3.000000000000000e-06
8.240975e+05	7.357639685460077e-02	4.059990576302708e-02	3.000000000000000e-06	3.000000000000000e-06
8.415741e+05	7.340241313771526e-02	4.053721821302516e-02	3.000000000000000e-06	3.000000000000000e-06
8.594082e+05	7.322824465167675e-02	4.047443421382219e-02	3.000000000000000e-06	3.000000000000000e-06
8.776070e+05	7.305389871179616e-02	4.041155590760579e-02	3.000000000000000e-06	3.000000000000000e-06
8.961775e+05	7.287938261382554e-02	4.034858543272083e-02	3.000000000000000e-06	3.000000000000000e-06
9.151269e+05	7.270470363235752e-02	4.028552492324546e-02	3.000000000000000e-06	3.000000000000000e-06
9.344626e+05	7.252986901925212e-02	4.022237650857391e-02	3.000000000000000e-06	3.000000000000000e-06
9.541919e+05	7.235488600209126e-02	4.015914231300609e-02	3.000000000000000e-06	3.000000000000000e-06
9.743227e+05	7.217976178266171e-02	4.009582445534427e-02	3.000000000000000e-06	3.000000000000000e-06
9.948625e+05	7.200450353546706e-02	4.003242504849689e-02	3.000000000000000e-06	3.000000000000000e-06
1.000000e+06	7.196154811743657e-02	4.001687277766233e-02	3.000000000000000e-06	3.000000000000000e-06
1.021382e+06	7.178345371754506e-02	3.995240537717318e-02	3.000000000000000e-06	3.000000000000000e-06
1.042870e+06	7.160797199819603e-02	3.988884868260681e-02	3.000000000000000e-06	3.000000000000000e-06
1.064799e+06	7.143232487750911e-02	3.982519754051517e-02	3.000000000000000e-06	3.000000000000000e-06
1.087173e+06	7.125657504571863e-02	3.976147417029548e-02	3.000000000000000e-06	3.000000000000000e-06
1.109998e+06	7.108072839956706e-02	3.969768024542813e-02	3.000000000000000e-06	3.000000000000000e-06
1.133285e+06	7.090479193300452e-02	3.963381784142464e-02	3.000000000000000e-06	3.000000000000000e-06
1.157041e+06	7.072877258020523e-02	3.956988901706413e-02	3.000000000000000e-06	3.000000000000000e-06
1.181277e+06	7.055267723738336e-02	3.950589582240913e-02	3.000000000000000e-06	3.000000000000000e-06
1.206000e+06	7.037651276113358e-02	3.944184029831387e-02	3.000000000000000e-06	3.000000000000000e-06
1.231221e+06	7.020028596727242e-02	3.937772447611025e-02	3.000000000000000e-06	3.000000000000000e-06
1.256949e+06	7.002400362970305e-02	3.931355037729860e-02	3.000000000000000e-06	3.000000000000000e-06
1.283193e+06	6.984767247931305e-02	3.924932001324643e-02	3.000000000000000e-06	3.000000000000000e-06
1.309964e+06	6.967129920290503e-02	3.918503538489544e-02	3.000000000000000e-06	3.000000000000000e-06
1.337271e+06	6.949489044216037e-02	3.912069848247655e-02	3.000000000000000e-06	3.000000000000000e-06
1.365125e+06	6.931845279263583e-02	3.905631128523313e-02	3.000000000000000e-06	3.000000000000000e-06
1.393536e+06	6.914199280279339e-02	3.899187576115237e-02	3.000000000000000e-06	3.000000000000000e-06
1.422515e+06	6.896551697306280e-02	3.892739386670474e-02	3.000000000000000e-06	3.000000000000000e-06
1.452073e+06	6.878903175493743e-02	3.886286754659170e-02	3.000000000000000e-06	3.000000000000000e-06
1.482220e+06	6.861254355010281e-02	3.879829873350139e-02	3.000000000000000e-06	3.000000000000000e-06
1.512968e+06	6.843605870959790e-02	3.873368934787254e-02	3.000000000000000e-06	3.000000000000000e-06
1.544328e+06	6.825958353300930e-02	3.866904129766639e-02	3.000000000000000e-06	3.000000000000000e-06
1.576312e+06	6.808312426769764e-02	3.860435647814670e-02	3.000000000000000e-06	3.000000000000000e-06
1.608932e+06	6.790668710805653e-02	3.853963677166774e-02	3.000000000000000e-06	3.000000000000000e-06
1.642199e+06	6.773027819480358e-02	3.847488404747021e-02	3.000000000000000e-06	3.000000000000000e-06
1.676126e+06	6.755390361430333e-02	3.841010016148518e-02	3.000000000000000e-06	3.000000000000000e-06
1.710726e+06	6.737756939792190e-02	3.834528695614581e-02	3.000000000000000e-06	3.000000000000000e-06
1.746010e+06	6.720128152141301e-02	3.828044626020689e-02	3.000000000000000e-06	3.000000000000000e-06
1.781993e+06	6.702504590433518e-02	3.821557988857214e-02	3.000000000000000e-06	3.000000000000000e-06
1.818687e+06	6.684886840949973e-02	3.815068964212919e-02	3.000000000000000e-06	3.000000000000000e-06
1.856106e+06	6.667275484244936e-02	3.808577730759218e-02	3.000000000000000e-06	3.000000000000000e-06
1.894264e+06	6.649671095096689e-02	3.802084465735182e-02	3.000000000000000e-06	3.000000000000000e-06
1.933173e+06	6.632074242461379e-02	3.795589344933303e-02	3.000000000000000e-06	3.000000000000000e-06
1.972849e+06	6.614485489429831e-02	3.789092542685984e-02	3.000000000000000e-06	3.000000000000000e-06
2.013306e+06	6.596905393187250e-02	3.782594231852762e-02	3.000000000000000e-06	3.000000000000000e-06
2.054558e+06	6.579334504975816e-02	3.776094583808251e-02	3.000000000000000e-06	3.000000000000000e-06
2.096622e+06	6.561773370060092e-02	3.769593768430796e-02	3.000000000000000e-06	3.000000000000000e-06
2.139510e+06	6.544222527695223e-02	3.763091954091823e-02	3.000000000000000e-06	3.000000000000000e-06
2.183241e+06	6.526682511097884e-02	3.756589307645888e-02	3.000000000000000e-06	3.000000000000000e-06
2.227828e+06	6.509153847419916e-02	3.750085994421403e-02	3.000000000000000e-06	3.000000000000000e-06
2.273289e+06	6.491637057724634e-02	3.743582178212027e-02	3.000000000000000e-06	3.000000000000000e-06
2.319639e+06	6.474132656965728e-02	3.737078021268728e-02	3.000000000000000e-06	3.000000000000000e-06
2.366895e+06	6.456641153968737e-02	3.730573684292490e-02	3.000000000000000e-06	3.000000000000000e-06
2.415075e+06	6.439163051415032e-02	3.724069326427654e-02	3.000000000000000e-06	3.000000000000000e-06
2.464195e+06	6.421698845828265e-02	3.717565105255895e-02	3.000000000000000e-06	3.000000000000000e-06
2.514274e+06	6.404249027563236e-02	3.711061176790807e-02	3.000000000000000e-06	3.000000000000000e-06
2.565328e+06	6.386814080797137e-02	3.704557695473101e-02	3.000000000000000e-06	3.000000000000000e-06
2.617377e+06	6.369394483523097e-02	3.698054814166386e-02	3.000000000000000e-06	3.000000000000000e-06
2.670439e+06	6.351990707546007e-02	3.691552684153546e-02	3.000000000000000e-06	3.000000000000000e-06
2.724533e+06	6.334603218480563e-02	3.685051455133673e-02	3.000000000000000e-06	3.000000000000000e-06
2.779678e+06	6.317232475751468e-02	3.678551275219567e-02	3.000000000000000e-06	3.000000000000000e-06
2.835894e+06	6.299878932595758e-02	3.672052290935778e-02	3.000000000000000e-06	3.000000000000000e-06
2.893201e+06	6.282543036067184e-02	3.665554647217186e-02	3.000000000000000e-06	3.000000000000000e-06
2.951619e+06	6.265225227042609e-02	3.659058487408106e-02	3.000000000000000e-06	3.000000000000000e-06
3.011169e+06	6.247925940230374e-02	3.652563953261889e-02	3.000000000000000e-06	3.000000000000000e-06
3.071872e+06	6.230645604180562e-02	3.646071184941044e-02	3.000000000000000e-06	3.000000000000000e-06
3.133749e+06	6.213384641297132e-02	3.639580321017825e-02	3.000000000000000e-06	3.000000000000000e-06
3.196823e+06	6.196143467851846e-02	3.633091498475309e-02	3.000000000000000e-06	3.000000000000000e-06
3.261116e+06	6.178922493999970e-02	3.626604852708927e-02	3.000000000000000e-06	3.000000000000000e-06
3.326650e+06	6.161722123797665e-02	3.620120517528450e-02	3.000000000000000e-06	3.000000000000000e-06
3.393449e+06	6.144542755221045e-02	3.613638625160408e-02	3.000000000000000e-06	3.000000000000000e-06
3.461536e+06	6.127384780186824e-02	3.607159306250948e-02	3.000000000000000e-06	3.000000000000000e-06
3.530935e+06	6.110248584574535e-02	3.600682689869091e-02	3.000000000000000e-06	3.000000000000000e-06
3.601670e+06	6.093134548250239e-02	3.594208903510406e-02	3.000000000000000e-06	3.000000000000000e-06
3.673767e+06	6.076043045091697e-02	3.587738073101068e-02	3.000000000000000e-06	3.000000000000000e-06
3.747251e+06	6.058974443014947e-02	3.581270323002297e-02	3.000000000000000e-06	3.000000000000000e-06
3.822146e+06	6.041929104002233e-02	3.574805776015168e-02	3.000000000000000e-06	3.000000000000000e-06
3.898481e+06	6.024907384131251e-02	3.568344553385779e-02	3.000000000000000e-06	3.000000000000000e-06
3.976281e+06	6.007909633605653e-02	3.561886774810755e-02	3.000000000000000e-06	3.000000000000000e-06
4.055573e+06	5.990936196786771e-02	3.555432558443104e-02	3.000000000000000e-06	3.000000000000000e-06
4.136386e+06	5.973987412226502e-02	3.548982020898377e-02	3.000000000000000e-06	3.000000000000000e-06
4.218748e+06	5.957063612701324e-02	3.542535277261157e-02	3.000000000000000e-06	3.000000000000000e-06
4.302687e+06	5.940165125247383e-02	3.536092441091838e-02	3.000000000000000e-06	3.000000000000000e-06
4.388232e+06	5.923292271196621e-02	3.529653624433704e-02	3.000000000000000e-06	3.000000000000000e-06
4.475414e+06	5.906445366213889e-02	3.523218937820282e-02	3.000000000000000e-06	3.000000000000000e-06
4.564262e+06	5.889624720335006e-02	3.516788490282965e-02	3.000000000000000e-06	3.000000000000000e-06
4.654808e+06	5.872830638005721e-02	3.510362389358902e-02	3.000000000000000e-06	3.000000000000000e-06
4.747083e+06	5.856063418121545e-02	3.503940741099128e-02	3.000000000000000e-06	3.000000000000000e-06
4.841120e+06	5.839323354068392e-02	3.497523650076940e-02	3.000000000000000e-06	3.000000000000000e-06
4.936950e+06	5.822610733764012e-02	3.491111219396503e-02	3.000000000000000e-06	3.000000000000000e-06
5.034607e+06	5.805925839700151e-02	3.484703550701666e-02	3.000000000000000e-06	3.000000000000000e-06
5.134125e+06	5.789268948985432e-02	3.478300744185010e-02	3.000000000000000e-06	3.000000000000000e-06
5.235539e+06	5.772640333388881e-02	3.471902898597071e-02	3.000000000000000e-06	3.000000000000000e-06
5.338882e+06	5.756040259384090e-02	3.465510111255774e-02	3.000000000000000e-06	3.000000000000000e-06
5.444193e+06	5.739468988193967e-02	3.459122478056047e-02	3.000000000000000e-06	3.000000000000000e-06
5.551505e+06	5.722926775836040e-02	3.452740093479597e-02	3.000000000000000e-06	3.000000000000000e-06
5.660858e+06	5.706413873168277e-02	3.446363050604870e-02	3.000000000000000e-06	3.000000000000000e-06
5.772287e+06	5.689930525935397e-02	3.439991441117156e-02	3.000000000000000e-06	3.000000000000000e-06
5.885833e+06	5.673476974815624e-02	3.433625355318840e-02	3.000000000000000e-06	3.000000000000000e-06
6.001534e+06	5.657053455467863e-02	3.427264882139807e-02	3.000000000000000e-06	3.000000000000000e-06
6.119429e+06	5.640660198579261e-02	3.420910109147968e-02	3.000000000000000e-06	3.000000000000000e-06
6.239560e+06	5.624297429913126e-02	3.414561122559913e-02	3.000000000000000e-06	3.000000000000000e-06
6.361968e+06	5.607965370357158e-02	3.408218007251684e-02	3.000000000000000e-06	3.000000000000000e-06
6.486695e+06	5.591664235971995e-02	3.401880846769655e-02	3.000000000000000e-06	3.000000000000000e-06
6.613783e+06	5.575394238040004e-02	3.395549723341516e-02	3.000000000000000e-06	3.000000000000000e-06
6.743277e+06	5.559155583114320e-02	3.389224717887349e-02	3.000000000000000e-06	3.000000000000000e-06
6.875221e+06	5.542948473068097e-02	3.382905910030796e-02	3.000000000000000e-06	3.000000000000000e-06
7.009660e+06	5.526773105143931e-02	3.376593378110308e-02	3.000000000000000e-06	3.000000000000000e-06
7.146641e+06	5.510629672003452e-02	3.370287199190464e-02	3.000000000000000e-06	3.000000000000000e-06
7.286210e+06	5.494518361777040e-02	3.363987449073363e-02	3.000000000000000e-06	3.000000000000000e-06
7.428414e+06	5.478439358113655e-02	3.357694202310077e-02	3.000000000000000e-06	3.000000000000000e-06
7.573304e+06	5.462392840230744e-02	3.351407532212160e-02	3.000000000000000e-06	3.000000000000000e-06
7.720928e+06	5.446378982964215e-02	3.345127510863203e-02	3.000000000000000e-06	3.000000000000000e-06
7.871337e+06	5.430397956818441e-02	3.338854209130441e-02	3.000000000000000e-06	3.000000000000000e-06
8.024583e+06	5.414449928016295e-02	3.332587696676390e-02	3.000000000000000e-06	3.000000000000000e-06
8.180717e+06	5.398535058549161e-02	3.326328041970520e-02	3.000000000000000e-06	3.000000000000000e-06
8.339794e+06	5.382653506226944e-02	3.320075312300962e-02	3.000000000000000e-06	3.000000000000000e-06
8.501867e+06	5.366805424728012e-02	3.313829573786222e-02	3.000000000000000e-06	3.000000000000000e-06
8.666991e+06	5.350990963649094e-02	3.307590891386932e-02	3.000000000000000e-06	3.000000000000000e-06
8.835224e+06	5.335210268555089e-02	3.301359328917595e-02	3.000000000000000e-06	3.000000000000000e-06
9.006623e+06	5.319463481028774e-02	3.295134949058354e-02	3.000000000000000e-06	3.000000000000000e-06
9.181245e+06	5.303750738720400e-02	3.288917813366747e-02	3.000000000000000e-06	3.000000000000000e-06
9.359151e+06	5.288072175397159e-02	3.282707982289481e-02	3.000000000000000e-06	3.000000000000000e-06
9.540401e+06	5.272427920992492e-02	3.276505515174181e-02	3.000000000000000e-06	3.000000000000000e-06
9.725057e+06	5.256818101655248e-02	3.270310470281142e-02	3.000000000000000e-06	3.000000000000000e-06
9.913182e+06	5.241242839798652e-02	3.264122904795067e-02	3.000000000000000e-06	3.000000000000000e-06
1.000000e+07	5.234208888756699e-02	3.261324888692925e-02	3.000000000000000e-06	3.000000000000000e-06
1.019526e+07	5.218525379038010e-02	3.255085204932202e-02	3.000000000000000e-06	3.000000000000000e-06
1.039217e+07	5.203038630877875e-02	3.248917458563483e-02	3.000000000000000e-06	3.000000000000000e-06
1.059281e+07	5.187583847176146e-02	3.242756192959692e-02	3.000000000000000e-06	3.000000000000000e-06
1.079722e+07	5.172164178370516e-02	3.236602671176582e-02	3.000000000000000e-06	3.000000000000000e-06
1.100546e+07	5.156779671135688e-02	3.230456922363362e-02	3.000000000000000e-06	3.000000000000000e-06
1.121760e+07	5.141430425943766e-02	3.224318997447333e-02	3.000000000000000e-06	3.000000000000000e-06
1.143372e+07	5.126116538834014e-02	3.218188945946270e-02	3.000000000000000e-06	3.000000000000000e-06
1.165389e+07	5.110838102535105e-02	3.212066816408374e-02	3.000000000000000e-06	3.000000000000000e-06
1.187819e+07	5.095595206491965e-02	3.205952656415798e-02	3.000000000000000e-06	3.000000000000000e-06
1.210668e+07	5.080387936912516e-02	3.199846512596175e-02	3.000000000000000e-06	3.000000000000000e-06
1.233946e+07	5.065216376813739e-02	3.193748430633949e-02	3.000000000000000e-06	3.000000000000000e-06
1.257659e+07	5.050080606067441e-02	3.187658455281658e-02	3.000000000000000e-06	3.000000000000000e-06
1.281815e+07	5.034980701445688e-02	3.181576630371158e-02	3.000000000000000e-06	3.000000000000000e-06
1.306424e+07	5.019916736665909e-02	3.175502998824790e-02	3.000000000000000e-06	3.000000000000000e-06
1.331493e+07	5.004888782435675e-02	3.169437602666493e-02	3.000000000000000e-06	3.000000000000000e-06
1.357030e+07	4.989896906497116e-02	3.163380483032845e-02	3.000000000000000e-06	3.000000000000000e-06
1.383045e+07	4.974941173671008e-02	3.157331680184050e-02	3.000000000000000e-06	3.000000000000000e-06
1.409546e+07	4.960021645900494e-02	3.151291233514855e-02	3.000000000000000e-06	3.000000000000000e-06
1.436542e+07	4.945138382294446e-02	3.145259181565400e-02	3.000000000000000e-06	3.000000000000000e-06
1.464043e+07	4.930291439170464e-02	3.139235562031994e-02	3.000000000000000e-06	3.000000000000000e-06
1.492057e+07	4.915480870097507e-02	3.133220411777833e-02	3.000000000000000e-06	3.000000000000000e-06
1.520594e+07	4.900706725938143e-02	3.127213766843633e-02	3.000000000000000e-06	3.000000000000000e-06
1.549664e+07	4.885969054890429e-02	3.121215662458194e-02	3.000000000000000e-06	3.000000000000000e-06
1.579276e+07	4.871267902529398e-02	3.115226133048894e-02	3.000000000000000e-06	3.000000000000000e-06
1.609441e+07	4.856603311848177e-02	3.109245212252093e-02	3.000000000000000e-06	3.000000000000000e-06
1.640169e+07	4.841975323298699e-02	3.103272932923481e-02	3.000000000000000e-06	3.000000000000000e-06
1.671470e+07	4.827383974832038e-02	3.097309327148321e-02	3.000000000000000e-06	3.000000000000000e-06
1.703355e+07	4.812829301938341e-02	3.091354426251638e-02	3.000000000000000e-06	3.000000000000000e-06
1.735834e+07	4.798311337686369e-02	3.085408260808306e-02	3.000000000000000e-06	3.000000000000000e-06
1.768918e+07	4.783830112762640e-02	3.079470860653073e-02	3.000000000000000e-06	3.000000000000000e-06
1.802620e+07	4.769385655510169e-02	3.073542254890481e-02	3.000000000000000e-06	3.000000000000000e-06
1.836949e+07	4.754977991966813e-02	3.067622471904728e-02	3.000000000000000e-06	3.000000000000000e-06
1.871918e+07	4.740607145903208e-02	3.061711539369422e-02	3.000000000000000e-06	3.000000000000000e-06
1.907538e+07	4.726273138860304e-02	3.055809484257272e-02	3.000000000000000e-06	3.000000000000000e-06
1.943822e+07	4.711975990186504e-02	3.049916332849676e-02	3.000000000000000e-06	3.000000000000000e-06
1.980781e+07	4.697715717074385e-02	3.044032110746233e-02	3.000000000000000e-06	3.000000000000000e-06
2.018428e+07	4.683492334597025e-02	3.038156842874166e-02	3.000000000000000e-06	3.000000000000000e-06
2.056777e+07	4.669305855743919e-02	3.032290553497664e-02	3.000000000000000e-06	3.000000000000000e-06
2.095839e+07	4.655156291456498e-02	3.026433266227124e-02	3.000000000000000e-06	3.000000000000000e-06
2.135628e+07	4.641043650663231e-02	3.020585004028316e-02	3.000000000000000e-06	3.000000000000000e-06
2.176157e+07	4.626967940314337e-02	3.014745789231462e-02	3.000000000000000e-06	3.000000000000000e-06
2.217440e+07	4.612929165416078e-02	3.008915643540218e-02	3.000000000000000e-06	3.000000000000000e-06
2.259492e+07	4.598927329064666e-02	3.003094588040574e-02	3.000000000000000e-06	3.000000000000000e-06
2.302325e+07	4.584962432479753e-02	2.997282643209665e-02	3.000000000000000e-06	3.000000000000000e-06
2.345955e+07	4.571034475037529e-02	2.991479828924494e-02	3.000000000000000e-06	3.000000000000000e-06
2.390396e+07	4.557143454303422e-02	2.985686164470562e-02	3.000000000000000e-06	3.000000000000000e-06
2.435664e+07	4.543289366064383e-02	2.979901668550419e-02	3.000000000000000e-06	3.000000000000000e-06
2.481773e+07	4.529472204360804e-02	2.974126359292114e-02	3.000000000000000e-06	3.000000000000000e-06
2.528739e+07	4.515691961518008e-02	2.968360254257568e-02	3.000000000000000e-06	3.000000000000000e-06
2.576577e+07	4.501948628177366e-02	2.962603370450853e-02	3.000000000000000e-06	3.000000000000000e-06
2.625305e+07	4.488242193327022e-02	2.956855724326384e-02	3.000000000000000e-06	3.000000000000000e-06
2.674938e+07	4.474572644332213e-02	2.951117331797020e-02	3.000000000000000e-06	3.000000000000000e-06
2.725493e+07	4.460939966965219e-02	2.945388208242082e-02	3.000000000000000e-06	3.000000000000000e-06
2.776987e+07	4.447344145434916e-02	2.939668368515283e-02	3.000000000000000e-06	3.000000000000000e-06
2.829438e+07	4.433785162415950e-02	2.933957826952563e-02	3.000000000000000e-06	3.000000000000000e-06
2.882863e+07	4.420262999077528e-02	2.928256597379847e-02	3.000000000000000e-06	3.000000000000000e-06
2.937280e+07	4.406777635111831e-02	2.922564693120712e-02	3.000000000000000e-06	3.000000000000000e-06
2.992707e+07	4.393329048762053e-02	2.916882127003961e-02	3.000000000000000e-06	3.000000000000000e-06
3.049163e+07	4.379917216850062e-02	2.911208911371124e-02	3.000000000000000e-06	3.000000000000000e-06
3.106668e+07	4.366542114803692e-02	2.905545058083860e-02	3.000000000000000e-06	3.000000000000000e-06
3.165239e+07	4.353203716683669e-02	2.899890578531281e-02	3.000000000000000e-06	3.000000000000000e-06
3.224898e+07	4.339901995210167e-02	2.894245483637191e-02	3.000000000000000e-06	3.000000000000000e-06
3.285665e+07	4.326636921789006e-02	2.888609783867236e-02	3.000000000000000e-06	3.000000000000000e-06
3.347558e+07	4.313408466537485e-02	2.882983489235971e-02	3.000000000000000e-06	3.000000000000000e-06
3.410601e+07	4.300216598309863e-02	2.877366609313848e-02	3.000000000000000e-06	3.000000000000000e-06
3.474813e+07	4.287061284722482e-02	2.871759153234113e-02	3.000000000000000e-06	3.000000000000000e-06
3.540216e+07	4.273942492178542e-02	2.866161129699629e-02	3.000000000000000e-06	3.000000000000000e-06
3.606833e+07	4.260860185892527e-02	2.860572546989604e-02	3.000000000000000e-06	3.000000000000000e-06
3.674685e+07	4.247814329914287e-02	2.854993412966255e-02	3.000000000000000e-06	3.000000000000000e-06
3.743796e+07	4.234804887152774e-02	2.849423735081371e-02	3.000000000000000e-06	3.000000000000000e-06
3.814189e+07	4.221831819399448e-02	2.843863520382814e-02	3.000000000000000e-06	3.000000000000000e-06
3.885888e+07	4.208895087351341e-02	2.838312775520922e-02	3.000000000000000e-06	3.000000000000000e-06
3.958916e+07	4.195994650633789e-02	2.832771506754849e-02	3.000000000000000e-06	3.000000000000000e-06
4.033298e+07	4.183130467822842e-02	2.827239719958814e-02	3.000000000000000e-06	3.000000000000000e-06
4.109060e+07	4.170302496467338e-02	2.821717420628279e-02	3.000000000000000e-06	3.000000000000000e-06
4.186226e+07	4.157510693110667e-02	2.816204613886043e-02	3.000000000000000e-06	3.000000000000000e-06
4.264823e+07	4.144755013312203e-02	2.810701304488264e-02	3.000000000000000e-06	3.000000000000000e-06
4.344877e+07	4.132035411668435e-02	2.805207496830403e-02	3.000000000000000e-06	3.000000000000000e-06
4.426415e+07	4.119351841833769e-02	2.799723194953089e-02	3.000000000000000e-06	3.000000000000000e-06
4.509465e+07	4.106704256541039e-02	2.794248402547915e-02	3.000000000000000e-06	3.000000000000000e-06
4.594054e+07	4.094092607621698e-02	2.788783122963153e-02	3.000000000000000e-06	3.000000000000000e-06
4.680211e+07	4.081516846025716e-02	2.783327359209401e-02	3.000000000000000e-06	3.000000000000000e-06
4.767965e+07	4.068976921841173e-02	2.777881113965149e-02	3.000000000000000e-06	3.000000000000000e-06
4.857346e+07	4.056472784313565e-02	2.772444389582279e-02	3.000000000000000e-06	3.000000000000000e-06
4.948383e+07	4.044004381864806e-02	2.767017188091493e-02	3.000000000000000e-06	3.000000000000000e-06
5.041107e+07	4.031571662111953e-02	2.761599511207664e-02	3.000000000000000e-06	3.000000000000000e-06
5.135549e+07	4.019174571885636e-02	2.756191360335123e-02	3.000000000000000e-06	3.000000000000000e-06
5.231741e+07	4.006813057248221e-02	2.750792736572871e-02	3.000000000000000e-06	3.000000000000000e-06
5.329716e+07	3.994487063511670e-02	2.745403640719723e-02	3.000000000000000e-06	3.000000000000000e-06
5.429507e+07	3.982196535255154e-02	2.740024073279386e-02	3.000000000000000e-06	3.000000000000000e-06
5.531146e+07	3.969941416342374e-02	2.734654034465468e-02	3.000000000000000e-06	3.000000000000000e-06
5.634669e+07	3.957721649938618e-02	2.729293524206414e-02	3.000000000000000e-06	3.000000000000000e-06
5.740110e+07	3.945537178527561e-02	2.723942542150389e-02	3.000000000000000e-06	3.000000000000000e-06
5.847504e+07	3.933387943927794e-02	2.718601087670075e-02	3.000000000000000e-06	3.000000000000000e-06
5.956888e+07	3.921273887309097e-02	2.713269159867427e-02	3.000000000000000e-06	3.000000000000000e-06
6.068298e+07	3.909194949208461e-02	2.707946757578342e-02	3.000000000000000e-06	3.000000000000000e-06
6.181772e+07	3.897151069545850e-02	2.702633879377280e-02	3.000000000000000e-06	3.000000000000000e-06
6.297349e+07	3.885142187639723e-02	2.697330523581813e-02	3.000000000000000e-06	3.000000000000000e-06
6.415066e+07	3.873168242222305e-02	2.692036688257116e-02	3.000000000000000e-06	3.000000000000000e-06
6.534965e+07	3.861229171454617e-02	2.686752371220395e-02	3.000000000000000e-06	3.000000000000000e-06
6.657084e+07	3.849324912941268e-02	2.681477570045253e-02	3.000000000000000e-06	3.000000000000000e-06
6.781465e+07	3.837455403745010e-02	2.676212282066000e-02	3.000000000000000e-06	3.000000000000000e-06
6.908151e+07	3.825620580401062e-02	2.670956504381894e-02	3.000000000000000e-06	3.000000000000000e-06
7.037183e+07	3.813820378931202e-02	2.665710233861334e-02	3.000000000000000e-06	3.000000000000000e-06
7.168605e+07	3.802054734857635e-02	2.660473467145989e-02	3.000000000000000e-06	3.000000000000000e-06
7.302462e+07	3.790323583216638e-02	2.655246200654867e-02	3.000000000000000e-06	3.000000000000000e-06
7.438798e+07	3.778626858571980e-02	2.650028430588334e-02	3.000000000000000e-06	3.000000000000000e-06
7.577659e+07	3.766964495028134e-02	2.644820152932070e-02	3.000000000000000e-06	3.000000000000000e-06
7.719093e+07	3.755336426243264e-02	2.639621363460974e-02	3.000000000000000e-06	3.000000000000000e-06
7.863146e+07	3.743742585442010e-02	2.634432057743013e-02	3.000000000000000e-06	3.000000000000000e-06
8.009867e+07	3.732182905428061e-02	2.629252231143013e-02	3.000000000000000e-06	3.000000000000000e-06
8.159306e+07	3.720657318596521e-02	2.624081878826401e-02	3.000000000000000e-06	3.000000000000000e-06
8.311513e+07	3.709165756946079e-02	2.618920995762896e-02	3.000000000000000e-06	3.000000000000000e-06
8.466539e+07	3.697708152090972e-02	2.613769576730138e-02	3.000000000000000e-06	3.000000000000000e-06
8.624437e+07	3.686284435272758e-02	2.608627616317276e-02	3.000000000000000e-06	3.000000000000000e-06
8.785259e+07	3.674894537371892e-02	2.603495108928498e-02	3.000000000000000e-06	3.000000000000000e-06
8.949059e+07	3.663538388919113e-02	2.598372048786518e-02	3.000000000000000e-06	3.000000000000000e-06
9.115894e+07	3.652215920106641e-02	2.593258429936000e-02	3.000000000000000e-06	3.000000000000000e-06
9.285819e+07	3.640927060799194e-02	2.588154246246950e-02	3.000000000000000e-06	3.000000000000000e-06
9.458892e+07	3.629671740544815e-02	2.583059491418047e-02	3.000000000000000e-06	3.000000000000000e-06
9.635170e+07	3.618449888585524e-02	2.577974158979927e-02	3.000000000000000e-06	3.000000000000000e-06
9.814713e+07	3.607261433867798e-02	2.572898242298431e-02	3.000000000000000e-06	3.000000000000000e-06
9.997582e+07	3.596106305052864e-02	2.567831734577790e-02	3.000000000000000e-06	3.000000000000000e-06
1.000000e+08	3.595962136536248e-02	2.567766144891612e-02	3.000000000000000e-06	3.000000000000000e-06
1.018971e+08	3.584637079469825e-02	2.562616630354022e-02	3.000000000000000e-06	3.000000000000000e-06
1.037946e+08	3.573553130695006e-02	2.557570899610238e-02	3.000000000000000e-06	3.000000000000000e-06
1.057279e+08	3.562498504828943e-02	2.552532836019809e-02	3.000000000000000e-06	3.000000000000000e-06
1.076970e+08	3.551476983541745e-02	2.547504183783176e-02	3.000000000000000e-06	3.000000000000000e-06
1.097026e+08	3.540488424026124e-02	2.542484903404835e-02	3.000000000000000e-06	3.000000000000000e-06
1.117453e+08	3.529532754709928e-02	2.537474987761696e-02	3.000000000000000e-06	3.000000000000000e-06
1.138259e+08	3.518609902502137e-02	2.532474428997458e-02	3.000000000000000e-06	3.000000000000000e-06
1.159450e+08	3.507719794126900e-02	2.527483219129048e-02	3.000000000000000e-06	3.000000000000000e-06
1.181034e+08	3.496862356108259e-02	2.522501350038416e-02	3.000000000000000e-06	3.000000000000000e-06
1.203017e+08	3.486037514779276e-02	2.517528813475495e-02	3.000000000000000e-06	3.000000000000000e-06
1.225408e+08	3.475245196290572e-02	2.512565601060917e-02	3.000000000000000e-06	3.000000000000000e-06
1.248214e+08	3.464485326618740e-02	2.507611704288691e-02	3.000000000000000e-06	3.000000000000000e-06
1.271442e+08	3.453757831574604e-02	2.502667114528844e-02	3.000000000000000e-06	3.000000000000000e-06
1.295100e+08	3.443062636811337e-02	2.497731823030018e-02	3.000000000000000e-06	3.000000000000000e-06
1.319197e+08	3.432399667832456e-02	2.492805820922041e-02	3.000000000000000e-06	3.000000000000000e-06
1.343740e+08	3.421768849999666e-02	2.487889099218449e-02	3.000000000000000e-06	3.000000000000000e-06
1.368738e+08	3.411170108540582e-02	2.482981648818973e-02	3.000000000000000e-06	3.000000000000000e-06
1.394199e+08	3.400603368556315e-02	2.478083460511997e-02	3.000000000000000e-06	3.000000000000000e-06
1.420132e+08	3.390068555028931e-02	2.473194524976971e-02	3.000000000000000e-06	3.000000000000000e-06
1.446546e+08	3.379565592828786e-02	2.468314832786797e-02	3.000000000000000e-06	3.000000000000000e-06
1.473448e+08	3.369094406721730e-02	2.463444374410170e-02	3.000000000000000e-06	3.000000000000000e-06
1.500850e+08	3.358654921376200e-02	2.458583140213897e-02	3.000000000000000e-06	3.000000000000000e-06
1.528759e+08	3.348247061370180e-02	2.453731120465169e-02	3.000000000000000e-06	3.000000000000000e-06
1.557185e+08	3.337870751198053e-02	2.448888305333815e-02	3.000000000000000e-06	3.000000000000000e-06
1.586138e+08	3.327525915277333e-02	2.444054684894505e-02	3.000000000000000e-06	3.000000000000000e-06
1.615627e+08	3.317212477955282e-02	2.439230249128940e-02	3.000000000000000e-06	3.000000000000000e-06
1.645663e+08	3.306930363515415e-02	2.434414987927992e-02	3.000000000000000e-06	3.000000000000000e-06
1.676256e+08	3.296679496183903e-02	2.429608891093826e-02	3.000000000000000e-06	3.000000000000000e-06
1.707416e+08	3.286459800135848e-02	2.424811948341985e-02	3.000000000000000e-06	3.000000000000000e-06
1.739153e+08	3.276271199501479e-02	2.420024149303447e-02	3.000000000000000e-06	3.000000000000000e-06
1.771478e+08	3.266113618372218e-02	2.415245483526645e-02	3.000000000000000e-06	3.000000000000000e-06
1.804403e+08	3.255986980806656e-02	2.410475940479472e-02	3.000000000000000e-06	3.000000000000000e-06
1.837937e+08	3.245891210836432e-02	2.405715509551238e-02	3.000000000000000e-06	3.000000000000000e-06
1.872094e+08	3.235826232471999e-02	2.400964180054619e-02	3.000000000000000e-06	3.000000000000000e-06
1.906883e+08	3.225791969708306e-02	2.396221941227558e-02	3.000000000000000e-06	3.000000000000000e-06
1.942318e+08	3.215788346530379e-02	2.391488782235150e-02	3.000000000000000e-06	3.000000000000000e-06
1.978409e+08	3.205815286918807e-02	2.386764692171501e-02	3.000000000000000e-06	3.000000000000000e-06
2.015170e+08	3.195872714855134e-02	2.382049660061549e-02	3.000000000000000e-06	3.000000000000000e-06
2.052611e+08	3.185960554327170e-02	2.377343674862870e-02	3.000000000000000e-06	3.000000000000000e-06
2.090747e+08	3.176078729334202e-02	2.372646725467454e-02	3.000000000000000e-06	3.000000000000000e-06
2.129591e+08	3.166227163892124e-02	2.367958800703451e-02	3.000000000000000e-06	3.000000000000000e-06
2.169154e+08	3.156405782038479e-02	2.363279889336896e-02	3.000000000000000e-06	3.000000000000000e-06
2.209451e+08	3.146614507837420e-02	2.358609980073410e-02	3.000000000000000e-06	3.000000000000000e-06
2.250495e+08	3.136853265384584e-02	2.353949061559876e-02	3.000000000000000e-06	3.000000000000000e-06
2.292300e+08	3.127121978811884e-02	2.349297122386084e-02	3.000000000000000e-06	3.000000000000000e-06
2.334881e+08	3.117420572292237e-02	2.344654151086364e-02	3.000000000000000e-06	3.000000000000000e-06
2.378251e+08	3.107748970044186e-02	2.340020136141186e-02	3.000000000000000e-06	3.000000000000000e-06
2.422425e+08	3.098107096336473e-02	2.335395065978743e-02	3.000000000000000e-06	3.000000000000000e-06
2.467419e+08	3.088494875492522e-02	2.330778928976506e-02	3.000000000000000e-06	3.000000000000000e-06
2.513247e+08	3.078912231894851e-02	2.326171713462762e-02	3.000000000000000e-06	3.000000000000000e-06
2.559925e+08	3.069359089989414e-02	2.321573407718125e-02	3.000000000000000e-06	3.000000000000000e-06
2.607469e+08	3.059835374289871e-02	2.316983999977032e-02	3.000000000000000e-06	3.000000000000000e-06
2.655895e+08	3.050341009381790e-02	2.312403478429212e-02	3.000000000000000e-06	3.000000000000000e-06
2.705219e+08	3.040875919926776e-02	2.307831831221137e-02	3.000000000000000e-06	3.000000000000000e-06
2.755458e+08	3.031440030666543e-02	2.303269046457448e-02	3.000000000000000e-06	3.000000000000000e-06
2.806629e+08	3.022033266426910e-02	2.298715112202370e-02	3.000000000000000e-06	3.000000000000000e-06
2.858750e+08	3.012655552121742e-02	2.294170016481098e-02	3.000000000000000e-06	3.000000000000000e-06
2.911837e+08	3.003306812756820e-02	2.289633747281170e-02	3.000000000000000e-06	3.000000000000000e-06
2.965909e+08	2.993986973433658e-02	2.285106292553813e-02	3.000000000000000e-06	3.000000000000000e-06
3.020985e+08	2.984695959353253e-02	2.280587640215284e-02	3.000000000000000e-06	3.000000000000000e-06
3.077083e+08	2.975433695819782e-02	2.276077778148173e-02	3.000000000000000e-06	3.000000000000000e-06
3.134221e+08	2.966200108244232e-02	2.271576694202707e-02	3.000000000000000e-06	3.000000000000000e-06
3.192420e+08	2.956995122147989e-02	2.267084376198022e-02	3.000000000000000e-06	3.000000000000000e-06
3.251699e+08	2.947818663166353e-02	2.262600811923429e-02	3.000000000000000e-06	3.000000000000000e-06
3.312078e+08	2.938670657052015e-02	2.258125989139650e-02	3.000000000000000e-06	3.000000000000000e-06
3.373578e+08	2.929551029678470e-02	2.253659895580049e-02	3.000000000000000e-06	3.000000000000000e-06
3.436219e+08	2.920459707043386e-02	2.249202518951837e-02	3.000000000000000e-06	3.000000000000000e-06
3.500022e+08	2.911396615271916e-02	2.244753846937268e-02	3.000000000000000e-06	3.000000000000000e-06
3.565011e+08	2.902361680619966e-02	2.240313867194815e-02	3.000000000000000e-06	3.000000000000000e-06
3.631205e+08	2.893354829477409e-02	2.235882567360328e-02	3.000000000000000e-06	3.000000000000000e-06
3.698628e+08	2.884375988371258e-02	2.231459935048184e-02	3.000000000000000e-06	3.000000000000000e-06
3.767303e+08	2.875425083968783e-02	2.227045957852411e-02	3.000000000000000e-06	3.000000000000000e-06
3.837253e+08	2.866502043080598e-02	2.222640623347808e-02	3.000000000000000e-06	3.000000000000000e-06
3.908501e+08	2.857606792663687e-02	2.218243919091046e-02	3.000000000000000e-06	3.000000000000000e-06
3.981073e+08	2.848739259824397e-02	2.213855832621746e-02	3.000000000000000e-06	3.000000000000000e-06
4.054992e+08	2.839899371821387e-02	2.209476351463562e-02	3.000000000000000e-06	3.000000000000000e-06
4.130283e+08	2.831087056068535e-02	2.205105463125227e-02	3.000000000000000e-06	3.000000000000000e-06
4.206973e+08	2.822302240137805e-02	2.200743155101609e-02	3.000000000000000e-06	3.000000000000000e-06
4.285086e+08	2.813544851762072e-02	2.196389414874730e-02	3.000000000000000e-06	3.000000000000000e-06
4.364651e+08	2.804814818837919e-02	2.192044229914794e-02	3.000000000000000e-06	3.000000000000000e-06
4.445693e+08	2.796112069428379e-02	2.187707587681183e-02	3.000000000000000e-06	3.000000000000000e-06
4.528240e+08	2.787436531765659e-02	2.183379475623455e-02	3.000000000000000e-06	3.000000000000000e-06
4.612321e+08	2.778788134253818e-02	2.179059881182323e-02	3.000000000000000e-06	3.000000000000000e-06
4.697963e+08	2.770166805471410e-02	2.174748791790616e-02	3.000000000000000e-06	3.000000000000000e-06
4.785196e+08	2.761572474174102e-02	2.170446194874245e-02	3.000000000000000e-06	3.000000000000000e-06
4.874050e+08	2.753005069297250e-02	2.166152077853137e-02	3.000000000000000e-06	3.000000000000000e-06
4.964555e+08	2.744464519958444e-02	2.161866428142175e-02	3.000000000000000e-06	3.000000000000000e-06
5.056740e+08	2.735950755460033e-02	2.157589233152111e-02	3.000000000000000e-06	3.000000000000000e-06
5.150639e+08	2.727463705291603e-02	2.153320480290485e-02	3.000000000000000e-06	3.000000000000000e-06
5.246282e+08	2.719003299132439e-02	2.149060156962517e-02	3.000000000000000e-06	3.000000000000000e-06
5.343703e+08	2.710569466853956e-02	2.144808250572002e-02	3.000000000000000e-06	3.000000000000000e-06
5.442934e+08	2.702162138522093e-02	2.140564748522180e-02	3.000000000000000e-06	3.000000000000000e-06
5.544008e+08	2.693781244399695e-02	2.136329638216614e-02	3.000000000000000e-06	3.000000000000000e-06
5.646962e+08	2.685426714948857e-02	2.132102907060039e-02	3.000000000000000e-06	3.000000000000000e-06
5.751828e+08	2.677098480833251e-02	2.127884542459218e-02	3.000000000000000e-06	3.000000000000000e-06
5.858644e+08	2.668796472920420e-02	2.123674531823777e-02	3.000000000000000e-06	3.000000000000000e-06
5.967445e+08	2.660520622284059e-02	2.119472862567035e-02	3.000000000000000e-06	3.000000000000000e-06
6.078268e+08	2.652270860206263e-02	2.115279522106826e-02	3.000000000000000e-06	3.000000000000000e-06
6.191152e+08	2.644047118179760e-02	2.111094497866310e-02	3.000000000000000e-06	3.000000000000000e-06
6.306134e+08	2.635849327910118e-02	2.106917777274775e-02	3.000000000000000e-06	3.000000000000000e-06
6.423253e+08	2.627677421317936e-02	2.102749347768433e-02	3.000000000000000e-06	3.000000000000000e-06
6.542550e+08	2.619531330541009e-02	2.098589196791206e-02	3.000000000000000e-06	3.000000000000000e-06
6.664065e+08	2.611410987936480e-02	2.094437311795503e-02	3.000000000000000e-06	3.000000000000000e-06
6.787840e+08	2.603316326082972e-02	2.090293680242991e-02	3.000000000000000e-06	3.000000000000000e-06
6.913916e+08	2.595247277782697e-02	2.086158289605357e-02	3.000000000000000e-06	3.000000000000000e-06
7.042336e+08	2.587203776063554e-02	2.082031127365062e-02	3.000000000000000e-06	3.000000000000000e-06
7.173145e+08	2.579185754181213e-02	2.077912181016092e-02	3.000000000000000e-06	3.000000000000000e-06
7.306386e+08	2.571193145621171e-02	2.073801438064690e-02	3.000000000000000e-06	3.000000000000000e-06
7.442105e+08	2.563225884100808e-02	2.069698886030099e-02	3.000000000000000e-06	3.000000000000000e-06
7.580349e+08	2.555283903571419e-02	2.065604512445283e-02	3.000000000000000e-06	3.000000000000000e-06
7.721164e+08	2.547367138220235e-02	2.061518304857646e-02	3.000000000000000e-06	3.000000000000000e-06
7.864598e+08	2.539475522472431e-02	2.057440250829745e-02	3.000000000000000e-06	3.000000000000000e-06
8.010701e+08	2.531608990993124e-02	2.053370337940003e-02	3.000000000000000e-06	3.000000000000000e-06
8.159521e+08	2.523767478689356e-02	2.049308553783399e-02	3.000000000000000e-06	3.000000000000000e-06
8.311110e+08	2.515950920712063e-02	2.045254885972172e-02	3.000000000000000e-06	3.000000000000000e-06
8.465520e+08	2.508159252458046e-02	2.041209322136504e-02	3.000000000000000e-06	3.000000000000000e-06
8.622802e+08	2.500392409571916e-02	2.037171849925206e-02	3.000000000000000e-06	3.000000000000000e-06
8.783011e+08	2.492650327948040e-02	2.033142457006394e-02	3.000000000000000e-06	3.000000000000000e-06
8.946201e+08	2.484932943732478e-02	2.029121131068162e-02	3.000000000000000e-06	3.000000000000000e-06
9.112429e+08	2.477240193324908e-02	2.025107859819247e-02	3.000000000000000e-06	3.000000000000000e-06
9.281749e+08	2.469572013380546e-02	2.021102630989694e-02	3.000000000000000e-06	3.000000000000000e-06
9.454221e+08	2.461928340812058e-02	2.017105432331513e-02	3.000000000000000e-06	3.000000000000000e-06
9.629903e+08	2.454309112791468e-02	2.013116251619326e-02	3.000000000000000e-06	3.000000000000000e-06
9.808854e+08	2.446714266752057e-02	2.009135076651022e-02	3.000000000000000e-06	3.000000000000000e-06
9.991137e+08	2.439143740390262e-02	2.005161895248396e-02	3.000000000000000e-06	3.000000000000000e-06
1.000000e+09	2.438784070430952e-02	2.004972805420472e-02	3.000000000000000e-06	3.000000000000000e-06
