#t[yr]	ecc	inc	eachmass	totalmass
0.000000e+00	1.000000000000000e-01	5.000000000000000e-02	3.000000000000000e-11	3.000000000000000e-07
1.000000e-03	1.000000043462107e-01	5.000000200224677e-02	3.000000000000000e-11	3.000000000000000e-07
1.000000e-02	1.000000434620959e-01	5.000002002246313e-02	3.000000000000000e-11	3.000000000000000e-07
1.000000e-01	1.000004346198760e-01	5.000020022418592e-02	3.000000000000000e-11	3.000000000000000e-07
1.000000e+00	1.000043460905022e-01	5.000200219733298e-02	3.000000000000000e-11	3.000000000000000e-07
1.000000e+01	1.000434500840234e-01	5.002001752252692e-02	3.000000000000000e-11	3.000000000000000e-07
1.000000e+02	1.004334234996676e-01	5.019973194267962e-02	3.000000000000000e-11	3.000000000000000e-07
2.152181e+02	1.009275660178467e-01	5.042781219096466e-02	3.000000000000000e-11	3.000000000000000e-07
3.320199e+02	1.014223551752171e-01	5.065663480353291e-02	3.000000000000000e-11	3.000000000000000e-07
4.508553e+02	1.019195794317773e-01	5.088702748639105e-02	3.000000000000000e-11	3.000000000000000e-07
5.717574e+02	1.024192198357540e-01	5.111898507469901e-02	3.000000000000000e-11	3.000000000000000e-07
6.947676e+02	1.029212885449262e-01	5.135251677681156e-02	3.000000000000000e-11	3.000000000000000e-07
8.199277e+02	1.034257972393607e-01	5.158763158936304e-02	3.000000000000000e-11	3.000000000000000e-07
9.472808e+02	1.039327576657813e-01	5.182433854882151e-02	3.000000000000000e-11	3.000000000000000e-07
1.000000e+03	1.041403000573992e-01	5.192141805490368e-02	3.000000000000000e-11	3.000000000000000e-07
1.131872e+03	1.046560234453343e-01	5.216285903622695e-02	3.000000000000000e-11	3.000000000000000e-07
1.264687e+03	1.051688693435959e-01	5.240341005530092e-02	3.000000000000000e-11	3.000000000000000e-07
1.399874e+03	1.056843012742559e-01	5.264562825861466e-02	3.000000000000000e-11	3.000000000000000e-07
1.537454e+03	1.062022358876134e-01	5.288947818595945e-02	3.000000000000000e-11	3.000000000000000e-07
1.677477e+03	1.067226869190501e-01	5.313496984825593e-02	3.000000000000000e-11	3.000000000000000e-07
1.819992e+03	1.072456664621153e-01	5.338211249274619e-02	3.000000000000000e-11	3.000000000000000e-07
1.965050e+03	1.077711867001478e-01	5.363091541511095e-02	3.000000000000000e-11	3.000000000000000e-07
2.112701e+03	1.082992598761844e-01	5.388138794497865e-02	3.000000000000000e-11	3.000000000000000e-07
2.262999e+03	1.088298982938398e-01	5.413353944598578e-02	3.000000000000000e-11	3.000000000000000e-07
2.415997e+03	1.093631143176433e-01	5.438737931557336e-02	3.000000000000000e-11	3.000000000000000e-07
2.571751e+03	1.098989203733872e-01	5.464291698478112e-02	3.000000000000000e-11	3.000000000000000e-07
2.730317e+03	1.104373289484773e-01	5.490016191803475e-02	3.000000000000000e-11	3.000000000000000e-07
2.891753e+03	1.109783525922865e-01	5.515912361292604e-02	3.000000000000000e-11	3.000000000000000e-07
3.056117e+03	1.115220039165098e-01	5.541981159998609e-02	3.000000000000000e-11	3.000000000000000e-07
3.223469e+03	1.120682955955221e-01	5.568223544245136e-02	3.000000000000000e-11	3.000000000000000e-07
3.393871e+03	1.126172403667386e-01	5.594640473602251e-02	3.000000000000000e-11	3.000000000000000e-07
3.567386e+03	1.131688510309774e-01	5.621232910861616e-02	3.000000000000000e-11	3.000000000000000e-07
3.744078e+03	1.137231404528241e-01	5.648001822010919e-02	3.000000000000000e-11	3.000000000000000e-07
3.924013e+03	1.142801215609992e-01	5.674948176207588e-02	3.000000000000000e-11	3.000000000000000e-07
4.107258e+03	1.148398073487280e-01	5.702072945751757e-02	3.000000000000000e-11	3.000000000000000e-07
4.293881e+03	1.154022108741127e-01	5.729377106058493e-02	3.000000000000000e-11	3.000000000000000e-07
4.483953e+03	1.159673452605068e-01	5.756861635629274e-02	3.000000000000000e-11	3.000000000000000e-07
4.677545e+03	1.165352236968917e-01	5.784527516022717e-02	3.000000000000000e-11	3.000000000000000e-07
4.874731e+03	1.171058594382565e-01	5.812375731824551e-02	3.000000000000000e-11	3.000000000000000e-07
5.075586e+03	1.176792658059796e-01	5.840407270616826e-02	3.000000000000000e-11	3.000000000000000e-07
5.280187e+03	1.182554561882123e-01	5.868623122946366e-02	3.000000000000000e-11	3.000000000000000e-07
5.488611e+03	1.188344440402660e-01	5.897024282292448e-02	3.000000000000000e-11	3.000000000000000e-07
5.700940e+03	1.194162428850004e-01	5.925611745033714e-02	3.000000000000000e-11	3.000000000000000e-07
5.917255e+03	1.200008663132153e-01	5.954386510414317e-02	3.000000000000000e-11	3.000000000000000e-07
6.137640e+03	1.205883279840440e-01	5.983349580509288e-02	3.000000000000000e-11	3.000000000000000e-07
6.362180e+03	1.211786416253497e-01	6.012501960189122e-02	3.000000000000000e-11	3.000000000000000e-07
6.590964e+03	1.217718210341232e-01	6.041844657083598e-02	3.000000000000000e-11	3.000000000000000e-07
6.824081e+03	1.223678800768850e-01	6.071378681544815e-02	3.000000000000000e-11	3.000000000000000e-07
7.061623e+03	1.229668326900873e-01	6.101105046609447e-02	3.000000000000000e-11	3.000000000000000e-07
7.303683e+03	1.235686928805203e-01	6.131024767960228e-02	3.000000000000000e-11	3.000000000000000e-07
7.550358e+03	1.241734747257203e-01	6.161138863886646e-02	3.000000000000000e-11	3.000000000000000e-07
7.801744e+03	1.247811923743795e-01	6.191448355244875e-02	3.000000000000000e-11	3.000000000000000e-07
8.057944e+03	1.253918600467592e-01	6.221954265416918e-02	3.000000000000000e-11	3.000000000000000e-07
8.319058e+03	1.260054920351050e-01	6.252657620268985e-02	3.000000000000000e-11	3.000000000000000e-07
8.585192e+03	1.266221027040636e-01	6.283559448109099e-02	3.000000000000000e-11	3.000000000000000e-07
8.856454e+03	1.272417064911034e-01	6.314660779643932e-02	3.000000000000000e-11	3.000000000000000e-07
9.132952e+03	1.278643179069359e-01	6.345962647934879e-02	3.000000000000000e-11	3.000000000000000e-07
9.414798e+03	1.284899515359408e-01	6.377466088353374e-02	3.000000000000000e-11	3.000000000000000e-07
9.702109e+03	1.291186220365923e-01	6.409172138535454e-02	3.000000000000000e-11	3.000000000000000e-07
9.995000e+03	1.297503441418882e-01	6.441081838335573e-02	3.000000000000000e-11	3.000000000000000e-07
1.000000e+04	1.297609994958590e-01	6.441620924795737e-02	3.000000000000000e-11	3.000000000000000e-07
1.030442e+04	1.304079805445279e-01	6.474352962335199e-02	3.000000000000000e-11	3.000000000000000e-07
1.060893e+04	1.310457265677006e-01	6.506668604781084e-02	3.000000000000000e-11	3.000000000000000e-07
1.091951e+04	1.316868074872774e-01	6.539203113152180e-02	3.000000000000000e-11	3.000000000000000e-07
1.123617e+04	1.323309956203088e-01	6.571945255340285e-02	3.000000000000000e-11	3.000000000000000e-07
1.155904e+04	1.329783107840916e-01	6.604896319927864e-02	3.000000000000000e-11	3.000000000000000e-07
1.188826e+04	1.336287680793723e-01	6.638057354503997e-02	3.000000000000000e-11	3.000000000000000e-07
1.222397e+04	1.342823827775609e-01	6.671429413253660e-02	3.000000000000000e-11	3.000000000000000e-07
1.256630e+04	1.349391702263116e-01	6.705013552090998e-02	3.000000000000000e-11	3.000000000000000e-07
1.291539e+04	1.355991458518165e-01	6.738810828700596e-02	3.000000000000000e-11	3.000000000000000e-07
1.327141e+04	1.362623251592215e-01	6.772822302482492e-02	3.000000000000000e-11	3.000000000000000e-07
1.363449e+04	1.369287237330805e-01	6.807049034498407e-02	3.000000000000000e-11	3.000000000000000e-07
1.400479e+04	1.375983572378112e-01	6.841492087417358e-02	3.000000000000000e-11	3.000000000000000e-07
1.438246e+04	1.382712414181526e-01	6.876152525460670e-02	3.000000000000000e-11	3.000000000000000e-07
1.476768e+04	1.389473920996253e-01	6.911031414346412e-02	3.000000000000000e-11	3.000000000000000e-07
1.516060e+04	1.396268251889932e-01	6.946129821233302e-02	3.000000000000000e-11	3.000000000000000e-07
1.556138e+04	1.403095566747274e-01	6.981448814664060e-02	3.000000000000000e-11	3.000000000000000e-07
1.597021e+04	1.409956026274724e-01	7.016989464508280e-02	3.000000000000000e-11	3.000000000000000e-07
1.638726e+04	1.416849792005140e-01	7.052752841904800e-02	3.000000000000000e-11	3.000000000000000e-07
1.681271e+04	1.423777026302492e-01	7.088740019203628e-02	3.000000000000000e-11	3.000000000000000e-07
1.724673e+04	1.430737892366582e-01	7.124952069907434e-02	3.000000000000000e-11	3.000000000000000e-07
1.768953e+04	1.437732554237778e-01	7.161390068612637e-02	3.000000000000000e-11	3.000000000000000e-07
1.814129e+04	1.444761176801775e-01	7.198055090950123e-02	3.000000000000000e-11	3.000000000000000e-07
1.860222e+04	1.451823925794371e-01	7.234948213525615e-02	3.000000000000000e-11	3.000000000000000e-07
1.907250e+04	1.458920967806254e-01	7.272070513859738e-02	3.000000000000000e-11	3.000000000000000e-07
1.955235e+04	1.466052470287820e-01	7.309423070327802e-02	3.000000000000000e-11	3.000000000000000e-07
2.004198e+04	1.473218601553998e-01	7.347006962099331e-02	3.000000000000000e-11	3.000000000000000e-07
2.054160e+04	1.480419530789098e-01	7.384823269077406e-02	3.000000000000000e-11	3.000000000000000e-07
2.105143e+04	1.487655428051675e-01	7.422873071837817e-02	3.000000000000000e-11	3.000000000000000e-07
2.157170e+04	1.494926464279405e-01	7.461157451568087e-02	3.000000000000000e-11	3.000000000000000e-07
2.210265e+04	1.502232811293988e-01	7.499677490006414e-02	3.000000000000000e-11	3.000000000000000e-07
2.264449e+04	1.509574641806053e-01	7.538434269380544e-02	3.000000000000000e-11	3.000000000000000e-07
2.319749e+04	1.516952129420092e-01	7.577428872346653e-02	3.000000000000000e-11	3.000000000000000e-07
2.376187e+04	1.524365448639401e-01	7.616662381928256e-02	3.000000000000000e-11	3.000000000000000e-07
2.433790e+04	1.531814774871035e-01	7.656135881455199e-02	3.000000000000000e-11	3.000000000000000e-07
2.492584e+04	1.539300284430785e-01	7.695850454502785e-02	3.000000000000000e-11	3.000000000000000e-07
2.552594e+04	1.546822154548165e-01	7.735807184831070e-02	3.000000000000000e-11	3.000000000000000e-07
2.613847e+04	1.554380563371410e-01	7.776007156324398e-02	3.000000000000000e-11	3.000000000000000e-07
2.676372e+04	1.561975689972489e-01	7.816451452931210e-02	3.000000000000000e-11	3.000000000000000e-07
2.740195e+04	1.569607714352137e-01	7.857141158604186e-02	3.000000000000000e-11	3.000000000000000e-07
2.805347e+04	1.577276817444891e-01	7.898077357240776e-02	3.000000000000000e-11	3.000000000000000e-07
2.871857e+04	1.584983181124140e-01	7.939261132624180e-02	3.000000000000000e-11	3.000000000000000e-07
2.939755e+04	1.592726988207196e-01	7.980693568364818e-02	3.000000000000000e-11	3.000000000000000e-07
3.009071e+04	1.600508422460358e-01	8.022375747842372e-02	3.000000000000000e-11	3.000000000000000e-07
3.079837e+04	1.608327668604010e-01	8.064308754148444e-02	3.000000000000000e-11	3.000000000000000e-07
3.152086e+04	1.616184912317705e-01	8.106493670029888e-02	3.000000000000000e-11	3.000000000000000e-07
3.225850e+04	1.624080340245282e-01	8.148931577832899e-02	3.000000000000000e-11	3.000000000000000e-07
3.301163e+04	1.632014139999976e-01	8.191623559447907e-02	3.000000000000000e-11	3.000000000000000e-07
3.378059e+04	1.639986500169545e-01	8.234570696255333e-02	3.000000000000000e-11	3.000000000000000e-07
3.456575e+04	1.647997610321404e-01	8.277774069072304e-02	3.000000000000000e-11	3.000000000000000e-07
3.536745e+04	1.656047661007767e-01	8.321234758100360e-02	3.000000000000000e-11	3.000000000000000e-07
3.618607e+04	1.664136843770798e-01	8.364953842874251e-02	3.000000000000000e-11	3.000000000000000e-07
3.702198e+04	1.672265351147767e-01	8.408932402211865e-02	3.000000000000000e-11	3.000000000000000e-07
3.787557e+04	1.680433376676217e-01	8.453171514165386e-02	3.000000000000000e-11	3.000000000000000e-07
3.874723e+04	1.688641114899134e-01	8.497672255973740e-02	3.000000000000000e-11	3.000000000000000e-07
3.963737e+04	1.696888761370124e-01	8.542435704016392e-02	3.000000000000000e-11	3.000000000000000e-07
4.054639e+04	1.705176512658595e-01	8.587462933768591e-02	3.000000000000000e-11	3.000000000000000e-07
4.147472e+04	1.713504566354950e-01	8.632755019758122e-02	3.000000000000000e-11	3.000000000000000e-07
4.242278e+04	1.721873121075773e-01	8.678313035523627e-02	3.000000000000000e-11	3.000000000000000e-07
4.339103e+04	1.730282376469032e-01	8.724138053574618e-02	3.000000000000000e-11	3.000000000000000e-07
4.437989e+04	1.738732533219277e-01	8.770231145353190e-02	3.000000000000000e-11	3.000000000000000e-07
4.538985e+04	1.747223793052847e-01	8.816593381197578e-02	3.000000000000000e-11	3.000000000000000e-07
4.642136e+04	1.755756358743076e-01	8.863225830307585e-02	3.000000000000000e-11	3.000000000000000e-07
4.747490e+04	1.764330434115505e-01	8.910129560711982e-02	3.000000000000000e-11	3.000000000000000e-07
4.855097e+04	1.772946224053092e-01	8.957305639237965e-02	3.000000000000000e-11	3.000000000000000e-07
4.965007e+04	1.781603934501432e-01	9.004755131482715e-02	3.000000000000000e-11	3.000000000000000e-07
5.077270e+04	1.790303772473966e-01	9.052479101787175e-02	3.000000000000000e-11	3.000000000000000e-07
5.191941e+04	1.799045946057205e-01	9.100478613212101e-02	3.000000000000000e-11	3.000000000000000e-07
5.309071e+04	1.807830664415940e-01	9.148754727516466e-02	3.000000000000000e-11	3.000000000000000e-07
5.428716e+04	1.816658137798469e-01	9.197308505138301e-02	3.000000000000000e-11	3.000000000000000e-07
5.550931e+04	1.825528577541807e-01	9.246141005178049e-02	3.000000000000000e-11	3.000000000000000e-07
5.675775e+04	1.834442196076908e-01	9.295253285384499e-02	3.000000000000000e-11	3.000000000000000e-07
5.803304e+04	1.843399206933882e-01	9.344646402143388e-02	3.000000000000000e-11	3.000000000000000e-07
5.933580e+04	1.852399824747208e-01	9.394321410468745e-02	3.000000000000000e-11	3.000000000000000e-07
6.066663e+04	1.861444265260949e-01	9.444279363997038e-02	3.000000000000000e-11	3.000000000000000e-07
6.202614e+04	1.870532745333969e-01	9.494521314984208e-02	3.000000000000000e-11	3.000000000000000e-07
6.341499e+04	1.879665482945138e-01	9.545048314305675e-02	3.000000000000000e-11	3.000000000000000e-07
6.483382e+04	1.888842697198545e-01	9.595861411459353e-02	3.000000000000000e-11	3.000000000000000e-07
6.628330e+04	1.898064608328701e-01	9.646961654571781e-02	3.000000000000000e-11	3.000000000000000e-07
6.776411e+04	1.907331437705744e-01	9.698350090407408e-02	3.000000000000000e-11	3.000000000000000e-07
6.927693e+04	1.916643407840642e-01	9.750027764381128e-02	3.000000000000000e-11	3.000000000000000e-07
7.082248e+04	1.926000742390387e-01	9.801995720574098e-02	3.000000000000000e-11	3.000000000000000e-07
7.240149e+04	1.935403666163190e-01	9.854255001752932e-02	3.000000000000000e-11	3.000000000000000e-07
7.401469e+04	1.944852405123675e-01	9.906806649392305e-02	3.000000000000000e-11	3.000000000000000e-07
7.566285e+04	1.954347186398064e-01	9.959651703701064e-02	3.000000000000000e-11	3.000000000000000e-07
7.734673e+04	1.963888238279361e-01	1.001279120365185e-01	3.000000000000000e-11	3.000000000000000e-07
7.906712e+04	1.973475790232534e-01	1.006622618701434e-01	3.000000000000000e-11	3.000000000000000e-07
8.082483e+04	1.983110072899691e-01	1.011995769039214e-01	3.000000000000000e-11	3.000000000000000e-07
8.262069e+04	1.992791318105252e-01	1.017398674926332e-01	3.000000000000000e-11	3.000000000000000e-07
8.445553e+04	2.002519758861118e-01	1.022831439802480e-01	3.000000000000000e-11	3.000000000000000e-07
8.633021e+04	2.012295629371840e-01	1.028294167004041e-01	3.000000000000000e-11	3.000000000000000e-07
8.824562e+04	2.022119165039776e-01	1.033786959769287e-01	3.000000000000000e-11	3.000000000000000e-07
9.020264e+04	2.031990602470251e-01	1.039309921243957e-01	3.000000000000000e-11	3.000000000000000e-07
9.220219e+04	2.041910179476716e-01	1.044863154487233e-01	3.000000000000000e-11	3.000000000000000e-07
9.424522e+04	2.051878135085890e-01	1.050446762478102e-01	3.000000000000000e-11	3.000000000000000e-07
9.633266e+04	2.061894709542918e-01	1.056060848122120e-01	3.000000000000000e-11	3.000000000000000e-07
9.846550e+04	2.071960144316511e-01	1.061705514258570e-01	3.000000000000000e-11	3.000000000000000e-07
1.000000e+05	2.079087376368795e-01	1.065704934383386e-01	3.000000000000000e-11	3.000000000000000e-07
1.022266e+05	2.089301142991530e-01	1.071438140663188e-01	3.000000000000000e-11	3.000000000000000e-07
1.044873e+05	2.099498899481974e-01	1.077165450107381e-01	3.000000000000000e-11	3.000000000000000e-07
1.067975e+05	2.109747833897241e-01	1.082924513152514e-01	3.000000000000000e-11	3.000000000000000e-07
1.091580e+05	2.120046752519327e-01	1.088714623718447e-01	3.000000000000000e-11	3.000000000000000e-07
1.115698e+05	2.130395934928573e-01	1.094535901841674e-01	3.000000000000000e-11	3.000000000000000e-07
1.140342e+05	2.140795630270451e-01	1.100388449754883e-01	3.000000000000000e-11	3.000000000000000e-07
1.165521e+05	2.151246089636011e-01	1.106272370076647e-01	3.000000000000000e-11	3.000000000000000e-07
1.191249e+05	2.161747565369913e-01	1.112187765430479e-01	3.000000000000000e-11	3.000000000000000e-07
1.217537e+05	2.172300311090575e-01	1.118134738464355e-01	3.000000000000000e-11	3.000000000000000e-07
1.244396e+05	2.182904581694978e-01	1.124113391862029e-01	3.000000000000000e-11	3.000000000000000e-07
1.271841e+05	2.193560633363812e-01	1.130123828354929e-01	3.000000000000000e-11	3.000000000000000e-07
1.299882e+05	2.204268723566610e-01	1.136166150734444e-01	3.000000000000000e-11	3.000000000000000e-07
1.328534e+05	2.215029111066892e-01	1.142240461864614e-01	3.000000000000000e-11	3.000000000000000e-07
1.357809e+05	2.225842055927305e-01	1.148346864695196e-01	3.000000000000000e-11	3.000000000000000e-07
1.387721e+05	2.236707819514775e-01	1.154485462275135e-01	3.000000000000000e-11	3.000000000000000e-07
1.418284e+05	2.247626664505655e-01	1.160656357766400e-01	3.000000000000000e-11	3.000000000000000e-07
1.449511e+05	2.258598854890886e-01	1.166859654458210e-01	3.000000000000000e-11	3.000000000000000e-07
1.481418e+05	2.269624655981161e-01	1.173095455781627e-01	3.000000000000000e-11	3.000000000000000e-07
1.514018e+05	2.280704334412096e-01	1.179363865324516e-01	3.000000000000000e-11	3.000000000000000e-07
1.547326e+05	2.291838158149412e-01	1.185664986846866e-01	3.000000000000000e-11	3.000000000000000e-07
1.581359e+05	2.303026396494122e-01	1.191998924296468e-01	3.000000000000000e-11	3.000000000000000e-07
1.616130e+05	2.314269320087730e-01	1.198365781824935e-01	3.000000000000000e-11	3.000000000000000e-07
1.651657e+05	2.325567200917441e-01	1.204765663804070e-01	3.000000000000000e-11	3.000000000000000e-07
1.687955e+05	2.336920312321380e-01	1.211198674842555e-01	3.000000000000000e-11	3.000000000000000e-07
1.725041e+05	2.348328928993826e-01	1.217664919802973e-01	3.000000000000000e-11	3.000000000000000e-07
1.762932e+05	2.359793326990460e-01	1.224164503819145e-01	3.000000000000000e-11	3.000000000000000e-07
1.801644e+05	2.371313783733627e-01	1.230697532313768e-01	3.000000000000000e-11	3.000000000000000e-07
1.841196e+05	2.382890578017611e-01	1.237264111016356e-01	3.000000000000000e-11	3.000000000000000e-07
1.881605e+05	2.394523990013932e-01	1.243864345981464e-01	3.000000000000000e-11	3.000000000000000e-07
1.922889e+05	2.406214301276653e-01	1.250498343607195e-01	3.000000000000000e-11	3.000000000000000e-07
1.965068e+05	2.417961794747718e-01	1.257166210653968e-01	3.000000000000000e-11	3.000000000000000e-07
2.008159e+05	2.429766754762295e-01	1.263868054263547e-01	3.000000000000000e-11	3.000000000000000e-07
2.052183e+05	2.441629467054151e-01	1.270603981978314e-01	3.000000000000000e-11	3.000000000000000e-07
2.097158e+05	2.453550218761047e-01	1.277374101760773e-01	3.000000000000000e-11	3.000000000000000e-07
2.143106e+05	2.465529298430154e-01	1.284178522013286e-01	3.000000000000000e-11	3.000000000000000e-07
2.190047e+05	2.477566996023495e-01	1.291017351598009e-01	3.000000000000000e-11	3.000000000000000e-07
2.238001e+05	2.489663602923412e-01	1.297890699857027e-01	3.000000000000000e-11	3.000000000000000e-07
2.286990e+05	2.501819411938063e-01	1.304798676632688e-01	3.000000000000000e-11	3.000000000000000e-07
2.337035e+05	2.514034717306941e-01	1.311741392288093e-01	3.000000000000000e-11	3.000000000000000e-07
2.388160e+05	2.526309814706430e-01	1.318718957727759e-01	3.000000000000000e-11	3.000000000000000e-07
2.440386e+05	2.538645001255387e-01	1.325731484418425e-01	3.000000000000000e-11	3.000000000000000e-07
2.493736e+05	2.551040575520753e-01	1.332779084409990e-01	3.000000000000000e-11	3.000000000000000e-07
2.548235e+05	2.563496837523206e-01	1.339861870356581e-01	3.000000000000000e-11	3.000000000000000e-07
2.603905e+05	2.576014088742839e-01	1.346979955537718e-01	3.000000000000000e-11	3.000000000000000e-07
2.660772e+05	2.588592632124878e-01	1.354133453879579e-01	3.000000000000000e-11	3.000000000000000e-07
2.718861e+05	2.601232772085436e-01	1.361322479976346e-01	3.000000000000000e-11	3.000000000000000e-07
2.778196e+05	2.613934814517307e-01	1.368547149111612e-01	3.000000000000000e-11	3.000000000000000e-07
2.838804e+05	2.626699066795795e-01	1.375807577279850e-01	3.000000000000000e-11	3.000000000000000e-07
2.900711e+05	2.639525837784584e-01	1.383103881207914e-01	3.000000000000000e-11	3.000000000000000e-07
2.963943e+05	2.652415437841653e-01	1.390436178376565e-01	3.000000000000000e-11	3.000000000000000e-07
3.028530e+05	2.665368178825231e-01	1.397804587042014e-01	3.000000000000000e-11	3.000000000000000e-07
3.094497e+05	2.678384374099798e-01	1.405209226257455e-01	3.000000000000000e-11	3.000000000000000e-07
3.161875e+05	2.691464338542124e-01	1.412650215894591e-01	3.000000000000000e-11	3.000000000000000e-07
3.230691e+05	2.704608388547369e-01	1.420127676665119e-01	3.000000000000000e-11	3.000000000000000e-07
3.300976e+05	2.717816842035211e-01	1.427641730142184e-01	3.000000000000000e-11	3.000000000000000e-07
3.372760e+05	2.731090018456040e-01	1.435192498781764e-01	3.000000000000000e-11	3.000000000000000e-07
3.446073e+05	2.744428238797190e-01	1.442780105943990e-01	3.000000000000000e-11	3.000000000000000e-07
3.520947e+05	2.757831825589230e-01	1.450404675914388e-01	3.000000000000000e-11	3.000000000000000e-07
3.597414e+05	2.771301102912297e-01	1.458066333925011e-01	3.000000000000000e-11	3.000000000000000e-07
3.675506e+05	2.784836396402494e-01	1.465765206175473e-01	3.000000000000000e-11	3.000000000000000e-07
3.755256e+05	2.798438033258328e-01	1.473501419853857e-01	3.000000000000000e-11	3.000000000000000e-07
3.836699e+05	2.812106342247218e-01	1.481275103157486e-01	3.000000000000000e-11	3.000000000000000e-07
3.919868e+05	2.825841653712045e-01	1.489086385313546e-01	3.000000000000000e-11	3.000000000000000e-07
4.004800e+05	2.839644299577768e-01	1.496935396599560e-01	3.000000000000000e-11	3.000000000000000e-07
4.091529e+05	2.853514613358094e-01	1.504822268363673e-01	3.000000000000000e-11	3.000000000000000e-07
4.180092e+05	2.867452930162208e-01	1.512747133044777e-01	3.000000000000000e-11	3.000000000000000e-07
4.270526e+05	2.881459586701560e-01	1.520710124192421e-01	3.000000000000000e-11	3.000000000000000e-07
4.362869e+05	2.895534921296715e-01	1.528711376486531e-01	3.000000000000000e-11	3.000000000000000e-07
4.457160e+05	2.909679273884265e-01	1.536751025756913e-01	3.000000000000000e-11	3.000000000000000e-07
4.553438e+05	2.923892986023800e-01	1.544829209002521e-01	3.000000000000000e-11	3.000000000000000e-07
4.651742e+05	2.938176400904943e-01	1.552946064410507e-01	3.000000000000000e-11	3.000000000000000e-07
4.752115e+05	2.952529863354452e-01	1.561101731375013e-01	3.000000000000000e-11	3.000000000000000e-07
4.854596e+05	2.966953719843377e-01	1.569296350515711e-01	3.000000000000000e-11	3.000000000000000e-07
4.959229e+05	2.981448318494297e-01	1.577530063696092e-01	3.000000000000000e-11	3.000000000000000e-07
5.066057e+05	2.996014009088604e-01	1.585803014041469e-01	3.000000000000000e-11	3.000000000000000e-07
5.175123e+05	3.010651143073871e-01	1.594115345956712e-01	3.000000000000000e-11	3.000000000000000e-07
5.286473e+05	3.025360073571274e-01	1.602467205143692e-01	3.000000000000000e-11	3.000000000000000e-07
5.400151e+05	3.040141155383086e-01	1.610858738618436e-01	3.000000000000000e-11	3.000000000000000e-07
5.516205e+05	3.054994745000243e-01	1.619290094727980e-01	3.000000000000000e-11	3.000000000000000e-07
5.634682e+05	3.069921200609970e-01	1.627761423166911e-01	3.000000000000000e-11	3.000000000000000e-07
5.755629e+05	3.084920882103482e-01	1.636272874993605e-01	3.000000000000000e-11	3.000000000000000e-07
5.879097e+05	3.099994151083751e-01	1.644824602646145e-01	3.000000000000000e-11	3.000000000000000e-07
6.005134e+05	3.115141370873348e-01	1.653416759957909e-01	3.000000000000000e-11	3.000000000000000e-07
6.133792e+05	3.130362906522347e-01	1.662049502172845e-01	3.000000000000000e-11	3.000000000000000e-07
6.265123e+05	3.145659124816301e-01	1.670722985960400e-01	3.000000000000000e-11	3.000000000000000e-07
6.399179e+05	3.161030394284301e-01	1.679437369430124e-01	3.000000000000000e-11	3.000000000000000e-07
6.536015e+05	3.176477085207086e-01	1.688192812145931e-01	3.000000000000000e-11	3.000000000000000e-07
6.675685e+05	3.191999569625237e-01	1.696989475140019e-01	3.000000000000000e-11	3.000000000000000e-07
6.818245e+05	3.207598221347443e-01	1.705827520926450e-01	3.000000000000000e-11	3.000000000000000e-07
6.963752e+05	3.223273415958833e-01	1.714707113514376e-01	3.000000000000000e-11	3.000000000000000e-07
7.112264e+05	3.239025530829379e-01	1.723628418420931e-01	3.000000000000000e-11	3.000000000000000e-07
7.263840e+05	3.254854945122380e-01	1.732591602683757e-01	3.000000000000000e-11	3.000000000000000e-07
7.418539e+05	3.270762039803005e-01	1.741596834873199e-01	3.000000000000000e-11	3.000000000000000e-07
7.576424e+05	3.286747197646922e-01	1.750644285104128e-01	3.000000000000000e-11	3.000000000000000e-07
7.737556e+05	3.302810803248986e-01	1.759734125047453e-01	3.000000000000000e-11	3.000000000000000e-07
7.901998e+05	3.318953243032007e-01	1.768866527941238e-01	3.000000000000000e-11	3.000000000000000e-07
8.069817e+05	3.335174905255592e-01	1.778041668601495e-01	3.000000000000000e-11	3.000000000000000e-07
8.241077e+05	3.351476180025049e-01	1.787259723432628e-01	3.000000000000000e-11	3.000000000000000e-07
8.415845e+05	3.367857459300376e-01	1.796520870437531e-01	3.000000000000000e-11	3.000000000000000e-07
8.594190e+05	3.384319136905312e-01	1.805825289227339e-01	3.000000000000000e-11	3.000000000000000e-07
8.776181e+05	3.400861608536462e-01	1.815173161030839e-01	3.000000000000000e-11	3.000000000000000e-07
8.961889e+05	3.417485271772501e-01	1.824564668703546e-01	3.000000000000000e-11	3.000000000000000e-07
9.151386e+05	3.434190526083439e-01	1.833999996736434e-01	3.000000000000000e-11	3.000000000000000e-07
9.344746e+05	3.450977772839967e-01	1.843479331264348e-01	3.000000000000000e-11	3.000000000000000e-07
9.542043e+05	3.467847415322864e-01	1.853002860074072e-01	3.000000000000000e-11	3.000000000000000e-07
9.743354e+05	3.484799858732491e-01	1.862570772612082e-01	3.000000000000000e-11	3.000000000000000e-07
9.948756e+05	3.501835510198337e-01	1.872183259991976e-01	3.000000000000000e-11	3.000000000000000e-07
1.000000e+06	3.506029181222952e-01	1.874549217244124e-01	3.000000000000000e-11	3.000000000000000e-07
1.021382e+06	3.523430039502372e-01	1.884364692331251e-01	3.000000000000000e-11	3.000000000000000e-07
1.042870e+06	3.540650064925217e-01	1.894075701581154e-01	3.000000000000000e-11	3.000000000000000e-07
1.064800e+06	3.557959956310920e-01	1.903834919363044e-01	3.000000000000000e-11	3.000000000000000e-07
1.087173e+06	3.575354705493640e-01	1.913639485069091e-01	3.000000000000000e-11	3.000000000000000e-07
1.109999e+06	3.592834838647265e-01	1.923489660000110e-01	3.000000000000000e-11	3.000000000000000e-07
1.133286e+06	3.610400773021967e-01	1.933385644624502e-01	3.000000000000000e-11	3.000000000000000e-07
1.157042e+06	3.628052930090001e-01	1.943327642374878e-01	3.000000000000000e-11	3.000000000000000e-07
1.181278e+06	3.645791733289921e-01	1.953315858375722e-01	3.000000000000000e-11	3.000000000000000e-07
1.206001e+06	3.663617608082130e-01	1.963350499473639e-01	3.000000000000000e-11	3.000000000000000e-07
1.231222e+06	3.681530981958236e-01	1.973431774241278e-01	3.000000000000000e-11	3.000000000000000e-07
1.256950e+06	3.699532284451414e-01	1.983559892981520e-01	3.000000000000000e-11	3.000000000000000e-07
1.283195e+06	3.717621947146812e-01	1.993735067731403e-01	3.000000000000000e-11	3.000000000000000e-07
1.309966e+06	3.735800403692028e-01	2.003957512265802e-01	3.000000000000000e-11	3.000000000000000e-07
1.337273e+06	3.754068089807647e-01	2.014227442100872e-01	3.000000000000000e-11	3.000000000000000e-07
1.365127e+06	3.772425443297854e-01	2.024545074497265e-01	3.000000000000000e-11	3.000000000000000e-07
1.393539e+06	3.790872904061109e-01	2.034910628463119e-01	3.000000000000000e-11	3.000000000000000e-07
1.422518e+06	3.809410914100890e-01	2.045324324756830e-01	3.000000000000000e-11	3.000000000000000e-07
1.452076e+06	3.828039917536496e-01	2.055786385889626e-01	3.000000000000000e-11	3.000000000000000e-07
1.482223e+06	3.846760360613928e-01	2.066297036127923e-01	3.000000000000000e-11	3.000000000000000e-07
1.512971e+06	3.865572691716824e-01	2.076856501495505e-01	3.000000000000000e-11	3.000000000000000e-07
1.544332e+06	3.884477361377464e-01	2.087465009775506e-01	3.000000000000000e-11	3.000000000000000e-07
1.576316e+06	3.903474822287839e-01	2.098122790512218e-01	3.000000000000000e-11	3.000000000000000e-07
1.608935e+06	3.922565529310787e-01	2.108830075012728e-01	3.000000000000000e-11	3.000000000000000e-07
1.642203e+06	3.941749939491189e-01	2.119587096348388e-01	3.000000000000000e-11	3.000000000000000e-07
1.676130e+06	3.961028512067229e-01	2.130394089356137e-01	3.000000000000000e-11	3.000000000000000e-07
1.710730e+06	3.980401708481725e-01	2.141251290639663e-01	3.000000000000000e-11	3.000000000000000e-07
1.746015e+06	3.999869992393513e-01	2.152158938570435e-01	3.000000000000000e-11	3.000000000000000e-07
1.781998e+06	4.019433829688903e-01	2.163117273288595e-01	3.000000000000000e-11	3.000000000000000e-07
1.818693e+06	4.039093688493190e-01	2.174126536703724e-01	3.000000000000000e-11	3.000000000000000e-07
1.856112e+06	4.058850039182236e-01	2.185186972495493e-01	3.000000000000000e-11	3.000000000000000e-07
1.894269e+06	4.078703354394109e-01	2.196298826114202e-01	3.000000000000000e-11	3.000000000000000e-07
1.933179e+06	4.098654109040784e-01	2.207462344781210e-01	3.000000000000000e-11	3.000000000000000e-07
1.972855e+06	4.118702780319906e-01	2.218677777489274e-01	3.000000000000000e-11	3.000000000000000e-07
2.013313e+06	4.138849847726621e-01	2.229945375002797e-01	3.000000000000000e-11	3.000000000000000e-07
2.054565e+06	4.159095793065457e-01	2.241265389857990e-01	3.000000000000000e-11	3.000000000000000e-07
2.096629e+06	4.179441100462279e-01	2.252638076362963e-01	3.000000000000000e-11	3.000000000000000e-07
2.139518e+06	4.199886256376295e-01	2.264063690597746e-01	3.000000000000000e-11	3.000000000000000e-07
2.183248e+06	4.220431749612127e-01	2.275542490414245e-01	3.000000000000000e-11	3.000000000000000e-07
2.227836e+06	4.241078071331946e-01	2.287074735436148e-01	3.000000000000000e-11	3.000000000000000e-07
2.273297e+06	4.261825715067660e-01	2.298660687058777e-01	3.000000000000000e-11	3.000000000000000e-07
2.319648e+06	4.282675176733170e-01	2.310300608448903e-01	3.000000000000000e-11	3.000000000000000e-07
2.366904e+06	4.303626954636680e-01	2.321994764544522e-01	3.000000000000000e-11	3.000000000000000e-07
2.415084e+06	4.324681549493074e-01	2.333743422054602e-01	3.000000000000000e-11	3.000000000000000e-07
2.464205e+06	4.345839464436348e-01	2.345546849458811e-01	3.000000000000000e-11	3.000000000000000e-07
2.514284e+06	4.367101205032103e-01	2.357405317007217e-01	3.000000000000000e-11	3.000000000000000e-07
2.565339e+06	4.388467279290099e-01	2.369319096719990e-01	3.000000000000000e-11	3.000000000000000e-07
2.617388e+06	4.409938197676868e-01	2.381288462387092e-01	3.000000000000000e-11	3.000000000000000e-07
2.670451e+06	4.431514473128389e-01	2.393313689567963e-01	3.000000000000000e-11	3.000000000000000e-07
2.724545e+06	4.453196621062818e-01	2.405395055591221e-01	3.000000000000000e-11	3.000000000000000e-07
2.779690e+06	4.474985159393282e-01	2.417532839554365e-01	3.000000000000000e-11	3.000000000000000e-07
2.835907e+06	4.496880608540735e-01	2.429727322323504e-01	3.000000000000000e-11	3.000000000000000e-07
2.893214e+06	4.518883491446863e-01	2.441978786533094e-01	3.000000000000000e-11	3.000000000000000e-07
2.951632e+06	4.540994333587061e-01	2.454287516585716e-01	3.000000000000000e-11	3.000000000000000e-07
3.011183e+06	4.563213662983465e-01	2.466653798651871e-01	3.000000000000000e-11	3.000000000000000e-07
3.071886e+06	4.585542010218039e-01	2.479077920669824e-01	3.000000000000000e-11	3.000000000000000e-07
3.133764e+06	4.607979908445728e-01	2.491560172345477e-01	3.000000000000000e-11	3.000000000000000e-07
3.196839e+06	4.630527893407671e-01	2.504100845152294e-01	3.000000000000000e-11	3.000000000000000e-07
3.261132e+06	4.653186503444468e-01	2.516700232331274e-01	3.000000000000000e-11	3.000000000000000e-07
3.326667e+06	4.675956279509512e-01	2.529358628890973e-01	3.000000000000000e-11	3.000000000000000e-07
3.393466e+06	4.698837765182381e-01	2.542076331607586e-01	3.000000000000000e-11	3.000000000000000e-07
3.461553e+06	4.721831506682287e-01	2.554853639025097e-01	3.000000000000000e-11	3.000000000000000e-07
3.530953e+06	4.744938052881584e-01	2.567690851455478e-01	3.000000000000000e-11	3.000000000000000e-07
3.601689e+06	4.768157955319345e-01	2.580588270978971e-01	3.000000000000000e-11	3.000000000000000e-07
3.673786e+06	4.791491768214990e-01	2.593546201444435e-01	3.000000000000000e-11	3.000000000000000e-07
3.747270e+06	4.814940048481978e-01	2.606564948469767e-01	3.000000000000000e-11	3.000000000000000e-07
3.822167e+06	4.838503355741561e-01	2.619644819442408e-01	3.000000000000000e-11	3.000000000000000e-07
3.898502e+06	4.862182252336596e-01	2.632786123519924e-01	3.000000000000000e-11	3.000000000000000e-07
3.976302e+06	4.885977303345421e-01	2.645989171630671e-01	3.000000000000000e-11	3.000000000000000e-07
4.055595e+06	4.909889076595790e-01	2.659254276474553e-01	3.000000000000000e-11	3.000000000000000e-07
4.136409e+06	4.933918142678873e-01	2.672581752523865e-01	3.000000000000000e-11	3.000000000000000e-07
4.218771e+06	4.958065074963309e-01	2.685971916024230e-01	3.000000000000000e-11	3.000000000000000e-07
4.302710e+06	4.982330449609333e-01	2.699425084995629e-01	3.000000000000000e-11	3.000000000000000e-07
4.388256e+06	5.006714845582955e-01	2.712941579233531e-01	3.000000000000000e-11	3.000000000000000e-07
4.475439e+06	5.031218844670203e-01	2.726521720310123e-01	3.000000000000000e-11	3.000000000000000e-07
4.564288e+06	5.055843031491438e-01	2.740165831575633e-01	3.000000000000000e-11	3.000000000000000e-07
4.654835e+06	5.080587993515715e-01	2.753874238159769e-01	3.000000000000000e-11	3.000000000000000e-07
4.747111e+06	5.105454321075220e-01	2.767647266973254e-01	3.000000000000000e-11	3.000000000000000e-07
4.841148e+06	5.130442607379768e-01	2.781485246709471e-01	3.000000000000000e-11	3.000000000000000e-07
4.936979e+06	5.155553448531359e-01	2.795388507846215e-01	3.000000000000000e-11	3.000000000000000e-07
5.034637e+06	5.180787443538803e-01	2.809357382647560e-01	3.000000000000000e-11	3.000000000000000e-07
5.134156e+06	5.206145194332410e-01	2.823392205165831e-01	3.000000000000000e-11	3.000000000000000e-07
5.235570e+06	5.231627305778735e-01	2.837493311243695e-01	3.000000000000000e-11	3.000000000000000e-07
5.338914e+06	5.257234385695403e-01	2.851661038516359e-01	3.000000000000000e-11	3.000000000000000e-07
5.444225e+06	5.282967044865983e-01	2.865895726413894e-01	3.000000000000000e-11	3.000000000000000e-07
5.551539e+06	5.308825897054937e-01	2.880197716163663e-01	3.000000000000000e-11	3.000000000000000e-07
5.660892e+06	5.334811559022635e-01	2.894567350792877e-01	3.000000000000000e-11	3.000000000000000e-07
5.772323e+06	5.360924650540430e-01	2.909004975131262e-01	3.000000000000000e-11	3.000000000000000e-07
5.885869e+06	5.387165794405800e-01	2.923510935813849e-01	3.000000000000000e-11	3.000000000000000e-07
6.001571e+06	5.413535616457568e-01	2.938085581283886e-01	3.000000000000000e-11	3.000000000000000e-07
6.119467e+06	5.440034745591166e-01	2.952729261795860e-01	3.000000000000000e-11	3.000000000000000e-07
6.239599e+06	5.466663813773992e-01	2.967442329418656e-01	3.000000000000000e-11	3.000000000000000e-07
6.362008e+06	5.493423456060819e-01	2.982225138038824e-01	3.000000000000000e-11	3.000000000000000e-07
6.486736e+06	5.520314310609269e-01	2.997078043363973e-01	3.000000000000000e-11	3.000000000000000e-07
6.613825e+06	5.547337018695374e-01	3.012001402926292e-01	3.000000000000000e-11	3.000000000000000e-07
6.743320e+06	5.574492224729183e-01	3.026995576086185e-01	3.000000000000000e-11	3.000000000000000e-07
6.875265e+06	5.601780576270455e-01	3.042060924036035e-01	3.000000000000000e-11	3.000000000000000e-07
7.009705e+06	5.629202724044415e-01	3.057197809804089e-01	3.000000000000000e-11	3.000000000000000e-07
7.146687e+06	5.656759321957576e-01	3.072406598258469e-01	3.000000000000000e-11	3.000000000000000e-07
7.286257e+06	5.684451027113639e-01	3.087687656111302e-01	3.000000000000000e-11	3.000000000000000e-07
7.428463e+06	5.712278499829461e-01	3.103041351922977e-01	3.000000000000000e-11	3.000000000000000e-07
7.573354e+06	5.740242403651090e-01	3.118468056106521e-01	3.000000000000000e-11	3.000000000000000e-07
7.720979e+06	5.768343405369878e-01	3.133968140932108e-01	3.000000000000000e-11	3.000000000000000e-07
7.871390e+06	5.796582175038660e-01	3.149541980531676e-01	3.000000000000000e-11	3.000000000000000e-07
8.024636e+06	5.824959385988012e-01	3.165189950903683e-01	3.000000000000000e-11	3.000000000000000e-07
8.180772e+06	5.853475714842573e-01	3.180912429917973e-01	3.000000000000000e-11	3.000000000000000e-07
8.339849e+06	5.882131841537450e-01	3.196709797320774e-01	3.000000000000000e-11	3.000000000000000e-07
8.501924e+06	5.910928449334688e-01	3.212582434739810e-01	3.000000000000000e-11	3.000000000000000e-07
8.667050e+06	5.939866224839818e-01	3.228530725689542e-01	3.000000000000000e-11	3.000000000000000e-07
8.835284e+06	5.968945858018483e-01	3.244555055576528e-01	3.000000000000000e-11	3.000000000000000e-07
9.006684e+06	5.998168042213131e-01	3.260655811704903e-01	3.000000000000000e-11	3.000000000000000e-07
9.181308e+06	6.027533474159790e-01	3.276833383281977e-01	3.000000000000000e-11	3.000000000000000e-07
9.359215e+06	6.057042854004914e-01	3.293088161423962e-01	3.000000000000000e-11	3.000000000000000e-07
9.540466e+06	6.086696885322311e-01	3.309420539161814e-01	3.000000000000000e-11	3.000000000000000e-07
9.725124e+06	6.116496275130143e-01	3.325830911447188e-01	3.000000000000000e-11	3.000000000000000e-07
9.913250e+06	6.146441733908006e-01	3.342319675158525e-01	3.000000000000000e-11	3.000000000000000e-07
1.000000e+07	6.160080497952508e-01	3.349828743884661e-01	3.000000000000000e-11	3.000000000000000e-07
1.019526e+07	6.190546740934613e-01	3.366601278125366e-01	3.000000000000000e-11	3.000000000000000e-07
1.039217e+07	6.220849456236073e-01	3.383281761314000e-01	3.000000000000000e-11	3.000000000000000e-07
1.059281e+07	6.251306517825261e-01	3.400045212717019e-01	3.000000000000000e-11	3.000000000000000e-07
1.079722e+07	6.281912754877117e-01	3.416888791564411e-01	3.000000000000000e-11	3.000000000000000e-07
1.100546e+07	6.312669006708270e-01	3.433812965713384e-01	3.000000000000000e-11	3.000000000000000e-07
1.121761e+07	6.343576004552551e-01	3.450818143529784e-01	3.000000000000000e-11	3.000000000000000e-07
1.143373e+07	6.374634485310141e-01	3.467904736497342e-01	3.000000000000000e-11	3.000000000000000e-07
1.165390e+07	6.405845189451819e-01	3.485073158061509e-01	3.000000000000000e-11	3.000000000000000e-07
1.187819e+07	6.437208861076047e-01	3.502323823658240e-01	3.000000000000000e-11	3.000000000000000e-07
1.210669e+07	6.468726247926168e-01	3.519657150720883e-01	3.000000000000000e-11	3.000000000000000e-07
1.233946e+07	6.500398101408408e-01	3.537073558687577e-01	3.000000000000000e-11	3.000000000000000e-07
1.257659e+07	6.532225176609963e-01	3.554573469008770e-01	3.000000000000000e-11	3.000000000000000e-07
1.281816e+07	6.564208232317155e-01	3.572157305154831e-01	3.000000000000000e-11	3.000000000000000e-07
1.306424e+07	6.596348031033691e-01	3.589825492623784e-01	3.000000000000000e-11	3.000000000000000e-07
1.331493e+07	6.628645338998986e-01	3.607578458949147e-01	3.000000000000000e-11	3.000000000000000e-07
1.357031e+07	6.661100926206589e-01	3.625416633707872e-01	3.000000000000000e-11	3.000000000000000e-07
1.383046e+07	6.693715566422680e-01	3.643340448528407e-01	3.000000000000000e-11	3.000000000000000e-07
1.409547e+07	6.726490037204668e-01	3.661350337098848e-01	3.000000000000000e-11	3.000000000000000e-07
1.436543e+07	6.759425119919860e-01	3.679446735175211e-01	3.000000000000000e-11	3.000000000000000e-07
1.464043e+07	6.792521599764226e-01	3.697630080589803e-01	3.000000000000000e-11	3.000000000000000e-07
1.492058e+07	6.825780265781259e-01	3.715900813259693e-01	3.000000000000000e-11	3.000000000000000e-07
1.520595e+07	6.859201910880901e-01	3.734259375195300e-01	3.000000000000000e-11	3.000000000000000e-07
1.549665e+07	6.892787331858582e-01	3.752706210509071e-01	3.000000000000000e-11	3.000000000000000e-07
1.579277e+07	6.926537329414332e-01	3.771241765424266e-01	3.000000000000000e-11	3.000000000000000e-07
1.609442e+07	6.960452708171991e-01	3.789866488283849e-01	3.000000000000000e-11	3.000000000000000e-07
1.640170e+07	6.994534276698506e-01	3.808580829559473e-01	3.000000000000000e-11	3.000000000000000e-07
1.671471e+07	7.028782847523318e-01	3.827385241860572e-01	3.000000000000000e-11	3.000000000000000e-07
1.703356e+07	7.063199237157841e-01	3.846280179943546e-01	3.000000000000000e-11	3.000000000000000e-07
1.735835e+07	7.097784266115035e-01	3.865266100721051e-01	3.000000000000000e-11	3.000000000000000e-07
1.768920e+07	7.132538758929071e-01	3.884343463271387e-01	3.000000000000000e-11	3.000000000000000e-07
1.802621e+07	7.167463544175082e-01	3.903512728847974e-01	3.000000000000000e-11	3.000000000000000e-07
1.836950e+07	7.202559454489020e-01	3.922774360888941e-01	3.000000000000000e-11	3.000000000000000e-07
1.871919e+07	7.237827326587595e-01	3.942128825026802e-01	3.000000000000000e-11	3.000000000000000e-07
1.907539e+07	7.273268001288313e-01	3.961576589098221e-01	3.000000000000000e-11	3.000000000000000e-07
1.943823e+07	7.308882323529614e-01	3.981118123153891e-01	3.000000000000000e-11	3.000000000000000e-07
1.980782e+07	7.344671142391092e-01	4.000753899468489e-01	3.000000000000000e-11	3.000000000000000e-07
2.018430e+07	7.380635311113830e-01	4.020484392550736e-01	3.000000000000000e-11	3.000000000000000e-07
2.056778e+07	7.416775687120816e-01	4.040310079153545e-01	3.000000000000000e-11	3.000000000000000e-07
2.095840e+07	7.453093132037458e-01	4.060231438284265e-01	3.000000000000000e-11	3.000000000000000e-07
2.135629e+07	7.489588511712210e-01	4.080248951215017e-01	3.000000000000000e-11	3.000000000000000e-07
2.176159e+07	7.526262696237276e-01	4.100363101493117e-01	3.000000000000000e-11	3.000000000000000e-07
2.217442e+07	7.563116559969431e-01	4.120574374951596e-01	3.000000000000000e-11	3.000000000000000e-07
2.259493e+07	7.600150981550926e-01	4.140883259719809e-01	3.000000000000000e-11	3.000000000000000e-07
2.302327e+07	7.637366843930511e-01	4.161290246234129e-01	3.000000000000000e-11	3.000000000000000e-07
2.345957e+07	7.674765034384534e-01	4.181795827248741e-01	3.000000000000000e-11	3.000000000000000e-07
2.390398e+07	7.712346444538168e-01	4.202400497846512e-01	3.000000000000000e-11	3.000000000000000e-07
2.435666e+07	7.750111970386717e-01	4.223104755449961e-01	3.000000000000000e-11	3.000000000000000e-07
2.481775e+07	7.788062512317036e-01	4.243909099832308e-01	3.000000000000000e-11	3.000000000000000e-07
2.528741e+07	7.826198975129053e-01	4.264814033128619e-01	3.000000000000000e-11	3.000000000000000e-07
2.576579e+07	7.864522268057390e-01	4.285820059847029e-01	3.000000000000000e-11	3.000000000000000e-07
2.625307e+07	7.903033304793090e-01	4.306927686880060e-01	3.000000000000000e-11	3.000000000000000e-07
2.674940e+07	7.941733003505449e-01	4.328137423516020e-01	3.000000000000000e-11	3.000000000000000e-07
2.725495e+07	7.980622286863952e-01	4.349449781450491e-01	3.000000000000000e-11	3.000000000000000e-07
2.776990e+07	8.019702082060310e-01	4.370865274797895e-01	3.000000000000000e-11	3.000000000000000e-07
2.829440e+07	8.058973320830619e-01	4.392384420103160e-01	3.000000000000000e-11	3.000000000000000e-07
2.882865e+07	8.098436939477598e-01	4.414007736353452e-01	3.000000000000000e-11	3.000000000000000e-07
2.937282e+07	8.138093878892965e-01	4.435735744990005e-01	3.000000000000000e-11	3.000000000000000e-07
2.992709e+07	8.177945084579896e-01	4.457568969920032e-01	3.000000000000000e-11	3.000000000000000e-07
3.049166e+07	8.217991506675610e-01	4.479507937528712e-01	3.000000000000000e-11	3.000000000000000e-07
3.106670e+07	8.258234099974047e-01	4.501553176691273e-01	3.000000000000000e-11	3.000000000000000e-07
3.165242e+07	8.298673823948667e-01	4.523705218785144e-01	3.000000000000000e-11	3.000000000000000e-07
3.224901e+07	8.339311642775361e-01	4.545964597702203e-01	3.000000000000000e-11	3.000000000000000e-07
3.285667e+07	8.380148525355460e-01	4.568331849861094e-01	3.000000000000000e-11	3.000000000000000e-07
3.347561e+07	8.421185445338862e-01	4.590807514219639e-01	3.000000000000000e-11	3.000000000000000e-07
3.410604e+07	8.462423381147279e-01	4.613392132287319e-01	3.000000000000000e-11	3.000000000000000e-07
3.474816e+07	8.503863315997583e-01	4.636086248137848e-01	3.000000000000000e-11	3.000000000000000e-07
3.540219e+07	8.545506237925269e-01	4.658890408421820e-01	3.000000000000000e-11	3.000000000000000e-07
3.606836e+07	8.587353139808036e-01	4.681805162379441e-01	3.000000000000000e-11	3.000000000000000e-07
3.674688e+07	8.629405019389481e-01	4.704831061853339e-01	3.000000000000000e-11	3.000000000000000e-07
3.743800e+07	8.671662879302902e-01	4.727968661301458e-01	3.000000000000000e-11	3.000000000000000e-07
3.814193e+07	8.714127727095223e-01	4.751218517810029e-01	3.000000000000000e-11	3.000000000000000e-07
3.885891e+07	8.756800575251035e-01	4.774581191106623e-01	3.000000000000000e-11	3.000000000000000e-07
3.958919e+07	8.799682441216742e-01	4.798057243573285e-01	3.000000000000000e-11	3.000000000000000e-07
4.033302e+07	8.842774347424844e-01	4.821647240259741e-01	3.000000000000000e-11	3.000000000000000e-07
4.109063e+07	8.886077321318321e-01	4.845351748896697e-01	3.000000000000000e-11	3.000000000000000e-07
4.186230e+07	8.929592395375140e-01	4.869171339909205e-01	3.000000000000000e-11	3.000000000000000e-07
4.264827e+07	8.973320607132887e-01	4.893106586430115e-01	3.000000000000000e-11	3.000000000000000e-07
4.344881e+07	9.017262999213512e-01	4.917158064313604e-01	3.000000000000000e-11	3.000000000000000e-07
4.426419e+07	9.061420619348195e-01	4.941326352148789e-01	3.000000000000000e-11	3.000000000000000e-07
4.509469e+07	9.105794520402333e-01	4.965612031273409e-01	3.000000000000000e-11	3.000000000000000e-07
4.594058e+07	9.150385760400656e-01	4.990015685787597e-01	3.000000000000000e-11	3.000000000000000e-07
4.680215e+07	9.195195402552448e-01	5.014537902567722e-01	3.000000000000000e-11	3.000000000000000e-07
4.767969e+07	9.240224515276915e-01	5.039179271280316e-01	3.000000000000000e-11	3.000000000000000e-07
4.857350e+07	9.285474172228646e-01	5.063940384396075e-01	3.000000000000000e-11	3.000000000000000e-07
4.948387e+07	9.330945452323232e-01	5.088821837203945e-01	3.000000000000000e-11	3.000000000000000e-07
5.041111e+07	9.376639439762979e-01	5.113824227825275e-01	3.000000000000000e-11	3.000000000000000e-07
5.135553e+07	9.422557224062766e-01	5.138948157228066e-01	3.000000000000000e-11	3.000000000000000e-07
5.231746e+07	9.468699900076024e-01	5.164194229241280e-01	3.000000000000000e-11	3.000000000000000e-07
5.329721e+07	9.515068568020831e-01	5.189563050569240e-01	3.000000000000000e-11	3.000000000000000e-07
5.429511e+07	9.561664333506156e-01	5.215055230806107e-01	3.000000000000000e-11	3.000000000000000e-07
5.531151e+07	9.608488307558205e-01	5.240671382450431e-01	3.000000000000000e-11	3.000000000000000e-07
5.634674e+07	9.655541606646920e-01	5.266412120919782e-01	3.000000000000000e-11	3.000000000000000e-07
5.740114e+07	9.702825352712589e-01	5.292278064565463e-01	3.000000000000000e-11	3.000000000000000e-07
5.847509e+07	9.750340673192590e-01	5.318269834687298e-01	3.000000000000000e-11	3.000000000000000e-07
5.956893e+07	9.798088701048276e-01	5.344388055548503e-01	3.000000000000000e-11	3.000000000000000e-07
6.068303e+07	9.846070574791980e-01	5.370633354390631e-01	3.000000000000000e-11	3.000000000000000e-07
6.181777e+07	9.894287438514145e-01	5.397006361448597e-01	3.000000000000000e-11	3.000000000000000e-07
6.297354e+07	9.942740441910615e-01	5.423507709965785e-01	3.000000000000000e-11	3.000000000000000e-07
6.415072e+07	9.991430740310020e-01	5.450138036209229e-01	3.000000000000000e-11	3.000000000000000e-07
6.534970e+07	1.004035949470133e+00	5.476897979484879e-01	3.000000000000000e-11	3.000000000000000e-07
6.657089e+07	1.008952787176152e+00	5.503788182152947e-01	3.000000000000000e-11	3.000000000000000e-07
6.781471e+07	1.013893704388339e+00	5.530809289643317e-01	3.000000000000000e-11	3.000000000000000e-07
6.908157e+07	1.018858818920348e+00	5.557961950471058e-01	3.000000000000000e-11	3.000000000000000e-07
7.037189e+07	1.023848249163020e+00	5.585246816251997e-01	3.000000000000000e-11	3.000000000000000e-07
7.168611e+07	1.028862114087199e+00	5.612664541718387e-01	3.000000000000000e-11	3.000000000000000e-07
7.302468e+07	1.033900533246573e+00	5.640215784734639e-01	3.000000000000000e-11	3.000000000000000e-07
7.438804e+07	1.038963626780519e+00	5.667901206313146e-01	3.000000000000000e-11	3.000000000000000e-07
7.577665e+07	1.044051515416969e+00	5.695721470630188e-01	3.000000000000000e-11	3.000000000000000e-07
7.719099e+07	1.049164320475288e+00	5.723677245041905e-01	3.000000000000000e-11	3.000000000000000e-07
7.863152e+07	1.054302163869161e+00	5.751769200100362e-01	3.000000000000000e-11	3.000000000000000e-07
8.009874e+07	1.059465168109505e+00	5.779998009569693e-01	3.000000000000000e-11	3.000000000000000e-07
8.159313e+07	1.064653456307382e+00	5.808364350442323e-01	3.000000000000000e-11	3.000000000000000e-07
8.311520e+07	1.069867152176939e+00	5.836868902955269e-01	3.000000000000000e-11	3.000000000000000e-07
8.466546e+07	1.075106380038353e+00	5.865512350606531e-01	3.000000000000000e-11	3.000000000000000e-07
8.624443e+07	1.080371264820793e+00	5.894295380171553e-01	3.000000000000000e-11	3.000000000000000e-07
8.785265e+07	1.085661932065399e+00	5.923218681719775e-01	3.000000000000000e-11	3.000000000000000e-07
8.949066e+07	1.090978507928277e+00	5.952282948631265e-01	3.000000000000000e-11	3.000000000000000e-07
9.115901e+07	1.096321119183496e+00	5.981488877613428e-01	3.000000000000000e-11	3.000000000000000e-07
9.285826e+07	1.101689893226121e+00	6.010837168717802e-01	3.000000000000000e-11	3.000000000000000e-07
9.458899e+07	1.107084958075239e+00	6.040328525356939e-01	3.000000000000000e-11	3.000000000000000e-07
9.635177e+07	1.112506442377016e+00	6.069963654321362e-01	3.000000000000000e-11	3.000000000000000e-07
9.814720e+07	1.117954475407760e+00	6.099743265796610e-01	3.000000000000000e-11	3.000000000000000e-07
9.997589e+07	1.123429187077001e+00	6.129668073380365e-01	3.000000000000000e-11	3.000000000000000e-07
1.000000e+08	1.123500559547748e+00	6.130058189290365e-01	3.000000000000000e-11	3.000000000000000e-07
1.018971e+08	1.129102754408321e+00	6.160679172695283e-01	3.000000000000000e-11	3.000000000000000e-07
1.037946e+08	1.134630216994289e+00	6.190891049548232e-01	3.000000000000000e-11	3.000000000000000e-07
1.057279e+08	1.140186621806330e+00	6.221260505369353e-01	3.000000000000000e-11	3.000000000000000e-07
1.076970e+08	1.145770201140817e+00	6.251777881475161e-01	3.000000000000000e-11	3.000000000000000e-07
1.097026e+08	1.151381123016830e+00	6.282444099518952e-01	3.000000000000000e-11	3.000000000000000e-07
1.117453e+08	1.157019520588823e+00	6.313259890545708e-01	3.000000000000000e-11	3.000000000000000e-07
1.138259e+08	1.162685528318450e+00	6.344225992698336e-01	3.000000000000000e-11	3.000000000000000e-07
1.159450e+08	1.168379281313919e+00	6.375343147607091e-01	3.000000000000000e-11	3.000000000000000e-07
1.181034e+08	1.174100915345393e+00	6.406612100474076e-01	3.000000000000000e-11	3.000000000000000e-07
1.203017e+08	1.179850566848004e+00	6.438033600089990e-01	3.000000000000000e-11	3.000000000000000e-07
1.225408e+08	1.185628372925106e+00	6.469608398852222e-01	3.000000000000000e-11	3.000000000000000e-07
1.248214e+08	1.191434471351544e+00	6.501337252783002e-01	3.000000000000000e-11	3.000000000000000e-07
1.271442e+08	1.197269000576935e+00	6.533220921547641e-01	3.000000000000000e-11	3.000000000000000e-07
1.295100e+08	1.203132099728971e+00	6.565260168472863e-01	3.000000000000000e-11	3.000000000000000e-07
1.319197e+08	1.209023908616729e+00	6.597455760565216e-01	3.000000000000000e-11	3.000000000000000e-07
1.343740e+08	1.214944567734007e+00	6.629808468529581e-01	3.000000000000000e-11	3.000000000000000e-07
1.368738e+08	1.220894218262671e+00	6.662319066787764e-01	3.000000000000000e-11	3.000000000000000e-07
1.394199e+08	1.226873002076017e+00	6.694988333497182e-01	3.000000000000000e-11	3.000000000000000e-07
1.420132e+08	1.232881061742153e+00	6.727817050569627e-01	3.000000000000000e-11	3.000000000000000e-07
1.446545e+08	1.238918540527397e+00	6.760806003690135e-01	3.000000000000000e-11	3.000000000000000e-07
1.473448e+08	1.244985582399691e+00	6.793955982335940e-01	3.000000000000000e-11	3.000000000000000e-07
1.500850e+08	1.251082332032030e+00	6.827267779795506e-01	3.000000000000000e-11	3.000000000000000e-07
1.528759e+08	1.257208934805910e+00	6.860742193187676e-01	3.000000000000000e-11	3.000000000000000e-07
1.557185e+08	1.263365536814795e+00	6.894380023480879e-01	3.000000000000000e-11	3.000000000000000e-07
1.586138e+08	1.269552284867594e+00	6.928182075512465e-01	3.000000000000000e-11	3.000000000000000e-07
1.615627e+08	1.275769326492161e+00	6.962149158008101e-01	3.000000000000000e-11	3.000000000000000e-07
1.645663e+08	1.282016809938814e+00	6.996282083601277e-01	3.000000000000000e-11	3.000000000000000e-07
1.676256e+08	1.288294884183860e+00	7.030581668852903e-01	3.000000000000000e-11	3.000000000000000e-07
1.707415e+08	1.294603698933152e+00	7.065048734270992e-01	3.000000000000000e-11	3.000000000000000e-07
1.739153e+08	1.300943404625654e+00	7.099684104330446e-01	3.000000000000000e-11	3.000000000000000e-07
1.771478e+08	1.307314152437026e+00	7.134488607492925e-01	3.000000000000000e-11	3.000000000000000e-07
1.804402e+08	1.313716094283224e+00	7.169463076226826e-01	3.000000000000000e-11	3.000000000000000e-07
1.837937e+08	1.320149382824125e+00	7.204608347027345e-01	3.000000000000000e-11	3.000000000000000e-07
1.872094e+08	1.326614171467158e+00	7.239925260436633e-01	3.000000000000000e-11	3.000000000000000e-07
1.906883e+08	1.333110614370969e+00	7.275414661064059e-01	3.000000000000000e-11	3.000000000000000e-07
1.942318e+08	1.339638866449083e+00	7.311077397606563e-01	3.000000000000000e-11	3.000000000000000e-07
1.978409e+08	1.346199083373607e+00	7.346914322869105e-01	3.000000000000000e-11	3.000000000000000e-07
2.015169e+08	1.352791421578929e+00	7.382926293785206e-01	3.000000000000000e-11	3.000000000000000e-07
2.052611e+08	1.359416038265455e+00	7.419114171437602e-01	3.000000000000000e-11	3.000000000000000e-07
2.090747e+08	1.366073091403348e+00	7.455478821078984e-01	3.000000000000000e-11	3.000000000000000e-07
2.129590e+08	1.372762739736297e+00	7.492021112152836e-01	3.000000000000000e-11	3.000000000000000e-07
2.169154e+08	1.379485142785296e+00	7.528741918314382e-01	3.000000000000000e-11	3.000000000000000e-07
2.209451e+08	1.386240460852450e+00	7.565642117451619e-01	3.000000000000000e-11	3.000000000000000e-07
2.250495e+08	1.393028855024790e+00	7.602722591706464e-01	3.000000000000000e-11	3.000000000000000e-07
2.292300e+08	1.399850487178115e+00	7.639984227495989e-01	3.000000000000000e-11	3.000000000000000e-07
2.334880e+08	1.406705519980847e+00	7.677427915533770e-01	3.000000000000000e-11	3.000000000000000e-07
2.378250e+08	1.413594116897910e+00	7.715054550851319e-01	3.000000000000000e-11	3.000000000000000e-07
2.422425e+08	1.420516442194623e+00	7.752865032819640e-01	3.000000000000000e-11	3.000000000000000e-07
2.467418e+08	1.427472660940617e+00	7.790860265170871e-01	3.000000000000000e-11	3.000000000000000e-07
2.513246e+08	1.434462939013765e+00	7.829041156020032e-01	3.000000000000000e-11	3.000000000000000e-07
2.559925e+08	1.441487443104139e+00	7.867408617886887e-01	3.000000000000000e-11	3.000000000000000e-07
2.607468e+08	1.448546340717977e+00	7.905963567717891e-01	3.000000000000000e-11	3.000000000000000e-07
2.655894e+08	1.455639800181682e+00	7.944706926908262e-01	3.000000000000000e-11	3.000000000000000e-07
2.705218e+08	1.462767990645826e+00	7.983639621324139e-01	3.000000000000000e-11	3.000000000000000e-07
2.755457e+08	1.469931082089184e+00	8.022762581324862e-01	3.000000000000000e-11	3.000000000000000e-07
2.806629e+08	1.477129245322786e+00	8.062076741785343e-01	3.000000000000000e-11	3.000000000000000e-07
2.858749e+08	1.484362651993984e+00	8.101583042118560e-01	3.000000000000000e-11	3.000000000000000e-07
2.911836e+08	1.491631474590547e+00	8.141282426298135e-01	3.000000000000000e-11	3.000000000000000e-07
2.965909e+08	1.498935886444766e+00	8.181175842881050e-01	3.000000000000000e-11	3.000000000000000e-07
3.020984e+08	1.506276061737591e+00	8.221264245030439e-01	3.000000000000000e-11	3.000000000000000e-07
3.077082e+08	1.513652175502774e+00	8.261548590538510e-01	3.000000000000000e-11	3.000000000000000e-07
3.134220e+08	1.521064403631047e+00	8.302029841849573e-01	3.000000000000000e-11	3.000000000000000e-07
3.192419e+08	1.528512922874312e+00	8.342708966083169e-01	3.000000000000000e-11	3.000000000000000e-07
3.251698e+08	1.535997910849848e+00	8.383586935057317e-01	3.000000000000000e-11	3.000000000000000e-07
3.312077e+08	1.543519546044552e+00	8.424664725311867e-01	3.000000000000000e-11	3.000000000000000e-07
3.373577e+08	1.551078007819186e+00	8.465943318131971e-01	3.000000000000000e-11	3.000000000000000e-07
3.436218e+08	1.558673476412654e+00	8.507423699571657e-01	3.000000000000000e-11	3.000000000000000e-07
3.500021e+08	1.566306132946296e+00	8.549106860477519e-01	3.000000000000000e-11	3.000000000000000e-07
3.565009e+08	1.573976159428208e+00	8.590993796512527e-01	3.000000000000000e-11	3.000000000000000e-07
3.631204e+08	1.581683738757573e+00	8.633085508179937e-01	3.000000000000000e-11	3.000000000000000e-07
3.698627e+08	1.589429054729026e+00	8.675383000847323e-01	3.000000000000000e-11	3.000000000000000e-07
3.767302e+08	1.597212292037028e+00	8.717887284770728e-01	3.000000000000000e-11	3.000000000000000e-07
3.837252e+08	1.605033636280273e+00	8.760599375118917e-01	3.000000000000000e-11	3.000000000000000e-07
3.908500e+08	1.612893273966109e+00	8.803520291997761e-01	3.000000000000000e-11	3.000000000000000e-07
3.981071e+08	1.620791392514981e+00	8.846651060474725e-01	3.000000000000000e-11	3.000000000000000e-07
4.054990e+08	1.628728180264899e+00	8.889992710603479e-01	3.000000000000000e-11	3.000000000000000e-07
4.130282e+08	1.636703826475927e+00	8.933546277448626e-01	3.000000000000000e-11	3.000000000000000e-07
4.206971e+08	1.644718521334691e+00	8.977312801110547e-01	3.000000000000000e-11	3.000000000000000e-07
4.285085e+08	1.652772455958915e+00	9.021293326750365e-01	3.000000000000000e-11	3.000000000000000e-07
4.364649e+08	1.660865822401973e+00	9.065488904615027e-01	3.000000000000000e-11	3.000000000000000e-07
4.445691e+08	1.668998813657463e+00	9.109900590062509e-01	3.000000000000000e-11	3.000000000000000e-07
4.528239e+08	1.677171623663815e+00	9.154529443587139e-01	3.000000000000000e-11	3.000000000000000e-07
4.612319e+08	1.685384447308905e+00	9.199376530845045e-01	3.000000000000000e-11	3.000000000000000e-07
4.697961e+08	1.693637480434700e+00	9.244442922679711e-01	3.000000000000000e-11	3.000000000000000e-07
4.785195e+08	1.701930919841932e+00	9.289729695147677e-01	3.000000000000000e-11	3.000000000000000e-07
4.874048e+08	1.710264963294780e+00	9.335237929544347e-01	3.000000000000000e-11	3.000000000000000e-07
4.964553e+08	1.718639809525587e+00	9.380968712429919e-01	3.000000000000000e-11	3.000000000000000e-07
5.056738e+08	1.727055658239597e+00	9.426923135655453e-01	3.000000000000000e-11	3.000000000000000e-07
5.150637e+08	1.735512710119712e+00	9.473102296389047e-01	3.000000000000000e-11	3.000000000000000e-07
5.246280e+08	1.744011166831275e+00	9.519507297142149e-01	3.000000000000000e-11	3.000000000000000e-07
5.343701e+08	1.752551231026879e+00	9.566139245795995e-01	3.000000000000000e-11	3.000000000000000e-07
5.442931e+08	1.761133106351191e+00	9.612999255628167e-01	3.000000000000000e-11	3.000000000000000e-07
5.544006e+08	1.769756997445813e+00	9.660088445339284e-01	3.000000000000000e-11	3.000000000000000e-07
5.646959e+08	1.778423109954151e+00	9.707407939079821e-01	3.000000000000000e-11	3.000000000000000e-07
5.751826e+08	1.787131650526320e+00	9.754958866477048e-01	3.000000000000000e-11	3.000000000000000e-07
5.858641e+08	1.795882826824071e+00	9.802742362662115e-01	3.000000000000000e-11	3.000000000000000e-07
5.967442e+08	1.804676847525735e+00	9.850759568297247e-01	3.000000000000000e-11	3.000000000000000e-07
6.078266e+08	1.813513922331200e+00	9.899011629603087e-01	3.000000000000000e-11	3.000000000000000e-07
6.191149e+08	1.822394261966907e+00	9.947499698386157e-01	3.000000000000000e-11	3.000000000000000e-07
6.306131e+08	1.831318078190874e+00	9.996224932066459e-01	3.000000000000000e-11	3.000000000000000e-07
6.423250e+08	1.840285583797738e+00	1.004518849370520e+00	3.000000000000000e-11	3.000000000000000e-07
6.542547e+08	1.849296992623834e+00	1.009439155203268e+00	3.000000000000000e-11	3.000000000000000e-07
6.664062e+08	1.858352519552283e+00	1.014383528147624e+00	3.000000000000000e-11	3.000000000000000e-07
6.787837e+08	1.867452380518119e+00	1.019352086218845e+00	3.000000000000000e-11	3.000000000000000e-07
6.913912e+08	1.876596792513435e+00	1.024344948007534e+00	3.000000000000000e-11	3.000000000000000e-07
7.042333e+08	1.885785973592550e+00	1.029362232682482e+00	3.000000000000000e-11	3.000000000000000e-07
7.173141e+08	1.895020142877210e+00	1.034404059993521e+00	3.000000000000000e-11	3.000000000000000e-07
7.306382e+08	1.904299520561808e+00	1.039470550274392e+00	3.000000000000000e-11	3.000000000000000e-07
7.442102e+08	1.913624327918636e+00	1.044561824445629e+00	3.000000000000000e-11	3.000000000000000e-07
7.580345e+08	1.922994787303151e+00	1.049678004017447e+00	3.000000000000000e-11	3.000000000000000e-07
7.721160e+08	1.932411122159281e+00	1.054819211092662e+00	3.000000000000000e-11	3.000000000000000e-07
7.864594e+08	1.941873557024749e+00	1.059985568369604e+00	3.000000000000000e-11	3.000000000000000e-07
8.010697e+08	1.951382317536421e+00	1.065177199145062e+00	3.000000000000000e-11	3.000000000000000e-07
8.159517e+08	1.960937630435688e+00	1.070394227317230e+00	3.000000000000000e-11	3.000000000000000e-07
8.311106e+08	1.970539723573865e+00	1.075636777388678e+00	3.000000000000000e-11	3.000000000000000e-07
8.465515e+08	1.980188825917627e+00	1.080904974469327e+00	3.000000000000000e-11	3.000000000000000e-07
8.622798e+08	1.989885167554463e+00	1.086198944279446e+00	3.000000000000000e-11	3.000000000000000e-07
8.783007e+08	1.999628979698158e+00	1.091518813152661e+00	3.000000000000000e-11	3.000000000000000e-07
8.946197e+08	2.009420494694307e+00	1.096864708038976e+00	3.000000000000000e-11	3.000000000000000e-07
9.112424e+08	2.019259946025850e+00	1.102236756507813e+00	3.000000000000000e-11	3.000000000000000e-07
9.281744e+08	2.029147568318638e+00	1.107635086751066e+00	3.000000000000000e-11	3.000000000000000e-07
9.454216e+08	2.039083597347024e+00	1.113059827586164e+00	3.000000000000000e-11	3.000000000000000e-07
9.629897e+08	2.049068270039483e+00	1.118511108459155e+00	3.000000000000000e-11	3.000000000000000e-07
9.808849e+08	2.059101824484259e+00	1.123989059447803e+00	3.000000000000000e-11	3.000000000000000e-07
9.991132e+08	2.069184499935037e+00	1.129493811264703e+00	3.000000000000000e-11	3.000000000000000e-07
1.000000e+09	2.069669551451280e+00	1.129758629961280e+00	3.000000000000000e-11	3.000000000000000e-07
