#t[yr]	ecc	inc	eachmass	totalmass
0.000000e+00	1.000000000000000e-01	5.000000000000000e-02	3.000000000000000e-06	3.000000000000000e-06
1.000000e-03	9.999999966393193e-02	4.999999988133782e-02	3.000000000000000e-06	3.000000000000000e-06
1.000000e-02	9.999999663931941e-02	4.999999881337817e-02	3.000000000000000e-06	3.000000000000000e-06
1.000000e-01	9.999996639320914e-02	4.999998813378728e-02	3.000000000000000e-06	3.000000000000000e-06
1.000000e+00	9.999966393360768e-02	4.999988133842952e-02	3.000000000000000e-06	3.000000000000000e-06
1.000000e+01	9.999663948771106e-02	4.999881343996662e-02	3.000000000000000e-06	3.000000000000000e-06
1.000000e+02	9.996641003387814e-02	4.998813996428948e-02	3.000000000000000e-06	3.000000000000000e-06
2.152181e+02	9.992795205240118e-02	4.997455857137893e-02	3.000000000000000e-06	3.000000000000000e-06
3.320199e+02	9.988927619356565e-02	4.996089679463445e-02	3.000000000000000e-06	3.000000000000000e-06
4.508553e+02	9.985024143247422e-02	4.994710482000295e-02	3.000000000000000e-06	3.000000000000000e-06
5.717574e+02	9.981084720091606e-02	4.993318242172112e-02	3.000000000000000e-06	3.000000000000000e-06
6.947676e+02	9.977109049042504e-02	4.991912851311174e-02	3.000000000000000e-06	3.000000000000000e-06
8.199277e+02	9.973096831821328e-02	4.990494201741902e-02	3.000000000000000e-06	3.000000000000000e-06
9.472808e+02	9.969047768463975e-02	4.989062185281105e-02	3.000000000000000e-06	3.000000000000000e-06
1.000000e+03	9.967385635374112e-02	4.988474186833180e-02	3.000000000000000e-06	3.000000000000000e-06
1.131872e+03	9.963241554925024e-02	4.987008086813684e-02	3.000000000000000e-06	3.000000000000000e-06
1.264687e+03	9.959102885787706e-02	4.985543560849646e-02	3.000000000000000e-06	3.000000000000000e-06
1.399874e+03	9.954925578068689e-02	4.984065027531163e-02	3.000000000000000e-06	3.000000000000000e-06
1.537454e+03	9.950710093280112e-02	4.982572648480359e-02	3.000000000000000e-06	3.000000000000000e-06
1.677477e+03	9.946456109433820e-02	4.981066308245961e-02	3.000000000000000e-06	3.000000000000000e-06
1.819992e+03	9.942163316795656e-02	4.979545895817849e-02	3.000000000000000e-06	3.000000000000000e-06
1.965050e+03	9.937831403889340e-02	4.978011299677079e-02	3.000000000000000e-06	3.000000000000000e-06
2.112701e+03	9.933460057762376e-02	4.976462407892523e-02	3.000000000000000e-06	3.000000000000000e-06
2.262999e+03	9.929048964001000e-02	4.974899108128666e-02	3.000000000000000e-06	3.000000000000000e-06
2.415997e+03	9.924597806750407e-02	4.973321287655250e-02	3.000000000000000e-06	3.000000000000000e-06
2.571751e+03	9.920106268735747e-02	4.971728833357179e-02	3.000000000000000e-06	3.000000000000000e-06
2.730317e+03	9.915574031283979e-02	4.970121631744704e-02	3.000000000000000e-06	3.000000000000000e-06
2.891753e+03	9.911000774346594e-02	4.968499568963891e-02	3.000000000000000e-06	3.000000000000000e-06
3.056117e+03	9.906386176523242e-02	4.966862530807379e-02	3.000000000000000e-06	3.000000000000000e-06
3.223469e+03	9.901729915086256e-02	4.965210402725432e-02	3.000000000000000e-06	3.000000000000000e-06
3.393871e+03	9.897031666006112e-02	4.963543069837284e-02	3.000000000000000e-06	3.000000000000000e-06
3.567386e+03	9.892291103977813e-02	4.961860416942787e-02	3.000000000000000e-06	3.000000000000000e-06
3.744078e+03	9.887507902448256e-02	4.960162328534354e-02	3.000000000000000e-06	3.000000000000000e-06
3.924013e+03	9.882681733644547e-02	4.958448688809212e-02	3.000000000000000e-06	3.000000000000000e-06
4.107258e+03	9.877812268603327e-02	4.956719381681960e-02	3.000000000000000e-06	3.000000000000000e-06
4.293881e+03	9.872899177201101e-02	4.954974290797439e-02	3.000000000000000e-06	3.000000000000000e-06
4.483953e+03	9.867942128185583e-02	4.953213299543916e-02	3.000000000000000e-06	3.000000000000000e-06
4.677545e+03	9.862940789208093e-02	4.951436291066584e-02	3.000000000000000e-06	3.000000000000000e-06
4.874731e+03	9.857894826857007e-02	4.949643148281379e-02	3.000000000000000e-06	3.000000000000000e-06
5.075586e+03	9.852803906692288e-02	4.947833753889121e-02	3.000000000000000e-06	3.000000000000000e-06
5.280187e+03	9.847667693281092e-02	4.946007990389986e-02	3.000000000000000e-06	3.000000000000000e-06
5.488611e+03	9.842485850234503e-02	4.944165740098287e-02	3.000000000000000e-06	3.000000000000000e-06
5.700940e+03	9.837258040245370e-02	4.942306885157609e-02	3.000000000000000e-06	3.000000000000000e-06
5.917255e+03	9.831983925127302e-02	4.940431307556255e-02	3.000000000000000e-06	3.000000000000000e-06
6.137640e+03	9.826663165854808e-02	4.938538889143043e-02	3.000000000000000e-06	3.000000000000000e-06
6.362180e+03	9.821295422604612e-02	4.936629511643425e-02	3.000000000000000e-06	3.000000000000000e-06
6.590964e+03	9.815880354798157e-02	4.934703056675958e-02	3.000000000000000e-06	3.000000000000000e-06
6.824081e+03	9.810417621145305e-02	4.932759405769108e-02	3.000000000000000e-06	3.000000000000000e-06
7.061623e+03	9.804906879689269e-02	4.930798440378400e-02	3.000000000000000e-06	3.000000000000000e-06
7.303683e+03	9.799347787852764e-02	4.928820041903913e-02	3.000000000000000e-06	3.000000000000000e-06
7.550358e+03	9.793740002485408e-02	4.926824091708121e-02	3.000000000000000e-06	3.000000000000000e-06
7.801744e+03	9.788083179912406e-02	4.924810471134081e-02	3.000000000000000e-06	3.000000000000000e-06
8.057944e+03	9.782376975984480e-02	4.922779061523979e-02	3.000000000000000e-06	3.000000000000000e-06
8.319058e+03	9.776621046129109e-02	4.920729744238009e-02	3.000000000000000e-06	3.000000000000000e-06
8.585192e+03	9.770815045403078e-02	4.918662400673630e-02	3.000000000000000e-06	3.000000000000000e-06
8.856454e+03	9.764958628546323e-02	4.916576912285150e-02	3.000000000000000e-06	3.000000000000000e-06
9.132952e+03	9.759051450037139e-02	4.914473160603688e-02	3.000000000000000e-06	3.000000000000000e-06
9.414798e+03	9.753093164148695e-02	4.912351027257476e-02	3.000000000000000e-06	3.000000000000000e-06
9.702109e+03	9.747083425006936e-02	4.910210393992523e-02	3.000000000000000e-06	3.000000000000000e-06
9.995000e+03	9.741021886649837e-02	4.908051142693635e-02	3.000000000000000e-06	3.000000000000000e-06
1.000000e+04	9.740919542149359e-02	4.908014679377479e-02	3.000000000000000e-06	3.000000000000000e-06
1.030442e+04	9.734687714037954e-02	4.905794604679990e-02	3.000000000000000e-06	3.000000000000000e-06
1.060893e+04	9.728521923577625e-02	4.903597895063129e-02	3.000000000000000e-06	3.000000000000000e-06
1.091951e+04	9.722300983593009e-02	4.901381390566111e-02	3.000000000000000e-06	3.000000000000000e-06
1.123617e+04	9.716026893343550e-02	4.899145809162996e-02	3.000000000000000e-06	3.000000000000000e-06
1.155904e+04	9.709699261774862e-02	4.896891017525327e-02	3.000000000000000e-06	3.000000000000000e-06
1.188826e+04	9.703317744619576e-02	4.894616899158753e-02	3.000000000000000e-06	3.000000000000000e-06
1.222397e+04	9.696881997072983e-02	4.892323337542996e-02	3.000000000000000e-06	3.000000000000000e-06
1.256630e+04	9.690391674787081e-02	4.890010216484743e-02	3.000000000000000e-06	3.000000000000000e-06
1.291539e+04	9.683846433924588e-02	4.887677420135455e-02	3.000000000000000e-06	3.000000000000000e-06
1.327141e+04	9.677245931232784e-02	4.885324833016081e-02	3.000000000000000e-06	3.000000000000000e-06
1.363449e+04	9.670589824118443e-02	4.882952340041997e-02	3.000000000000000e-06	3.000000000000000e-06
1.400479e+04	9.663877770724244e-02	4.880559826548295e-02	3.000000000000000e-06	3.000000000000000e-06
1.438246e+04	9.657109430006627e-02	4.878147178315410e-02	3.000000000000000e-06	3.000000000000000e-06
1.476768e+04	9.650284461815127e-02	4.875714281595109e-02	3.000000000000000e-06	3.000000000000000e-06
1.516060e+04	9.643402526973159e-02	4.873261023136799e-02	3.000000000000000e-06	3.000000000000000e-06
1.556138e+04	9.636463287360279e-02	4.870787290214188e-02	3.000000000000000e-06	3.000000000000000e-06
1.597021e+04	9.629466405995898e-02	4.868292970652282e-02	3.000000000000000e-06	3.000000000000000e-06
1.638726e+04	9.622411547124465e-02	4.865777952854700e-02	3.000000000000000e-06	3.000000000000000e-06
1.681271e+04	9.615298376302103e-02	4.863242125831331e-02	3.000000000000000e-06	3.000000000000000e-06
1.724673e+04	9.608126560484699e-02	4.860685379226311e-02	3.000000000000000e-06	3.000000000000000e-06
1.768953e+04	9.600895768117439e-02	4.858107603346316e-02	3.000000000000000e-06	3.000000000000000e-06
1.814129e+04	9.593605669225795e-02	4.855508689189170e-02	3.000000000000000e-06	3.000000000000000e-06
1.860222e+04	9.586255935507931e-02	4.852888528472771e-02	3.000000000000000e-06	3.000000000000000e-06
1.907250e+04	9.578846240428546e-02	4.850247013664311e-02	3.000000000000000e-06	3.000000000000000e-06
1.955235e+04	9.571376259314118e-02	4.847584038009805e-02	3.000000000000000e-06	3.000000000000000e-06
2.004198e+04	9.563845669449564e-02	4.844899495563905e-02	3.000000000000000e-06	3.000000000000000e-06
2.054160e+04	9.556254150176281e-02	4.842193281220007e-02	3.000000000000000e-06	3.000000000000000e-06
2.105143e+04	9.548601382991562e-02	4.839465290740638e-02	3.000000000000000e-06	3.000000000000000e-06
2.157170e+04	9.540887051649367e-02	4.836715420788110e-02	3.000000000000000e-06	3.000000000000000e-06
2.210265e+04	9.533110842262453e-02	4.833943568955454e-02	3.000000000000000e-06	3.000000000000000e-06
2.264449e+04	9.525272443405795e-02	4.831149633797595e-02	3.000000000000000e-06	3.000000000000000e-06
2.319749e+04	9.517371546221345e-02	4.828333514862793e-02	3.000000000000000e-06	3.000000000000000e-06
2.376187e+04	9.509407844524041e-02	4.825495112724319e-02	3.000000000000000e-06	3.000000000000000e-06
2.433790e+04	9.501381034909089e-02	4.822634329012366e-02	3.000000000000000e-06	3.000000000000000e-06
2.492584e+04	9.493290816860474e-02	4.819751066446182e-02	3.000000000000000e-06	3.000000000000000e-06
2.552594e+04	9.485136892860668e-02	4.816845228866424e-02	3.000000000000000e-06	3.000000000000000e-06
2.613847e+04	9.476918968501524e-02	4.813916721267711e-02	3.000000000000000e-06	3.000000000000000e-06
2.676372e+04	9.468636752596311e-02	4.810965449831375e-02	3.000000000000000e-06	3.000000000000000e-06
2.740195e+04	9.460289957292857e-02	4.807991321958394e-02	3.000000000000000e-06	3.000000000000000e-06
2.805347e+04	9.451878298187784e-02	4.804994246302500e-02	3.000000000000000e-06	3.000000000000000e-06
2.871857e+04	9.443401494441774e-02	4.801974132803448e-02	3.000000000000000e-06	3.000000000000000e-06
2.939755e+04	9.434859268895858e-02	4.798930892720431e-02	3.000000000000000e-06	3.000000000000000e-06
3.009071e+04	9.426251348188656e-02	4.795864438665643e-02	3.000000000000000e-06	3.000000000000000e-06
3.079837e+04	9.417577462874556e-02	4.792774684637947e-02	3.000000000000000e-06	3.000000000000000e-06
3.152086e+04	9.408837347542774e-02	4.789661546056676e-02	3.000000000000000e-06	3.000000000000000e-06
3.225850e+04	9.400030740937247e-02	4.786524939795520e-02	3.000000000000000e-06	3.000000000000000e-06
3.301163e+04	9.391157386077335e-02	4.783364784216496e-02	3.000000000000000e-06	3.000000000000000e-06
3.378059e+04	9.382217030379247e-02	4.780180999203992e-02	3.000000000000000e-06	3.000000000000000e-06
3.456575e+04	9.373209425778178e-02	4.776973506198868e-02	3.000000000000000e-06	3.000000000000000e-06
3.536745e+04	9.364134328851073e-02	4.773742228232587e-02	3.000000000000000e-06	3.000000000000000e-06
3.618607e+04	9.354991500939998e-02	4.770487089961383e-02	3.000000000000000e-06	3.000000000000000e-06
3.702198e+04	9.345780708276018e-02	4.767208017700424e-02	3.000000000000000e-06	3.000000000000000e-06
3.787557e+04	9.336501722103570e-02	4.763904939457977e-02	3.000000000000000e-06	3.000000000000000e-06
3.874723e+04	9.327154318805236e-02	4.760577784969545e-02	3.000000000000000e-06	3.000000000000000e-06
3.963737e+04	9.317738280026872e-02	4.757226485731957e-02	3.000000000000000e-06	3.000000000000000e-06
4.054639e+04	9.308253392803023e-02	4.753850975037404e-02	3.000000000000000e-06	3.000000000000000e-06
4.147472e+04	9.298699449682568e-02	4.750451188007399e-02	3.000000000000000e-06	3.000000000000000e-06
4.242278e+04	9.289076248854501e-02	4.747027061626630e-02	3.000000000000000e-06	3.000000000000000e-06
4.339103e+04	9.279383594273820e-02	4.743578534776717e-02	3.000000000000000e-06	3.000000000000000e-06
4.437989e+04	9.269621295787410e-02	4.740105548269813e-02	3.000000000000000e-06	3.000000000000000e-06
4.538985e+04	9.259789169259884e-02	4.736608044882071e-02	3.000000000000000e-06	3.000000000000000e-06
4.642136e+04	9.249887036699278e-02	4.733085969386931e-02	3.000000000000000e-06	3.000000000000000e-06
4.747490e+04	9.239914726382537e-02	4.729539268588208e-02	3.000000000000000e-06	3.000000000000000e-06
4.855097e+04	9.229872072980720e-02	4.725967891352981e-02	3.000000000000000e-06	3.000000000000000e-06
4.965007e+04	9.219758917683833e-02	4.722371788644238e-02	3.000000000000000e-06	3.000000000000000e-06
5.077270e+04	9.209575108325208e-02	4.718750913553264e-02	3.000000000000000e-06	3.000000000000000e-06
5.191941e+04	9.199320499505349e-02	4.715105221331767e-02	3.000000000000000e-06	3.000000000000000e-06
5.309071e+04	9.188994952715178e-02	4.711434669423693e-02	3.000000000000000e-06	3.000000000000000e-06
5.428716e+04	9.178598336458553e-02	4.707739217496726e-02	3.000000000000000e-06	3.000000000000000e-06
5.550931e+04	9.168130526374010e-02	4.704018827473452e-02	3.000000000000000e-06	3.000000000000000e-06
5.675775e+04	9.157591405355622e-02	4.700273463562154e-02	3.000000000000000e-06	3.000000000000000e-06
5.803304e+04	9.146980863672891e-02	4.696503092287222e-02	3.000000000000000e-06	3.000000000000000e-06
5.933580e+04	9.136298799089575e-02	4.692707682519161e-02	3.000000000000000e-06	3.000000000000000e-06
6.066663e+04	9.125545116981368e-02	4.688887205504159e-02	3.000000000000000e-06	3.000000000000000e-06
6.202614e+04	9.114719730452328e-02	4.685041634893210e-02	3.000000000000000e-06	3.000000000000000e-06
6.341499e+04	9.103822560449970e-02	4.681170946770756e-02	3.000000000000000e-06	3.000000000000000e-06
6.483382e+04	9.092853535878913e-02	4.677275119682828e-02	3.000000000000000e-06	3.000000000000000e-06
6.628330e+04	9.081812593713012e-02	4.673354134664669e-02	3.000000000000000e-06	3.000000000000000e-06
6.776411e+04	9.070699679105848e-02	4.669407975267809e-02	3.000000000000000e-06	3.000000000000000e-06
6.927693e+04	9.059514745499489e-02	4.665436627586572e-02	3.000000000000000e-06	3.000000000000000e-06
7.082248e+04	9.048257754731447e-02	4.661440080283984e-02	3.000000000000000e-06	3.000000000000000e-06
7.240149e+04	9.036928677139691e-02	4.657418324617076e-02	3.000000000000000e-06	3.000000000000000e-06
7.401469e+04	9.025527491665655e-02	4.653371354461543e-02	3.000000000000000e-06	3.000000000000000e-06
7.566285e+04	9.014054185955114e-02	4.649299166335740e-02	3.000000000000000e-06	3.000000000000000e-06
7.734673e+04	9.002508756456860e-02	4.645201759423996e-02	3.000000000000000e-06	3.000000000000000e-06
7.906712e+04	8.990891208519042e-02	4.641079135599221e-02	3.000000000000000e-06	3.000000000000000e-06
8.082483e+04	8.979201556483103e-02	4.636931299444782e-02	3.000000000000000e-06	3.000000000000000e-06
8.262069e+04	8.967439823775206e-02	4.632758258275620e-02	3.000000000000000e-06	3.000000000000000e-06
8.445553e+04	8.955606042995035e-02	4.628560022158611e-02	3.000000000000000e-06	3.000000000000000e-06
8.633021e+04	8.943700256001909e-02	4.624336603932104e-02	3.000000000000000e-06	3.000000000000000e-06
8.824562e+04	8.931722513998068e-02	4.620088019224664e-02	3.000000000000000e-06	3.000000000000000e-06
9.020264e+04	8.919672877609082e-02	4.615814286472959e-02	3.000000000000000e-06	3.000000000000000e-06
9.220219e+04	8.907551416961243e-02	4.611515426938797e-02	3.000000000000000e-06	3.000000000000000e-06
9.424522e+04	8.895358211755885e-02	4.607191464725270e-02	3.000000000000000e-06	3.000000000000000e-06
9.633266e+04	8.883093351340517e-02	4.602842426792007e-02	3.000000000000000e-06	3.000000000000000e-06
9.846550e+04	8.870756934776676e-02	4.598468342969499e-02	3.000000000000000e-06	3.000000000000000e-06
1.000000e+05	8.862021802388548e-02	4.595371177110365e-02	3.000000000000000e-06	3.000000000000000e-06
1.022266e+05	8.849484266683325e-02	4.590926337551654e-02	3.000000000000000e-06	3.000000000000000e-06
1.044873e+05	8.836956120668447e-02	4.586485127296529e-02	3.000000000000000e-06	3.000000000000000e-06
1.067975e+05	8.824355134819138e-02	4.582018391365403e-02	3.000000000000000e-06	3.000000000000000e-06
1.091580e+05	8.811683229333561e-02	4.577526802253571e-02	3.000000000000000e-06	3.000000000000000e-06
1.115698e+05	8.798940521644404e-02	4.573010392863246e-02	3.000000000000000e-06	3.000000000000000e-06
1.140342e+05	8.786127178324588e-02	4.568469212882507e-02	3.000000000000000e-06	3.000000000000000e-06
1.165521e+05	8.773243375223334e-02	4.563903314649492e-02	3.000000000000000e-06	3.000000000000000e-06
1.191249e+05	8.760289298361801e-02	4.559312753462651e-02	3.000000000000000e-06	3.000000000000000e-06
1.217537e+05	8.747265143946266e-02	4.554697587578630e-02	3.000000000000000e-06	3.000000000000000e-06
1.244396e+05	8.734171118396103e-02	4.550057878215745e-02	3.000000000000000e-06	3.000000000000000e-06
1.271841e+05	8.721007438367170e-02	4.545393689556215e-02	3.000000000000000e-06	3.000000000000000e-06
1.299882e+05	8.707774330770943e-02	4.540705088747261e-02	3.000000000000000e-06	3.000000000000000e-06
1.328534e+05	8.694472032789338e-02	4.535992145901076e-02	3.000000000000000e-06	3.000000000000000e-06
1.357809e+05	8.681100791885181e-02	4.531254934093644e-02	3.000000000000000e-06	3.000000000000000e-06
1.387721e+05	8.667660865808238e-02	4.526493529362406e-02	3.000000000000000e-06	3.000000000000000e-06
1.418284e+05	8.654152522596797e-02	4.521708010702764e-02	3.000000000000000e-06	3.000000000000000e-06
1.449511e+05	8.640576040574723e-02	4.516898460063406e-02	3.000000000000000e-06	3.000000000000000e-06
1.481418e+05	8.626931708343973e-02	4.512064962340465e-02	3.000000000000000e-06	3.000000000000000e-06
1.514018e+05	8.613219824772513e-02	4.507207605370480e-02	3.000000000000000e-06	3.000000000000000e-06
1.547326e+05	8.599440698977619e-02	4.502326479922181e-02	3.000000000000000e-06	3.000000000000000e-06
1.581359e+05	8.585594650304523e-02	4.497421679687078e-02	3.000000000000000e-06	3.000000000000000e-06
1.616130e+05	8.571682008300384e-02	4.492493301268848e-02	3.000000000000000e-06	3.000000000000000e-06
1.651657e+05	8.557703112683566e-02	4.487541444171536e-02	3.000000000000000e-06	3.000000000000000e-06
1.687955e+05	8.543658313308200e-02	4.482566210786561e-02	3.000000000000000e-06	3.000000000000000e-06
1.725041e+05	8.529547970124021e-02	4.477567706378507e-02	3.000000000000000e-06	3.000000000000000e-06
1.762932e+05	8.515372453131478e-02	4.472546039069744e-02	3.000000000000000e-06	3.000000000000000e-06
1.801644e+05	8.501132142332107e-02	4.467501319823838e-02	3.000000000000000e-06	3.000000000000000e-06
1.841196e+05	8.486827427674169e-02	4.462433662427782e-02	3.000000000000000e-06	3.000000000000000e-06
1.881605e+05	8.472458708993567e-02	4.457343183473037e-02	3.000000000000000e-06	3.000000000000000e-06
1.922889e+05	8.458026395950044e-02	4.452230002335402e-02	3.000000000000000e-06	3.000000000000000e-06
1.965068e+05	8.443530907958682e-02	4.447094241153707e-02	3.000000000000000e-06	3.000000000000000e-06
2.008159e+05	8.428972674116716e-02	4.441936024807340e-02	3.000000000000000e-06	3.000000000000000e-06
2.052183e+05	8.414352133125706e-02	4.436755480892633e-02	3.000000000000000e-06	3.000000000000000e-06
2.097158e+05	8.399669733209063e-02	4.431552739698084e-02	3.000000000000000e-06	3.000000000000000e-06
2.143106e+05	8.384925932025004e-02	4.426327934178468e-02	3.000000000000000e-06	3.000000000000000e-06
2.190047e+05	8.370121196574946e-02	4.421081199927805e-02	3.000000000000000e-06	3.000000000000000e-06
2.238001e+05	8.355256003107381e-02	4.415812675151239e-02	3.000000000000000e-06	3.000000000000000e-06
2.286990e+05	8.340330837017305e-02	4.410522500635812e-02	3.000000000000000e-06	3.000000000000000e-06
2.337035e+05	8.325346192741231e-02	4.405210819720166e-02	3.000000000000000e-06	3.000000000000000e-06
2.388160e+05	8.310302573647847e-02	4.399877778263184e-02	3.000000000000000e-06	3.000000000000000e-06
2.440386e+05	8.295200491924389e-02	4.394523524611578e-02	3.000000000000000e-06	3.000000000000000e-06
2.493736e+05	8.280040468458781e-02	4.389148209566465e-02	3.000000000000000e-06	3.000000000000000e-06
2.548235e+05	8.264823032717634e-02	4.383751986348923e-02	3.000000000000000e-06	3.000000000000000e-06
2.603905e+05	8.249548722620156e-02	4.378335010564573e-02	3.000000000000000e-06	3.000000000000000e-06
2.660772e+05	8.234218084408053e-02	4.372897440167187e-02	3.000000000000000e-06	3.000000000000000e-06
2.718861e+05	8.218831672511524e-02	4.367439435421355e-02	3.000000000000000e-06	3.000000000000000e-06
2.778196e+05	8.203390049411427e-02	4.361961158864235e-02	3.000000000000000e-06	3.000000000000000e-06
2.838804e+05	8.187893785497677e-02	4.356462775266402e-02	3.000000000000000e-06	3.000000000000000e-06
2.900711e+05	8.172343458924029e-02	4.350944451591831e-02	3.000000000000000e-06	3.000000000000000e-06
2.963943e+05	8.156739655459291e-02	4.345406356957029e-02	3.000000000000000e-06	3.000000000000000e-06
3.028530e+05	8.141082968335088e-02	4.339848662589349e-02	3.000000000000000e-06	3.000000000000000e-06
3.094497e+05	8.125373998090296e-02	4.334271541784507e-02	3.000000000000000e-06	3.000000000000000e-06
3.161875e+05	8.109613352412222e-02	4.328675169863342e-02	3.000000000000000e-06	3.000000000000000e-06
3.230691e+05	8.093801645974677e-02	4.323059724127826e-02	3.000000000000000e-06	3.000000000000000e-06
3.300976e+05	8.077939500273019e-02	4.317425383816375e-02	3.000000000000000e-06	3.000000000000000e-06
3.372760e+05	8.062027543456322e-02	4.311772330058479e-02	3.000000000000000e-06	3.000000000000000e-06
3.446073e+05	8.046066410156749e-02	4.306100745828677e-02	3.000000000000000e-06	3.000000000000000e-06
3.520947e+05	8.030056741316287e-02	4.300410815899919e-02	3.000000000000000e-06	3.000000000000000e-06
3.597414e+05	8.013999184010949e-02	4.294702726796337e-02	3.000000000000000e-06	3.000000000000000e-06
3.675506e+05	7.997894391272571e-02	4.288976666745460e-02	3.000000000000000e-06	3.000000000000000e-06
3.755256e+05	7.981743021908337e-02	4.283232825629904e-02	3.000000000000000e-06	3.000000000000000e-06
3.836699e+05	7.965545740318154e-02	4.277471394938568e-02	3.000000000000000e-06	3.000000000000000e-06
3.919868e+05	7.949303216310026e-02	4.271692567717373e-02	3.000000000000000e-06	3.000000000000000e-06
4.004800e+05	7.933016124913532e-02	4.265896538519567e-02	3.000000000000000e-06	3.000000000000000e-06
4.091529e+05	7.916685146191574e-02	4.260083503355640e-02	3.000000000000000e-06	3.000000000000000e-06
4.180092e+05	7.900310965050503e-02	4.254253659642877e-02	3.000000000000000e-06	3.000000000000000e-06
4.270526e+05	7.883894271048780e-02	4.248407206154577e-02	3.000000000000000e-06	3.000000000000000e-06
4.362869e+05	7.867435758204301e-02	4.242544342968985e-02	3.000000000000000e-06	3.000000000000000e-06
4.457160e+05	7.850936124800507e-02	4.236665271417954e-02	3.000000000000000e-06	3.000000000000000e-06
4.553438e+05	7.834396073191452e-02	4.230770194035383e-02	3.000000000000000e-06	3.000000000000000e-06
4.651742e+05	7.817816309605942e-02	4.224859314505461e-02	3.000000000000000e-06	3.000000000000000e-06
4.752115e+05	7.801197543950879e-02	4.218932837610740e-02	3.000000000000000e-06	3.000000000000000e-06
4.854596e+05	7.784540489613972e-02	4.212990969180093e-02	3.000000000000000e-06	3.000000000000000e-06
4.959229e+05	7.767845863265931e-02	4.207033916036566e-02	3.000000000000000e-06	3.000000000000000e-06
5.066057e+05	7.751114384662278e-02	4.201061885945169e-02	3.000000000000000e-06	3.000000000000000e-06
5.175123e+05	7.734346776444949e-02	4.195075087560642e-02	3.000000000000000e-06	3.000000000000000e-06
5.286473e+05	7.717543763943760e-02	4.189073730375218e-02	3.000000000000000e-06	3.000000000000000e-06
5.400151e+05	7.700706074977932e-02	4.183058024666422e-02	3.000000000000000e-06	3.000000000000000e-06
5.516205e+05	7.683834439657769e-02	4.177028181444935e-02	3.000000000000000e-06	3.000000000000000e-06
5.634682e+05	7.666929590186633e-02	4.170984412402561e-02	3.000000000000000e-06	3.000000000000000e-06
5.755629e+05	7.649992260663355e-02	4.164926929860318e-02	3.000000000000000e-06	3.000000000000000e-06
5.879097e+05	7.633023186885195e-02	4.158855946716685e-02	3.000000000000000e-06	3.000000000000000e-06
6.005134e+05	7.616023106151483e-02	4.152771676396049e-02	3.000000000000000e-06	3.000000000000000e-06
6.133792e+05	7.598992757068077e-02	4.146674332797361e-02	3.000000000000000e-06	3.000000000000000e-06
6.265123e+05	7.581932879352733e-02	4.140564130243047e-02	3.000000000000000e-06	3.000000000000000e-06
6.399179e+05	7.564844213641551e-02	4.134441283428189e-02	3.000000000000000e-06	3.000000000000000e-06
6.536015e+05	7.547727501296563e-02	4.128306007370022e-02	3.000000000000000e-06	3.000000000000000e-06
6.675685e+05	7.530583484214619e-02	4.122158517357750e-02	3.000000000000000e-06	3.000000000000000e-06
6.818245e+05	7.513412904637669e-02	4.115999028902731e-02	3.000000000000000e-06	3.000000000000000e-06
6.963752e+05	7.496216504964549e-02	4.109827757689044e-02	3.000000000000000e-06	3.000000000000000e-06
7.112264e+05	7.478995027564384e-02	4.103644919524465e-02	3.000000000000000e-06	3.000000000000000e-06
7.263840e+05	7.461749214591701e-02	4.097450730291883e-02	3.000000000000000e-06	3.000000000000000e-06
7.418539e+05	7.444479807803384e-02	4.091245405901169e-02	3.000000000000000e-06	3.000000000000000e-06
7.576424e+05	7.427187548377520e-02	4.085029162241575e-02	3.000000000000000e-06	3.000000000000000e-06
7.737556e+05	7.409873176734284e-02	4.078802215134476e-02	3.000000000000000e-06	3.000000000000000e-06
7.901998e+05	7.392537432358917e-02	4.072564780286876e-02	3.000000000000000e-06	3.000000000000000e-06
8.069817e+05	7.375181053626904e-02	4.066317073245306e-02	3.000000000000000e-06	3.000000000000000e-06
8.241077e+05	7.357804777631441e-02	4.060059309350331e-02	3.000000000000000e-06	3.000000000000000e-06
8.415845e+05	7.340409340013250e-02	4.053791703691644e-02	3.000000000000000e-06	3.000000000000000e-06
8.594190e+05	7.322995474792854e-02	4.047514471063767e-02	3.000000000000000e-06	3.000000000000000e-06
8.776181e+05	7.305563914205357e-02	4.041227825922377e-02	3.000000000000000e-06	3.000000000000000e-06
8.961889e+05	7.288115388537829e-02	4.034931982341276e-02	3.000000000000000e-06	3.000000000000000e-06
9.151386e+05	7.270650625969334e-02	4.028627153970016e-02	3.000000000000000e-06	3.000000000000000e-06
9.344746e+05	7.253170352413695e-02	4.022313553992198e-02	3.000000000000000e-06	3.000000000000000e-06
9.542043e+05	7.235675291365037e-02	4.015991395084463e-02	3.000000000000000e-06	3.000000000000000e-06
9.743354e+05	7.218166163746180e-02	4.009660889376181e-02	3.000000000000000e-06	3.000000000000000e-06
9.948756e+05	7.200643687759921e-02	4.003322248409859e-02	3.000000000000000e-06	3.000000000000000e-06
1.000000e+06	7.196360003930251e-02	4.001771335680453e-02	3.000000000000000e-06	3.000000000000000e-06
1.021382e+06	7.178553815019206e-02	3.995325863440534e-02	3.000000000000000e-06	3.000000000000000e-06
1.042870e+06	7.161009128210480e-02	3.988971545001932e-02	3.000000000000000e-06	3.000000000000000e-06
1.064800e+06	7.143447954188975e-02	3.982607800918796e-02	3.000000000000000e-06	3.000000000000000e-06
1.087173e+06	7.125876566404535e-02	3.976236854681251e-02	3.000000000000000e-06	3.000000000000000e-06
1.109999e+06	7.108295555258685e-02	3.969858873877453e-02	3.000000000000000e-06	3.000000000000000e-06
1.133286e+06	7.090705620956782e-02	3.963474066327623e-02	3.000000000000000e-06	3.000000000000000e-06
1.157042e+06	7.073107457734232e-02	3.957082638180957e-02	3.000000000000000e-06	3.000000000000000e-06
1.181278e+06	7.055501756039695e-02	3.950684794717773e-02	3.000000000000000e-06	3.000000000000000e-06
1.206001e+06	7.037889202369217e-02	3.944280740300355e-02	3.000000000000000e-06	3.000000000000000e-06
1.231222e+06	7.020270479150481e-02	3.937870678341587e-02	3.000000000000000e-06	3.000000000000000e-06
1.256950e+06	7.002646264629397e-02	3.931454811274053e-02	3.000000000000000e-06	3.000000000000000e-06
1.283195e+06	6.985017232760000e-02	3.925033340519948e-02	3.000000000000000e-06	3.000000000000000e-06
1.309966e+06	6.967384053097635e-02	3.918606466461808e-02	3.000000000000000e-06	3.000000000000000e-06
1.337273e+06	6.949747390695445e-02	3.912174388414050e-02	3.000000000000000e-06	3.000000000000000e-06
1.365127e+06	6.932107906004163e-02	3.905737304595324e-02	3.000000000000000e-06	3.000000000000000e-06
1.393539e+06	6.914466254775217e-02	3.899295412101685e-02	3.000000000000000e-06	3.000000000000000e-06
1.422518e+06	6.896823087967123e-02	3.892848906880578e-02	3.000000000000000e-06	3.000000000000000e-06
1.452076e+06	6.879179051655190e-02	3.886397983705632e-02	3.000000000000000e-06	3.000000000000000e-06
1.482223e+06	6.861534786944515e-02	3.879942836152282e-02	3.000000000000000e-06	3.000000000000000e-06
1.512971e+06	6.843890929886247e-02	3.873483656574179e-02	3.000000000000000e-06	3.000000000000000e-06
1.544332e+06	6.826248111397139e-02	3.867020636080434e-02	3.000000000000000e-06	3.000000000000000e-06
1.576316e+06	6.808606957182338e-02	3.860553964513646e-02	3.000000000000000e-06	3.000000000000000e-06
1.608935e+06	6.790968087661418e-02	3.854083830428740e-02	3.000000000000000e-06	3.000000000000000e-06
1.642203e+06	6.773332117897625e-02	3.847610421072608e-02	3.000000000000000e-06	3.000000000000000e-06
1.676130e+06	6.755699657530329e-02	3.841133922364529e-02	3.000000000000000e-06	3.000000000000000e-06
1.710730e+06	6.738071310710622e-02	3.834654518877387e-02	3.000000000000000e-06	3.000000000000000e-06
1.746015e+06	6.720447676040095e-02	3.828172393819670e-02	3.000000000000000e-06	3.000000000000000e-06
1.781998e+06	6.702829346512700e-02	3.821687729018235e-02	3.000000000000000e-06	3.000000000000000e-06
1.818693e+06	6.685216909459710e-02	3.815200704901849e-02	3.000000000000000e-06	3.000000000000000e-06
1.856112e+06	6.667610946497746e-02	3.808711500485495e-02	3.000000000000000e-06	3.000000000000000e-06
1.894269e+06	6.650012033479805e-02	3.802220293355420e-02	3.000000000000000e-06	3.000000000000000e-06
1.933179e+06	6.632420740449288e-02	3.795727259654942e-02	3.000000000000000e-06	3.000000000000000e-06
1.972855e+06	6.614837631596976e-02	3.789232574070983e-02	3.000000000000000e-06	3.000000000000000e-06
2.013313e+06	6.597263265220910e-02	3.782736409821343e-02	3.000000000000000e-06	3.000000000000000e-06
2.054565e+06	6.579698193689154e-02	3.776238938642683e-02	3.000000000000000e-06	3.000000000000000e-06
2.096629e+06	6.562142963405385e-02	3.769740330779230e-02	3.000000000000000e-06	3.000000000000000e-06
2.139518e+06	6.544598114777271e-02	3.763240754972173e-02	3.000000000000000e-06	3.000000000000000e-06
2.183248e+06	6.527064182187602e-02	3.756740378449760e-02	3.000000000000000e-06	3.000000000000000e-06
2.227836e+06	6.509541693968111e-02	3.750239366918072e-02	3.000000000000000e-06	3.000000000000000e-06
2.273297e+06	6.492031172375974e-02	3.743737884552466e-02	3.000000000000000e-06	3.000000000000000e-06
2.319648e+06	6.474533133572899e-02	3.737236093989686e-02	3.000000000000000e-06	3.000000000000000e-06
2.366904e+06	6.457048087606791e-02	3.730734156320620e-02	3.000000000000000e-06	3.000000000000000e-06
2.415084e+06	6.439576538395940e-02	3.724232231083693e-02	3.000000000000000e-06	3.000000000000000e-06
2.464205e+06	6.422118983715666e-02	3.717730476258897e-02	3.000000000000000e-06	3.000000000000000e-06
2.514284e+06	6.404675915187390e-02	3.711229048262431e-02	3.000000000000000e-06	3.000000000000000e-06
2.565339e+06	6.387247818270078e-02	3.704728101941949e-02	3.000000000000000e-06	3.000000000000000e-06
2.617388e+06	6.369835172254007e-02	3.698227790572398e-02	3.000000000000000e-06	3.000000000000000e-06
2.670451e+06	6.352438450256792e-02	3.691728265852452e-02	3.000000000000000e-06	3.000000000000000e-06
2.724545e+06	6.335058119221647e-02	3.685229677901493e-02	3.000000000000000e-06	3.000000000000000e-06
2.779690e+06	6.317694639917808e-02	3.678732175257181e-02	3.000000000000000e-06	3.000000000000000e-06
2.835907e+06	6.300348466943072e-02	3.672235904873544e-02	3.000000000000000e-06	3.000000000000000e-06
2.893214e+06	6.283020048728410e-02	3.665741012119619e-02	3.000000000000000e-06	3.000000000000000e-06
2.951632e+06	6.265709827544597e-02	3.659247640778611e-02	3.000000000000000e-06	3.000000000000000e-06
3.011183e+06	6.248418239510790e-02	3.652755933047568e-02	3.000000000000000e-06	3.000000000000000e-06
3.071886e+06	6.231145714605048e-02	3.646266029537545e-02	3.000000000000000e-06	3.000000000000000e-06
3.133764e+06	6.213892676676681e-02	3.639778069274271e-02	3.000000000000000e-06	3.000000000000000e-06
3.196839e+06	6.196659543460437e-02	3.633292189699274e-02	3.000000000000000e-06	3.000000000000000e-06
3.261132e+06	6.179446726592434e-02	3.626808526671482e-02	3.000000000000000e-06	3.000000000000000e-06
3.326667e+06	6.162254631627802e-02	3.620327214469274e-02	3.000000000000000e-06	3.000000000000000e-06
3.393466e+06	6.145083658059987e-02	3.613848385792962e-02	3.000000000000000e-06	3.000000000000000e-06
3.461553e+06	6.127934199341661e-02	3.607372171767709e-02	3.000000000000000e-06	3.000000000000000e-06
3.530953e+06	6.110806642907185e-02	3.600898701946866e-02	3.000000000000000e-06	3.000000000000000e-06
3.601689e+06	6.093701370196589e-02	3.594428104315697e-02	3.000000000000000e-06	3.000000000000000e-06
3.673786e+06	6.076618756681003e-02	3.587960505295516e-02	3.000000000000000e-06	3.000000000000000e-06
3.747270e+06	6.059559171889497e-02	3.581496029748191e-02	3.000000000000000e-06	3.000000000000000e-06
3.822167e+06	6.042522979437290e-02	3.575034800981022e-02	3.000000000000000e-06	3.000000000000000e-06
3.898502e+06	6.025510537055266e-02	3.568576940751981e-02	3.000000000000000e-06	3.000000000000000e-06
3.976302e+06	6.008522196620753e-02	3.562122569275292e-02	3.000000000000000e-06	3.000000000000000e-06
4.055595e+06	5.991558304189531e-02	3.555671805227347e-02	3.000000000000000e-06	3.000000000000000e-06
4.136409e+06	5.974619200029002e-02	3.549224765752954e-02	3.000000000000000e-06	3.000000000000000e-06
4.218771e+06	5.957705218652495e-02	3.542781566471889e-02	3.000000000000000e-06	3.000000000000000e-06
4.302710e+06	5.940816688854648e-02	3.536342321485754e-02	3.000000000000000e-06	3.000000000000000e-06
4.388256e+06	5.923953933747825e-02	3.529907143385130e-02	3.000000000000000e-06	3.000000000000000e-06
4.475439e+06	5.907117270799538e-02	3.523476143257009e-02	3.000000000000000e-06	3.000000000000000e-06
4.564288e+06	5.890307011870803e-02	3.517049430692493e-02	3.000000000000000e-06	3.000000000000000e-06
4.654835e+06	5.873523463255417e-02	3.510627113794762e-02	3.000000000000000e-06	3.000000000000000e-06
4.747111e+06	5.856766925720093e-02	3.504209299187284e-02	3.000000000000000e-06	3.000000000000000e-06
4.841148e+06	5.840037694545427e-02	3.497796092022271e-02	3.000000000000000e-06	3.000000000000000e-06
4.936979e+06	5.823336059567642e-02	3.491387595989365e-02	3.000000000000000e-06	3.000000000000000e-06
5.034637e+06	5.806662305221078e-02	3.484983913324546e-02	3.000000000000000e-06	3.000000000000000e-06
5.134156e+06	5.790016710581397e-02	3.478585144819241e-02	3.000000000000000e-06	3.000000000000000e-06
5.235570e+06	5.773399549409445e-02	3.472191389829656e-02	3.000000000000000e-06	3.000000000000000e-06
5.338914e+06	5.756811090195749e-02	3.465802746286279e-02	3.000000000000000e-06	3.000000000000000e-06
5.444225e+06	5.740251596205609e-02	3.459419310703585e-02	3.000000000000000e-06	3.000000000000000e-06
5.551539e+06	5.723721325524745e-02	3.453041178189902e-02	3.000000000000000e-06	3.000000000000000e-06
5.660892e+06	5.707220531105472e-02	3.446668442457454e-02	3.000000000000000e-06	3.000000000000000e-06
5.772323e+06	5.690749460813357e-02	3.440301195832555e-02	3.000000000000000e-06	3.000000000000000e-06
5.885869e+06	5.674308357474336e-02	3.433939529265959e-02	3.000000000000000e-06	3.000000000000000e-06
6.001571e+06	5.657897458922255e-02	3.427583532343344e-02	3.000000000000000e-06	3.000000000000000e-06
6.119467e+06	5.641516998046792e-02	3.421233293295938e-02	3.000000000000000e-06	3.000000000000000e-06
6.239599e+06	5.625167202841750e-02	3.414888899011265e-02	3.000000000000000e-06	3.000000000000000e-06
6.362008e+06	5.608848296453674e-02	3.408550435044006e-02	3.000000000000000e-06	3.000000000000000e-06
6.486736e+06	5.592560497230762e-02	3.402217985626983e-02	3.000000000000000e-06	3.000000000000000e-06
6.613825e+06	5.576304018772056e-02	3.395891633682235e-02	3.000000000000000e-06	3.000000000000000e-06
6.743320e+06	5.560079069976867e-02	3.389571460832191e-02	3.000000000000000e-06	3.000000000000000e-06
6.875265e+06	5.543885855094418e-02	3.383257547410939e-02	3.000000000000000e-06	3.000000000000000e-06
7.009705e+06	5.527724573773675e-02	3.376949972475574e-02	3.000000000000000e-06	3.000000000000000e-06
7.146687e+06	5.511595421113341e-02	3.370648813817619e-02	3.000000000000000e-06	3.000000000000000e-06
7.286257e+06	5.495498587711985e-02	3.364354147974514e-02	3.000000000000000e-06	3.000000000000000e-06
7.428463e+06	5.479434259718285e-02	3.358066050241183e-02	3.000000000000000e-06	3.000000000000000e-06
7.573354e+06	5.463402618881359e-02	3.351784594681637e-02	3.000000000000000e-06	3.000000000000000e-06
7.720979e+06	5.447403842601163e-02	3.345509854140641e-02	3.000000000000000e-06	3.000000000000000e-06
7.871390e+06	5.431438103978935e-02	3.339241900255424e-02	3.000000000000000e-06	3.000000000000000e-06
8.024636e+06	5.415505571867654e-02	3.332980803467429e-02	3.000000000000000e-06	3.000000000000000e-06
8.180772e+06	5.399606410922506e-02	3.326726633034091e-02	3.000000000000000e-06	3.000000000000000e-06
8.339849e+06	5.383740781651336e-02	3.320479457040654e-02	3.000000000000000e-06	3.000000000000000e-06
8.501924e+06	5.367908840465046e-02	3.314239342412006e-02	3.000000000000000e-06	3.000000000000000e-06
8.667050e+06	5.352110739727952e-02	3.308006354924529e-02	3.000000000000000e-06	3.000000000000000e-06
8.835284e+06	5.336346627808058e-02	3.301780559217972e-02	3.000000000000000e-06	3.000000000000000e-06
9.006684e+06	5.320616649127238e-02	3.295562018807323e-02	3.000000000000000e-06	3.000000000000000e-06
9.181308e+06	5.304920944211305e-02	3.289350796094696e-02	3.000000000000000e-06	3.000000000000000e-06
9.359215e+06	5.289259649739964e-02	3.283146952381210e-02	3.000000000000000e-06	3.000000000000000e-06
9.540466e+06	5.273632898596608e-02	3.276950547878865e-02	3.000000000000000e-06	3.000000000000000e-06
9.725124e+06	5.258040819917972e-02	3.270761641722415e-02	3.000000000000000e-06	3.000000000000000e-06
9.913250e+06	5.242483539143605e-02	3.264580291981221e-02	3.000000000000000e-06	3.000000000000000e-06
1.000000e+07	5.235463404248605e-02	3.261787341295703e-02	3.000000000000000e-06	3.000000000000000e-06
1.019526e+07	5.219798300752448e-02	3.255554007075429e-02	3.000000000000000e-06	3.000000000000000e-06
1.039217e+07	5.204330125251842e-02	3.249392666884288e-02	3.000000000000000e-06	3.000000000000000e-06
1.059281e+07	5.188894166942755e-02	3.243237888026538e-02	3.000000000000000e-06	3.000000000000000e-06
1.079722e+07	5.173493577876428e-02	3.237090934047557e-02	3.000000000000000e-06	3.000000000000000e-06
1.100546e+07	5.158128408004665e-02	3.230951835048047e-02	3.000000000000000e-06	3.000000000000000e-06
1.121761e+07	5.142798761087464e-02	3.224820642909176e-02	3.000000000000000e-06	3.000000000000000e-06
1.143373e+07	5.127504736494946e-02	3.218697408113907e-02	3.000000000000000e-06	3.000000000000000e-06
1.165390e+07	5.112246430329546e-02	3.212582180186929e-02	3.000000000000000e-06	3.000000000000000e-06
1.187819e+07	5.097023935453442e-02	3.206475007698312e-02	3.000000000000000e-06	3.000000000000000e-06
1.210669e+07	5.081837341535864e-02	3.200375938275177e-02	3.000000000000000e-06	3.000000000000000e-06
1.233946e+07	5.066686735099740e-02	3.194285018613169e-02	3.000000000000000e-06	3.000000000000000e-06
1.257659e+07	5.051572199568045e-02	3.188202294487873e-02	3.000000000000000e-06	3.000000000000000e-06
1.281816e+07	5.036493815309824e-02	3.182127810766192e-02	3.000000000000000e-06	3.000000000000000e-06
1.306424e+07	5.021451659685906e-02	3.176061611417651e-02	3.000000000000000e-06	3.000000000000000e-06
1.331493e+07	5.006445807094279e-02	3.170003739525656e-02	3.000000000000000e-06	3.000000000000000e-06
1.357031e+07	4.991476329015131e-02	3.163954237298687e-02	3.000000000000000e-06	3.000000000000000e-06
1.383046e+07	4.976543294055561e-02	3.157913146081434e-02	3.000000000000000e-06	3.000000000000000e-06
1.409547e+07	4.961646767993922e-02	3.151880506365860e-02	3.000000000000000e-06	3.000000000000000e-06
1.436543e+07	4.946786813823831e-02	3.145856357802208e-02	3.000000000000000e-06	3.000000000000000e-06
1.464043e+07	4.931963491797813e-02	3.139840739209933e-02	3.000000000000000e-06	3.000000000000000e-06
1.492058e+07	4.917176859470580e-02	3.133833688588575e-02	3.000000000000000e-06	3.000000000000000e-06
1.520595e+07	4.902426971741958e-02	3.127835243128547e-02	3.000000000000000e-06	3.000000000000000e-06
1.549665e+07	4.887713880899423e-02	3.121845439221866e-02	3.000000000000000e-06	3.000000000000000e-06
1.579277e+07	4.873037636660280e-02	3.115864312472801e-02	3.000000000000000e-06	3.000000000000000e-06
1.609442e+07	4.858398286213465e-02	3.109891897708448e-02	3.000000000000000e-06	3.000000000000000e-06
1.640170e+07	4.843795874260955e-02	3.103928228989237e-02	3.000000000000000e-06	3.000000000000000e-06
1.671471e+07	4.829230443058805e-02	3.097973339619350e-02	3.000000000000000e-06	3.000000000000000e-06
1.703356e+07	4.814702032457801e-02	3.092027262157072e-02	3.000000000000000e-06	3.000000000000000e-06
1.735835e+07	4.800210679943723e-02	3.086090028425057e-02	3.000000000000000e-06	3.000000000000000e-06
1.768920e+07	4.785756420677215e-02	3.080161669520515e-02	3.000000000000000e-06	3.000000000000000e-06
1.802621e+07	4.771339287533279e-02	3.074242215825323e-02	3.000000000000000e-06	3.000000000000000e-06
1.836950e+07	4.756959311140357e-02	3.068331697016050e-02	3.000000000000000e-06	3.000000000000000e-06
1.871919e+07	4.742616519919041e-02	3.062430142073900e-02	3.000000000000000e-06	3.000000000000000e-06
1.907539e+07	4.728310940120374e-02	3.056537579294579e-02	3.000000000000000e-06	3.000000000000000e-06
1.943823e+07	4.714042595863763e-02	3.050654036298070e-02	3.000000000000000e-06	3.000000000000000e-06
1.980782e+07	4.699811509174501e-02	3.044779540038328e-02	3.000000000000000e-06	3.000000000000000e-06
2.018430e+07	4.685617700020885e-02	3.038914116812896e-02	3.000000000000000e-06	3.000000000000000e-06
2.056778e+07	4.671461186350946e-02	3.033057792272426e-02	3.000000000000000e-06	3.000000000000000e-06
2.095840e+07	4.657341984128784e-02	3.027210591430127e-02	3.000000000000000e-06	3.000000000000000e-06
2.135629e+07	4.643260107370508e-02	3.021372538671117e-02	3.000000000000000e-06	3.000000000000000e-06
2.176159e+07	4.629215568179776e-02	3.015543657761696e-02	3.000000000000000e-06	3.000000000000000e-06
2.217442e+07	4.615208376782955e-02	3.009723971858533e-02	3.000000000000000e-06	3.000000000000000e-06
2.259493e+07	4.601238541563875e-02	3.003913503517765e-02	3.000000000000000e-06	3.000000000000000e-06
2.302327e+07	4.587306069098202e-02	2.998112274704011e-02	3.000000000000000e-06	3.000000000000000e-06
2.345957e+07	4.573410964187415e-02	2.992320306799300e-02	3.000000000000000e-06	3.000000000000000e-06
2.390398e+07	4.559553229892397e-02	2.986537620611911e-02	3.000000000000000e-06	3.000000000000000e-06
2.435666e+07	4.545732867566640e-02	2.980764236385133e-02	3.000000000000000e-06	3.000000000000000e-06
2.481775e+07	4.531949876889059e-02	2.975000173805933e-02	3.000000000000000e-06	3.000000000000000e-06
2.528741e+07	4.518204255896431e-02	2.969245452013536e-02	3.000000000000000e-06	3.000000000000000e-06
2.576579e+07	4.504496001015441e-02	2.963500089607930e-02	3.000000000000000e-06	3.000000000000000e-06
2.625307e+07	4.490825107094361e-02	2.957764104658272e-02	3.000000000000000e-06	3.000000000000000e-06
2.674940e+07	4.477191567434336e-02	2.952037514711219e-02	3.000000000000000e-06	3.000000000000000e-06
2.725495e+07	4.463595373820309e-02	2.946320336799168e-02	3.000000000000000e-06	3.000000000000000e-06
2.776990e+07	4.450036516551565e-02	2.940612587448409e-02	3.000000000000000e-06	3.000000000000000e-06
2.829440e+07	4.436514984471900e-02	2.934914282687204e-02	3.000000000000000e-06	3.000000000000000e-06
2.882865e+07	4.423030764999429e-02	2.929225438053767e-02	3.000000000000000e-06	3.000000000000000e-06
2.937282e+07	4.409583844156029e-02	2.923546068604168e-02	3.000000000000000e-06	3.000000000000000e-06
2.992709e+07	4.396174206596408e-02	2.917876188920157e-02	3.000000000000000e-06	3.000000000000000e-06
3.049166e+07	4.382801835636825e-02	2.912215813116891e-02	3.000000000000000e-06	3.000000000000000e-06
3.106670e+07	4.369466713283445e-02	2.906564954850595e-02	3.000000000000000e-06	3.000000000000000e-06
3.165242e+07	4.356168820260341e-02	2.900923627326124e-02	3.000000000000000e-06	3.000000000000000e-06
3.224901e+07	4.342908136037147e-02	2.895291843304455e-02	3.000000000000000e-06	3.000000000000000e-06
3.285667e+07	4.329684638856354e-02	2.889669615110090e-02	3.000000000000000e-06	3.000000000000000e-06
3.347561e+07	4.316498305760268e-02	2.884056954638383e-02	3.000000000000000e-06	3.000000000000000e-06
3.410604e+07	4.303349112617625e-02	2.878453873362779e-02	3.000000000000000e-06	3.000000000000000e-06
3.474816e+07	4.290237034149855e-02	2.872860382341981e-02	3.000000000000000e-06	3.000000000000000e-06
3.540219e+07	4.277162043957027e-02	2.867276492227033e-02	3.000000000000000e-06	3.000000000000000e-06
3.606836e+07	4.264124114543443e-02	2.861702213268318e-02	3.000000000000000e-06	3.000000000000000e-06
3.674688e+07	4.251123217342915e-02	2.856137555322493e-02	3.000000000000000e-06	3.000000000000000e-06
3.743800e+07	4.238159322743709e-02	2.850582527859329e-02	3.000000000000000e-06	3.000000000000000e-06
3.814193e+07	4.225232400113168e-02	2.845037139968482e-02	3.000000000000000e-06	3.000000000000000e-06
3.885891e+07	4.212342417822010e-02	2.839501400366185e-02	3.000000000000000e-06	3.000000000000000e-06
3.958919e+07	4.199489343268319e-02	2.833975317401869e-02	3.000000000000000e-06	3.000000000000000e-06
4.033302e+07	4.186673142901212e-02	2.828458899064699e-02	3.000000000000000e-06	3.000000000000000e-06
4.109063e+07	4.173893782244205e-02	2.822952152990039e-02	3.000000000000000e-06	3.000000000000000e-06
4.186230e+07	4.161151225918266e-02	2.817455086465848e-02	3.000000000000000e-06	3.000000000000000e-06
4.264827e+07	4.148445437664572e-02	2.811967706438992e-02	3.000000000000000e-06	3.000000000000000e-06
4.344881e+07	4.135776380366960e-02	2.806490019521493e-02	3.000000000000000e-06	3.000000000000000e-06
4.426419e+07	4.123144016074087e-02	2.801022031996698e-02	3.000000000000000e-06	3.000000000000000e-06
4.509469e+07	4.110548306021296e-02	2.795563749825380e-02	3.000000000000000e-06	3.000000000000000e-06
4.594058e+07	4.097989210652196e-02	2.790115178651768e-02	3.000000000000000e-06	3.000000000000000e-06
4.680215e+07	4.085466689639951e-02	2.784676323809502e-02	3.000000000000000e-06	3.000000000000000e-06
4.767969e+07	4.072980701908295e-02	2.779247190327529e-02	3.000000000000000e-06	3.000000000000000e-06
4.857350e+07	4.060531205652263e-02	2.773827782935917e-02	3.000000000000000e-06	3.000000000000000e-06
4.948387e+07	4.048118158358652e-02	2.768418106071609e-02	3.000000000000000e-06	3.000000000000000e-06
5.041111e+07	4.035741516826211e-02	2.763018163884106e-02	3.000000000000000e-06	3.000000000000000e-06
5.135553e+07	4.023401237185559e-02	2.757627960241089e-02	3.000000000000000e-06	3.000000000000000e-06
5.231746e+07	4.011097274918846e-02	2.752247498733964e-02	3.000000000000000e-06	3.000000000000000e-06
5.329721e+07	3.998829584879149e-02	2.746876782683353e-02	3.000000000000000e-06	3.000000000000000e-06
5.429511e+07	3.986598121309615e-02	2.741515815144513e-02	3.000000000000000e-06	3.000000000000000e-06
5.531151e+07	3.974402837862352e-02	2.736164598912692e-02	3.000000000000000e-06	3.000000000000000e-06
5.634674e+07	3.962243687617065e-02	2.730823136528429e-02	3.000000000000000e-06	3.000000000000000e-06
5.740114e+07	3.950120623099452e-02	2.725491430282778e-02	3.000000000000000e-06	3.000000000000000e-06
5.847509e+07	3.938033596299356e-02	2.720169482222484e-02	3.000000000000000e-06	3.000000000000000e-06
5.956893e+07	3.925982558688676e-02	2.714857294155090e-02	3.000000000000000e-06	3.000000000000000e-06
6.068303e+07	3.913967461239050e-02	2.709554867653984e-02	3.000000000000000e-06	3.000000000000000e-06
6.181777e+07	3.901988254439296e-02	2.704262204063392e-02	3.000000000000000e-06	3.000000000000000e-06
6.297354e+07	3.890044888312634e-02	2.698979304503306e-02	3.000000000000000e-06	3.000000000000000e-06
6.415072e+07	3.878137312433678e-02	2.693706169874357e-02	3.000000000000000e-06	3.000000000000000e-06
6.534970e+07	3.866265475945212e-02	2.688442800862631e-02	3.000000000000000e-06	3.000000000000000e-06
6.657089e+07	3.854429327574738e-02	2.683189197944424e-02	3.000000000000000e-06	3.000000000000000e-06
6.781471e+07	3.842628815650823e-02	2.677945361390953e-02	3.000000000000000e-06	3.000000000000000e-06
6.908157e+07	3.830863888119228e-02	2.672711291272992e-02	3.000000000000000e-06	3.000000000000000e-06
7.037189e+07	3.819134492558827e-02	2.667486987465477e-02	3.000000000000000e-06	3.000000000000000e-06
7.168611e+07	3.807440576197327e-02	2.662272449652038e-02	3.000000000000000e-06	3.000000000000000e-06
7.302468e+07	3.795782085926784e-02	2.657067677329489e-02	3.000000000000000e-06	3.000000000000000e-06
7.438804e+07	3.784158968318926e-02	2.651872669812262e-02	3.000000000000000e-06	3.000000000000000e-06
7.577665e+07	3.772571169640274e-02	2.646687426236789e-02	3.000000000000000e-06	3.000000000000000e-06
7.719099e+07	3.761018635867083e-02	2.641511945565837e-02	3.000000000000000e-06	3.000000000000000e-06
7.863152e+07	3.749501312700083e-02	2.636346226592788e-02	3.000000000000000e-06	3.000000000000000e-06
8.009874e+07	3.738019145579044e-02	2.631190267945875e-02	3.000000000000000e-06	3.000000000000000e-06
8.159313e+07	3.726572079697162e-02	2.626044068092364e-02	3.000000000000000e-06	3.000000000000000e-06
8.311520e+07	3.715160060015256e-02	2.620907625342692e-02	3.000000000000000e-06	3.000000000000000e-06
8.466546e+07	3.703783031275802e-02	2.615780937854555e-02	3.000000000000000e-06	3.000000000000000e-06
8.624443e+07	3.692440938016789e-02	2.610664003636955e-02	3.000000000000000e-06	3.000000000000000e-06
8.785265e+07	3.681133724585409e-02	2.605556820554194e-02	3.000000000000000e-06	3.000000000000000e-06
8.949066e+07	3.669861335151580e-02	2.600459386329828e-02	3.000000000000000e-06	3.000000000000000e-06
9.115901e+07	3.658623713721307e-02	2.595371698550575e-02	3.000000000000000e-06	3.000000000000000e-06
9.285826e+07	3.647420804149887e-02	2.590293754670178e-02	3.000000000000000e-06	3.000000000000000e-06
9.458899e+07	3.636252550154952e-02	2.585225552013230e-02	3.000000000000000e-06	3.000000000000000e-06
9.635177e+07	3.625118895329364e-02	2.580167087778949e-02	3.000000000000000e-06	3.000000000000000e-06
9.814720e+07	3.614019783153955e-02	2.575118359044919e-02	3.000000000000000e-06	3.000000000000000e-06
9.997589e+07	3.602955157010129e-02	2.570079362770785e-02	3.000000000000000e-06	3.000000000000000e-06
1.000000e+08	3.602812620461766e-02	2.570014337117122e-02	3.000000000000000e-06	3.000000000000000e-06
1.018971e+08	3.591580928723882e-02	2.564893171470319e-02	3.000000000000000e-06	3.000000000000000e-06
1.037946e+08	3.580589852898462e-02	2.559875611279366e-02	3.000000000000000e-06	3.000000000000000e-06
1.057279e+08	3.569629337026867e-02	2.554866062814495e-02	3.000000000000000e-06	3.000000000000000e-06
1.076970e+08	3.558703146556625e-02	2.549866264619479e-02	3.000000000000000e-06	3.000000000000000e-06
1.097026e+08	3.547811154958101e-02	2.544876181359099e-02	3.000000000000000e-06	3.000000000000000e-06
1.117453e+08	3.536953306539313e-02	2.539895809936771e-02	3.000000000000000e-06	3.000000000000000e-06
1.138259e+08	3.526129544303204e-02	2.534925146573409e-02	3.000000000000000e-06	3.000000000000000e-06
1.159450e+08	3.515339811272945e-02	2.529964187411023e-02	3.000000000000000e-06	3.000000000000000e-06
1.181034e+08	3.504584050479406e-02	2.525012928505130e-02	3.000000000000000e-06	3.000000000000000e-06
1.203017e+08	3.493862204972865e-02	2.520071365828279e-02	3.000000000000000e-06	3.000000000000000e-06
1.225408e+08	3.483174217834171e-02	2.515139495273335e-02	3.000000000000000e-06	3.000000000000000e-06
1.248214e+08	3.472520032185777e-02	2.510217312656738e-02	3.000000000000000e-06	3.000000000000000e-06
1.271442e+08	3.461899591202684e-02	2.505304813721723e-02	3.000000000000000e-06	3.000000000000000e-06
1.295100e+08	3.451312838123267e-02	2.500401994141515e-02	3.000000000000000e-06	3.000000000000000e-06
1.319197e+08	3.440759716259990e-02	2.495508849522489e-02	3.000000000000000e-06	3.000000000000000e-06
1.343740e+08	3.430240169010033e-02	2.490625375407298e-02	3.000000000000000e-06	3.000000000000000e-06
1.368738e+08	3.419754139865799e-02	2.485751567277976e-02	3.000000000000000e-06	3.000000000000000e-06
1.394199e+08	3.409301572425338e-02	2.480887420559008e-02	3.000000000000000e-06	3.000000000000000e-06
1.420132e+08	3.398882410402669e-02	2.476032930620368e-02	3.000000000000000e-06	3.000000000000000e-06
1.446545e+08	3.388496597638006e-02	2.471188092780538e-02	3.000000000000000e-06	3.000000000000000e-06
1.473448e+08	3.378144078107895e-02	2.466352902309492e-02	3.000000000000000e-06	3.000000000000000e-06
1.500850e+08	3.367824795935269e-02	2.461527354431651e-02	3.000000000000000e-06	3.000000000000000e-06
1.528759e+08	3.357538695399404e-02	2.456711444328821e-02	3.000000000000000e-06	3.000000000000000e-06
1.557185e+08	3.347285720945801e-02	2.451905167143096e-02	3.000000000000000e-06	3.000000000000000e-06
1.586138e+08	3.337065817195982e-02	2.447108517979741e-02	3.000000000000000e-06	3.000000000000000e-06
1.615627e+08	3.326878928957207e-02	2.442321491910044e-02	3.000000000000000e-06	3.000000000000000e-06
1.645663e+08	3.316725001232115e-02	2.437544083974154e-02	3.000000000000000e-06	3.000000000000000e-06
1.676256e+08	3.306603979228290e-02	2.432776289183884e-02	3.000000000000000e-06	3.000000000000000e-06
1.707415e+08	3.296515808367752e-02	2.428018102525500e-02	3.000000000000000e-06	3.000000000000000e-06
1.739153e+08	3.286460434296380e-02	2.423269518962482e-02	3.000000000000000e-06	3.000000000000000e-06
1.771478e+08	3.276437802893267e-02	2.418530533438263e-02	3.000000000000000e-06	3.000000000000000e-06
1.804402e+08	3.266447860280006e-02	2.413801140878949e-02	3.000000000000000e-06	3.000000000000000e-06
1.837937e+08	3.256490552829913e-02	2.409081336196019e-02	3.000000000000000e-06	3.000000000000000e-06
1.872094e+08	3.246565827177192e-02	2.404371114289000e-02	3.000000000000000e-06	3.000000000000000e-06
1.906883e+08	3.236673630226031e-02	2.399670470048126e-02	3.000000000000000e-06	3.000000000000000e-06
1.942318e+08	3.226813909159649e-02	2.394979398356973e-02	3.000000000000000e-06	3.000000000000000e-06
1.978409e+08	3.216986611449284e-02	2.390297894095085e-02	3.000000000000000e-06	3.000000000000000e-06
2.015169e+08	3.207191684863128e-02	2.385625952140568e-02	3.000000000000000e-06	3.000000000000000e-06
2.052611e+08	3.197429077475200e-02	2.380963567372677e-02	3.000000000000000e-06	3.000000000000000e-06
2.090747e+08	3.187698737674191e-02	2.376310734674379e-02	3.000000000000000e-06	3.000000000000000e-06
2.129590e+08	3.178000614172238e-02	2.371667448934904e-02	3.000000000000000e-06	3.000000000000000e-06
2.169154e+08	3.168334656013665e-02	2.367033705052277e-02	3.000000000000000e-06	3.000000000000000e-06
2.209451e+08	3.158700812583674e-02	2.362409497935833e-02	3.000000000000000e-06	3.000000000000000e-06
2.250495e+08	3.149099033617000e-02	2.357794822508720e-02	3.000000000000000e-06	3.000000000000000e-06
2.292300e+08	3.139529269206517e-02	2.353189673710382e-02	3.000000000000000e-06	3.000000000000000e-06
2.334880e+08	3.129991469811809e-02	2.348594046499036e-02	3.000000000000000e-06	3.000000000000000e-06
2.378250e+08	3.120485586267708e-02	2.344007935854123e-02	3.000000000000000e-06	3.000000000000000e-06
2.422425e+08	3.111011569792788e-02	2.339431336778758e-02	3.000000000000000e-06	3.000000000000000e-06
2.467418e+08	3.101569371997834e-02	2.334864244302158e-02	3.000000000000000e-06	3.000000000000000e-06
2.513246e+08	3.092158944894274e-02	2.330306653482062e-02	3.000000000000000e-06	3.000000000000000e-06
2.559925e+08	3.082780240902580e-02	2.325758559407135e-02	3.000000000000000e-06	3.000000000000000e-06
2.607468e+08	3.073433212860646e-02	2.321219957199367e-02	3.000000000000000e-06	3.000000000000000e-06
2.655894e+08	3.064117814032134e-02	2.316690842016453e-02	3.000000000000000e-06	3.000000000000000e-06
2.705218e+08	3.054833998114796e-02	2.312171209054166e-02	3.000000000000000e-06	3.000000000000000e-06
2.755457e+08	3.045581719248774e-02	2.307661053548724e-02	3.000000000000000e-06	3.000000000000000e-06
2.806629e+08	3.036360932024875e-02	2.303160370779135e-02	3.000000000000000e-06	3.000000000000000e-06
2.858749e+08	3.027171591492828e-02	2.298669156069548e-02	3.000000000000000e-06	3.000000000000000e-06
2.911836e+08	3.018013653169520e-02	2.294187404791581e-02	3.000000000000000e-06	3.000000000000000e-06
2.965909e+08	3.008887073047219e-02	2.289715112366653e-02	3.000000000000000e-06	3.000000000000000e-06
3.020984e+08	2.999791807601771e-02	2.285252274268295e-02	3.000000000000000e-06	3.000000000000000e-06
3.077082e+08	2.990727813800794e-02	2.280798886024462e-02	3.000000000000000e-06	3.000000000000000e-06
3.134220e+08	2.981695049111851e-02	2.276354943219841e-02	3.000000000000000e-06	3.000000000000000e-06
3.192419e+08	2.972693471510615e-02	2.271920441498138e-02	3.000000000000000e-06	3.000000000000000e-06
3.251698e+08	2.963723039489019e-02	2.267495376564373e-02	3.000000000000000e-06	3.000000000000000e-06
3.312077e+08	2.954783712063405e-02	2.263079744187161e-02	3.000000000000000e-06	3.000000000000000e-06
3.373577e+08	2.945875448782657e-02	2.258673540200992e-02	3.000000000000000e-06	3.000000000000000e-06
3.436218e+08	2.936998209736332e-02	2.254276760508498e-02	3.000000000000000e-06	3.000000000000000e-06
3.500021e+08	2.928151955562783e-02	2.249889401082729e-02	3.000000000000000e-06	3.000000000000000e-06
3.565009e+08	2.919336647457284e-02	2.245511457969405e-02	3.000000000000000e-06	3.000000000000000e-06
3.631204e+08	2.910552247180143e-02	2.241142927289188e-02	3.000000000000000e-06	3.000000000000000e-06
3.698627e+08	2.901798717064823e-02	2.236783805239926e-02	3.000000000000000e-06	3.000000000000000e-06
3.767302e+08	2.893076020026056e-02	2.232434088098912e-02	3.000000000000000e-06	3.000000000000000e-06
3.837252e+08	2.884384119567962e-02	2.228093772225131e-02	3.000000000000000e-06	3.000000000000000e-06
3.908500e+08	2.875722979792165e-02	2.223762854061509e-02	3.000000000000000e-06	3.000000000000000e-06
3.981071e+08	2.867092565405922e-02	2.219441330137154e-02	3.000000000000000e-06	3.000000000000000e-06
4.054990e+08	2.858492841730241e-02	2.215129197069603e-02	3.000000000000000e-06	3.000000000000000e-06
4.130282e+08	2.849923774708019e-02	2.210826451567063e-02	3.000000000000000e-06	3.000000000000000e-06
4.206971e+08	2.841385330912178e-02	2.206533090430649e-02	3.000000000000000e-06	3.000000000000000e-06
4.285085e+08	2.832877477553812e-02	2.202249110556630e-02	3.000000000000000e-06	3.000000000000000e-06
4.364649e+08	2.824400182490338e-02	2.197974508938665e-02	3.000000000000000e-06	3.000000000000000e-06
4.445691e+08	2.815953414233660e-02	2.193709282670042e-02	3.000000000000000e-06	3.000000000000000e-06
4.528239e+08	2.807537141958341e-02	2.189453428945925e-02	3.000000000000000e-06	3.000000000000000e-06
4.612319e+08	2.799151335509791e-02	2.185206945065590e-02	3.000000000000000e-06	3.000000000000000e-06
4.697961e+08	2.790795965412455e-02	2.180969828434671e-02	3.000000000000000e-06	3.000000000000000e-06
4.785195e+08	2.782471002878028e-02	2.176742076567404e-02	3.000000000000000e-06	3.000000000000000e-06
4.874048e+08	2.774176419813675e-02	2.172523687088873e-02	3.000000000000000e-06	3.000000000000000e-06
4.964553e+08	2.765912188830264e-02	2.168314657737262e-02	3.000000000000000e-06	3.000000000000000e-06
5.056738e+08	2.757678283250623e-02	2.164114986366101e-02	3.000000000000000e-06	3.000000000000000e-06
5.150637e+08	2.749474677117799e-02	2.159924670946527e-02	3.000000000000000e-06	3.000000000000000e-06
5.246280e+08	2.741301345203349e-02	2.155743709569538e-02	3.000000000000000e-06	3.000000000000000e-06
5.343701e+08	2.733158263015633e-02	2.151572100448258e-02	3.000000000000000e-06	3.000000000000000e-06
5.442931e+08	2.725045406808137e-02	2.147409841920200e-02	3.000000000000000e-06	3.000000000000000e-06
5.544006e+08	2.716962753587805e-02	2.143256932449537e-02	3.000000000000000e-06	3.000000000000000e-06
5.646959e+08	2.708910281123397e-02	2.139113370629380e-02	3.000000000000000e-06	3.000000000000000e-06
5.751826e+08	2.700887967953858e-02	2.134979155184053e-02	3.000000000000000e-06	3.000000000000000e-06
5.858641e+08	2.692895793396718e-02	2.130854284971383e-02	3.000000000000000e-06	3.000000000000000e-06
5.967442e+08	2.684933737556501e-02	2.126738758984990e-02	3.000000000000000e-06	3.000000000000000e-06
6.078266e+08	2.677001781333159e-02	2.122632576356585e-02	3.000000000000000e-06	3.000000000000000e-06
6.191149e+08	2.669099906430531e-02	2.118535736358271e-02	3.000000000000000e-06	3.000000000000000e-06
6.306131e+08	2.661228095364818e-02	2.114448238404857e-02	3.000000000000000e-06	3.000000000000000e-06
6.423250e+08	2.653386331473077e-02	2.110370082056174e-02	3.000000000000000e-06	3.000000000000000e-06
6.542547e+08	2.645574598921748e-02	2.106301267019401e-02	3.000000000000000e-06	3.000000000000000e-06
6.664062e+08	2.637792882715191e-02	2.102241793151395e-02	3.000000000000000e-06	3.000000000000000e-06
6.787837e+08	2.630041168704254e-02	2.098191660461037e-02	3.000000000000000e-06	3.000000000000000e-06
6.913912e+08	2.622319443594853e-02	2.094150869111574e-02	3.000000000000000e-06	3.000000000000000e-06
7.042333e+08	2.614627694956591e-02	2.090119419422981e-02	3.000000000000000e-06	3.000000000000000e-06
7.173141e+08	2.606965911231380e-02	2.086097311874329e-02	3.000000000000000e-06	3.000000000000000e-06
7.306382e+08	2.599334081742101e-02	2.082084547106157e-02	3.000000000000000e-06	3.000000000000000e-06
7.442102e+08	2.591732196701279e-02	2.078081125922858e-02	3.000000000000000e-06	3.000000000000000e-06
7.580345e+08	2.584160247219784e-02	2.074087049295078e-02	3.000000000000000e-06	3.000000000000000e-06
7.721160e+08	2.576618225315547e-02	2.070102318362117e-02	3.000000000000000e-06	3.000000000000000e-06
7.864594e+08	2.569106123922311e-02	2.066126934434346e-02	3.000000000000000e-06	3.000000000000000e-06
8.010697e+08	2.561623936898389e-02	2.062160898995635e-02	3.000000000000000e-06	3.000000000000000e-06
8.159517e+08	2.554171659035457e-02	2.058204213705790e-02	3.000000000000000e-06	3.000000000000000e-06
8.311106e+08	2.546749286067360e-02	2.054256880403002e-02	3.000000000000000e-06	3.000000000000000e-06
8.465515e+08	2.539356814678941e-02	2.050318901106308e-02	3.000000000000000e-06	3.000000000000000e-06
8.622798e+08	2.531994242514892e-02	2.046390278018062e-02	3.000000000000000e-06	3.000000000000000e-06
8.783007e+08	2.524661568188622e-02	2.042471013526422e-02	3.000000000000000e-06	3.000000000000000e-06
8.946197e+08	2.517358791291151e-02	2.038561110207847e-02	3.000000000000000e-06	3.000000000000000e-06
9.112424e+08	2.510085912400015e-02	2.034660570829604e-02	3.000000000000000e-06	3.000000000000000e-06
9.281744e+08	2.502842933088194e-02	2.030769398352297e-02	3.000000000000000e-06	3.000000000000000e-06
9.454216e+08	2.495629855933055e-02	2.026887595932398e-02	3.000000000000000e-06	3.000000000000000e-06
9.629897e+08	2.488446684525316e-02	2.023015166924802e-02	3.000000000000000e-06	3.000000000000000e-06
9.808849e+08	2.481293423478026e-02	2.019152114885385e-02	3.000000000000000e-06	3.000000000000000e-06
9.991132e+08	2.474170078435551e-02	2.015298443573589e-02	3.000000000000000e-06	3.000000000000000e-06
1.000000e+09	2.473831746867151e-02	2.015115000582707e-02	3.000000000000000e-06	3.000000000000000e-06
