#t[yr]	ecc	inc	eachmass	totalmass
0.000000e+00	3.000000000000000e-02	1.500000000000000e-02	3.000000000000000e-06	3.000000000000000e-06
1.000000e-03	2.999999613393548e-02	1.499999858230808e-02	3.000000000000000e-06	3.000000000000000e-06
1.000000e-02	2.999996133942133e-02	1.499998582310282e-02	3.000000000000000e-06	3.000000000000000e-06
1.000000e-01	2.999961340006582e-02	1.499985823297311e-02	3.000000000000000e-06	3.000000000000000e-06
1.000000e+00	2.999613458503034e-02	1.499858252394679e-02	3.000000000000000e-06	3.000000000000000e-06
3.083297e+00	2.998809886478988e-02	1.499563495358446e-02	3.000000000000000e-06	3.000000000000000e-06
5.179792e+00	2.998005286250820e-02	1.499268161600757e-02	3.000000000000000e-06	3.000000000000000e-06
7.306937e+00	2.997193024694427e-02	1.498969816109053e-02	3.000000000000000e-06	3.000000000000000e-06
9.465006e+00	2.996373128908305e-02	1.498668465235124e-02	3.000000000000000e-06	3.000000000000000e-06
1.000000e+01	2.996170932812892e-02	1.498594096861293e-02	3.000000000000000e-06	3.000000000000000e-06
1.222153e+01	2.995332294786411e-02	1.498285601464105e-02	3.000000000000000e-06	3.000000000000000e-06
1.445100e+01	2.994495053431249e-02	1.497977412409210e-02	3.000000000000000e-06	3.000000000000000e-06
1.671352e+01	2.993649818107098e-02	1.497666074087502e-02	3.000000000000000e-06	3.000000000000000e-06
1.900931e+01	2.992796654932751e-02	1.497351607243781e-02	3.000000000000000e-06	3.000000000000000e-06
2.133894e+01	2.991935491372961e-02	1.497033981607229e-02	3.000000000000000e-06	3.000000000000000e-06
2.370300e+01	2.991066256374742e-02	1.496713167442828e-02	3.000000000000000e-06	3.000000000000000e-06
2.610211e+01	2.990188878313512e-02	1.496389134796553e-02	3.000000000000000e-06	3.000000000000000e-06
2.853687e+01	2.989303285021572e-02	1.496061853507112e-02	3.000000000000000e-06	3.000000000000000e-06
3.100792e+01	2.988409403786096e-02	1.495731293206501e-02	3.000000000000000e-06	3.000000000000000e-06
3.351588e+01	2.987507161347654e-02	1.495397423320787e-02	3.000000000000000e-06	3.000000000000000e-06
3.606142e+01	2.986596483898812e-02	1.495060213070958e-02	3.000000000000000e-06	3.000000000000000e-06
3.864520e+01	2.985677297082823e-02	1.494719631473850e-02	3.000000000000000e-06	3.000000000000000e-06
4.126790e+01	2.984749525992408e-02	1.494375647343137e-02	3.000000000000000e-06	3.000000000000000e-06
4.393021e+01	2.983813095168639e-02	1.494028229290406e-02	3.000000000000000e-06	3.000000000000000e-06
4.663285e+01	2.982867928599916e-02	1.493677345726297e-02	3.000000000000000e-06	3.000000000000000e-06
4.937652e+01	2.981913949721055e-02	1.493322964861724e-02	3.000000000000000e-06	3.000000000000000e-06
5.216199e+01	2.980951081412473e-02	1.492965054709180e-02	3.000000000000000e-06	3.000000000000000e-06
5.498998e+01	2.979979245999501e-02	1.492603583084112e-02	3.000000000000000e-06	3.000000000000000e-06
5.786128e+01	2.978998365251792e-02	1.492238517606383e-02	3.000000000000000e-06	3.000000000000000e-06
6.077667e+01	2.978008360382873e-02	1.491869825701818e-02	3.000000000000000e-06	3.000000000000000e-06
6.373694e+01	2.977009152049799e-02	1.491497474603830e-02	3.000000000000000e-06	3.000000000000000e-06
6.674292e+01	2.976000660352949e-02	1.491121431355137e-02	3.000000000000000e-06	3.000000000000000e-06
6.979543e+01	2.974982804835952e-02	1.490741662809559e-02	3.000000000000000e-06	3.000000000000000e-06
7.289534e+01	2.973955504485751e-02	1.490358135633916e-02	3.000000000000000e-06	3.000000000000000e-06
7.604350e+01	2.972918677732807e-02	1.489970816310000e-02	3.000000000000000e-06	3.000000000000000e-06
7.924082e+01	2.971872242451449e-02	1.489579671136657e-02	3.000000000000000e-06	3.000000000000000e-06
8.248818e+01	2.970816115960384e-02	1.489184666231946e-02	3.000000000000000e-06	3.000000000000000e-06
8.578653e+01	2.969750215023356e-02	1.488785767535406e-02	3.000000000000000e-06	3.000000000000000e-06
8.913679e+01	2.968674455849965e-02	1.488382940810411e-02	3.000000000000000e-06	3.000000000000000e-06
9.253995e+01	2.967588754096665e-02	1.487976151646624e-02	3.000000000000000e-06	3.000000000000000e-06
9.599698e+01	2.966493024867921e-02	1.487565365462558e-02	3.000000000000000e-06	3.000000000000000e-06
9.950888e+01	2.965387182717551e-02	1.487150547508224e-02	3.000000000000000e-06	3.000000000000000e-06
1.000000e+02	2.965233582657523e-02	1.487092894313149e-02	3.000000000000000e-06	3.000000000000000e-06
1.036248e+02	2.964100763413335e-02	1.486667679098128e-02	3.000000000000000e-06	3.000000000000000e-06
1.072575e+02	2.962973111631918e-02	1.486244158611336e-02	3.000000000000000e-06	3.000000000000000e-06
1.109492e+02	2.961834827634255e-02	1.485816403272352e-02	3.000000000000000e-06	3.000000000000000e-06
1.147002e+02	2.960686074054504e-02	1.485384471631421e-02	3.000000000000000e-06	3.000000000000000e-06
1.185116e+02	2.959526758637944e-02	1.484948326614174e-02	3.000000000000000e-06	3.000000000000000e-06
1.223845e+02	2.958356792655951e-02	1.484507932522810e-02	3.000000000000000e-06	3.000000000000000e-06
1.263202e+02	2.957176086779404e-02	1.484063253488619e-02	3.000000000000000e-06	3.000000000000000e-06
1.303198e+02	2.955984551147846e-02	1.483614253500388e-02	3.000000000000000e-06	3.000000000000000e-06
1.343845e+02	2.954782095371665e-02	1.483160896407640e-02	3.000000000000000e-06	3.000000000000000e-06
1.385157e+02	2.953568628535578e-02	1.482703145924406e-02	3.000000000000000e-06	3.000000000000000e-06
1.427145e+02	2.952344059202350e-02	1.482240965633102e-02	3.000000000000000e-06	3.000000000000000e-06
1.469822e+02	2.951108295416758e-02	1.481774318988525e-02	3.000000000000000e-06	3.000000000000000e-06
1.513203e+02	2.949861244709823e-02	1.481303169321966e-02	3.000000000000000e-06	3.000000000000000e-06
1.557300e+02	2.948602814103297e-02	1.480827479845448e-02	3.000000000000000e-06	3.000000000000000e-06
1.602127e+02	2.947332910114421e-02	1.480347213656082e-02	3.000000000000000e-06	3.000000000000000e-06
1.647699e+02	2.946051438760975e-02	1.479862333740543e-02	3.000000000000000e-06	3.000000000000000e-06
1.694030e+02	2.944758305566592e-02	1.479372802979681e-02	3.000000000000000e-06	3.000000000000000e-06
1.741135e+02	2.943453415566387e-02	1.478878584153244e-02	3.000000000000000e-06	3.000000000000000e-06
1.789029e+02	2.942136673312866e-02	1.478379639944736e-02	3.000000000000000e-06	3.000000000000000e-06
1.837727e+02	2.940807982882157e-02	1.477875932946396e-02	3.000000000000000e-06	3.000000000000000e-06
1.887246e+02	2.939467247880546e-02	1.477367425664312e-02	3.000000000000000e-06	3.000000000000000e-06
1.937601e+02	2.938114371451339e-02	1.476854080523661e-02	3.000000000000000e-06	3.000000000000000e-06
1.988808e+02	2.936749256282051e-02	1.476335859874077e-02	3.000000000000000e-06	3.000000000000000e-06
2.040886e+02	2.935371804611934e-02	1.475812725995155e-02	3.000000000000000e-06	3.000000000000000e-06
2.093850e+02	2.933981918239845e-02	1.475284641102083e-02	3.000000000000000e-06	3.000000000000000e-06
2.147719e+02	2.932579498532473e-02	1.474751567351410e-02	3.000000000000000e-06	3.000000000000000e-06
2.202511e+02	2.931164446432915e-02	1.474213466846945e-02	3.000000000000000e-06	3.000000000000000e-06
2.258244e+02	2.929736662469631e-02	1.473670301645794e-02	3.000000000000000e-06	3.000000000000000e-06
2.314936e+02	2.928296046765764e-02	1.473122033764529e-02	3.000000000000000e-06	3.000000000000000e-06
2.372607e+02	2.926842499048846e-02	1.472568625185493e-02	3.000000000000000e-06	3.000000000000000e-06
2.431277e+02	2.925375918660898e-02	1.472010037863245e-02	3.000000000000000e-06	3.000000000000000e-06
2.490966e+02	2.923896204568920e-02	1.471446233731138e-02	3.000000000000000e-06	3.000000000000000e-06
2.551693e+02	2.922403255375795e-02	1.470877174708033e-02	3.000000000000000e-06	3.000000000000000e-06
2.613481e+02	2.920896969331600e-02	1.470302822705160e-02	3.000000000000000e-06	3.000000000000000e-06
2.676350e+02	2.919377244345342e-02	1.469723139633106e-02	3.000000000000000e-06	3.000000000000000e-06
2.740323e+02	2.917843977997122e-02	1.469138087408947e-02	3.000000000000000e-06	3.000000000000000e-06
2.805422e+02	2.916297067550732e-02	1.468547627963518e-02	3.000000000000000e-06	3.000000000000000e-06
2.871670e+02	2.914736409966704e-02	1.467951723248823e-02	3.000000000000000e-06	3.000000000000000e-06
2.939089e+02	2.913161901915802e-02	1.467350335245584e-02	3.000000000000000e-06	3.000000000000000e-06
3.007705e+02	2.911573439792979e-02	1.466743425970922e-02	3.000000000000000e-06	3.000000000000000e-06
3.077542e+02	2.909970919731795e-02	1.466130957486189e-02	3.000000000000000e-06	3.000000000000000e-06
3.148624e+02	2.908354237619318e-02	1.465512891904927e-02	3.000000000000000e-06	3.000000000000000e-06
3.220977e+02	2.906723289111494e-02	1.464889191400976e-02	3.000000000000000e-06	3.000000000000000e-06
3.294628e+02	2.905077969649016e-02	1.464259818216706e-02	3.000000000000000e-06	3.000000000000000e-06
3.369602e+02	2.903418174473680e-02	1.463624734671406e-02	3.000000000000000e-06	3.000000000000000e-06
3.445928e+02	2.901743798645249e-02	1.462983903169789e-02	3.000000000000000e-06	3.000000000000000e-06
3.523633e+02	2.900054737058821e-02	1.462337286210653e-02	3.000000000000000e-06	3.000000000000000e-06
3.602746e+02	2.898350884462716e-02	1.461684846395661e-02	3.000000000000000e-06	3.000000000000000e-06
3.683297e+02	2.896632135476883e-02	1.461026546438270e-02	3.000000000000000e-06	3.000000000000000e-06
3.765314e+02	2.894898384611831e-02	1.460362349172783e-02	3.000000000000000e-06	3.000000000000000e-06
3.848828e+02	2.893149526288102e-02	1.459692217563543e-02	3.000000000000000e-06	3.000000000000000e-06
3.933871e+02	2.891385454856275e-02	1.459016114714255e-02	3.000000000000000e-06	3.000000000000000e-06
4.020475e+02	2.889606064617520e-02	1.458334003877435e-02	3.000000000000000e-06	3.000000000000000e-06
4.108672e+02	2.887811249844699e-02	1.457645848463998e-02	3.000000000000000e-06	3.000000000000000e-06
4.198495e+02	2.886000904804025e-02	1.456951612052964e-02	3.000000000000000e-06	3.000000000000000e-06
4.289979e+02	2.884174923777279e-02	1.456251258401299e-02	3.000000000000000e-06	3.000000000000000e-06
4.383159e+02	2.882333201084590e-02	1.455544751453873e-02	3.000000000000000e-06	3.000000000000000e-06
4.478070e+02	2.880475631107789e-02	1.454832055353548e-02	3.000000000000000e-06	3.000000000000000e-06
4.574748e+02	2.878602108314322e-02	1.454113134451383e-02	3.000000000000000e-06	3.000000000000000e-06
4.673232e+02	2.876712527281758e-02	1.453387953316958e-02	3.000000000000000e-06	3.000000000000000e-06
4.773559e+02	2.874806782722852e-02	1.452656476748816e-02	3.000000000000000e-06	3.000000000000000e-06
4.875767e+02	2.872884769511214e-02	1.451918669785019e-02	3.000000000000000e-06	3.000000000000000e-06
4.979898e+02	2.870946382707536e-02	1.451174497713818e-02	3.000000000000000e-06	3.000000000000000e-06
5.085991e+02	2.868991517586423e-02	1.450423926084427e-02	3.000000000000000e-06	3.000000000000000e-06
5.194089e+02	2.867020069663802e-02	1.449666920717911e-02	3.000000000000000e-06	3.000000000000000e-06
5.304234e+02	2.865031934724918e-02	1.448903447718169e-02	3.000000000000000e-06	3.000000000000000e-06
5.416469e+02	2.863027008852919e-02	1.448133473483026e-02	3.000000000000000e-06	3.000000000000000e-06
5.530840e+02	2.861005188458026e-02	1.447356964715419e-02	3.000000000000000e-06	3.000000000000000e-06
5.647391e+02	2.858966370307294e-02	1.446573888434673e-02	3.000000000000000e-06	3.000000000000000e-06
5.766170e+02	2.856910451554954e-02	1.445784211987878e-02	3.000000000000000e-06	3.000000000000000e-06
5.887224e+02	2.854837329773340e-02	1.444987903061339e-02	3.000000000000000e-06	3.000000000000000e-06
6.010601e+02	2.852746902984398e-02	1.444184929692123e-02	3.000000000000000e-06	3.000000000000000e-06
6.136352e+02	2.850639069691775e-02	1.443375260279676e-02	3.000000000000000e-06	3.000000000000000e-06
6.264527e+02	2.848513728913474e-02	1.442558863597518e-02	3.000000000000000e-06	3.000000000000000e-06
6.395178e+02	2.846370780215094e-02	1.441735708805009e-02	3.000000000000000e-06	3.000000000000000e-06
6.528359e+02	2.844210123743621e-02	1.440905765459181e-02	3.000000000000000e-06	3.000000000000000e-06
6.664125e+02	2.842031660261793e-02	1.440069003526632e-02	3.000000000000000e-06	3.000000000000000e-06
6.802530e+02	2.839835291183005e-02	1.439225393395478e-02	3.000000000000000e-06	3.000000000000000e-06
6.943632e+02	2.837620918606773e-02	1.438374905887351e-02	3.000000000000000e-06	3.000000000000000e-06
7.087488e+02	2.835388445354731e-02	1.437517512269455e-02	3.000000000000000e-06	3.000000000000000e-06
7.234160e+02	2.833137775007159e-02	1.436653184266650e-02	3.000000000000000e-06	3.000000000000000e-06
7.383706e+02	2.830868811940039e-02	1.435781894073586e-02	3.000000000000000e-06	3.000000000000000e-06
7.536189e+02	2.828581461362615e-02	1.434903614366855e-02	3.000000000000000e-06	3.000000000000000e-06
7.691674e+02	2.826275629355460e-02	1.434018318317180e-02	3.000000000000000e-06	3.000000000000000e-06
7.850224e+02	2.823951222909030e-02	1.433125979601610e-02	3.000000000000000e-06	3.000000000000000e-06
8.011907e+02	2.821608149962699e-02	1.432226572415737e-02	3.000000000000000e-06	3.000000000000000e-06
8.176791e+02	2.819246319444256e-02	1.431320071485918e-02	3.000000000000000e-06	3.000000000000000e-06
8.344944e+02	2.816865641309852e-02	1.430406452081495e-02	3.000000000000000e-06	3.000000000000000e-06
8.516437e+02	2.814466026584387e-02	1.429485690027007e-02	3.000000000000000e-06	3.000000000000000e-06
8.691345e+02	2.812047387402310e-02	1.428557761714398e-02	3.000000000000000e-06	3.000000000000000e-06
8.869739e+02	2.809609637048837e-02	1.427622644115190e-02	3.000000000000000e-06	3.000000000000000e-06
9.051698e+02	2.807152690001536e-02	1.426680314792644e-02	3.000000000000000e-06	3.000000000000000e-06
9.237297e+02	2.804676461972299e-02	1.425730751913875e-02	3.000000000000000e-06	3.000000000000000e-06
9.426616e+02	2.802180869949652e-02	1.424773934261936e-02	3.000000000000000e-06	3.000000000000000e-06
9.619737e+02	2.799665832241399e-02	1.423809841247843e-02	3.000000000000000e-06	3.000000000000000e-06
9.816742e+02	2.797131268517575e-02	1.422838452922551e-02	3.000000000000000e-06	3.000000000000000e-06
1.000000e+03	2.794802338537835e-02	1.421946047772566e-02	3.000000000000000e-06	3.000000000000000e-06
1.020503e+03	2.792225700259800e-02	1.420958925910372e-02	3.000000000000000e-06	3.000000000000000e-06
1.041383e+03	2.789633884532455e-02	1.419966207012230e-02	3.000000000000000e-06	3.000000000000000e-06
1.062687e+03	2.787022150464403e-02	1.418966085916928e-02	3.000000000000000e-06	3.000000000000000e-06
1.084423e+03	2.784390518739100e-02	1.417958581878602e-02	3.000000000000000e-06	3.000000000000000e-06
1.106600e+03	2.781738916090836e-02	1.416943678252032e-02	3.000000000000000e-06	3.000000000000000e-06
1.129228e+03	2.779067272841477e-02	1.415921359848521e-02	3.000000000000000e-06	3.000000000000000e-06
1.152317e+03	2.776375520984537e-02	1.414891612196336e-02	3.000000000000000e-06	3.000000000000000e-06
1.175876e+03	2.773663594269311e-02	1.413854421566949e-02	3.000000000000000e-06	3.000000000000000e-06
1.199916e+03	2.770931428244787e-02	1.412809774985706e-02	3.000000000000000e-06	3.000000000000000e-06
1.224449e+03	2.768178960304395e-02	1.411757660242671e-02	3.000000000000000e-06	3.000000000000000e-06
1.249483e+03	2.765406129730737e-02	1.410698065903306e-02	3.000000000000000e-06	3.000000000000000e-06
1.275031e+03	2.762612877740285e-02	1.409630981318982e-02	3.000000000000000e-06	3.000000000000000e-06
1.301103e+03	2.759799147528007e-02	1.408556396637331e-02	3.000000000000000e-06	3.000000000000000e-06
1.327711e+03	2.756964884311899e-02	1.407474302812407e-02	3.000000000000000e-06	3.000000000000000e-06
1.354867e+03	2.754110035377380e-02	1.406384691614657e-02	3.000000000000000e-06	3.000000000000000e-06
1.382582e+03	2.751234550121523e-02	1.405287555640703e-02	3.000000000000000e-06	3.000000000000000e-06
1.410870e+03	2.748338380097084e-02	1.404182888322907e-02	3.000000000000000e-06	3.000000000000000e-06
1.439741e+03	2.745421479056293e-02	1.403070683938729e-02	3.000000000000000e-06	3.000000000000000e-06
1.469210e+03	2.742483802994373e-02	1.401950937619853e-02	3.000000000000000e-06	3.000000000000000e-06
1.499288e+03	2.739525310192756e-02	1.400823645361085e-02	3.000000000000000e-06	3.000000000000000e-06
1.529990e+03	2.736545961261944e-02	1.399688804029013e-02	3.000000000000000e-06	3.000000000000000e-06
1.561329e+03	2.733545719183999e-02	1.398546411370407e-02	3.000000000000000e-06	3.000000000000000e-06
1.593319e+03	2.730524549354607e-02	1.397396466020368e-02	3.000000000000000e-06	3.000000000000000e-06
1.625974e+03	2.727482419624689e-02	1.396238967510213e-02	3.000000000000000e-06	3.000000000000000e-06
1.659308e+03	2.724419300341514e-02	1.395073916275075e-02	3.000000000000000e-06	3.000000000000000e-06
1.693337e+03	2.721335164389282e-02	1.393901313661235e-02	3.000000000000000e-06	3.000000000000000e-06
1.728075e+03	2.718229987229140e-02	1.392721161933147e-02	3.000000000000000e-06	3.000000000000000e-06
1.763538e+03	2.715103746938577e-02	1.391533464280178e-02	3.000000000000000e-06	3.000000000000000e-06
1.799742e+03	2.711956424250183e-02	1.390338224823033e-02	3.000000000000000e-06	3.000000000000000e-06
1.836702e+03	2.708788002589719e-02	1.389135448619873e-02	3.000000000000000e-06	3.000000000000000e-06
1.874435e+03	2.705598468113457e-02	1.387925141672110e-02	3.000000000000000e-06	3.000000000000000e-06
1.912958e+03	2.702387809744765e-02	1.386707310929870e-02	3.000000000000000e-06	3.000000000000000e-06
1.952288e+03	2.699156019209883e-02	1.385481964297127e-02	3.000000000000000e-06	3.000000000000000e-06
1.992443e+03	2.695903091072871e-02	1.384249110636495e-02	3.000000000000000e-06	3.000000000000000e-06
2.033440e+03	2.692629022769664e-02	1.383008759773672e-02	3.000000000000000e-06	3.000000000000000e-06
2.075297e+03	2.689333814641236e-02	1.381760922501527e-02	3.000000000000000e-06	3.000000000000000e-06
2.118034e+03	2.686017469965789e-02	1.380505610583830e-02	3.000000000000000e-06	3.000000000000000e-06
2.161669e+03	2.682679994989972e-02	1.379242836758621e-02	3.000000000000000e-06	3.000000000000000e-06
2.206222e+03	2.679321398959073e-02	1.377972614741204e-02	3.000000000000000e-06	3.000000000000000e-06
2.251712e+03	2.675941694146148e-02	1.376694959226762e-02	3.000000000000000e-06	3.000000000000000e-06
2.298159e+03	2.672540895880059e-02	1.375409885892603e-02	3.000000000000000e-06	3.000000000000000e-06
2.345585e+03	2.669119022572393e-02	1.374117411400011e-02	3.000000000000000e-06	3.000000000000000e-06
2.394010e+03	2.665676095743208e-02	1.372817553395715e-02	3.000000000000000e-06	3.000000000000000e-06
2.443456e+03	2.662212140045595e-02	1.371510330512965e-02	3.000000000000000e-06	3.000000000000000e-06
2.493945e+03	2.658727183289015e-02	1.370195762372209e-02	3.000000000000000e-06	3.000000000000000e-06
2.545499e+03	2.655221256461380e-02	1.368873869581375e-02	3.000000000000000e-06	3.000000000000000e-06
2.598141e+03	2.651694393749849e-02	1.367544673735754e-02	3.000000000000000e-06	3.000000000000000e-06
2.651894e+03	2.648146632560315e-02	1.366208197417476e-02	3.000000000000000e-06	3.000000000000000e-06
2.706783e+03	2.644578013535549e-02	1.364864464194582e-02	3.000000000000000e-06	3.000000000000000e-06
2.762830e+03	2.640988580571980e-02	1.363513498619692e-02	3.000000000000000e-06	3.000000000000000e-06
2.820062e+03	2.637378380835085e-02	1.362155326228261e-02	3.000000000000000e-06	3.000000000000000e-06
2.878503e+03	2.633747464773359e-02	1.360789973536434e-02	3.000000000000000e-06	3.000000000000000e-06
2.938180e+03	2.630095886130854e-02	1.359417468038483e-02	3.000000000000000e-06	3.000000000000000e-06
2.999118e+03	2.626423701958260e-02	1.358037838203847e-02	3.000000000000000e-06	3.000000000000000e-06
3.061344e+03	2.622730972622504e-02	1.356651113473752e-02	3.000000000000000e-06	3.000000000000000e-06
3.124886e+03	2.619017761814856e-02	1.355257324257439e-02	3.000000000000000e-06	3.000000000000000e-06
3.189772e+03	2.615284136557524e-02	1.353856501927969e-02	3.000000000000000e-06	3.000000000000000e-06
3.256029e+03	2.611530167208721e-02	1.352448678817644e-02	3.000000000000000e-06	3.000000000000000e-06
3.323688e+03	2.607755927466188e-02	1.351033888213009e-02	3.000000000000000e-06	3.000000000000000e-06
3.392778e+03	2.603961494369171e-02	1.349612164349469e-02	3.000000000000000e-06	3.000000000000000e-06
3.463329e+03	2.600146948298830e-02	1.348183542405499e-02	3.000000000000000e-06	3.000000000000000e-06
3.535371e+03	2.596312372977077e-02	1.346748058496475e-02	3.000000000000000e-06	3.000000000000000e-06
3.608937e+03	2.592457855463837e-02	1.345305749668100e-02	3.000000000000000e-06	3.000000000000000e-06
3.684059e+03	2.588583486152727e-02	1.343856653889465e-02	3.000000000000000e-06	3.000000000000000e-06
3.760768e+03	2.584689358765143e-02	1.342400810045712e-02	3.000000000000000e-06	3.000000000000000e-06
3.839099e+03	2.580775570342763e-02	1.340938257930339e-02	3.000000000000000e-06	3.000000000000000e-06
3.919085e+03	2.576842221238462e-02	1.339469038237123e-02	3.000000000000000e-06	3.000000000000000e-06
4.000762e+03	2.572889415105630e-02	1.337993192551688e-02	3.000000000000000e-06	3.000000000000000e-06
4.084164e+03	2.568917258885923e-02	1.336510763342713e-02	3.000000000000000e-06	3.000000000000000e-06
4.169327e+03	2.564925862795420e-02	1.335021793952792e-02	3.000000000000000e-06	3.000000000000000e-06
4.256288e+03	2.560915340309218e-02	1.333526328588945e-02	3.000000000000000e-06	3.000000000000000e-06
4.345085e+03	2.556885808144462e-02	1.332024412312799e-02	3.000000000000000e-06	3.000000000000000e-06
4.435756e+03	2.552837386241823e-02	1.330516091030437e-02	3.000000000000000e-06	3.000000000000000e-06
4.528340e+03	2.548770197745436e-02	1.329001411481929e-02	3.000000000000000e-06	3.000000000000000e-06
4.622876e+03	2.544684368981311e-02	1.327480421230543e-02	3.000000000000000e-06	3.000000000000000e-06
4.719405e+03	2.540580029434240e-02	1.325953168651664e-02	3.000000000000000e-06	3.000000000000000e-06
4.817969e+03	2.536457311723202e-02	1.324419702921405e-02	3.000000000000000e-06	3.000000000000000e-06
4.918608e+03	2.532316351575302e-02	1.322880074004941e-02	3.000000000000000e-06	3.000000000000000e-06
5.021366e+03	2.528157287798249e-02	1.321334332644563e-02	3.000000000000000e-06	3.000000000000000e-06
5.126287e+03	2.523980262251415e-02	1.319782530347460e-02	3.000000000000000e-06	3.000000000000000e-06
5.233415e+03	2.519785419815469e-02	1.318224719373255e-02	3.000000000000000e-06	3.000000000000000e-06
5.342796e+03	2.515572908360648e-02	1.316660952721279e-02	3.000000000000000e-06	3.000000000000000e-06
5.454475e+03	2.511342878713657e-02	1.315091284117618e-02	3.000000000000000e-06	3.000000000000000e-06
5.568500e+03	2.507095484623248e-02	1.313515768001932e-02	3.000000000000000e-06	3.000000000000000e-06
5.684919e+03	2.502830882724503e-02	1.311934459514050e-02	3.000000000000000e-06	3.000000000000000e-06
5.803780e+03	2.498549232501845e-02	1.310347414480369e-02	3.000000000000000e-06	3.000000000000000e-06
5.925134e+03	2.494250696250815e-02	1.308754689400053e-02	3.000000000000000e-06	3.000000000000000e-06
6.049031e+03	2.489935439038648e-02	1.307156341431048e-02	3.000000000000000e-06	3.000000000000000e-06
6.175523e+03	2.485603628663684e-02	1.305552428375925e-02	3.000000000000000e-06	3.000000000000000e-06
6.304663e+03	2.481255435613641e-02	1.303943008667564e-02	3.000000000000000e-06	3.000000000000000e-06
6.436503e+03	2.476891033022796e-02	1.302328141354682e-02	3.000000000000000e-06	3.000000000000000e-06
6.571100e+03	2.472510596628112e-02	1.300707886087229e-02	3.000000000000000e-06	3.000000000000000e-06
6.708509e+03	2.468114304724337e-02	1.299082303101649e-02	3.000000000000000e-06	3.000000000000000e-06
6.848786e+03	2.463702338118133e-02	1.297451453206031e-02	3.000000000000000e-06	3.000000000000000e-06
6.991989e+03	2.459274880081257e-02	1.295815397765150e-02	3.000000000000000e-06	3.000000000000000e-06
7.138178e+03	2.454832116302853e-02	1.294174198685420e-02	3.000000000000000e-06	3.000000000000000e-06
7.287412e+03	2.450374234840877e-02	1.292527918399759e-02	3.000000000000000e-06	3.000000000000000e-06
7.439753e+03	2.445901426072714e-02	1.290876619852386e-02	3.000000000000000e-06	3.000000000000000e-06
7.595262e+03	2.441413882645022e-02	1.289220366483560e-02	3.000000000000000e-06	3.000000000000000e-06
7.754003e+03	2.436911799422848e-02	1.287559222214268e-02	3.000000000000000e-06	3.000000000000000e-06
7.916041e+03	2.432395373438058e-02	1.285893251430878e-02	3.000000000000000e-06	3.000000000000000e-06
8.081441e+03	2.427864803837127e-02	1.284222518969760e-02	3.000000000000000e-06	3.000000000000000e-06
8.250271e+03	2.423320291828337e-02	1.282547090101904e-02	3.000000000000000e-06	3.000000000000000e-06
8.422598e+03	2.418762040628413e-02	1.280867030517519e-02	3.000000000000000e-06	3.000000000000000e-06
8.598493e+03	2.414190255408665e-02	1.279182406310649e-02	3.000000000000000e-06	3.000000000000000e-06
8.778026e+03	2.409605143240660e-02	1.277493283963803e-02	3.000000000000000e-06	3.000000000000000e-06
8.961269e+03	2.405006913041480e-02	1.275799730332605e-02	3.000000000000000e-06	3.000000000000000e-06
9.148296e+03	2.400395775518606e-02	1.274101812630498e-02	3.000000000000000e-06	3.000000000000000e-06
9.339181e+03	2.395771943114477e-02	1.272399598413474e-02	3.000000000000000e-06	3.000000000000000e-06
9.534001e+03	2.391135629950764e-02	1.270693155564883e-02	3.000000000000000e-06	3.000000000000000e-06
9.732833e+03	2.386487051772407e-02	1.268982552280290e-02	3.000000000000000e-06	3.000000000000000e-06
9.935755e+03	2.381826425891459e-02	1.267267857052422e-02	3.000000000000000e-06	3.000000000000000e-06
1.000000e+04	2.380377921705095e-02	1.266734927001096e-02	3.000000000000000e-06	3.000000000000000e-06
1.021135e+04	2.375635832352834e-02	1.264990704583713e-02	3.000000000000000e-06	3.000000000000000e-06
1.042404e+04	2.370949375701277e-02	1.263267253300338e-02	3.000000000000000e-06	3.000000000000000e-06
1.064115e+04	2.366250243038222e-02	1.261539439148492e-02	3.000000000000000e-06	3.000000000000000e-06
1.086271e+04	2.361540046671844e-02	1.259807842419026e-02	3.000000000000000e-06	3.000000000000000e-06
1.108881e+04	2.356818983185048e-02	1.258072522598622e-02	3.000000000000000e-06	3.000000000000000e-06
1.131953e+04	2.352087279064898e-02	1.256333549926963e-02	3.000000000000000e-06	3.000000000000000e-06
1.155497e+04	2.347345161371913e-02	1.254590994620402e-02	3.000000000000000e-06	3.000000000000000e-06
1.179521e+04	2.342592858276162e-02	1.252844927075551e-02	3.000000000000000e-06	3.000000000000000e-06
1.204036e+04	2.337830598989369e-02	1.251095417850956e-02	3.000000000000000e-06	3.000000000000000e-06
1.229050e+04	2.333058613709468e-02	1.249342537653409e-02	3.000000000000000e-06	3.000000000000000e-06
1.254573e+04	2.328277133565170e-02	1.247586357324352e-02	3.000000000000000e-06	3.000000000000000e-06
1.280615e+04	2.323486390560853e-02	1.245826947826437e-02	3.000000000000000e-06	3.000000000000000e-06
1.307187e+04	2.318686617521793e-02	1.244064380230286e-02	3.000000000000000e-06	3.000000000000000e-06
1.334298e+04	2.313878048039766e-02	1.242298725701420e-02	3.000000000000000e-06	3.000000000000000e-06
1.361958e+04	2.309060916419077e-02	1.240530055487390e-02	3.000000000000000e-06	3.000000000000000e-06
1.390179e+04	2.304235457623016e-02	1.238758440905102e-02	3.000000000000000e-06	3.000000000000000e-06
1.418971e+04	2.299401907220812e-02	1.236983953328337e-02	3.000000000000000e-06	3.000000000000000e-06
1.448346e+04	2.294560501335074e-02	1.235206664175488e-02	3.000000000000000e-06	3.000000000000000e-06
1.478313e+04	2.289711476589794e-02	1.233426644897503e-02	3.000000000000000e-06	3.000000000000000e-06
1.508885e+04	2.284855070058900e-02	1.231643966966040e-02	3.000000000000000e-06	3.000000000000000e-06
1.540074e+04	2.279991519215414e-02	1.229858701861846e-02	3.000000000000000e-06	3.000000000000000e-06
1.571890e+04	2.275121061881233e-02	1.228070921063360e-02	3.000000000000000e-06	3.000000000000000e-06
1.604347e+04	2.270243936177558e-02	1.226280696035536e-02	3.000000000000000e-06	3.000000000000000e-06
1.637456e+04	2.265360380476001e-02	1.224488098218899e-02	3.000000000000000e-06	3.000000000000000e-06
1.671229e+04	2.260470633350382e-02	1.222693199018840e-02	3.000000000000000e-06	3.000000000000000e-06
1.705680e+04	2.255574933529262e-02	1.220896069795133e-02	3.000000000000000e-06	3.000000000000000e-06
1.740821e+04	2.250673519849200e-02	1.219096781851700e-02	3.000000000000000e-06	3.000000000000000e-06
1.776666e+04	2.245766631208795e-02	1.217295406426612e-02	3.000000000000000e-06	3.000000000000000e-06
1.813227e+04	2.240854506523491e-02	1.215492014682333e-02	3.000000000000000e-06	3.000000000000000e-06
1.850518e+04	2.235937384681200e-02	1.213686677696207e-02	3.000000000000000e-06	3.000000000000000e-06
1.888554e+04	2.231015504498736e-02	1.211879466451189e-02	3.000000000000000e-06	3.000000000000000e-06
1.927348e+04	2.226089104679085e-02	1.210070451826822e-02	3.000000000000000e-06	3.000000000000000e-06
1.966915e+04	2.221158423769529e-02	1.208259704590466e-02	3.000000000000000e-06	3.000000000000000e-06
2.007268e+04	2.216223700120637e-02	1.206447295388768e-02	3.000000000000000e-06	3.000000000000000e-06
2.048424e+04	2.211285171846125e-02	1.204633294739388e-02	3.000000000000000e-06	3.000000000000000e-06
2.090397e+04	2.206343076783621e-02	1.202817773022965e-02	3.000000000000000e-06	3.000000000000000e-06
2.133203e+04	2.201397652456320e-02	1.201000800475344e-02	3.000000000000000e-06	3.000000000000000e-06
2.176856e+04	2.196449136035559e-02	1.199182447180041e-02	3.000000000000000e-06	3.000000000000000e-06
2.221374e+04	2.191497764304310e-02	1.197362783060966e-02	3.000000000000000e-06	3.000000000000000e-06
2.266773e+04	2.186543773621600e-02	1.195541877875390e-02	3.000000000000000e-06	3.000000000000000e-06
2.313068e+04	2.181587399887879e-02	1.193719801207162e-02	3.000000000000000e-06	3.000000000000000e-06
2.360277e+04	2.176628878511317e-02	1.191896622460174e-02	3.000000000000000e-06	3.000000000000000e-06
2.408417e+04	2.171668444375060e-02	1.190072410852070e-02	3.000000000000000e-06	3.000000000000000e-06
2.457505e+04	2.166706331805438e-02	1.188247235408205e-02	3.000000000000000e-06	3.000000000000000e-06
2.507559e+04	2.161742774541129e-02	1.186421164955848e-02	3.000000000000000e-06	3.000000000000000e-06
2.558597e+04	2.156778005703278e-02	1.184594268118624e-02	3.000000000000000e-06	3.000000000000000e-06
2.610638e+04	2.151812257766590e-02	1.182766613311204e-02	3.000000000000000e-06	3.000000000000000e-06
2.663699e+04	2.146845762531376e-02	1.180938268734231e-02	3.000000000000000e-06	3.000000000000000e-06
2.717801e+04	2.141878751096565e-02	1.179109302369487e-02	3.000000000000000e-06	3.000000000000000e-06
2.772963e+04	2.136911453833685e-02	1.177279781975298e-02	3.000000000000000e-06	3.000000000000000e-06
2.829204e+04	2.131944100361794e-02	1.175449775082166e-02	3.000000000000000e-06	3.000000000000000e-06
2.886544e+04	2.126976919523388e-02	1.173619348988648e-02	3.000000000000000e-06	3.000000000000000e-06
2.945003e+04	2.122010139361252e-02	1.171788570757453e-02	3.000000000000000e-06	3.000000000000000e-06
3.004604e+04	2.117043987096272e-02	1.169957507211775e-02	3.000000000000000e-06	3.000000000000000e-06
3.065366e+04	2.112078689106199e-02	1.168126224931846e-02	3.000000000000000e-06	3.000000000000000e-06
3.127311e+04	2.107114470905358e-02	1.166294790251723e-02	3.000000000000000e-06	3.000000000000000e-06
3.190462e+04	2.102151557125295e-02	1.164463269256285e-02	3.000000000000000e-06	3.000000000000000e-06
3.254840e+04	2.097190171496364e-02	1.162631727778455e-02	3.000000000000000e-06	3.000000000000000e-06
3.320468e+04	2.092230536830244e-02	1.160800231396639e-02	3.000000000000000e-06	3.000000000000000e-06
3.387370e+04	2.087272875003371e-02	1.158968845432374e-02	3.000000000000000e-06	3.000000000000000e-06
3.455568e+04	2.082317406941292e-02	1.157137634948191e-02	3.000000000000000e-06	3.000000000000000e-06
3.525088e+04	2.077364352603928e-02	1.155306664745685e-02	3.000000000000000e-06	3.000000000000000e-06
3.595952e+04	2.072413930971729e-02	1.153475999363788e-02	3.000000000000000e-06	3.000000000000000e-06
3.668187e+04	2.067466360032724e-02	1.151645703077243e-02	3.000000000000000e-06	3.000000000000000e-06
3.741817e+04	2.062521856770452e-02	1.149815839895287e-02	3.000000000000000e-06	3.000000000000000e-06
3.816867e+04	2.057580637152767e-02	1.147986473560516e-02	3.000000000000000e-06	3.000000000000000e-06
3.893365e+04	2.052642916121497e-02	1.146157667547953e-02	3.000000000000000e-06	3.000000000000000e-06
3.971337e+04	2.047708907582966e-02	1.144329485064304e-02	3.000000000000000e-06	3.000000000000000e-06
4.050809e+04	2.042778824399347e-02	1.142501989047399e-02	3.000000000000000e-06	3.000000000000000e-06
4.131810e+04	2.037852878380853e-02	1.140675242165818e-02	3.000000000000000e-06	3.000000000000000e-06
4.214368e+04	2.032931280278741e-02	1.138849306818702e-02	3.000000000000000e-06	3.000000000000000e-06
4.298510e+04	2.028014239779128e-02	1.137024245135733e-02	3.000000000000000e-06	3.000000000000000e-06
4.384267e+04	2.023101965497597e-02	1.135200118977296e-02	3.000000000000000e-06	3.000000000000000e-06
4.471668e+04	2.018194664974597e-02	1.133376989934813e-02	3.000000000000000e-06	3.000000000000000e-06
4.560742e+04	2.013292544671602e-02	1.131554919331238e-02	3.000000000000000e-06	3.000000000000000e-06
4.651522e+04	2.008395809968041e-02	1.129733968221720e-02	3.000000000000000e-06	3.000000000000000e-06
4.744037e+04	2.003504665158961e-02	1.127914197394438e-02	3.000000000000000e-06	3.000000000000000e-06
4.838319e+04	1.998619313453443e-02	1.126095667371579e-02	3.000000000000000e-06	3.000000000000000e-06
4.934402e+04	1.993739956973716e-02	1.124278438410478e-02	3.000000000000000e-06	3.000000000000000e-06
5.032317e+04	1.988866796755000e-02	1.122462570504919e-02	3.000000000000000e-06	3.000000000000000e-06
5.132099e+04	1.984000032746027e-02	1.120648123386572e-02	3.000000000000000e-06	3.000000000000000e-06
5.233782e+04	1.979139863810255e-02	1.118835156526584e-02	3.000000000000000e-06	3.000000000000000e-06
5.337399e+04	1.974286487727744e-02	1.117023729137308e-02	3.000000000000000e-06	3.000000000000000e-06
5.442987e+04	1.969440101197686e-02	1.115213900174185e-02	3.000000000000000e-06	3.000000000000000e-06
5.550582e+04	1.964600899841582e-02	1.113405728337743e-02	3.000000000000000e-06	3.000000000000000e-06
5.660220e+04	1.959769078207037e-02	1.111599272075744e-02	3.000000000000000e-06	3.000000000000000e-06
5.771938e+04	1.954944829772178e-02	1.109794589585463e-02	3.000000000000000e-06	3.000000000000000e-06
5.885775e+04	1.950128346950665e-02	1.107991738816083e-02	3.000000000000000e-06	3.000000000000000e-06
6.001768e+04	1.945319821097293e-02	1.106190777471228e-02	3.000000000000000e-06	3.000000000000000e-06
6.119958e+04	1.940519442514163e-02	1.104391763011610e-02	3.000000000000000e-06	3.000000000000000e-06
6.240384e+04	1.935727400457418e-02	1.102594752657795e-02	3.000000000000000e-06	3.000000000000000e-06
6.363086e+04	1.930943883144512e-02	1.100799803393092e-02	3.000000000000000e-06	3.000000000000000e-06
6.488108e+04	1.926169077762025e-02	1.099006971966550e-02	3.000000000000000e-06	3.000000000000000e-06
6.615489e+04	1.921403170473989e-02	1.097216314896063e-02	3.000000000000000e-06	3.000000000000000e-06
6.745275e+04	1.916646346430714e-02	1.095427888471588e-02	3.000000000000000e-06	3.000000000000000e-06
6.877507e+04	1.911898789778114e-02	1.093641748758478e-02	3.000000000000000e-06	3.000000000000000e-06
7.012231e+04	1.907160683667503e-02	1.091857951600868e-02	3.000000000000000e-06	3.000000000000000e-06
7.149492e+04	1.902432210265857e-02	1.090076552625235e-02	3.000000000000000e-06	3.000000000000000e-06
7.289336e+04	1.897713550766528e-02	1.088297607244004e-02	3.000000000000000e-06	3.000000000000000e-06
7.431810e+04	1.893004885400392e-02	1.086521170659257e-02	3.000000000000000e-06	3.000000000000000e-06
7.576962e+04	1.888306393447424e-02	1.084747297866545e-02	3.000000000000000e-06	3.000000000000000e-06
7.724840e+04	1.883618253248677e-02	1.082976043658776e-02	3.000000000000000e-06	3.000000000000000e-06
7.875494e+04	1.878940642218668e-02	1.081207462630195e-02	3.000000000000000e-06	3.000000000000000e-06
8.028974e+04	1.874273736858143e-02	1.079441609180451e-02	3.000000000000000e-06	3.000000000000000e-06
8.185331e+04	1.869617712767211e-02	1.077678537518738e-02	3.000000000000000e-06	3.000000000000000e-06
8.344618e+04	1.864972744658839e-02	1.075918301668019e-02	3.000000000000000e-06	3.000000000000000e-06
8.506887e+04	1.860339006372700e-02	1.074160955469330e-02	3.000000000000000e-06	3.000000000000000e-06
8.672194e+04	1.855716670889340e-02	1.072406552586152e-02	3.000000000000000e-06	3.000000000000000e-06
8.840592e+04	1.851105910344679e-02	1.070655146508855e-02	3.000000000000000e-06	3.000000000000000e-06
9.012137e+04	1.846506896044812e-02	1.068906790559219e-02	3.000000000000000e-06	3.000000000000000e-06
9.186888e+04	1.841919798481112e-02	1.067161537895014e-02	3.000000000000000e-06	3.000000000000000e-06
9.364901e+04	1.837344787345612e-02	1.065419441514649e-02	3.000000000000000e-06	3.000000000000000e-06
9.546237e+04	1.832782031546661e-02	1.063680554261881e-02	3.000000000000000e-06	3.000000000000000e-06
9.730954e+04	1.828231699224844e-02	1.061944928830592e-02	3.000000000000000e-06	3.000000000000000e-06
9.919115e+04	1.823693957769139e-02	1.060212617769614e-02	3.000000000000000e-06	3.000000000000000e-06
1.000000e+05	1.821785732486099e-02	1.059483327210542e-02	3.000000000000000e-06	3.000000000000000e-06
1.019524e+05	1.817217764351479e-02	1.057737322970523e-02	3.000000000000000e-06	3.000000000000000e-06
1.039200e+05	1.812712225560265e-02	1.056013631420651e-02	3.000000000000000e-06	3.000000000000000e-06
1.059247e+05	1.808218942356171e-02	1.054293088030638e-02	3.000000000000000e-06	3.000000000000000e-06
1.079666e+05	1.803739000042029e-02	1.052576096684416e-02	3.000000000000000e-06	3.000000000000000e-06
1.100465e+05	1.799272545369858e-02	1.050862702787381e-02	3.000000000000000e-06	3.000000000000000e-06
1.121650e+05	1.794819741603254e-02	1.049152958192459e-02	3.000000000000000e-06	3.000000000000000e-06
1.143229e+05	1.790380751067416e-02	1.047446914525040e-02	3.000000000000000e-06	3.000000000000000e-06
1.165208e+05	1.785955735486250e-02	1.045744623310450e-02	3.000000000000000e-06	3.000000000000000e-06
1.187595e+05	1.781544855994473e-02	1.044046135976997e-02	3.000000000000000e-06	3.000000000000000e-06
1.210397e+05	1.777148273155804e-02	1.042351503861342e-02	3.000000000000000e-06	3.000000000000000e-06
1.233622e+05	1.772766146981150e-02	1.040660778213858e-02	3.000000000000000e-06	3.000000000000000e-06
1.257277e+05	1.768398636946913e-02	1.038974010204025e-02	3.000000000000000e-06	3.000000000000000e-06
1.281370e+05	1.764045902013402e-02	1.037291250925860e-02	3.000000000000000e-06	3.000000000000000e-06
1.305909e+05	1.759708100643323e-02	1.035612551403383e-02	3.000000000000000e-06	3.000000000000000e-06
1.330902e+05	1.755385390820355e-02	1.033937962596105e-02	3.000000000000000e-06	3.000000000000000e-06
1.356357e+05	1.751077930067801e-02	1.032267535404548e-02	3.000000000000000e-06	3.000000000000000e-06
1.382282e+05	1.746785875467287e-02	1.030601320675798e-02	3.000000000000000e-06	3.000000000000000e-06
1.408687e+05	1.742509383677521e-02	1.028939369209071e-02	3.000000000000000e-06	3.000000000000000e-06
1.435580e+05	1.738248610953089e-02	1.027281731761314e-02	3.000000000000000e-06	3.000000000000000e-06
1.462969e+05	1.734003713163276e-02	1.025628459052823e-02	3.000000000000000e-06	3.000000000000000e-06
1.490863e+05	1.729774845810920e-02	1.023979601772884e-02	3.000000000000000e-06	3.000000000000000e-06
1.519272e+05	1.725562164051268e-02	1.022335210585431e-02	3.000000000000000e-06	3.000000000000000e-06
1.548205e+05	1.721365822710834e-02	1.020695336134725e-02	3.000000000000000e-06	3.000000000000000e-06
1.577671e+05	1.717185976306258e-02	1.019060029051048e-02	3.000000000000000e-06	3.000000000000000e-06
1.607680e+05	1.713022779063140e-02	1.017429339956410e-02	3.000000000000000e-06	3.000000000000000e-06
1.638242e+05	1.708876384934854e-02	1.015803319470278e-02	3.000000000000000e-06	3.000000000000000e-06
1.669367e+05	1.704746947621324e-02	1.014182018215303e-02	3.000000000000000e-06	3.000000000000000e-06
1.701064e+05	1.700634620587758e-02	1.012565486823076e-02	3.000000000000000e-06	3.000000000000000e-06
1.733345e+05	1.696539557083333e-02	1.010953775939879e-02	3.000000000000000e-06	3.000000000000000e-06
1.766219e+05	1.692461910159807e-02	1.009346936232449e-02	3.000000000000000e-06	3.000000000000000e-06
1.799698e+05	1.688401832690080e-02	1.007745018393757e-02	3.000000000000000e-06	3.000000000000000e-06
1.833792e+05	1.684359477386656e-02	1.006148073148779e-02	3.000000000000000e-06	3.000000000000000e-06
1.868513e+05	1.680334996820030e-02	1.004556151260285e-02	3.000000000000000e-06	3.000000000000000e-06
1.903871e+05	1.676328543436976e-02	1.002969303534621e-02	3.000000000000000e-06	3.000000000000000e-06
1.939879e+05	1.672340269578729e-02	1.001387580827500e-02	3.000000000000000e-06	3.000000000000000e-06
1.976548e+05	1.668370327499052e-02	9.998110340497924e-03	3.000000000000000e-06	3.000000000000000e-06
2.013889e+05	1.664418869382187e-02	9.982397141733143e-03	3.000000000000000e-06	3.000000000000000e-06
2.051916e+05	1.660486047360671e-02	9.966736722366155e-03	3.000000000000000e-06	3.000000000000000e-06
2.090640e+05	1.656572013533012e-02	9.951129593507668e-03	3.000000000000000e-06	3.000000000000000e-06
2.130074e+05	1.652676919981225e-02	9.935576267051405e-03	3.000000000000000e-06	3.000000000000000e-06
2.170230e+05	1.648800918788207e-02	9.920077255731879e-03	3.000000000000000e-06	3.000000000000000e-06
2.211123e+05	1.644944162054946e-02	9.904633073182106e-03	3.000000000000000e-06	3.000000000000000e-06
2.252764e+05	1.641106801917572e-02	9.889244233991236e-03	3.000000000000000e-06	3.000000000000000e-06
2.295168e+05	1.637288990564207e-02	9.873911253762118e-03	3.000000000000000e-06	3.000000000000000e-06
2.338349e+05	1.633490880251649e-02	9.858634649168748e-03	3.000000000000000e-06	3.000000000000000e-06
2.382319e+05	1.629712623321841e-02	9.843414938013629e-03	3.000000000000000e-06	3.000000000000000e-06
2.427095e+05	1.625954372218150e-02	9.828252639285004e-03	3.000000000000000e-06	3.000000000000000e-06
2.472689e+05	1.622216279501427e-02	9.813148273213971e-03	3.000000000000000e-06	3.000000000000000e-06
2.519117e+05	1.618498497865845e-02	9.798102361331436e-03	3.000000000000000e-06	3.000000000000000e-06
2.566395e+05	1.614801180154514e-02	9.783115426524944e-03	3.000000000000000e-06	3.000000000000000e-06
2.614536e+05	1.611124479374858e-02	9.768187993095322e-03	3.000000000000000e-06	3.000000000000000e-06
2.663557e+05	1.607468548713746e-02	9.753320586813170e-03	3.000000000000000e-06	3.000000000000000e-06
2.713474e+05	1.603833541552373e-02	9.738513734975151e-03	3.000000000000000e-06	3.000000000000000e-06
2.764303e+05	1.600219611480878e-02	9.723767966460090e-03	3.000000000000000e-06	3.000000000000000e-06
2.816060e+05	1.596626912312702e-02	9.709083811784877e-03	3.000000000000000e-06	3.000000000000000e-06
2.868762e+05	1.593055598098658e-02	9.694461803160139e-03	3.000000000000000e-06	3.000000000000000e-06
2.922426e+05	1.589505823140733e-02	9.679902474545681e-03	3.000000000000000e-06	3.000000000000000e-06
2.977069e+05	1.585977742005585e-02	9.665406361705707e-03	3.000000000000000e-06	3.000000000000000e-06
3.032710e+05	1.582471509537750e-02	9.650974002263765e-03	3.000000000000000e-06	3.000000000000000e-06
3.089365e+05	1.578987280872536e-02	9.636605935757452e-03	3.000000000000000e-06	3.000000000000000e-06
3.147054e+05	1.575525211448614e-02	9.622302703692819e-03	3.000000000000000e-06	3.000000000000000e-06
3.205795e+05	1.572085457020273e-02	9.608064849598518e-03	3.000000000000000e-06	3.000000000000000e-06
3.265607e+05	1.568668173669354e-02	9.593892919079637e-03	3.000000000000000e-06	3.000000000000000e-06
3.326510e+05	1.565273517816851e-02	9.579787459871231e-03	3.000000000000000e-06	3.000000000000000e-06
3.388522e+05	1.561901646234157e-02	9.565749021891530e-03	3.000000000000000e-06	3.000000000000000e-06
3.451664e+05	1.558552716053966e-02	9.551778157294827e-03	3.000000000000000e-06	3.000000000000000e-06
3.515957e+05	1.555226884780815e-02	9.537875420524006e-03	3.000000000000000e-06	3.000000000000000e-06
3.581421e+05	1.551924310301258e-02	9.524041368362735e-03	3.000000000000000e-06	3.000000000000000e-06
3.648077e+05	1.548645150893668e-02	9.510276559987282e-03	3.000000000000000e-06	3.000000000000000e-06
3.715947e+05	1.545389565237652e-02	9.496581557017951e-03	3.000000000000000e-06	3.000000000000000e-06
3.785052e+05	1.542157712423092e-02	9.482956923570141e-03	3.000000000000000e-06	3.000000000000000e-06
3.855416e+05	1.538949751958771e-02	9.469403226304986e-03	3.000000000000000e-06	3.000000000000000e-06
3.927060e+05	1.535765843780616e-02	9.455921034479602e-03	3.000000000000000e-06	3.000000000000000e-06
4.000008e+05	1.532606148259520e-02	9.442510919996892e-03	3.000000000000000e-06	3.000000000000000e-06
4.074284e+05	1.529470826208751e-02	9.429173457454915e-03	3.000000000000000e-06	3.000000000000000e-06
4.149911e+05	1.526360038890939e-02	9.415909224195817e-03	3.000000000000000e-06	3.000000000000000e-06
4.226913e+05	1.523273948024633e-02	9.402718800354285e-03	3.000000000000000e-06	3.000000000000000e-06
4.305316e+05	1.520212715790422e-02	9.389602768905535e-03	3.000000000000000e-06	3.000000000000000e-06
4.385145e+05	1.517176504836611e-02	9.376561715712804e-03	3.000000000000000e-06	3.000000000000000e-06
4.466425e+05	1.514165478284456e-02	9.363596229574351e-03	3.000000000000000e-06	3.000000000000000e-06
4.549183e+05	1.511179799732932e-02	9.350706902269940e-03	3.000000000000000e-06	3.000000000000000e-06
4.633446e+05	1.508219633263049e-02	9.337894328606792e-03	3.000000000000000e-06	3.000000000000000e-06
4.719240e+05	1.505285143441695e-02	9.325159106465010e-03	3.000000000000000e-06	3.000000000000000e-06
4.806594e+05	1.502376495325010e-02	9.312501836842431e-03	3.000000000000000e-06	3.000000000000000e-06
4.895534e+05	1.499493854461278e-02	9.299923123898941e-03	3.000000000000000e-06	3.000000000000000e-06
4.986091e+05	1.496637386893334e-02	9.287423575000184e-03	3.000000000000000e-06	3.000000000000000e-06
5.078294e+05	1.493807259160486e-02	9.275003800760686e-03	3.000000000000000e-06	3.000000000000000e-06
5.172171e+05	1.491003638299933e-02	9.262664415086389e-03	3.000000000000000e-06	3.000000000000000e-06
5.267753e+05	1.488226691847689e-02	9.250406035216541e-03	3.000000000000000e-06	3.000000000000000e-06
5.365072e+05	1.485476587839002e-02	9.238229281764963e-03	3.000000000000000e-06	3.000000000000000e-06
5.464157e+05	1.482753494808260e-02	9.226134778760676e-03	3.000000000000000e-06	3.000000000000000e-06
5.565043e+05	1.480057581788382e-02	9.214123153687852e-03	3.000000000000000e-06	3.000000000000000e-06
5.667760e+05	1.477389018309695e-02	9.202195037525097e-03	3.000000000000000e-06	3.000000000000000e-06
5.772342e+05	1.474747974398280e-02	9.190351064784047e-03	3.000000000000000e-06	3.000000000000000e-06
5.878822e+05	1.472134620573802e-02	9.178591873547252e-03	3.000000000000000e-06	3.000000000000000e-06
5.987236e+05	1.469549127846799e-02	9.166918105505344e-03	3.000000000000000e-06	3.000000000000000e-06
6.097617e+05	1.466991667715443e-02	9.155330405993473e-03	3.000000000000000e-06	3.000000000000000e-06
6.210002e+05	1.464462412161767e-02	9.143829424027002e-03	3.000000000000000e-06	3.000000000000000e-06
6.324427e+05	1.461961533647343e-02	9.132415812336427e-03	3.000000000000000e-06	3.000000000000000e-06
6.440928e+05	1.459489205108426e-02	9.121090227401521e-03	3.000000000000000e-06	3.000000000000000e-06
6.559543e+05	1.457045599950554e-02	9.109853329484703e-03	3.000000000000000e-06	3.000000000000000e-06
6.680310e+05	1.454630892042592e-02	9.098705782663575e-03	3.000000000000000e-06	3.000000000000000e-06
6.803269e+05	1.452245255710242e-02	9.087648254862664e-03	3.000000000000000e-06	3.000000000000000e-06
6.928458e+05	1.449888865728991e-02	9.076681417884298e-03	3.000000000000000e-06	3.000000000000000e-06
7.055919e+05	1.447561897316517e-02	9.065805947438662e-03	3.000000000000000e-06	3.000000000000000e-06
7.185692e+05	1.445264526124539e-02	9.055022523172957e-03	3.000000000000000e-06	3.000000000000000e-06
7.317819e+05	1.442996928230118e-02	9.044331828699704e-03	3.000000000000000e-06	3.000000000000000e-06
7.452342e+05	1.440759280126409e-02	9.033734551624126e-03	3.000000000000000e-06	3.000000000000000e-06
7.589305e+05	1.438551758712857e-02	9.023231383570644e-03	3.000000000000000e-06	3.000000000000000e-06
7.728753e+05	1.436374541284847e-02	9.012823020208416e-03	3.000000000000000e-06	3.000000000000000e-06
7.870730e+05	1.434227805522804e-02	9.002510161275963e-03	3.000000000000000e-06	3.000000000000000e-06
8.015281e+05	1.432111729480744e-02	8.992293510604814e-03	3.000000000000000e-06	3.000000000000000e-06
8.162454e+05	1.430026491574288e-02	8.982173776142193e-03	3.000000000000000e-06	3.000000000000000e-06
8.312295e+05	1.427972270568119e-02	8.972151669972707e-03	3.000000000000000e-06	3.000000000000000e-06
8.464854e+05	1.425949245562913e-02	8.962227908339041e-03	3.000000000000000e-06	3.000000000000000e-06
8.620179e+05	1.423957595981726e-02	8.952403211661630e-03	3.000000000000000e-06	3.000000000000000e-06
8.778321e+05	1.421997501555852e-02	8.942678304557292e-03	3.000000000000000e-06	3.000000000000000e-06
8.939329e+05	1.420069142310149e-02	8.933053915856822e-03	3.000000000000000e-06	3.000000000000000e-06
9.103257e+05	1.418172698547844e-02	8.923530778621522e-03	3.000000000000000e-06	3.000000000000000e-06
9.270157e+05	1.416308350834820e-02	8.914109630158644e-03	3.000000000000000e-06	3.000000000000000e-06
9.440083e+05	1.414476279983385e-02	8.904791212035751e-03	3.000000000000000e-06	3.000000000000000e-06
9.613090e+05	1.412676667035543e-02	8.895576270093962e-03	3.000000000000000e-06	3.000000000000000e-06
9.789233e+05	1.410909693245754e-02	8.886465554460090e-03	3.000000000000000e-06	3.000000000000000e-06
9.968570e+05	1.409175540063211e-02	8.877459819557619e-03	3.000000000000000e-06	3.000000000000000e-06
1.000000e+06	1.408882854314974e-02	8.875928431239737e-03	3.000000000000000e-06	3.000000000000000e-06
1.018590e+06	1.407162008273407e-02	8.866913704290378e-03	3.000000000000000e-06	3.000000000000000e-06
1.037237e+06	1.405500720266780e-02	8.858142602852438e-03	3.000000000000000e-06	3.000000000000000e-06
1.056228e+06	1.403872370637464e-02	8.849476496387360e-03	3.000000000000000e-06	3.000000000000000e-06
1.075563e+06	1.402277611217274e-02	8.840918619325394e-03	3.000000000000000e-06	3.000000000000000e-06
1.095248e+06	1.400716615929061e-02	8.832469705024083e-03	3.000000000000000e-06	3.000000000000000e-06
1.115291e+06	1.399189567148414e-02	8.824130535433627e-03	3.000000000000000e-06	3.000000000000000e-06
1.135696e+06	1.397696647157732e-02	8.815901896063768e-03	3.000000000000000e-06	3.000000000000000e-06
1.156471e+06	1.396238038274128e-02	8.807784576780235e-03	3.000000000000000e-06	3.000000000000000e-06
1.177624e+06	1.394813922824981e-02	8.799779371790634e-03	3.000000000000000e-06	3.000000000000000e-06
1.199159e+06	1.393424483125755e-02	8.791887079643330e-03	3.000000000000000e-06	3.000000000000000e-06
1.221085e+06	1.392069901457393e-02	8.784108503224822e-03	3.000000000000000e-06	3.000000000000000e-06
1.243408e+06	1.390750360043349e-02	8.776444449755800e-03	3.000000000000000e-06	3.000000000000000e-06
1.266136e+06	1.389466041026268e-02	8.768895730785929e-03	3.000000000000000e-06	3.000000000000000e-06
1.289276e+06	1.388217126444328e-02	8.761463162187288e-03	3.000000000000000e-06	3.000000000000000e-06
1.312835e+06	1.387003798207262e-02	8.754147564146508e-03	3.000000000000000e-06	3.000000000000000e-06
1.336822e+06	1.385826238072077e-02	8.746949761155556e-03	3.000000000000000e-06	3.000000000000000e-06
1.361243e+06	1.384684627618476e-02	8.739870582001187e-03	3.000000000000000e-06	3.000000000000000e-06
1.386107e+06	1.383579148224010e-02	8.732910859753043e-03	3.000000000000000e-06	3.000000000000000e-06
1.411422e+06	1.382509981038980e-02	8.726071431750375e-03	3.000000000000000e-06	3.000000000000000e-06
1.437196e+06	1.381477306961087e-02	8.719353139587414e-03	3.000000000000000e-06	3.000000000000000e-06
1.463437e+06	1.380481306609869e-02	8.712756829097350e-03	3.000000000000000e-06	3.000000000000000e-06
1.490154e+06	1.379522160300934e-02	8.706283350334940e-03	3.000000000000000e-06	3.000000000000000e-06
1.517355e+06	1.378600048020009e-02	8.699933557557707e-03	3.000000000000000e-06	3.000000000000000e-06
1.545049e+06	1.377715149396820e-02	8.693708309205760e-03	3.000000000000000e-06	3.000000000000000e-06
1.573245e+06	1.376867643678832e-02	8.687608467880199e-03	3.000000000000000e-06	3.000000000000000e-06
1.601953e+06	1.376057709704859e-02	8.681634900320125e-03	3.000000000000000e-06	3.000000000000000e-06
1.631181e+06	1.375285525878571e-02	8.675788477378224e-03	3.000000000000000e-06	3.000000000000000e-06
1.660939e+06	1.374551270141916e-02	8.670070073994953e-03	3.000000000000000e-06	3.000000000000000e-06
1.691236e+06	1.373855119948481e-02	8.664480569171290e-03	3.000000000000000e-06	3.000000000000000e-06
1.722083e+06	1.373197252236804e-02	8.659020845940090e-03	3.000000000000000e-06	3.000000000000000e-06
1.753489e+06	1.372577843403673e-02	8.653691791335993e-03	3.000000000000000e-06	3.000000000000000e-06
1.785465e+06	1.371997069277426e-02	8.648494296363928e-03	3.000000000000000e-06	3.000000000000000e-06
1.818021e+06	1.371455105091265e-02	8.643429255966196e-03	3.000000000000000e-06	3.000000000000000e-06
1.851167e+06	1.370952125456635e-02	8.638497568988114e-03	3.000000000000000e-06	3.000000000000000e-06
1.884914e+06	1.370488304336647e-02	8.633700138142276e-03	3.000000000000000e-06	3.000000000000000e-06
1.919273e+06	1.370063815019621e-02	8.629037869971358e-03	3.000000000000000e-06	3.000000000000000e-06
1.954255e+06	1.369678830092715e-02	8.624511674809529e-03	3.000000000000000e-06	3.000000000000000e-06
1.989872e+06	1.369333521415717e-02	8.620122466742463e-03	3.000000000000000e-06	3.000000000000000e-06
2.026134e+06	1.369028060094983e-02	8.615871163565925e-03	3.000000000000000e-06	3.000000000000000e-06
2.063055e+06	1.368762616457561e-02	8.611758686742970e-03	3.000000000000000e-06	3.000000000000000e-06
2.100645e+06	1.368537360025532e-02	8.607785961359757e-03	3.000000000000000e-06	3.000000000000000e-06
2.138917e+06	1.368352459490572e-02	8.603953916079965e-03	3.000000000000000e-06	3.000000000000000e-06
2.177883e+06	1.368208082688775e-02	8.600263483097836e-03	3.000000000000000e-06	3.000000000000000e-06
2.217557e+06	1.368104396575751e-02	8.596715598089865e-03	3.000000000000000e-06	3.000000000000000e-06
2.257950e+06	1.368041567202029e-02	8.593311200165120e-03	3.000000000000000e-06	3.000000000000000e-06
2.299075e+06	1.368019759688785e-02	8.590051231814215e-03	3.000000000000000e-06	3.000000000000000e-06
2.340947e+06	1.368039138203911e-02	8.586936638856971e-03	3.000000000000000e-06	3.000000000000000e-06
2.383579e+06	1.368099865938469e-02	8.583968370388731e-03	3.000000000000000e-06	3.000000000000000e-06
2.426984e+06	1.368202105083524e-02	8.581147378725394e-03	3.000000000000000e-06	3.000000000000000e-06
2.471177e+06	1.368346016807404e-02	8.578474619347139e-03	3.000000000000000e-06	3.000000000000000e-06
2.516172e+06	1.368531761233397e-02	8.575951050840896e-03	3.000000000000000e-06	3.000000000000000e-06
2.561983e+06	1.368759497417909e-02	8.573577634841541e-03	3.000000000000000e-06	3.000000000000000e-06
2.608626e+06	1.369029383329100e-02	8.571355335971866e-03	3.000000000000000e-06	3.000000000000000e-06
2.656115e+06	1.369341575826037e-02	8.569285121781333e-03	3.000000000000000e-06	3.000000000000000e-06
2.704467e+06	1.369696230638362e-02	8.567367962683611e-03	3.000000000000000e-06	3.000000000000000e-06
2.753696e+06	1.370093502346510e-02	8.565604831892963e-03	3.000000000000000e-06	3.000000000000000e-06
2.803818e+06	1.370533544362498e-02	8.563996705359459e-03	3.000000000000000e-06	3.000000000000000e-06
2.854851e+06	1.371016508911294e-02	8.562544561703064e-03	3.000000000000000e-06	3.000000000000000e-06
2.906809e+06	1.371542547012803e-02	8.561249382146627e-03	3.000000000000000e-06	3.000000000000000e-06
2.959712e+06	1.372111808464467e-02	8.560112150447772e-03	3.000000000000000e-06	3.000000000000000e-06
3.013574e+06	1.372724441824519e-02	8.559133852829762e-03	3.000000000000000e-06	3.000000000000000e-06
3.068415e+06	1.373380594395894e-02	8.558315477911310e-03	3.000000000000000e-06	3.000000000000000e-06
3.124252e+06	1.374080412210817e-02	8.557658016635413e-03	3.000000000000000e-06	3.000000000000000e-06
3.181102e+06	1.374824040016097e-02	8.557162462197204e-03	3.000000000000000e-06	3.000000000000000e-06
3.238985e+06	1.375611621259123e-02	8.556829809970880e-03	3.000000000000000e-06	3.000000000000000e-06
3.297919e+06	1.376443298074593e-02	8.556661057435723e-03	3.000000000000000e-06	3.000000000000000e-06
3.357924e+06	1.377319211271984e-02	8.556657204101235e-03	3.000000000000000e-06	3.000000000000000e-06
3.419018e+06	1.378239500323779e-02	8.556819251431457e-03	3.000000000000000e-06	3.000000000000000e-06
3.481222e+06	1.379204303354466e-02	8.557148202768476e-03	3.000000000000000e-06	3.000000000000000e-06
3.544556e+06	1.380213757130316e-02	8.557645063255164e-03	3.000000000000000e-06	3.000000000000000e-06
3.609041e+06	1.381267997049958e-02	8.558310839757185e-03	3.000000000000000e-06	3.000000000000000e-06
3.674698e+06	1.382367157135760e-02	8.559146540784317e-03	3.000000000000000e-06	3.000000000000000e-06
3.741547e+06	1.383511370026025e-02	8.560153176411118e-03	3.000000000000000e-06	3.000000000000000e-06
3.809611e+06	1.384700766968014e-02	8.561331758196981e-03	3.000000000000000e-06	3.000000000000000e-06
3.878911e+06	1.385935477811804e-02	8.562683299105610e-03	3.000000000000000e-06	3.000000000000000e-06
3.949472e+06	1.387215631004983e-02	8.564208813423976e-03	3.000000000000000e-06	3.000000000000000e-06
4.021314e+06	1.388541353588203e-02	8.565909316680770e-03	3.000000000000000e-06	3.000000000000000e-06
4.094462e+06	1.389912771191584e-02	8.567785825564431e-03	3.000000000000000e-06	3.000000000000000e-06
4.168940e+06	1.391330008031979e-02	8.569839357840744e-03	3.000000000000000e-06	3.000000000000000e-06
4.244772e+06	1.392793186911104e-02	8.572070932270118e-03	3.000000000000000e-06	3.000000000000000e-06
4.321982e+06	1.394302429214545e-02	8.574481568524521e-03	3.000000000000000e-06	3.000000000000000e-06
4.400596e+06	1.395857854911623e-02	8.577072287104167e-03	3.000000000000000e-06	3.000000000000000e-06
4.480639e+06	1.397459582556153e-02	8.579844109253984e-03	3.000000000000000e-06	3.000000000000000e-06
4.562137e+06	1.399107729288056e-02	8.582798056879915e-03	3.000000000000000e-06	3.000000000000000e-06
4.645117e+06	1.400802410835869e-02	8.585935152465083e-03	3.000000000000000e-06	3.000000000000000e-06
4.729607e+06	1.402543741520112e-02	8.589256418985910e-03	3.000000000000000e-06	3.000000000000000e-06
4.815633e+06	1.404331834257541e-02	8.592762879828186e-03	3.000000000000000e-06	3.000000000000000e-06
4.903223e+06	1.406166800566266e-02	8.596455558703186e-03	3.000000000000000e-06	3.000000000000000e-06
4.992407e+06	1.408048750571742e-02	8.600335479563848e-03	3.000000000000000e-06	3.000000000000000e-06
5.083213e+06	1.409977793013618e-02	8.604403666521099e-03	3.000000000000000e-06	3.000000000000000e-06
5.175670e+06	1.411954035253454e-02	8.608661143760349e-03	3.000000000000000e-06	3.000000000000000e-06
5.269810e+06	1.413977583283287e-02	8.613108935458212e-03	3.000000000000000e-06	3.000000000000000e-06
5.365663e+06	1.416048541735043e-02	8.617748065699532e-03	3.000000000000000e-06	3.000000000000000e-06
5.463259e+06	1.418167013890794e-02	8.622579558394718e-03	3.000000000000000e-06	3.000000000000000e-06
5.562632e+06	1.420333101693848e-02	8.627604437197492e-03	3.000000000000000e-06	3.000000000000000e-06
5.663813e+06	1.422546905760659e-02	8.632823725423070e-03	3.000000000000000e-06	3.000000000000000e-06
5.766835e+06	1.424808525393551e-02	8.638238445966834e-03	3.000000000000000e-06	3.000000000000000e-06
5.871733e+06	1.427118058594254e-02	8.643849621223557e-03	3.000000000000000e-06	3.000000000000000e-06
5.978539e+06	1.429475602078227e-02	8.649658273007231e-03	3.000000000000000e-06	3.000000000000000e-06
6.087290e+06	1.431881251289760e-02	8.655665422471542e-03	3.000000000000000e-06	3.000000000000000e-06
6.198021e+06	1.434335100417856e-02	8.661872090031063e-03	3.000000000000000e-06	3.000000000000000e-06
6.310768e+06	1.436837242412863e-02	8.668279295283198e-03	3.000000000000000e-06	3.000000000000000e-06
6.425567e+06	1.439387769003849e-02	8.674888056930943e-03	3.000000000000000e-06	3.000000000000000e-06
6.542457e+06	1.441986770716711e-02	8.681699392706512e-03	3.000000000000000e-06	3.000000000000000e-06
6.661475e+06	1.444634336892997e-02	8.688714319295885e-03	3.000000000000000e-06	3.000000000000000e-06
6.782661e+06	1.447330555709423e-02	8.695933852264318e-03	3.000000000000000e-06	3.000000000000000e-06
6.906054e+06	1.450075514198084e-02	8.703359005982890e-03	3.000000000000000e-06	3.000000000000000e-06
7.031695e+06	1.452869298267328e-02	8.710990793556103e-03	3.000000000000000e-06	3.000000000000000e-06
7.159624e+06	1.455711992723277e-02	8.718830226750622e-03	3.000000000000000e-06	3.000000000000000e-06
7.289884e+06	1.458603681291989e-02	8.726878315925194e-03	3.000000000000000e-06	3.000000000000000e-06
7.422517e+06	1.461544446642239e-02	8.735136069961767e-03	3.000000000000000e-06	3.000000000000000e-06
7.557566e+06	1.464534370408888e-02	8.743604496197913e-03	3.000000000000000e-06	3.000000000000000e-06
7.695077e+06	1.467573533216846e-02	8.752284600360555e-03	3.000000000000000e-06	3.000000000000000e-06
7.835093e+06	1.470662014705589e-02	8.761177386501073e-03	3.000000000000000e-06	3.000000000000000e-06
7.977661e+06	1.473799893554225e-02	8.770283856931821e-03	3.000000000000000e-06	3.000000000000000e-06
8.122827e+06	1.476987247507078e-02	8.779605012164115e-03	3.000000000000000e-06	3.000000000000000e-06
8.270639e+06	1.480224153399787e-02	8.789141850847726e-03	3.000000000000000e-06	3.000000000000000e-06
8.421145e+06	1.483510687185883e-02	8.798895369711941e-03	3.000000000000000e-06	3.000000000000000e-06
8.574396e+06	1.486846923963834e-02	8.808866563508197e-03	3.000000000000000e-06	3.000000000000000e-06
8.730440e+06	1.490232938004540e-02	8.819056424954381e-03	3.000000000000000e-06	3.000000000000000e-06
8.889329e+06	1.493668802779247e-02	8.829465944680800e-03	3.000000000000000e-06	3.000000000000000e-06
9.051116e+06	1.497154590987878e-02	8.840096111177887e-03	3.000000000000000e-06	3.000000000000000e-06
9.215853e+06	1.500690374587736e-02	8.850947910745645e-03	3.000000000000000e-06	3.000000000000000e-06
9.383594e+06	1.504276224822588e-02	8.862022327444933e-03	3.000000000000000e-06	3.000000000000000e-06
9.554395e+06	1.507912212252082e-02	8.873320343050552e-03	3.000000000000000e-06	3.000000000000000e-06
9.728311e+06	1.511598406781500e-02	8.884842937006235e-03	3.000000000000000e-06	3.000000000000000e-06
9.905400e+06	1.515334877691802e-02	8.896591086381531e-03	3.000000000000000e-06	3.000000000000000e-06
1.000000e+07	1.517322707761407e-02	8.902875289644745e-03	3.000000000000000e-06	3.000000000000000e-06
1.018361e+07	1.521168790653199e-02	8.915073453196153e-03	3.000000000000000e-06	3.000000000000000e-06
1.036897e+07	1.525032367194766e-02	8.927395623493626e-03	3.000000000000000e-06	3.000000000000000e-06
1.055775e+07	1.528947061490176e-02	8.939948690349565e-03	3.000000000000000e-06	3.000000000000000e-06
1.074997e+07	1.532912328485373e-02	8.952731677149368e-03	3.000000000000000e-06	3.000000000000000e-06
1.094569e+07	1.536928245718596e-02	8.965745582749761e-03	3.000000000000000e-06	3.000000000000000e-06
1.114499e+07	1.540994878946273e-02	8.978991367135388e-03	3.000000000000000e-06	3.000000000000000e-06
1.134793e+07	1.545112293741795e-02	8.992469988321329e-03	3.000000000000000e-06	3.000000000000000e-06
1.155457e+07	1.549280555316472e-02	9.006182401650558e-03	3.000000000000000e-06	3.000000000000000e-06
1.176499e+07	1.553499728555345e-02	9.020129559782960e-03	3.000000000000000e-06	3.000000000000000e-06
1.197924e+07	1.557769878049183e-02	9.034312412673884e-03	3.000000000000000e-06	3.000000000000000e-06
1.219741e+07	1.562091068126630e-02	9.048731907555167e-03	3.000000000000000e-06	3.000000000000000e-06
1.241956e+07	1.566463362886411e-02	9.063388988918352e-03	3.000000000000000e-06	3.000000000000000e-06
1.264577e+07	1.570886826229596e-02	9.078284598500179e-03	3.000000000000000e-06	3.000000000000000e-06
1.287611e+07	1.575361521891874e-02	9.093419675270322e-03	3.000000000000000e-06	3.000000000000000e-06
1.311066e+07	1.579887513475853e-02	9.108795155421396e-03	3.000000000000000e-06	3.000000000000000e-06
1.334949e+07	1.584464864483347e-02	9.124411972361246e-03	3.000000000000000e-06	3.000000000000000e-06
1.359269e+07	1.589093638347640e-02	9.140271056707536e-03	3.000000000000000e-06	3.000000000000000e-06
1.384033e+07	1.593773898465719e-02	9.156373336284624e-03	3.000000000000000e-06	3.000000000000000e-06
1.409249e+07	1.598505708230442e-02	9.172719736122738e-03	3.000000000000000e-06	3.000000000000000e-06
1.434926e+07	1.603289131062649e-02	9.189311178459478e-03	3.000000000000000e-06	3.000000000000000e-06
1.461072e+07	1.608124230443177e-02	9.206148582743606e-03	3.000000000000000e-06	3.000000000000000e-06
1.487696e+07	1.613011069944784e-02	9.223232865641154e-03	3.000000000000000e-06	3.000000000000000e-06
1.514807e+07	1.617949713263960e-02	9.240564941043852e-03	3.000000000000000e-06	3.000000000000000e-06
1.542413e+07	1.622940224252608e-02	9.258145720079857e-03	3.000000000000000e-06	3.000000000000000e-06
1.570524e+07	1.627982666949588e-02	9.275976111126774e-03	3.000000000000000e-06	3.000000000000000e-06
1.599149e+07	1.633077105612104e-02	9.294057019826996e-03	3.000000000000000e-06	3.000000000000000e-06
1.628297e+07	1.638223604746934e-02	9.312389349105318e-03	3.000000000000000e-06	3.000000000000000e-06
1.657978e+07	1.643422229141476e-02	9.330973999188851e-03	3.000000000000000e-06	3.000000000000000e-06
1.688202e+07	1.648673043894610e-02	9.349811867629194e-03	3.000000000000000e-06	3.000000000000000e-06
1.718979e+07	1.653976114447353e-02	9.368903849326874e-03	3.000000000000000e-06	3.000000000000000e-06
1.750319e+07	1.659331506613313e-02	9.388250836558039e-03	3.000000000000000e-06	3.000000000000000e-06
1.782231e+07	1.664739286608919e-02	9.407853719003375e-03	3.000000000000000e-06	3.000000000000000e-06
1.814728e+07	1.670199521083413e-02	9.427713383779257e-03	3.000000000000000e-06	3.000000000000000e-06
1.847819e+07	1.675712277148614e-02	9.447830715471081e-03	3.000000000000000e-06	3.000000000000000e-06
1.881515e+07	1.681277622408427e-02	9.468206596168798e-03	3.000000000000000e-06	3.000000000000000e-06
1.915828e+07	1.686895624988090e-02	9.488841905504607e-03	3.000000000000000e-06	3.000000000000000e-06
1.950769e+07	1.692566353563166e-02	9.509737520692778e-03	3.000000000000000e-06	3.000000000000000e-06
1.986350e+07	1.698289877388254e-02	9.530894316571612e-03	3.000000000000000e-06	3.000000000000000e-06
2.022581e+07	1.704066266325418e-02	9.552313165647489e-03	3.000000000000000e-06	3.000000000000000e-06
2.059476e+07	1.709895590872335e-02	9.573994938140979e-03	3.000000000000000e-06	3.000000000000000e-06
2.097046e+07	1.715777922190147e-02	9.595940502035018e-03	3.000000000000000e-06	3.000000000000000e-06
2.135304e+07	1.721713332131009e-02	9.618150723125090e-03	3.000000000000000e-06	3.000000000000000e-06
2.174262e+07	1.727701893265334e-02	9.640626465071390e-03	3.000000000000000e-06	3.000000000000000e-06
2.213934e+07	1.733743678908731e-02	9.663368589452975e-03	3.000000000000000e-06	3.000000000000000e-06
2.254332e+07	1.739838763148618e-02	9.686377955823812e-03	3.000000000000000e-06	3.000000000000000e-06
2.295469e+07	1.745987220870527e-02	9.709655421770758e-03	3.000000000000000e-06	3.000000000000000e-06
2.337360e+07	1.752189127784072e-02	9.733201842973384e-03	3.000000000000000e-06	3.000000000000000e-06
2.380019e+07	1.758444560448598e-02	9.757018073265646e-03	3.000000000000000e-06	3.000000000000000e-06
2.423459e+07	1.764753596298495e-02	9.781104964699344e-03	3.000000000000000e-06	3.000000000000000e-06
2.467694e+07	1.771116313668180e-02	9.805463367609362e-03	3.000000000000000e-06	3.000000000000000e-06
2.512740e+07	1.777532791816737e-02	9.830094130680634e-03	3.000000000000000e-06	3.000000000000000e-06
2.558612e+07	1.784003110952221e-02	9.854998101016792e-03	3.000000000000000e-06	3.000000000000000e-06
2.605324e+07	1.790527352255625e-02	9.880176124210490e-03	3.000000000000000e-06	3.000000000000000e-06
2.652891e+07	1.797105597904490e-02	9.905629044415328e-03	3.000000000000000e-06	3.000000000000000e-06
2.701331e+07	1.803737931096190e-02	9.931357704419380e-03	3.000000000000000e-06	3.000000000000000e-06
2.750658e+07	1.810424436070855e-02	9.957362945720248e-03	3.000000000000000e-06	3.000000000000000e-06
2.800890e+07	1.817165198133953e-02	9.983645608601625e-03	3.000000000000000e-06	3.000000000000000e-06
2.852042e+07	1.823960303678532e-02	1.001020653221133e-02	3.000000000000000e-06	3.000000000000000e-06
2.904132e+07	1.830809840207105e-02	1.003704655464075e-02	3.000000000000000e-06	3.000000000000000e-06
2.957178e+07	1.837713896353193e-02	1.006416651300569e-02	3.000000000000000e-06	3.000000000000000e-06
3.011195e+07	1.844672561902524e-02	1.009156724352854e-02	3.000000000000000e-06	3.000000000000000e-06
3.066204e+07	1.851685927813881e-02	1.011924958162179e-02	3.000000000000000e-06	3.000000000000000e-06
3.122221e+07	1.858754086239608e-02	1.014721436197273e-02	3.000000000000000e-06	3.000000000000000e-06
3.179265e+07	1.865877130545772e-02	1.017546241862946e-02	3.000000000000000e-06	3.000000000000000e-06
3.237356e+07	1.873055155331982e-02	1.020399458508798e-02	3.000000000000000e-06	3.000000000000000e-06
3.296512e+07	1.880288256450870e-02	1.023281169438055e-02	3.000000000000000e-06	3.000000000000000e-06
3.356754e+07	1.887576531027225e-02	1.026191457916498e-02	3.000000000000000e-06	3.000000000000000e-06
3.418101e+07	1.894920077476799e-02	1.029130407181514e-02	3.000000000000000e-06	3.000000000000000e-06
3.480573e+07	1.902318995524773e-02	1.032098100451232e-02	3.000000000000000e-06	3.000000000000000e-06
3.544192e+07	1.909773386223890e-02	1.035094620933772e-02	3.000000000000000e-06	3.000000000000000e-06
3.608978e+07	1.917283351972261e-02	1.038120051836572e-02	3.000000000000000e-06	3.000000000000000e-06
3.674953e+07	1.924848996530837e-02	1.041174476375816e-02	3.000000000000000e-06	3.000000000000000e-06
3.742139e+07	1.932470425040569e-02	1.044257977785938e-02	3.000000000000000e-06	3.000000000000000e-06
3.810559e+07	1.940147744039230e-02	1.047370639329210e-02	3.000000000000000e-06	3.000000000000000e-06
3.880234e+07	1.947881061477931e-02	1.050512544305406e-02	3.000000000000000e-06	3.000000000000000e-06
3.951189e+07	1.955670486737317e-02	1.053683776061535e-02	3.000000000000000e-06	3.000000000000000e-06
4.023446e+07	1.963516130643455e-02	1.056884418001652e-02	3.000000000000000e-06	3.000000000000000e-06
4.097030e+07	1.971418105483402e-02	1.060114553596718e-02	3.000000000000000e-06	3.000000000000000e-06
4.171965e+07	1.979376525020488e-02	1.063374266394533e-02	3.000000000000000e-06	3.000000000000000e-06
4.248277e+07	1.987391504509281e-02	1.066663640029719e-02	3.000000000000000e-06	3.000000000000000e-06
4.325990e+07	1.995463160710264e-02	1.069982758233756e-02	3.000000000000000e-06	3.000000000000000e-06
4.405130e+07	2.003591611904216e-02	1.073331704845069e-02	3.000000000000000e-06	3.000000000000000e-06
4.485724e+07	2.011776977906305e-02	1.076710563819155e-02	3.000000000000000e-06	3.000000000000000e-06
4.567799e+07	2.020019380079900e-02	1.080119419238754e-02	3.000000000000000e-06	3.000000000000000e-06
4.651382e+07	2.028318941350093e-02	1.083558355324058e-02	3.000000000000000e-06	3.000000000000000e-06
4.736500e+07	2.036675786216957e-02	1.087027456442948e-02	3.000000000000000e-06	3.000000000000000e-06
4.823183e+07	2.045090040768522e-02	1.090526807121270e-02	3.000000000000000e-06	3.000000000000000e-06
4.911458e+07	2.053561832693490e-02	1.094056492053124e-02	3.000000000000000e-06	3.000000000000000e-06
5.001356e+07	2.062091291293685e-02	1.097616596111192e-02	3.000000000000000e-06	3.000000000000000e-06
5.092906e+07	2.070678547496244e-02	1.101207204357067e-02	3.000000000000000e-06	3.000000000000000e-06
5.186140e+07	2.079323733865556e-02	1.104828402051618e-02	3.000000000000000e-06	3.000000000000000e-06
5.281087e+07	2.088026984614948e-02	1.108480274665344e-02	3.000000000000000e-06	3.000000000000000e-06
5.377779e+07	2.096788435618134e-02	1.112162907888762e-02	3.000000000000000e-06	3.000000000000000e-06
5.476249e+07	2.105608224420414e-02	1.115876387642781e-02	3.000000000000000e-06	3.000000000000000e-06
5.576530e+07	2.114486490249646e-02	1.119620800089091e-02	3.000000000000000e-06	3.000000000000000e-06
5.678655e+07	2.123423374026986e-02	1.123396231640544e-02	3.000000000000000e-06	3.000000000000000e-06
5.782658e+07	2.132419018377396e-02	1.127202768971539e-02	3.000000000000000e-06	3.000000000000000e-06
5.888574e+07	2.141473567639940e-02	1.131040499028395e-02	3.000000000000000e-06	3.000000000000000e-06
5.996439e+07	2.150587167877854e-02	1.134909509039721e-02	3.000000000000000e-06	3.000000000000000e-06
6.106287e+07	2.159759966888417e-02	1.138809886526764e-02	3.000000000000000e-06	3.000000000000000e-06
6.218156e+07	2.168992114212601e-02	1.142741719313757e-02	3.000000000000000e-06	3.000000000000000e-06
6.332083e+07	2.178283761144527e-02	1.146705095538237e-02	3.000000000000000e-06	3.000000000000000e-06
6.448107e+07	2.187635060740722e-02	1.150700103661352e-02	3.000000000000000e-06	3.000000000000000e-06
6.566265e+07	2.197046167829183e-02	1.154726832478138e-02	3.000000000000000e-06	3.000000000000000e-06
6.686598e+07	2.206517239018255e-02	1.158785371127781e-02	3.000000000000000e-06	3.000000000000000e-06
6.809146e+07	2.216048432705316e-02	1.162875809103846e-02	3.000000000000000e-06	3.000000000000000e-06
6.933949e+07	2.225639909085299e-02	1.166998236264474e-02	3.000000000000000e-06	3.000000000000000e-06
7.061049e+07	2.235291830159026e-02	1.171152742842558e-02	3.000000000000000e-06	3.000000000000000e-06
7.190489e+07	2.245004359741376e-02	1.175339419455874e-02	3.000000000000000e-06	3.000000000000000e-06
7.322312e+07	2.254777663469294e-02	1.179558357117185e-02	3.000000000000000e-06	3.000000000000000e-06
7.456562e+07	2.264611908809632e-02	1.183809647244302e-02	3.000000000000000e-06	3.000000000000000e-06
7.593284e+07	2.274507265066835e-02	1.188093381670112e-02	3.000000000000000e-06	3.000000000000000e-06
7.732524e+07	2.284463903390480e-02	1.192409652652556e-02	3.000000000000000e-06	3.000000000000000e-06
7.874328e+07	2.294481996782662e-02	1.196758552884574e-02	3.000000000000000e-06	3.000000000000000e-06
8.018743e+07	2.304561720105240e-02	1.201140175503995e-02	3.000000000000000e-06	3.000000000000000e-06
8.165819e+07	2.314703250086948e-02	1.205554614103392e-02	3.000000000000000e-06	3.000000000000000e-06
8.315603e+07	2.324906765330361e-02	1.210001962739881e-02	3.000000000000000e-06	3.000000000000000e-06
8.468147e+07	2.335172446318746e-02	1.214482315944873e-02	3.000000000000000e-06	3.000000000000000e-06
8.623501e+07	2.345500475422773e-02	1.218995768733779e-02	3.000000000000000e-06	3.000000000000000e-06
8.781718e+07	2.355891036907116e-02	1.223542416615658e-02	3.000000000000000e-06	3.000000000000000e-06
8.942850e+07	2.366344316936925e-02	1.228122355602813e-02	3.000000000000000e-06	3.000000000000000e-06
9.106951e+07	2.376860503584199e-02	1.232735682220337e-02	3.000000000000000e-06	3.000000000000000e-06
9.274076e+07	2.387439786834033e-02	1.237382493515603e-02	3.000000000000000e-06	3.000000000000000e-06
9.444282e+07	2.398082358590776e-02	1.242062887067686e-02	3.000000000000000e-06	3.000000000000000e-06
9.617625e+07	2.408788412684073e-02	1.246776960996749e-02	3.000000000000000e-06	3.000000000000000e-06
9.794163e+07	2.419558144874822e-02	1.251524813973349e-02	3.000000000000000e-06	3.000000000000000e-06
9.973956e+07	2.430391752861026e-02	1.256306545227700e-02	3.000000000000000e-06	3.000000000000000e-06
1.000000e+08	2.431944770508767e-02	1.256992636080385e-02	3.000000000000000e-06	3.000000000000000e-06
1.018648e+08	2.443023377624593e-02	1.261889142701584e-02	3.000000000000000e-06	3.000000000000000e-06
1.037345e+08	2.453992402458278e-02	1.266742949924291e-02	3.000000000000000e-06	3.000000000000000e-06
1.056393e+08	2.465029120344053e-02	1.271632358658758e-02	3.000000000000000e-06	3.000000000000000e-06
1.075791e+08	2.476130498876828e-02	1.276556038766008e-02	3.000000000000000e-06	3.000000000000000e-06
1.095547e+08	2.487296805064535e-02	1.281514118726442e-02	3.000000000000000e-06	3.000000000000000e-06
1.115668e+08	2.498528247574694e-02	1.286506700937009e-02	3.000000000000000e-06	3.000000000000000e-06
1.136160e+08	2.509825038154642e-02	1.291533888907710e-02	3.000000000000000e-06	3.000000000000000e-06
1.157029e+08	2.521187390513389e-02	1.296595786772473e-02	3.000000000000000e-06	3.000000000000000e-06
1.178284e+08	2.532615520347334e-02	1.301692499306954e-02	3.000000000000000e-06	3.000000000000000e-06
1.199931e+08	2.544109645344997e-02	1.306824131936994e-02	3.000000000000000e-06	3.000000000000000e-06
1.221977e+08	2.555669985192077e-02	1.311990790747181e-02	3.000000000000000e-06	3.000000000000000e-06
1.244430e+08	2.567296761576456e-02	1.317192582489341e-02	3.000000000000000e-06	3.000000000000000e-06
1.267298e+08	2.578990198193150e-02	1.322429614590969e-02	3.000000000000000e-06	3.000000000000000e-06
1.290587e+08	2.590750520749218e-02	1.327701995163591e-02	3.000000000000000e-06	3.000000000000000e-06
1.314306e+08	2.602577956968626e-02	1.333009833011061e-02	3.000000000000000e-06	3.000000000000000e-06
1.338463e+08	2.614472736597071e-02	1.338353237637801e-02	3.000000000000000e-06	3.000000000000000e-06
1.363066e+08	2.626435091406770e-02	1.343732319256962e-02	3.000000000000000e-06	3.000000000000000e-06
1.388123e+08	2.638465255201212e-02	1.349147188798534e-02	3.000000000000000e-06	3.000000000000000e-06
1.413643e+08	2.650563463819885e-02	1.354597957917384e-02	3.000000000000000e-06	3.000000000000000e-06
1.439634e+08	2.662729955142968e-02	1.360084739001235e-02	3.000000000000000e-06	3.000000000000000e-06
1.466105e+08	2.674964969095997e-02	1.365607645178570e-02	3.000000000000000e-06	3.000000000000000e-06
1.493065e+08	2.687268747654516e-02	1.371166790326490e-02	3.000000000000000e-06	3.000000000000000e-06
1.520523e+08	2.699641534848696e-02	1.376762289078491e-02	3.000000000000000e-06	3.000000000000000e-06
1.548487e+08	2.712083576767946e-02	1.382394256832186e-02	3.000000000000000e-06	3.000000000000000e-06
1.576969e+08	2.724595121565501e-02	1.388062809756968e-02	3.000000000000000e-06	3.000000000000000e-06
1.605976e+08	2.737176419463000e-02	1.393768064801604e-02	3.000000000000000e-06	3.000000000000000e-06
1.635519e+08	2.749827722755054e-02	1.399510139701765e-02	3.000000000000000e-06	3.000000000000000e-06
1.665608e+08	2.762549285813803e-02	1.405289152987507e-02	3.000000000000000e-06	3.000000000000000e-06
1.696253e+08	2.775341365093471e-02	1.411105223990677e-02	3.000000000000000e-06	3.000000000000000e-06
1.727465e+08	2.788204219134907e-02	1.416958472852267e-02	3.000000000000000e-06	3.000000000000000e-06
1.759253e+08	2.801138108570137e-02	1.422849020529704e-02	3.000000000000000e-06	3.000000000000000e-06
1.791628e+08	2.814143296126910e-02	1.428776988804086e-02	3.000000000000000e-06	3.000000000000000e-06
1.824602e+08	2.827220046633240e-02	1.434742500287353e-02	3.000000000000000e-06	3.000000000000000e-06
1.858185e+08	2.840368627021968e-02	1.440745678429404e-02	3.000000000000000e-06	3.000000000000000e-06
1.892389e+08	2.853589306335314e-02	1.446786647525154e-02	3.000000000000000e-06	3.000000000000000e-06
1.927225e+08	2.866882355729446e-02	1.452865532721541e-02	3.000000000000000e-06	3.000000000000000e-06
1.962706e+08	2.880248048479061e-02	1.458982460024465e-02	3.000000000000000e-06	3.000000000000000e-06
1.998842e+08	2.893686659981968e-02	1.465137556305684e-02	3.000000000000000e-06	3.000000000000000e-06
2.035647e+08	2.907198467763698e-02	1.471330949309647e-02	3.000000000000000e-06	3.000000000000000e-06
2.073132e+08	2.920783751482120e-02	1.477562767660278e-02	3.000000000000000e-06	3.000000000000000e-06
2.111310e+08	2.934442792932076e-02	1.483833140867705e-02	3.000000000000000e-06	3.000000000000000e-06
2.150194e+08	2.948175876050040e-02	1.490142199334940e-02	3.000000000000000e-06	3.000000000000000e-06
2.189798e+08	2.961983286918792e-02	1.496490074364497e-02	3.000000000000000e-06	3.000000000000000e-06
2.230134e+08	2.975865313772117e-02	1.502876898164976e-02	3.000000000000000e-06	3.000000000000000e-06
2.271216e+08	2.989822246999529e-02	1.509302803857583e-02	3.000000000000000e-06	3.000000000000000e-06
2.313058e+08	3.003854379151015e-02	1.515767925482610e-02	3.000000000000000e-06	3.000000000000000e-06
2.355675e+08	3.017962004941816e-02	1.522272398005858e-02	3.000000000000000e-06	3.000000000000000e-06
2.399080e+08	3.032145421257226e-02	1.528816357325025e-02	3.000000000000000e-06	3.000000000000000e-06
2.443288e+08	3.046404927157427e-02	1.535399940276035e-02	3.000000000000000e-06	3.000000000000000e-06
2.488314e+08	3.060740823882353e-02	1.542023284639332e-02	3.000000000000000e-06	3.000000000000000e-06
2.534173e+08	3.075153414856590e-02	1.548686529146119e-02	3.000000000000000e-06	3.000000000000000e-06
2.580881e+08	3.089643005694305e-02	1.555389813484565e-02	3.000000000000000e-06	3.000000000000000e-06
2.628454e+08	3.104209904204211e-02	1.562133278305961e-02	3.000000000000000e-06	3.000000000000000e-06
2.676907e+08	3.118854420394577e-02	1.568917065230834e-02	3.000000000000000e-06	3.000000000000000e-06
2.726257e+08	3.133576866478262e-02	1.575741316855025e-02	3.000000000000000e-06	3.000000000000000e-06
2.776521e+08	3.148377556877800e-02	1.582606176755726e-02	3.000000000000000e-06	3.000000000000000e-06
2.827715e+08	3.163256808230517e-02	1.589511789497472e-02	3.000000000000000e-06	3.000000000000000e-06
2.879858e+08	3.178214939393698e-02	1.596458300638099e-02	3.000000000000000e-06	3.000000000000000e-06
2.932965e+08	3.193252271449788e-02	1.603445856734672e-02	3.000000000000000e-06	3.000000000000000e-06
2.987057e+08	3.208369127711637e-02	1.610474605349361e-02	3.000000000000000e-06	3.000000000000000e-06
3.042150e+08	3.223565833727800e-02	1.617544695055293e-02	3.000000000000000e-06	3.000000000000000e-06
3.098263e+08	3.238842717287869e-02	1.624656275442369e-02	3.000000000000000e-06	3.000000000000000e-06
3.155416e+08	3.254200108427865e-02	1.631809497123042e-02	3.000000000000000e-06	3.000000000000000e-06
3.213627e+08	3.269638339435661e-02	1.639004511738066e-02	3.000000000000000e-06	3.000000000000000e-06
3.272917e+08	3.285157744856475e-02	1.646241471962216e-02	3.000000000000000e-06	3.000000000000000e-06
3.333305e+08	3.300758661498392e-02	1.653520531509968e-02	3.000000000000000e-06	3.000000000000000e-06
3.394812e+08	3.316441428437950e-02	1.660841845141163e-02	3.000000000000000e-06	3.000000000000000e-06
3.457459e+08	3.332206387025774e-02	1.668205568666628e-02	3.000000000000000e-06	3.000000000000000e-06
3.521266e+08	3.348053880892261e-02	1.675611858953780e-02	3.000000000000000e-06	3.000000000000000e-06
3.586256e+08	3.363984255953314e-02	1.683060873932195e-02	3.000000000000000e-06	3.000000000000000e-06
3.652451e+08	3.379997860416142e-02	1.690552772599160e-02	3.000000000000000e-06	3.000000000000000e-06
3.719872e+08	3.396095044785104e-02	1.698087715025189e-02	3.000000000000000e-06	3.000000000000000e-06
3.788543e+08	3.412276161867611e-02	1.705665862359524e-02	3.000000000000000e-06	3.000000000000000e-06
3.858487e+08	3.428541566780086e-02	1.713287376835607e-02	3.000000000000000e-06	3.000000000000000e-06
3.929727e+08	3.444891616953983e-02	1.720952421776535e-02	3.000000000000000e-06	3.000000000000000e-06
4.002288e+08	3.461326672141857e-02	1.728661161600485e-02	3.000000000000000e-06	3.000000000000000e-06
4.076195e+08	3.477847094423500e-02	1.736413761826129e-02	3.000000000000000e-06	3.000000000000000e-06
4.151472e+08	3.494453248212133e-02	1.744210389078023e-02	3.000000000000000e-06	3.000000000000000e-06
4.228145e+08	3.511145500260655e-02	1.752051211091976e-02	3.000000000000000e-06	3.000000000000000e-06
4.306239e+08	3.527924219667961e-02	1.759936396720406e-02	3.000000000000000e-06	3.000000000000000e-06
4.385782e+08	3.544789777885307e-02	1.767866115937677e-02	3.000000000000000e-06	3.000000000000000e-06
4.466801e+08	3.561742548722754e-02	1.775840539845417e-02	3.000000000000000e-06	3.000000000000000e-06
4.549321e+08	3.578782908355663e-02	1.783859840677828e-02	3.000000000000000e-06	3.000000000000000e-06
4.633373e+08	3.595911235331251e-02	1.791924191806972e-02	3.000000000000000e-06	3.000000000000000e-06
4.718984e+08	3.613127910575224e-02	1.800033767748051e-02	3.000000000000000e-06	3.000000000000000e-06
4.806183e+08	3.630433317398458e-02	1.808188744164676e-02	3.000000000000000e-06	3.000000000000000e-06
4.895000e+08	3.647827841503757e-02	1.816389297874111e-02	3.000000000000000e-06	3.000000000000000e-06
4.985465e+08	3.665311870992670e-02	1.824635606852526e-02	3.000000000000000e-06	3.000000000000000e-06
5.077609e+08	3.682885796372374e-02	1.832927850240223e-02	3.000000000000000e-06	3.000000000000000e-06
5.171462e+08	3.700550010562625e-02	1.841266208346859e-02	3.000000000000000e-06	3.000000000000000e-06
5.267057e+08	3.718304908902777e-02	1.849650862656664e-02	3.000000000000000e-06	3.000000000000000e-06
5.364427e+08	3.736150889158862e-02	1.858081995833648e-02	3.000000000000000e-06	3.000000000000000e-06
5.463603e+08	3.754088351530751e-02	1.866559791726798e-02	3.000000000000000e-06	3.000000000000000e-06
5.564621e+08	3.772117698659362e-02	1.875084435375275e-02	3.000000000000000e-06	3.000000000000000e-06
5.667514e+08	3.790239335633959e-02	1.883656113013604e-02	3.000000000000000e-06	3.000000000000000e-06
5.772317e+08	3.808453669999505e-02	1.892275012076856e-02	3.000000000000000e-06	3.000000000000000e-06
5.879066e+08	3.826761111764091e-02	1.900941321205833e-02	3.000000000000000e-06	3.000000000000000e-06
5.987796e+08	3.845162073406434e-02	1.909655230252243e-02	3.000000000000000e-06	3.000000000000000e-06
6.098546e+08	3.863656969883441e-02	1.918416930283878e-02	3.000000000000000e-06	3.000000000000000e-06
6.211352e+08	3.882246218637853e-02	1.927226613589788e-02	3.000000000000000e-06	3.000000000000000e-06
6.326254e+08	3.900930239605951e-02	1.936084473685457e-02	3.000000000000000e-06	3.000000000000000e-06
6.443289e+08	3.919709455225335e-02	1.944990705317978e-02	3.000000000000000e-06	3.000000000000000e-06
6.562497e+08	3.938584290442783e-02	1.953945504471223e-02	3.000000000000000e-06	3.000000000000000e-06
6.683920e+08	3.957555172722169e-02	1.962949068371031e-02	3.000000000000000e-06	3.000000000000000e-06
6.807599e+08	3.976622532052466e-02	1.972001595490374e-02	3.000000000000000e-06	3.000000000000000e-06
6.933575e+08	3.995786800955815e-02	1.981103285554551e-02	3.000000000000000e-06	3.000000000000000e-06
7.061892e+08	4.015048414495665e-02	1.990254339546368e-02	3.000000000000000e-06	3.000000000000000e-06
7.192592e+08	4.034407810284998e-02	1.999454959711330e-02	3.000000000000000e-06	3.000000000000000e-06
7.325721e+08	4.053865428494614e-02	2.008705349562839e-02	3.000000000000000e-06	3.000000000000000e-06
7.461324e+08	4.073421711861498e-02	2.018005713887392e-02	3.000000000000000e-06	3.000000000000000e-06
7.599447e+08	4.093077105697263e-02	2.027356258749792e-02	3.000000000000000e-06	3.000000000000000e-06
7.740136e+08	4.112832057896662e-02	2.036757191498365e-02	3.000000000000000e-06	3.000000000000000e-06
7.883441e+08	4.132687018946181e-02	2.046208720770176e-02	3.000000000000000e-06	3.000000000000000e-06
8.029409e+08	4.152642441932701e-02	2.055711056496269e-02	3.000000000000000e-06	3.000000000000000e-06
8.178090e+08	4.172698782552244e-02	2.065264409906902e-02	3.000000000000000e-06	3.000000000000000e-06
8.329535e+08	4.192856499118789e-02	2.074868993536801e-02	3.000000000000000e-06	3.000000000000000e-06
8.483795e+08	4.213116052573163e-02	2.084525021230417e-02	3.000000000000000e-06	3.000000000000000e-06
8.640923e+08	4.233477906492019e-02	2.094232708147203e-02	3.000000000000000e-06	3.000000000000000e-06
8.800973e+08	4.253942527096875e-02	2.103992270766893e-02	3.000000000000000e-06	3.000000000000000e-06
8.963998e+08	4.274510383263246e-02	2.113803926894796e-02	3.000000000000000e-06	3.000000000000000e-06
9.130055e+08	4.295181946529841e-02	2.123667895667112e-02	3.000000000000000e-06	3.000000000000000e-06
9.299200e+08	4.315957691107847e-02	2.133584397556245e-02	3.000000000000000e-06	3.000000000000000e-06
9.471491e+08	4.336838093890287e-02	2.143553654376144e-02	3.000000000000000e-06	3.000000000000000e-06
9.646986e+08	4.357823634461452e-02	2.153575889287650e-02	3.000000000000000e-06	3.000000000000000e-06
9.825745e+08	4.378914795106417e-02	2.163651326803866e-02	3.000000000000000e-06	3.000000000000000e-06
1.000000e+09	4.399202669635392e-02	2.173345617916900e-02	3.000000000000000e-06	3.000000000000000e-06
