#t[yr]	ecc	inc	eachmass	totalmass
0.000000e+00	3.000000000000000e-02	1.500000000000000e-02	3.000000000000000e-09	3.000000000000000e-07
1.000000e-03	3.000007205182298e-02	1.500002384060655e-02	3.000000000000000e-09	3.000000000000000e-07
1.000000e-02	3.000072050899722e-02	1.500023840413789e-02	3.000000000000000e-09	3.000000000000000e-07
1.000000e-01	3.000720417994493e-02	1.500238385064956e-02	3.000000000000000e-09	3.000000000000000e-07
1.000000e+00	3.007195102771670e-02	1.502381946571221e-02	3.000000000000000e-09	3.000000000000000e-07
3.083297e+00	3.022099482112302e-02	1.507327504191412e-02	3.000000000000000e-09	3.000000000000000e-07
5.179792e+00	3.036955743463372e-02	1.512277401953488e-02	3.000000000000000e-09	3.000000000000000e-07
7.306937e+00	3.051886225192964e-02	1.517272355632256e-02	3.000000000000000e-09	3.000000000000000e-07
9.465006e+00	3.066889521002388e-02	1.522312146990179e-02	3.000000000000000e-09	3.000000000000000e-07
1.000000e+01	3.070580170536788e-02	1.523556192912813e-02	3.000000000000000e-09	3.000000000000000e-07
1.222153e+01	3.085840519181797e-02	1.528708376125442e-02	3.000000000000000e-09	3.000000000000000e-07
1.445100e+01	3.101007029907922e-02	1.533849874878426e-02	3.000000000000000e-09	3.000000000000000e-07
1.671352e+01	3.116249957712620e-02	1.539038244064666e-02	3.000000000000000e-09	3.000000000000000e-07
1.900931e+01	3.131567187305413e-02	1.544273022751780e-02	3.000000000000000e-09	3.000000000000000e-07
2.133894e+01	3.146959111093201e-02	1.549554599163756e-02	3.000000000000000e-09	3.000000000000000e-07
2.370300e+01	3.162426086631367e-02	1.554883351329538e-02	3.000000000000000e-09	3.000000000000000e-07
2.610211e+01	3.177968473698495e-02	1.560259659655712e-02	3.000000000000000e-09	3.000000000000000e-07
2.853687e+01	3.193586633763524e-02	1.565683906735646e-02	3.000000000000000e-09	3.000000000000000e-07
3.100792e+01	3.209280930002708e-02	1.571156477345485e-02	3.000000000000000e-09	3.000000000000000e-07
3.351588e+01	3.225051727308595e-02	1.576677758436928e-02	3.000000000000000e-09	3.000000000000000e-07
3.606142e+01	3.240899392299215e-02	1.582248139129580e-02	3.000000000000000e-09	3.000000000000000e-07
3.864520e+01	3.256824293327347e-02	1.587868010702822e-02	3.000000000000000e-09	3.000000000000000e-07
4.126790e+01	3.272826800489883e-02	1.593537766587208e-02	3.000000000000000e-09	3.000000000000000e-07
4.393021e+01	3.288907285637267e-02	1.599257802355372e-02	3.000000000000000e-09	3.000000000000000e-07
4.663285e+01	3.305066122383030e-02	1.605028515712440e-02	3.000000000000000e-09	3.000000000000000e-07
4.937652e+01	3.321303686113419e-02	1.610850306485951e-02	3.000000000000000e-09	3.000000000000000e-07
5.216199e+01	3.337620353997111e-02	1.616723576615269e-02	3.000000000000000e-09	3.000000000000000e-07
5.498998e+01	3.354016504995025e-02	1.622648730140487e-02	3.000000000000000e-09	3.000000000000000e-07
5.786128e+01	3.370492519870221e-02	1.628626173190820e-02	3.000000000000000e-09	3.000000000000000e-07
6.077667e+01	3.387048781197902e-02	1.634656313972469e-02	3.000000000000000e-09	3.000000000000000e-07
6.373694e+01	3.403685673375508e-02	1.640739562755970e-02	3.000000000000000e-09	3.000000000000000e-07
6.674292e+01	3.420403582632905e-02	1.646876331863002e-02	3.000000000000000e-09	3.000000000000000e-07
6.979543e+01	3.437202897042679e-02	1.653067035652663e-02	3.000000000000000e-09	3.000000000000000e-07
7.289534e+01	3.454084006530517e-02	1.659312090507206e-02	3.000000000000000e-09	3.000000000000000e-07
7.604350e+01	3.471047302885708e-02	1.665611914817217e-02	3.000000000000000e-09	3.000000000000000e-07
7.924082e+01	3.488093179771726e-02	1.671966928966251e-02	3.000000000000000e-09	3.000000000000000e-07
8.248818e+01	3.505222032736922e-02	1.678377555314908e-02	3.000000000000000e-09	3.000000000000000e-07
8.578653e+01	3.522434259225329e-02	1.684844218184334e-02	3.000000000000000e-09	3.000000000000000e-07
8.913679e+01	3.539730258587558e-02	1.691367343839172e-02	3.000000000000000e-09	3.000000000000000e-07
9.253995e+01	3.557110432091803e-02	1.697947360469918e-02	3.000000000000000e-09	3.000000000000000e-07
9.599698e+01	3.574575182934962e-02	1.704584698174720e-02	3.000000000000000e-09	3.000000000000000e-07
9.950888e+01	3.592124916253853e-02	1.711279788940568e-02	3.000000000000000e-09	3.000000000000000e-07
1.000000e+02	3.594557556608748e-02	1.712210970247827e-02	3.000000000000000e-09	3.000000000000000e-07
1.036248e+02	3.612446460255769e-02	1.719065061740597e-02	3.000000000000000e-09	3.000000000000000e-07
1.072575e+02	3.630176613392990e-02	1.725884421160559e-02	3.000000000000000e-09	3.000000000000000e-07
1.109492e+02	3.647996919006725e-02	1.732764394916703e-02	3.000000000000000e-09	3.000000000000000e-07
1.147002e+02	3.665903848366497e-02	1.739703911223045e-02	3.000000000000000e-09	3.000000000000000e-07
1.185116e+02	3.683897879500956e-02	1.746703435614244e-02	3.000000000000000e-09	3.000000000000000e-07
1.223845e+02	3.701979428733571e-02	1.753763410861825e-02	3.000000000000000e-09	3.000000000000000e-07
1.263202e+02	3.720148915427765e-02	1.760884281866995e-02	3.000000000000000e-09	3.000000000000000e-07
1.303198e+02	3.738406760966219e-02	1.768066495237866e-02	3.000000000000000e-09	3.000000000000000e-07
1.343845e+02	3.756753388779645e-02	1.775310499271487e-02	3.000000000000000e-09	3.000000000000000e-07
1.385157e+02	3.775189224358883e-02	1.782616743928747e-02	3.000000000000000e-09	3.000000000000000e-07
1.427145e+02	3.793714695267388e-02	1.789985680808729e-02	3.000000000000000e-09	3.000000000000000e-07
1.469822e+02	3.812330231153823e-02	1.797417763122433e-02	3.000000000000000e-09	3.000000000000000e-07
1.513203e+02	3.831036263764779e-02	1.804913445665853e-02	3.000000000000000e-09	3.000000000000000e-07
1.557300e+02	3.849833226957607e-02	1.812473184792395e-02	3.000000000000000e-09	3.000000000000000e-07
1.602127e+02	3.868721556713371e-02	1.820097438384654e-02	3.000000000000000e-09	3.000000000000000e-07
1.647699e+02	3.887701691149924e-02	1.827786665825525e-02	3.000000000000000e-09	3.000000000000000e-07
1.694030e+02	3.906774070535100e-02	1.835541327968654e-02	3.000000000000000e-09	3.000000000000000e-07
1.741135e+02	3.925939137300025e-02	1.843361887108231e-02	3.000000000000000e-09	3.000000000000000e-07
1.789029e+02	3.945197336052556e-02	1.851248806948107e-02	3.000000000000000e-09	3.000000000000000e-07
1.837727e+02	3.964549113590834e-02	1.859202552570240e-02	3.000000000000000e-09	3.000000000000000e-07
1.887246e+02	3.983994918916964e-02	1.867223590402470e-02	3.000000000000000e-09	3.000000000000000e-07
1.937601e+02	4.003535203250814e-02	1.875312388185616e-02	3.000000000000000e-09	3.000000000000000e-07
1.988808e+02	4.023170420043932e-02	1.883469414939886e-02	3.000000000000000e-09	3.000000000000000e-07
2.040886e+02	4.042901024993597e-02	1.891695140930611e-02	3.000000000000000e-09	3.000000000000000e-07
2.093850e+02	4.062727476056978e-02	1.899990037633287e-02	3.000000000000000e-09	3.000000000000000e-07
2.147719e+02	4.082650233465422e-02	1.908354577697933e-02	3.000000000000000e-09	3.000000000000000e-07
2.202511e+02	4.102669759738869e-02	1.916789234912752e-02	3.000000000000000e-09	3.000000000000000e-07
2.258244e+02	4.122786519700378e-02	1.925294484167110e-02	3.000000000000000e-09	3.000000000000000e-07
2.314936e+02	4.143000980490782e-02	1.933870801413809e-02	3.000000000000000e-09	3.000000000000000e-07
2.372607e+02	4.163313611583466e-02	1.942518663630670e-02	3.000000000000000e-09	3.000000000000000e-07
2.431277e+02	4.183724884799259e-02	1.951238548781425e-02	3.000000000000000e-09	3.000000000000000e-07
2.490966e+02	4.204235274321454e-02	1.960030935775896e-02	3.000000000000000e-09	3.000000000000000e-07
2.551693e+02	4.224845256710949e-02	1.968896304429497e-02	3.000000000000000e-09	3.000000000000000e-07
2.613481e+02	4.245555310921499e-02	1.977835135422014e-02	3.000000000000000e-09	3.000000000000000e-07
2.676350e+02	4.266365918315099e-02	1.986847910255711e-02	3.000000000000000e-09	3.000000000000000e-07
2.740323e+02	4.287277562677480e-02	1.995935111212718e-02	3.000000000000000e-09	3.000000000000000e-07
2.805422e+02	4.308290730233723e-02	2.005097221311739e-02	3.000000000000000e-09	3.000000000000000e-07
2.871670e+02	4.329405909663993e-02	2.014334724264050e-02	3.000000000000000e-09	3.000000000000000e-07
2.939089e+02	4.350623592119389e-02	2.023648104428816e-02	3.000000000000000e-09	3.000000000000000e-07
3.007705e+02	4.371944271237909e-02	2.033037846767712e-02	3.000000000000000e-09	3.000000000000000e-07
3.077542e+02	4.393368443160534e-02	2.042504436798852e-02	3.000000000000000e-09	3.000000000000000e-07
3.148624e+02	4.414896606547415e-02	2.052048360550038e-02	3.000000000000000e-09	3.000000000000000e-07
3.220977e+02	4.436529262594192e-02	2.061670104511327e-02	3.000000000000000e-09	3.000000000000000e-07
3.294628e+02	4.458266915048403e-02	2.071370155586919e-02	3.000000000000000e-09	3.000000000000000e-07
3.369602e+02	4.480110070226018e-02	2.081149001046373e-02	3.000000000000000e-09	3.000000000000000e-07
3.445928e+02	4.502059237028080e-02	2.091007128475157e-02	3.000000000000000e-09	3.000000000000000e-07
3.523633e+02	4.524114926957447e-02	2.100945025724541e-02	3.000000000000000e-09	3.000000000000000e-07
3.602746e+02	4.546277654135648e-02	2.110963180860827e-02	3.000000000000000e-09	3.000000000000000e-07
3.683297e+02	4.568547935319842e-02	2.121062082113945e-02	3.000000000000000e-09	3.000000000000000e-07
3.765314e+02	4.590926289919874e-02	2.131242217825403e-02	3.000000000000000e-09	3.000000000000000e-07
3.848828e+02	4.613413240015438e-02	2.141504076395607e-02	3.000000000000000e-09	3.000000000000000e-07
3.933871e+02	4.636009310373346e-02	2.151848146230571e-02	3.000000000000000e-09	3.000000000000000e-07
4.020475e+02	4.658715028464873e-02	2.162274915688010e-02	3.000000000000000e-09	3.000000000000000e-07
4.108672e+02	4.681530924483226e-02	2.172784873022839e-02	3.000000000000000e-09	3.000000000000000e-07
4.198495e+02	4.704457531361085e-02	2.183378506332091e-02	3.000000000000000e-09	3.000000000000000e-07
4.289979e+02	4.727495384788245e-02	2.194056303499255e-02	3.000000000000000e-09	3.000000000000000e-07
4.383159e+02	4.750645023229345e-02	2.204818752138069e-02	3.000000000000000e-09	3.000000000000000e-07
4.478070e+02	4.773906987941688e-02	2.215666339535760e-02	3.000000000000000e-09	3.000000000000000e-07
4.574748e+02	4.797281822993138e-02	2.226599552595766e-02	3.000000000000000e-09	3.000000000000000e-07
4.673232e+02	4.820770075280108e-02	2.237618877779945e-02	3.000000000000000e-09	3.000000000000000e-07
4.773559e+02	4.844372294545623e-02	2.248724801050297e-02	3.000000000000000e-09	3.000000000000000e-07
4.875767e+02	4.868089033397460e-02	2.259917807810214e-02	3.000000000000000e-09	3.000000000000000e-07
4.979898e+02	4.891920847326367e-02	2.271198382845280e-02	3.000000000000000e-09	3.000000000000000e-07
5.085991e+02	4.915868294724351e-02	2.282567010263641e-02	3.000000000000000e-09	3.000000000000000e-07
5.194089e+02	4.939931936903034e-02	2.294024173435975e-02	3.000000000000000e-09	3.000000000000000e-07
5.304234e+02	4.964112338112078e-02	2.305570354935070e-02	3.000000000000000e-09	3.000000000000000e-07
5.416469e+02	4.988410065557673e-02	2.317206036475059e-02	3.000000000000000e-09	3.000000000000000e-07
5.530840e+02	5.012825689421089e-02	2.328931698850313e-02	3.000000000000000e-09	3.000000000000000e-07
5.647391e+02	5.037359782877273e-02	2.340747821874040e-02	3.000000000000000e-09	3.000000000000000e-07
5.766170e+02	5.062012922113517e-02	2.352654884316606e-02	3.000000000000000e-09	3.000000000000000e-07
5.887224e+02	5.086785686348170e-02	2.364653363843622e-02	3.000000000000000e-09	3.000000000000000e-07
6.010601e+02	5.111678657849392e-02	2.376743736953809e-02	3.000000000000000e-09	3.000000000000000e-07
6.136352e+02	5.136692421953964e-02	2.388926478916693e-02	3.000000000000000e-09	3.000000000000000e-07
6.264527e+02	5.161827567086130e-02	2.401202063710159e-02	3.000000000000000e-09	3.000000000000000e-07
6.395178e+02	5.187084684776486e-02	2.413570963957888e-02	3.000000000000000e-09	3.000000000000000e-07
6.528359e+02	5.212464369680896e-02	2.426033650866740e-02	3.000000000000000e-09	3.000000000000000e-07
6.664125e+02	5.237967219599440e-02	2.438590594164091e-02	3.000000000000000e-09	3.000000000000000e-07
6.802530e+02	5.263593835495398e-02	2.451242262035185e-02	3.000000000000000e-09	3.000000000000000e-07
6.943632e+02	5.289344821514247e-02	2.463989121060545e-02	3.000000000000000e-09	3.000000000000000e-07
7.087488e+02	5.315220785002687e-02	2.476831636153462e-02	3.000000000000000e-09	3.000000000000000e-07
7.234160e+02	5.341222336527679e-02	2.489770270497636e-02	3.000000000000000e-09	3.000000000000000e-07
7.383706e+02	5.367350089895500e-02	2.502805485484993e-02	3.000000000000000e-09	3.000000000000000e-07
7.536189e+02	5.393604662170806e-02	2.515937740653741e-02	3.000000000000000e-09	3.000000000000000e-07
7.691674e+02	5.419986673695700e-02	2.529167493626694e-02	3.000000000000000e-09	3.000000000000000e-07
7.850224e+02	5.446496748108807e-02	2.542495200049937e-02	3.000000000000000e-09	3.000000000000000e-07
8.011907e+02	5.473135512364340e-02	2.555921313531869e-02	3.000000000000000e-09	3.000000000000000e-07
8.176791e+02	5.499903596751172e-02	2.569446285582680e-02	3.000000000000000e-09	3.000000000000000e-07
8.344944e+02	5.526801634911886e-02	2.583070565554308e-02	3.000000000000000e-09	3.000000000000000e-07
8.516437e+02	5.553830263861829e-02	2.596794600580958e-02	3.000000000000000e-09	3.000000000000000e-07
8.691345e+02	5.580990124008134e-02	2.610618835520200e-02	3.000000000000000e-09	3.000000000000000e-07
8.869739e+02	5.608281859168730e-02	2.624543712894736e-02	3.000000000000000e-09	3.000000000000000e-07
9.051698e+02	5.635706116591335e-02	2.638569672834887e-02	3.000000000000000e-09	3.000000000000000e-07
9.237297e+02	5.663263546972408e-02	2.652697153021845e-02	3.000000000000000e-09	3.000000000000000e-07
9.426616e+02	5.690954804476085e-02	2.666926588631768e-02	3.000000000000000e-09	3.000000000000000e-07
9.619737e+02	5.718780546753069e-02	2.681258412280784e-02	3.000000000000000e-09	3.000000000000000e-07
9.816742e+02	5.746741434959494e-02	2.695693053970942e-02	3.000000000000000e-09	3.000000000000000e-07
1.000000e+03	5.772366962034748e-02	2.708952590801736e-02	3.000000000000000e-09	3.000000000000000e-07
1.020503e+03	5.800637566043362e-02	2.723610631659170e-02	3.000000000000000e-09	3.000000000000000e-07
1.041383e+03	5.828995081968102e-02	2.738346773703958e-02	3.000000000000000e-09	3.000000000000000e-07
1.062687e+03	5.857491370230207e-02	2.753187911653135e-02	3.000000000000000e-09	3.000000000000000e-07
1.084423e+03	5.886126084732987e-02	2.768133930667108e-02	3.000000000000000e-09	3.000000000000000e-07
1.106600e+03	5.914899928294570e-02	2.783185254920261e-02	3.000000000000000e-09	3.000000000000000e-07
1.129228e+03	5.943813586407012e-02	2.798342294739766e-02	3.000000000000000e-09	3.000000000000000e-07
1.152317e+03	5.972867748636293e-02	2.813605457671810e-02	3.000000000000000e-09	3.000000000000000e-07
1.175876e+03	6.002063108211280e-02	2.828975148215426e-02	3.000000000000000e-09	3.000000000000000e-07
1.199916e+03	6.031400362050682e-02	2.844451767786086e-02	3.000000000000000e-09	3.000000000000000e-07
1.224449e+03	6.060880210781120e-02	2.860035714676393e-02	3.000000000000000e-09	3.000000000000000e-07
1.249483e+03	6.090503358755302e-02	2.875727384018637e-02	3.000000000000000e-09	3.000000000000000e-07
1.275031e+03	6.120270514070119e-02	2.891527167749166e-02	3.000000000000000e-09	3.000000000000000e-07
1.301103e+03	6.150182388584661e-02	2.907435454574677e-02	3.000000000000000e-09	3.000000000000000e-07
1.327711e+03	6.180239697938159e-02	2.923452629940467e-02	3.000000000000000e-09	3.000000000000000e-07
1.354867e+03	6.210443161567839e-02	2.939579076000728e-02	3.000000000000000e-09	3.000000000000000e-07
1.382582e+03	6.240793502726701e-02	2.955815171590937e-02	3.000000000000000e-09	3.000000000000000e-07
1.410870e+03	6.271291448501198e-02	2.972161292202434e-02	3.000000000000000e-09	3.000000000000000e-07
1.439741e+03	6.301937729828849e-02	2.988617809959220e-02	3.000000000000000e-09	3.000000000000000e-07
1.469210e+03	6.332733081515746e-02	3.005185093597069e-02	3.000000000000000e-09	3.000000000000000e-07
1.499288e+03	6.363678242253978e-02	3.021863508445002e-02	3.000000000000000e-09	3.000000000000000e-07
1.529990e+03	6.394773954638977e-02	3.038653416409181e-02	3.000000000000000e-09	3.000000000000000e-07
1.561329e+03	6.426020965186749e-02	3.055555175959306e-02	3.000000000000000e-09	3.000000000000000e-07
1.593319e+03	6.457420024351040e-02	3.072569142117546e-02	3.000000000000000e-09	3.000000000000000e-07
1.625974e+03	6.488971886540386e-02	3.089695666450084e-02	3.000000000000000e-09	3.000000000000000e-07
1.659308e+03	6.520677310135092e-02	3.106935097061322e-02	3.000000000000000e-09	3.000000000000000e-07
1.693337e+03	6.552537057504106e-02	3.124287778590800e-02	3.000000000000000e-09	3.000000000000000e-07
1.728075e+03	6.584551895021805e-02	3.141754052212885e-02	3.000000000000000e-09	3.000000000000000e-07
1.763538e+03	6.616722593084688e-02	3.159334255639281e-02	3.000000000000000e-09	3.000000000000000e-07
1.799742e+03	6.649049926127984e-02	3.177028723124396e-02	3.000000000000000e-09	3.000000000000000e-07
1.836702e+03	6.681534672642161e-02	3.194837785473630e-02	3.000000000000000e-09	3.000000000000000e-07
1.874435e+03	6.714177615189354e-02	3.212761770054617e-02	3.000000000000000e-09	3.000000000000000e-07
1.912958e+03	6.746979540419697e-02	3.230801000811451e-02	3.000000000000000e-09	3.000000000000000e-07
1.952288e+03	6.779941239087579e-02	3.248955798281957e-02	3.000000000000000e-09	3.000000000000000e-07
1.992443e+03	6.813063506067805e-02	3.267226479618020e-02	3.000000000000000e-09	3.000000000000000e-07
2.033440e+03	6.846347140371679e-02	3.285613358609014e-02	3.000000000000000e-09	3.000000000000000e-07
2.075297e+03	6.879792945163006e-02	3.304116745708360e-02	3.000000000000000e-09	3.000000000000000e-07
2.118034e+03	6.913401727774013e-02	3.322736948063234e-02	3.000000000000000e-09	3.000000000000000e-07
2.161669e+03	6.947174299721195e-02	3.341474269547446e-02	3.000000000000000e-09	3.000000000000000e-07
2.206222e+03	6.981111476721091e-02	3.360329010797517e-02	3.000000000000000e-09	3.000000000000000e-07
2.251712e+03	7.015214078705984e-02	3.379301469251960e-02	3.000000000000000e-09	3.000000000000000e-07
2.298159e+03	7.049482929839530e-02	3.398391939193778e-02	3.000000000000000e-09	3.000000000000000e-07
2.345585e+03	7.083918858532338e-02	3.417600711796194e-02	3.000000000000000e-09	3.000000000000000e-07
2.394010e+03	7.118522697457474e-02	3.436928075171605e-02	3.000000000000000e-09	3.000000000000000e-07
2.443456e+03	7.153295283565914e-02	3.456374314423773e-02	3.000000000000000e-09	3.000000000000000e-07
2.493945e+03	7.188237458101938e-02	3.475939711703246e-02	3.000000000000000e-09	3.000000000000000e-07
2.545499e+03	7.223350066618495e-02	3.495624546265982e-02	3.000000000000000e-09	3.000000000000000e-07
2.598141e+03	7.258633958992486e-02	3.515429094535212e-02	3.000000000000000e-09	3.000000000000000e-07
2.651894e+03	7.294089989440054e-02	3.535353630166463e-02	3.000000000000000e-09	3.000000000000000e-07
2.706783e+03	7.329719016531792e-02	3.555398424115781e-02	3.000000000000000e-09	3.000000000000000e-07
2.762830e+03	7.365521903207960e-02	3.575563744711096e-02	3.000000000000000e-09	3.000000000000000e-07
2.820062e+03	7.401499516793637e-02	3.595849857726704e-02	3.000000000000000e-09	3.000000000000000e-07
2.878503e+03	7.437652729013895e-02	3.616257026460853e-02	3.000000000000000e-09	3.000000000000000e-07
2.938180e+03	7.473982416008917e-02	3.636785511816382e-02	3.000000000000000e-09	3.000000000000000e-07
2.999118e+03	7.510489458349137e-02	3.657435572384368e-02	3.000000000000000e-09	3.000000000000000e-07
3.061344e+03	7.547174741050355e-02	3.678207464530765e-02	3.000000000000000e-09	3.000000000000000e-07
3.124886e+03	7.584039153588860e-02	3.699101442485960e-02	3.000000000000000e-09	3.000000000000000e-07
3.189772e+03	7.621083589916562e-02	3.720117758437198e-02	3.000000000000000e-09	3.000000000000000e-07
3.256029e+03	7.658308948476136e-02	3.741256662623844e-02	3.000000000000000e-09	3.000000000000000e-07
3.323688e+03	7.695716132216182e-02	3.762518403435396e-02	3.000000000000000e-09	3.000000000000000e-07
3.392778e+03	7.733306048606414e-02	3.783903227512201e-02	3.000000000000000e-09	3.000000000000000e-07
3.463329e+03	7.771079609652876e-02	3.805411379848804e-02	3.000000000000000e-09	3.000000000000000e-07
3.535371e+03	7.809037731913199e-02	3.827043103899861e-02	3.000000000000000e-09	3.000000000000000e-07
3.608937e+03	7.847181336511903e-02	3.848798641688545e-02	3.000000000000000e-09	3.000000000000000e-07
3.684059e+03	7.885511349155747e-02	3.870678233917361e-02	3.000000000000000e-09	3.000000000000000e-07
3.760768e+03	7.924028700149130e-02	3.892682120081305e-02	3.000000000000000e-09	3.000000000000000e-07
3.839099e+03	7.962734324409566e-02	3.914810538583260e-02	3.000000000000000e-09	3.000000000000000e-07
3.919085e+03	8.001629161483229e-02	3.937063726851577e-02	3.000000000000000e-09	3.000000000000000e-07
4.000762e+03	8.040714155560556e-02	3.959441921459712e-02	3.000000000000000e-09	3.000000000000000e-07
4.084164e+03	8.079990255491959e-02	3.981945358247873e-02	3.000000000000000e-09	3.000000000000000e-07
4.169327e+03	8.119458414803604e-02	4.004574272446533e-02	3.000000000000000e-09	3.000000000000000e-07
4.256288e+03	8.159119591713301e-02	4.027328898801760e-02	3.000000000000000e-09	3.000000000000000e-07
4.345085e+03	8.198974749146487e-02	4.050209471702231e-02	3.000000000000000e-09	3.000000000000000e-07
4.435756e+03	8.239024854752325e-02	4.073216225307845e-02	3.000000000000000e-09	3.000000000000000e-07
4.528340e+03	8.279270880919912e-02	4.096349393679832e-02	3.000000000000000e-09	3.000000000000000e-07
4.622876e+03	8.319713804794611e-02	4.119609210912250e-02	3.000000000000000e-09	3.000000000000000e-07
4.719405e+03	8.360354608294512e-02	4.142995911264754e-02	3.000000000000000e-09	3.000000000000000e-07
4.817969e+03	8.401194278127029e-02	4.166509729296559e-02	3.000000000000000e-09	3.000000000000000e-07
4.918608e+03	8.442233805805632e-02	4.190150900001450e-02	3.000000000000000e-09	3.000000000000000e-07
5.021366e+03	8.483474187666730e-02	4.213919658943761e-02	3.000000000000000e-09	3.000000000000000e-07
5.126287e+03	8.524916424886701e-02	4.237816242395190e-02	3.000000000000000e-09	3.000000000000000e-07
5.233415e+03	8.566561523499094e-02	4.261840887472357e-02	3.000000000000000e-09	3.000000000000000e-07
5.342796e+03	8.608410494411976e-02	4.285993832274974e-02	3.000000000000000e-09	3.000000000000000e-07
5.454475e+03	8.650464353425463e-02	4.310275316024535e-02	3.000000000000000e-09	3.000000000000000e-07
5.568500e+03	8.692724121249422e-02	4.334685579203387e-02	3.000000000000000e-09	3.000000000000000e-07
5.684919e+03	8.735190823521354e-02	4.359224863694109e-02	3.000000000000000e-09	3.000000000000000e-07
5.803780e+03	8.777865490824457e-02	4.383893412919039e-02	3.000000000000000e-09	3.000000000000000e-07
5.925134e+03	8.820749158705900e-02	4.408691471979879e-02	3.000000000000000e-09	3.000000000000000e-07
6.049031e+03	8.863842867695265e-02	4.433619287797244e-02	3.000000000000000e-09	3.000000000000000e-07
6.175523e+03	8.907147663323216e-02	4.458677109250045e-02	3.000000000000000e-09	3.000000000000000e-07
6.304663e+03	8.950664596140352e-02	4.483865187314611e-02	3.000000000000000e-09	3.000000000000000e-07
6.436503e+03	8.994394721736290e-02	4.509183775203428e-02	3.000000000000000e-09	3.000000000000000e-07
6.571100e+03	9.038339100758951e-02	4.534633128503391e-02	3.000000000000000e-09	3.000000000000000e-07
6.708509e+03	9.082498798934063e-02	4.560213505313470e-02	3.000000000000000e-09	3.000000000000000e-07
6.848786e+03	9.126874887084900e-02	4.585925166381679e-02	3.000000000000000e-09	3.000000000000000e-07
6.991989e+03	9.171468441152232e-02	4.611768375241244e-02	3.000000000000000e-09	3.000000000000000e-07
7.138178e+03	9.216280542214512e-02	4.637743398345882e-02	3.000000000000000e-09	3.000000000000000e-07
7.287412e+03	9.261312276508307e-02	4.663850505204080e-02	3.000000000000000e-09	3.000000000000000e-07
7.439753e+03	9.306564735448945e-02	4.690089968512283e-02	3.000000000000000e-09	3.000000000000000e-07
7.595262e+03	9.352039015651424e-02	4.716462064286902e-02	3.000000000000000e-09	3.000000000000000e-07
7.754003e+03	9.397736218951545e-02	4.742967071995039e-02	3.000000000000000e-09	3.000000000000000e-07
7.916041e+03	9.443657452427311e-02	4.769605274683857e-02	3.000000000000000e-09	3.000000000000000e-07
8.081441e+03	9.489803828420554e-02	4.796376959108493e-02	3.000000000000000e-09	3.000000000000000e-07
8.250271e+03	9.536176464558829e-02	4.823282415858442e-02	3.000000000000000e-09	3.000000000000000e-07
8.422598e+03	9.582776483777559e-02	4.850321939482326e-02	3.000000000000000e-09	3.000000000000000e-07
8.598493e+03	9.629605014342422e-02	4.877495828610978e-02	3.000000000000000e-09	3.000000000000000e-07
8.778026e+03	9.676663189872012e-02	4.904804386078753e-02	3.000000000000000e-09	3.000000000000000e-07
8.961269e+03	9.723952149360748e-02	4.932247919043016e-02	3.000000000000000e-09	3.000000000000000e-07
9.148296e+03	9.771473037202054e-02	4.959826739101714e-02	3.000000000000000e-09	3.000000000000000e-07
9.339181e+03	9.819227003211783e-02	4.987541162408998e-02	3.000000000000000e-09	3.000000000000000e-07
9.534001e+03	9.867215202651924e-02	5.015391509788794e-02	3.000000000000000e-09	3.000000000000000e-07
9.732833e+03	9.915438796254561e-02	5.043378106846317e-02	3.000000000000000e-09	3.000000000000000e-07
9.935755e+03	9.963898950246096e-02	5.071501284077418e-02	3.000000000000000e-09	3.000000000000000e-07
1.000000e+04	9.979031398802081e-02	5.080284928617271e-02	3.000000000000000e-09	3.000000000000000e-07
1.021135e+04	1.002848947800642e-01	5.108985575532666e-02	3.000000000000000e-09	3.000000000000000e-07
1.042404e+04	1.007749030776123e-01	5.137419509774954e-02	3.000000000000000e-09	3.000000000000000e-07
1.064115e+04	1.012674576670812e-01	5.165999370077604e-02	3.000000000000000e-09	3.000000000000000e-07
1.086271e+04	1.017624260658606e-01	5.194717133412406e-02	3.000000000000000e-09	3.000000000000000e-07
1.108881e+04	1.022598231639305e-01	5.223573328063479e-02	3.000000000000000e-09	3.000000000000000e-07
1.131953e+04	1.027596609174152e-01	5.252568314379952e-02	3.000000000000000e-09	3.000000000000000e-07
1.155497e+04	1.032619513998843e-01	5.281702461850989e-02	3.000000000000000e-09	3.000000000000000e-07
1.179521e+04	1.037667067407420e-01	5.310976145606705e-02	3.000000000000000e-09	3.000000000000000e-07
1.204036e+04	1.042739391267476e-01	5.340389746578305e-02	3.000000000000000e-09	3.000000000000000e-07
1.229050e+04	1.047836608022604e-01	5.369943651581536e-02	3.000000000000000e-09	3.000000000000000e-07
1.254573e+04	1.052958840695121e-01	5.399638253399125e-02	3.000000000000000e-09	3.000000000000000e-07
1.280615e+04	1.058106212888821e-01	5.429473950860667e-02	3.000000000000000e-09	3.000000000000000e-07
1.307187e+04	1.063278848791751e-01	5.459451148919970e-02	3.000000000000000e-09	3.000000000000000e-07
1.334298e+04	1.068476873179012e-01	5.489570258729873e-02	3.000000000000000e-09	3.000000000000000e-07
1.361958e+04	1.073700411415590e-01	5.519831697714502e-02	3.000000000000000e-09	3.000000000000000e-07
1.390179e+04	1.078949589459211e-01	5.550235889639000e-02	3.000000000000000e-09	3.000000000000000e-07
1.418971e+04	1.084224533863221e-01	5.580783264676709e-02	3.000000000000000e-09	3.000000000000000e-07
1.448346e+04	1.089525371779489e-01	5.611474259473823e-02	3.000000000000000e-09	3.000000000000000e-07
1.478313e+04	1.094852230961346e-01	5.642309317211514e-02	3.000000000000000e-09	3.000000000000000e-07
1.508885e+04	1.100205239766535e-01	5.673288887665547e-02	3.000000000000000e-09	3.000000000000000e-07
1.540074e+04	1.105584527160201e-01	5.704413427263403e-02	3.000000000000000e-09	3.000000000000000e-07
1.571890e+04	1.110990222717891e-01	5.735683399138915e-02	3.000000000000000e-09	3.000000000000000e-07
1.604347e+04	1.116422456628593e-01	5.767099273184449e-02	3.000000000000000e-09	3.000000000000000e-07
1.637456e+04	1.121881359697793e-01	5.798661526100642e-02	3.000000000000000e-09	3.000000000000000e-07
1.671229e+04	1.127367063350552e-01	5.830370641443734e-02	3.000000000000000e-09	3.000000000000000e-07
1.705680e+04	1.132879699634621e-01	5.862227109670509e-02	3.000000000000000e-09	3.000000000000000e-07
1.740821e+04	1.138419401223564e-01	5.894231428180871e-02	3.000000000000000e-09	3.000000000000000e-07
1.776666e+04	1.143986301419922e-01	5.926384101358108e-02	3.000000000000000e-09	3.000000000000000e-07
1.813227e+04	1.149580534158383e-01	5.958685640606846e-02	3.000000000000000e-09	3.000000000000000e-07
1.850518e+04	1.155202234008992e-01	5.991136564388757e-02	3.000000000000000e-09	3.000000000000000e-07
1.888554e+04	1.160851536180377e-01	6.023737398256030e-02	3.000000000000000e-09	3.000000000000000e-07
1.927348e+04	1.166528576522995e-01	6.056488674882666e-02	3.000000000000000e-09	3.000000000000000e-07
1.966915e+04	1.172233491532412e-01	6.089390934093623e-02	3.000000000000000e-09	3.000000000000000e-07
2.007268e+04	1.177966418352594e-01	6.122444722891857e-02	3.000000000000000e-09	3.000000000000000e-07
2.048424e+04	1.183727494779230e-01	6.155650595483299e-02	3.000000000000000e-09	3.000000000000000e-07
2.090397e+04	1.189516859263071e-01	6.189009113299810e-02	3.000000000000000e-09	3.000000000000000e-07
2.133203e+04	1.195334650913302e-01	6.222520845020169e-02	3.000000000000000e-09	3.000000000000000e-07
2.176856e+04	1.201181009500921e-01	6.256186366589121e-02	3.000000000000000e-09	3.000000000000000e-07
2.221374e+04	1.207056075462154e-01	6.290006261234556e-02	3.000000000000000e-09	3.000000000000000e-07
2.266773e+04	1.212959989901885e-01	6.323981119482837e-02	3.000000000000000e-09	3.000000000000000e-07
2.313068e+04	1.218892894597111e-01	6.358111539172355e-02	3.000000000000000e-09	3.000000000000000e-07
2.360277e+04	1.224854932000415e-01	6.392398125465340e-02	3.000000000000000e-09	3.000000000000000e-07
2.408417e+04	1.230846245243468e-01	6.426841490857985e-02	3.000000000000000e-09	3.000000000000000e-07
2.457505e+04	1.236866978140541e-01	6.461442255188934e-02	3.000000000000000e-09	3.000000000000000e-07
2.507559e+04	1.242917275192050e-01	6.496201045646179e-02	3.000000000000000e-09	3.000000000000000e-07
2.558597e+04	1.248997281588115e-01	6.531118496772420e-02	3.000000000000000e-09	3.000000000000000e-07
2.610638e+04	1.255107143212144e-01	6.566195250468951e-02	3.000000000000000e-09	3.000000000000000e-07
2.663699e+04	1.261247006644432e-01	6.601431955998094e-02	3.000000000000000e-09	3.000000000000000e-07
2.717801e+04	1.267417019165790e-01	6.636829269984268e-02	3.000000000000000e-09	3.000000000000000e-07
2.772963e+04	1.273617328761183e-01	6.672387856413710e-02	3.000000000000000e-09	3.000000000000000e-07
2.829204e+04	1.279848084123403e-01	6.708108386632937e-02	3.000000000000000e-09	3.000000000000000e-07
2.886544e+04	1.286109434656746e-01	6.743991539345960e-02	3.000000000000000e-09	3.000000000000000e-07
2.945003e+04	1.292401530480722e-01	6.780038000610338e-02	3.000000000000000e-09	3.000000000000000e-07
3.004604e+04	1.298724522433780e-01	6.816248463832088e-02	3.000000000000000e-09	3.000000000000000e-07
3.065366e+04	1.305078562077054e-01	6.852623629759545e-02	3.000000000000000e-09	3.000000000000000e-07
3.127311e+04	1.311463801698127e-01	6.889164206476175e-02	3.000000000000000e-09	3.000000000000000e-07
3.190462e+04	1.317880394314817e-01	6.925870909392423e-02	3.000000000000000e-09	3.000000000000000e-07
3.254840e+04	1.324328493678982e-01	6.962744461236642e-02	3.000000000000000e-09	3.000000000000000e-07
3.320468e+04	1.330808254280346e-01	6.999785592045132e-02	3.000000000000000e-09	3.000000000000000e-07
3.387370e+04	1.337319831350342e-01	7.036995039151374e-02	3.000000000000000e-09	3.000000000000000e-07
3.455568e+04	1.343863380865976e-01	7.074373547174456e-02	3.000000000000000e-09	3.000000000000000e-07
3.525088e+04	1.350439059553710e-01	7.111921868006803e-02	3.000000000000000e-09	3.000000000000000e-07
3.595952e+04	1.357047024893366e-01	7.149640760801187e-02	3.000000000000000e-09	3.000000000000000e-07
3.668187e+04	1.363687435122045e-01	7.187530991957135e-02	3.000000000000000e-09	3.000000000000000e-07
3.741817e+04	1.370360449238073e-01	7.225593335106704e-02	3.000000000000000e-09	3.000000000000000e-07
3.816867e+04	1.377066227004956e-01	7.263828571099749e-02	3.000000000000000e-09	3.000000000000000e-07
3.893365e+04	1.383804928955360e-01	7.302237487988653e-02	3.000000000000000e-09	3.000000000000000e-07
3.971337e+04	1.390576716395114e-01	7.340820881012619e-02	3.000000000000000e-09	3.000000000000000e-07
4.050809e+04	1.397381751407223e-01	7.379579552581532e-02	3.000000000000000e-09	3.000000000000000e-07
4.131810e+04	1.404220196855906e-01	7.418514312259444e-02	3.000000000000000e-09	3.000000000000000e-07
4.214368e+04	1.411092216390653e-01	7.457625976747728e-02	3.000000000000000e-09	3.000000000000000e-07
4.298510e+04	1.417997974450296e-01	7.496915369867931e-02	3.000000000000000e-09	3.000000000000000e-07
4.384267e+04	1.424937636267106e-01	7.536383322544361e-02	3.000000000000000e-09	3.000000000000000e-07
4.471668e+04	1.431911367870903e-01	7.576030672786475e-02	3.000000000000000e-09	3.000000000000000e-07
4.560742e+04	1.438919336093189e-01	7.615858265671062e-02	3.000000000000000e-09	3.000000000000000e-07
4.651522e+04	1.445961708571296e-01	7.655866953324283e-02	3.000000000000000e-09	3.000000000000000e-07
4.744037e+04	1.453038653752559e-01	7.696057594903610e-02	3.000000000000000e-09	3.000000000000000e-07
4.838319e+04	1.460150340898500e-01	7.736431056579676e-02	3.000000000000000e-09	3.000000000000000e-07
4.934402e+04	1.467296940089037e-01	7.776988211518078e-02	3.000000000000000e-09	3.000000000000000e-07
5.032317e+04	1.474478622226709e-01	7.817729939861176e-02	3.000000000000000e-09	3.000000000000000e-07
5.132099e+04	1.481695559040922e-01	7.858657128709907e-02	3.000000000000000e-09	3.000000000000000e-07
5.233782e+04	1.488947923092214e-01	7.899770672105644e-02	3.000000000000000e-09	3.000000000000000e-07
5.337399e+04	1.496235887776535e-01	7.941071471012130e-02	3.000000000000000e-09	3.000000000000000e-07
5.442987e+04	1.503559627329550e-01	7.982560433297538e-02	3.000000000000000e-09	3.000000000000000e-07
5.550582e+04	1.510919316830964e-01	8.024238473716637e-02	3.000000000000000e-09	3.000000000000000e-07
5.660220e+04	1.518315132208854e-01	8.066106513893137e-02	3.000000000000000e-09	3.000000000000000e-07
5.771938e+04	1.525747250244038e-01	8.108165482302217e-02	3.000000000000000e-09	3.000000000000000e-07
5.885775e+04	1.533215848574445e-01	8.150416314253257e-02	3.000000000000000e-09	3.000000000000000e-07
6.001768e+04	1.540721105699521e-01	8.192859951872816e-02	3.000000000000000e-09	3.000000000000000e-07
6.119958e+04	1.548263200984638e-01	8.235497344087848e-02	3.000000000000000e-09	3.000000000000000e-07
6.240384e+04	1.555842314665537e-01	8.278329446609224e-02	3.000000000000000e-09	3.000000000000000e-07
6.363086e+04	1.563458627852781e-01	8.321357221915525e-02	3.000000000000000e-09	3.000000000000000e-07
6.488108e+04	1.571112322536231e-01	8.364581639237180e-02	3.000000000000000e-09	3.000000000000000e-07
6.615489e+04	1.578803581589540e-01	8.408003674540927e-02	3.000000000000000e-09	3.000000000000000e-07
6.745275e+04	1.586532588774673e-01	8.451624310514645e-02	3.000000000000000e-09	3.000000000000000e-07
6.877507e+04	1.594299528746431e-01	8.495444536552531e-02	3.000000000000000e-09	3.000000000000000e-07
7.012231e+04	1.602104587057017e-01	8.539465348740743e-02	3.000000000000000e-09	3.000000000000000e-07
7.149492e+04	1.609947950160602e-01	8.583687749843363e-02	3.000000000000000e-09	3.000000000000000e-07
7.289336e+04	1.617829805417921e-01	8.628112749288826e-02	3.000000000000000e-09	3.000000000000000e-07
7.431810e+04	1.625750341100888e-01	8.672741363156795e-02	3.000000000000000e-09	3.000000000000000e-07
7.576962e+04	1.633709746397229e-01	8.717574614165469e-02	3.000000000000000e-09	3.000000000000000e-07
7.724840e+04	1.641708211415139e-01	8.762613531659368e-02	3.000000000000000e-09	3.000000000000000e-07
7.875494e+04	1.649745927187952e-01	8.807859151597591e-02	3.000000000000000e-09	3.000000000000000e-07
8.028974e+04	1.657823085678840e-01	8.853312516542562e-02	3.000000000000000e-09	3.000000000000000e-07
8.185331e+04	1.665939879785524e-01	8.898974675649274e-02	3.000000000000000e-09	3.000000000000000e-07
8.344618e+04	1.674096503345016e-01	8.944846684655045e-02	3.000000000000000e-09	3.000000000000000e-07
8.506887e+04	1.682293151138372e-01	8.990929605869792e-02	3.000000000000000e-09	3.000000000000000e-07
8.672194e+04	1.690530018895469e-01	9.037224508166837e-02	3.000000000000000e-09	3.000000000000000e-07
8.840592e+04	1.698807303299804e-01	9.083732466974240e-02	3.000000000000000e-09	3.000000000000000e-07
9.012137e+04	1.707125201993316e-01	9.130454564266682e-02	3.000000000000000e-09	3.000000000000000e-07
9.186888e+04	1.715483913581223e-01	9.177391888557900e-02	3.000000000000000e-09	3.000000000000000e-07
9.364901e+04	1.723883637636884e-01	9.224545534893674e-02	3.000000000000000e-09	3.000000000000000e-07
9.546237e+04	1.732324574706685e-01	9.271916604845382e-02	3.000000000000000e-09	3.000000000000000e-07
9.730954e+04	1.740806926314939e-01	9.319506206504116e-02	3.000000000000000e-09	3.000000000000000e-07
9.919115e+04	1.749330894968817e-01	9.367315454475388e-02	3.000000000000000e-09	3.000000000000000e-07
1.000000e+05	1.752950862741114e-01	9.387614651122801e-02	3.000000000000000e-09	3.000000000000000e-07
1.019524e+05	1.761626010786393e-01	9.436251925100897e-02	3.000000000000000e-09	3.000000000000000e-07
1.039200e+05	1.770250432160196e-01	9.484590989652693e-02	3.000000000000000e-09	3.000000000000000e-07
1.059247e+05	1.778918885572557e-01	9.533163175043671e-02	3.000000000000000e-09	3.000000000000000e-07
1.079666e+05	1.787629834286130e-01	9.581959850135231e-02	3.000000000000000e-09	3.000000000000000e-07
1.100465e+05	1.796383518376490e-01	9.630982344981646e-02	3.000000000000000e-09	3.000000000000000e-07
1.121650e+05	1.805180146201275e-01	9.680231812690457e-02	3.000000000000000e-09	3.000000000000000e-07
1.143229e+05	1.814019927741335e-01	9.729709416241306e-02	3.000000000000000e-09	3.000000000000000e-07
1.165208e+05	1.822903073991694e-01	9.779416325044712e-02	3.000000000000000e-09	3.000000000000000e-07
1.187595e+05	1.831829796977987e-01	9.829353715005670e-02	3.000000000000000e-09	3.000000000000000e-07
1.210397e+05	1.840800309761413e-01	9.879522768523334e-02	3.000000000000000e-09	3.000000000000000e-07
1.233622e+05	1.849814826443922e-01	9.929924674492484e-02	3.000000000000000e-09	3.000000000000000e-07
1.257277e+05	1.858873562173415e-01	9.980560628305570e-02	3.000000000000000e-09	3.000000000000000e-07
1.281370e+05	1.867976733148976e-01	1.003143183185536e-01	3.000000000000000e-09	3.000000000000000e-07
1.305909e+05	1.877124556626120e-01	1.008253949353816e-01	3.000000000000000e-09	3.000000000000000e-07
1.330902e+05	1.886317250922070e-01	1.013388482825767e-01	3.000000000000000e-09	3.000000000000000e-07
1.356357e+05	1.895555035421053e-01	1.018546905742941e-01	3.000000000000000e-09	3.000000000000000e-07
1.382282e+05	1.904838130579623e-01	1.023729340898568e-01	3.000000000000000e-09	3.000000000000000e-07
1.408687e+05	1.914166757932009e-01	1.028935911738127e-01	3.000000000000000e-09	3.000000000000000e-07
1.435580e+05	1.923541140095481e-01	1.034166742359956e-01	3.000000000000000e-09	3.000000000000000e-07
1.462969e+05	1.932961500775749e-01	1.039421957515935e-01	3.000000000000000e-09	3.000000000000000e-07
1.490863e+05	1.942428064772378e-01	1.044701682612223e-01	3.000000000000000e-09	3.000000000000000e-07
1.519272e+05	1.951941057984235e-01	1.050006043710049e-01	3.000000000000000e-09	3.000000000000000e-07
1.548205e+05	1.961500707414954e-01	1.055335167526569e-01	3.000000000000000e-09	3.000000000000000e-07
1.577671e+05	1.971107241178430e-01	1.060689181435771e-01	3.000000000000000e-09	3.000000000000000e-07
1.607680e+05	1.980760888504337e-01	1.066068213469447e-01	3.000000000000000e-09	3.000000000000000e-07
1.638242e+05	1.990461879743670e-01	1.071472392318211e-01	3.000000000000000e-09	3.000000000000000e-07
1.669367e+05	2.000210446374314e-01	1.076901847332586e-01	3.000000000000000e-09	3.000000000000000e-07
1.701064e+05	2.010006821006640e-01	1.082356708524135e-01	3.000000000000000e-09	3.000000000000000e-07
1.733345e+05	2.019851237389120e-01	1.087837106566656e-01	3.000000000000000e-09	3.000000000000000e-07
1.766219e+05	2.029743930413972e-01	1.093343172797429e-01	3.000000000000000e-09	3.000000000000000e-07
1.799698e+05	2.039685136122835e-01	1.098875039218519e-01	3.000000000000000e-09	3.000000000000000e-07
1.833792e+05	2.049675091712463e-01	1.104432838498132e-01	3.000000000000000e-09	3.000000000000000e-07
1.868513e+05	2.059714035540447e-01	1.110016703972029e-01	3.000000000000000e-09	3.000000000000000e-07
1.903871e+05	2.069802207130968e-01	1.115626769644986e-01	3.000000000000000e-09	3.000000000000000e-07
1.939879e+05	2.079939847180568e-01	1.121263170192320e-01	3.000000000000000e-09	3.000000000000000e-07
1.976548e+05	2.090127197563957e-01	1.126926040961455e-01	3.000000000000000e-09	3.000000000000000e-07
2.013889e+05	2.100364501339839e-01	1.132615517973547e-01	3.000000000000000e-09	3.000000000000000e-07
2.051916e+05	2.110652002756769e-01	1.138331737925161e-01	3.000000000000000e-09	3.000000000000000e-07
2.090640e+05	2.120989947259039e-01	1.144074838189997e-01	3.000000000000000e-09	3.000000000000000e-07
2.130074e+05	2.131378581492584e-01	1.149844956820671e-01	3.000000000000000e-09	3.000000000000000e-07
2.170230e+05	2.141818153310923e-01	1.155642232550543e-01	3.000000000000000e-09	3.000000000000000e-07
2.211123e+05	2.152308911781124e-01	1.161466804795598e-01	3.000000000000000e-09	3.000000000000000e-07
2.252764e+05	2.162851107189799e-01	1.167318813656373e-01	3.000000000000000e-09	3.000000000000000e-07
2.295168e+05	2.173444991049120e-01	1.173198399919939e-01	3.000000000000000e-09	3.000000000000000e-07
2.338349e+05	2.184090816102877e-01	1.179105705061927e-01	3.000000000000000e-09	3.000000000000000e-07
2.382319e+05	2.194788836332544e-01	1.185040871248605e-01	3.000000000000000e-09	3.000000000000000e-07
2.427095e+05	2.205539306963398e-01	1.191004041339001e-01	3.000000000000000e-09	3.000000000000000e-07
2.472689e+05	2.216342484470643e-01	1.196995358887077e-01	3.000000000000000e-09	3.000000000000000e-07
2.519117e+05	2.227198626585577e-01	1.203014968143945e-01	3.000000000000000e-09	3.000000000000000e-07
2.566395e+05	2.238107992301787e-01	1.209063014060138e-01	3.000000000000000e-09	3.000000000000000e-07
2.614536e+05	2.249070841881366e-01	1.215139642287913e-01	3.000000000000000e-09	3.000000000000000e-07
2.663557e+05	2.260087436861163e-01	1.221244999183617e-01	3.000000000000000e-09	3.000000000000000e-07
2.713474e+05	2.271158040059068e-01	1.227379231810085e-01	3.000000000000000e-09	3.000000000000000e-07
2.764303e+05	2.282282915580316e-01	1.233542487939090e-01	3.000000000000000e-09	3.000000000000000e-07
2.816060e+05	2.293462328823827e-01	1.239734916053831e-01	3.000000000000000e-09	3.000000000000000e-07
2.868762e+05	2.304696546488577e-01	1.245956665351475e-01	3.000000000000000e-09	3.000000000000000e-07
2.922426e+05	2.315985836579997e-01	1.252207885745731e-01	3.000000000000000e-09	3.000000000000000e-07
2.977069e+05	2.327330468416398e-01	1.258488727869477e-01	3.000000000000000e-09	3.000000000000000e-07
3.032710e+05	2.338730712635436e-01	1.264799343077423e-01	3.000000000000000e-09	3.000000000000000e-07
3.089365e+05	2.350186841200596e-01	1.271139883448819e-01	3.000000000000000e-09	3.000000000000000e-07
3.147054e+05	2.361699127407720e-01	1.277510501790205e-01	3.000000000000000e-09	3.000000000000000e-07
3.205795e+05	2.373267845891553e-01	1.283911351638201e-01	3.000000000000000e-09	3.000000000000000e-07
3.265607e+05	2.384893272632329e-01	1.290342587262341e-01	3.000000000000000e-09	3.000000000000000e-07
3.326510e+05	2.396575684962381e-01	1.296804363667944e-01	3.000000000000000e-09	3.000000000000000e-07
3.388522e+05	2.408315361572793e-01	1.303296836599027e-01	3.000000000000000e-09	3.000000000000000e-07
3.451664e+05	2.420112582520071e-01	1.309820162541261e-01	3.000000000000000e-09	3.000000000000000e-07
3.515957e+05	2.431967629232854e-01	1.316374498724958e-01	3.000000000000000e-09	3.000000000000000e-07
3.581421e+05	2.443880784518654e-01	1.322960003128107e-01	3.000000000000000e-09	3.000000000000000e-07
3.648077e+05	2.455852332570633e-01	1.329576834479442e-01	3.000000000000000e-09	3.000000000000000e-07
3.715947e+05	2.467882558974399e-01	1.336225152261553e-01	3.000000000000000e-09	3.000000000000000e-07
3.785052e+05	2.479971750714854e-01	1.342905116714028e-01	3.000000000000000e-09	3.000000000000000e-07
3.855416e+05	2.492120196183058e-01	1.349616888836644e-01	3.000000000000000e-09	3.000000000000000e-07
3.927060e+05	2.504328185183131e-01	1.356360630392584e-01	3.000000000000000e-09	3.000000000000000e-07
4.000008e+05	2.516596008939195e-01	1.363136503911696e-01	3.000000000000000e-09	3.000000000000000e-07
4.074284e+05	2.528923960102337e-01	1.369944672693790e-01	3.000000000000000e-09	3.000000000000000e-07
4.149911e+05	2.541312332757614e-01	1.376785300811970e-01	3.000000000000000e-09	3.000000000000000e-07
4.226913e+05	2.553761422431091e-01	1.383658553116000e-01	3.000000000000000e-09	3.000000000000000e-07
4.305316e+05	2.566271526096907e-01	1.390564595235710e-01	3.000000000000000e-09	3.000000000000000e-07
4.385145e+05	2.578842942184382e-01	1.397503593584431e-01	3.000000000000000e-09	3.000000000000000e-07
4.466425e+05	2.591475970585151e-01	1.404475715362473e-01	3.000000000000000e-09	3.000000000000000e-07
4.549183e+05	2.604170912660342e-01	1.411481128560634e-01	3.000000000000000e-09	3.000000000000000e-07
4.633446e+05	2.616928071247774e-01	1.418520001963738e-01	3.000000000000000e-09	3.000000000000000e-07
4.719240e+05	2.629747750669207e-01	1.425592505154218e-01	3.000000000000000e-09	3.000000000000000e-07
4.806594e+05	2.642630256737610e-01	1.432698808515728e-01	3.000000000000000e-09	3.000000000000000e-07
4.895534e+05	2.655575896764478e-01	1.439839083236784e-01	3.000000000000000e-09	3.000000000000000e-07
4.986091e+05	2.668584979567174e-01	1.447013501314445e-01	3.000000000000000e-09	3.000000000000000e-07
5.078294e+05	2.681657815476313e-01	1.454222235558026e-01	3.000000000000000e-09	3.000000000000000e-07
5.172171e+05	2.694794716343176e-01	1.461465459592843e-01	3.000000000000000e-09	3.000000000000000e-07
5.267753e+05	2.707995995547165e-01	1.468743347863986e-01	3.000000000000000e-09	3.000000000000000e-07
5.365072e+05	2.721261968003293e-01	1.476056075640139e-01	3.000000000000000e-09	3.000000000000000e-07
5.464157e+05	2.734592950169705e-01	1.483403819017410e-01	3.000000000000000e-09	3.000000000000000e-07
5.565043e+05	2.747989260055240e-01	1.490786754923216e-01	3.000000000000000e-09	3.000000000000000e-07
5.667760e+05	2.761451217227030e-01	1.498205061120183e-01	3.000000000000000e-09	3.000000000000000e-07
5.772342e+05	2.774979142818135e-01	1.505658916210087e-01	3.000000000000000e-09	3.000000000000000e-07
5.878822e+05	2.788573359535211e-01	1.513148499637823e-01	3.000000000000000e-09	3.000000000000000e-07
5.987236e+05	2.802234191666221e-01	1.520673991695402e-01	3.000000000000000e-09	3.000000000000000e-07
6.097617e+05	2.815961965088177e-01	1.528235573525989e-01	3.000000000000000e-09	3.000000000000000e-07
6.210002e+05	2.829757007274927e-01	1.535833427127958e-01	3.000000000000000e-09	3.000000000000000e-07
6.324427e+05	2.843619647304974e-01	1.543467735358993e-01	3.000000000000000e-09	3.000000000000000e-07
6.440928e+05	2.857550215869331e-01	1.551138681940206e-01	3.000000000000000e-09	3.000000000000000e-07
6.559543e+05	2.871549045279423e-01	1.558846451460290e-01	3.000000000000000e-09	3.000000000000000e-07
6.680310e+05	2.885616469475021e-01	1.566591229379709e-01	3.000000000000000e-09	3.000000000000000e-07
6.803269e+05	2.899752824032208e-01	1.574373202034907e-01	3.000000000000000e-09	3.000000000000000e-07
6.928458e+05	2.913958446171400e-01	1.582192556642555e-01	3.000000000000000e-09	3.000000000000000e-07
7.055919e+05	2.928233674765391e-01	1.590049481303824e-01	3.000000000000000e-09	3.000000000000000e-07
7.185692e+05	2.942578850347445e-01	1.597944165008685e-01	3.000000000000000e-09	3.000000000000000e-07
7.317819e+05	2.956994315119423e-01	1.605876797640249e-01	3.000000000000000e-09	3.000000000000000e-07
7.452342e+05	2.971480412959954e-01	1.613847569979123e-01	3.000000000000000e-09	3.000000000000000e-07
7.589305e+05	2.986037489432639e-01	1.621856673707803e-01	3.000000000000000e-09	3.000000000000000e-07
7.728753e+05	3.000665891794303e-01	1.629904301415098e-01	3.000000000000000e-09	3.000000000000000e-07
7.870730e+05	3.015365969003281e-01	1.637990646600574e-01	3.000000000000000e-09	3.000000000000000e-07
8.015281e+05	3.030138071727745e-01	1.646115903679037e-01	3.000000000000000e-09	3.000000000000000e-07
8.162454e+05	3.044982552354074e-01	1.654280267985039e-01	3.000000000000000e-09	3.000000000000000e-07
8.312295e+05	3.059899764995263e-01	1.662483935777412e-01	3.000000000000000e-09	3.000000000000000e-07
8.464854e+05	3.074890065499373e-01	1.670727104243838e-01	3.000000000000000e-09	3.000000000000000e-07
8.620179e+05	3.089953811458022e-01	1.679009971505435e-01	3.000000000000000e-09	3.000000000000000e-07
8.778321e+05	3.105091362214919e-01	1.687332736621386e-01	3.000000000000000e-09	3.000000000000000e-07
8.939329e+05	3.120303078874435e-01	1.695695599593584e-01	3.000000000000000e-09	3.000000000000000e-07
9.103257e+05	3.135589324310220e-01	1.704098761371312e-01	3.000000000000000e-09	3.000000000000000e-07
9.270157e+05	3.150950463173862e-01	1.712542423855952e-01	3.000000000000000e-09	3.000000000000000e-07
9.440083e+05	3.166386861903586e-01	1.721026789905717e-01	3.000000000000000e-09	3.000000000000000e-07
9.613090e+05	3.181898888732995e-01	1.729552063340415e-01	3.000000000000000e-09	3.000000000000000e-07
9.789233e+05	3.197486913699856e-01	1.738118448946242e-01	3.000000000000000e-09	3.000000000000000e-07
9.968570e+05	3.213151308654927e-01	1.746726152480599e-01	3.000000000000000e-09	3.000000000000000e-07
1.000000e+06	3.215866441149118e-01	1.748218059231923e-01	3.000000000000000e-09	3.000000000000000e-07
1.018590e+06	3.231856171309584e-01	1.757003764257508e-01	3.000000000000000e-09	3.000000000000000e-07
1.037237e+06	3.247684722083463e-01	1.765700260588794e-01	3.000000000000000e-09	3.000000000000000e-07
1.056228e+06	3.263595122497303e-01	1.774441090044815e-01	3.000000000000000e-09	3.000000000000000e-07
1.075563e+06	3.279583392970780e-01	1.783224067417559e-01	3.000000000000000e-09	3.000000000000000e-07
1.095248e+06	3.295649993218855e-01	1.792049446608094e-01	3.000000000000000e-09	3.000000000000000e-07
1.115291e+06	3.311795305102024e-01	1.800917438719174e-01	3.000000000000000e-09	3.000000000000000e-07
1.135696e+06	3.328019713790782e-01	1.809828256647066e-01	3.000000000000000e-09	3.000000000000000e-07
1.156471e+06	3.344323606316801e-01	1.818782114285609e-01	3.000000000000000e-09	3.000000000000000e-07
1.177624e+06	3.360707371608342e-01	1.827779226545690e-01	3.000000000000000e-09	3.000000000000000e-07
1.199159e+06	3.377171400499071e-01	1.836819809360080e-01	3.000000000000000e-09	3.000000000000000e-07
1.221085e+06	3.393716085737381e-01	1.845904079688576e-01	3.000000000000000e-09	3.000000000000000e-07
1.243408e+06	3.410341821995763e-01	1.855032255523161e-01	3.000000000000000e-09	3.000000000000000e-07
1.266136e+06	3.427049005880216e-01	1.864204555893188e-01	3.000000000000000e-09	3.000000000000000e-07
1.289276e+06	3.443838035939705e-01	1.873421200870601e-01	3.000000000000000e-09	3.000000000000000e-07
1.312835e+06	3.460709312675667e-01	1.882682411575171e-01	3.000000000000000e-09	3.000000000000000e-07
1.336822e+06	3.477663238551560e-01	1.891988410179775e-01	3.000000000000000e-09	3.000000000000000e-07
1.361243e+06	3.494700218002460e-01	1.901339419915690e-01	3.000000000000000e-09	3.000000000000000e-07
1.386107e+06	3.511820657444707e-01	1.910735665077924e-01	3.000000000000000e-09	3.000000000000000e-07
1.411422e+06	3.529024965285596e-01	1.920177371030568e-01	3.000000000000000e-09	3.000000000000000e-07
1.437196e+06	3.546313551933113e-01	1.929664764212182e-01	3.000000000000000e-09	3.000000000000000e-07
1.463437e+06	3.563686829805724e-01	1.939198072141206e-01	3.000000000000000e-09	3.000000000000000e-07
1.490154e+06	3.581145213342209e-01	1.948777523421398e-01	3.000000000000000e-09	3.000000000000000e-07
1.517355e+06	3.598689119011542e-01	1.958403347747303e-01	3.000000000000000e-09	3.000000000000000e-07
1.545049e+06	3.616318965322822e-01	1.968075775909749e-01	3.000000000000000e-09	3.000000000000000e-07
1.573245e+06	3.634035172835252e-01	1.977795039801372e-01	3.000000000000000e-09	3.000000000000000e-07
1.601953e+06	3.651838164168169e-01	1.987561372422165e-01	3.000000000000000e-09	3.000000000000000e-07
1.631181e+06	3.669728364011113e-01	1.997375007885064e-01	3.000000000000000e-09	3.000000000000000e-07
1.660939e+06	3.687706199133965e-01	2.007236181421551e-01	3.000000000000000e-09	3.000000000000000e-07
1.691236e+06	3.705772098397109e-01	2.017145129387299e-01	3.000000000000000e-09	3.000000000000000e-07
1.722083e+06	3.723926492761667e-01	2.027102089267833e-01	3.000000000000000e-09	3.000000000000000e-07
1.753489e+06	3.742169815299768e-01	2.037107299684224e-01	3.000000000000000e-09	3.000000000000000e-07
1.785465e+06	3.760502501204877e-01	2.047161000398819e-01	3.000000000000000e-09	3.000000000000000e-07
1.818021e+06	3.778924987802170e-01	2.057263432320986e-01	3.000000000000000e-09	3.000000000000000e-07
1.851167e+06	3.797437714558958e-01	2.067414837512899e-01	3.000000000000000e-09	3.000000000000000e-07
1.884914e+06	3.816041123095166e-01	2.077615459195347e-01	3.000000000000000e-09	3.000000000000000e-07
1.919273e+06	3.834735657193863e-01	2.087865541753573e-01	3.000000000000000e-09	3.000000000000000e-07
1.954255e+06	3.853521762811841e-01	2.098165330743142e-01	3.000000000000000e-09	3.000000000000000e-07
1.989872e+06	3.872399888090245e-01	2.108515072895837e-01	3.000000000000000e-09	3.000000000000000e-07
2.026134e+06	3.891370483365261e-01	2.118915016125588e-01	3.000000000000000e-09	3.000000000000000e-07
2.063055e+06	3.910434001178848e-01	2.129365409534424e-01	3.000000000000000e-09	3.000000000000000e-07
2.100645e+06	3.929590896289529e-01	2.139866503418460e-01	3.000000000000000e-09	3.000000000000000e-07
2.138917e+06	3.948841625683234e-01	2.150418549273911e-01	3.000000000000000e-09	3.000000000000000e-07
2.177883e+06	3.968186648584187e-01	2.161021799803138e-01	3.000000000000000e-09	3.000000000000000e-07
2.217557e+06	3.987626426465866e-01	2.171676508920715e-01	3.000000000000000e-09	3.000000000000000e-07
2.257950e+06	4.007161423061991e-01	2.182382931759543e-01	3.000000000000000e-09	3.000000000000000e-07
2.299075e+06	4.026792104377591e-01	2.193141324676972e-01	3.000000000000000e-09	3.000000000000000e-07
2.340947e+06	4.046518938700103e-01	2.203951945260973e-01	3.000000000000000e-09	3.000000000000000e-07
2.383579e+06	4.066342396610543e-01	2.214815052336326e-01	3.000000000000000e-09	3.000000000000000e-07
2.426984e+06	4.086262950994721e-01	2.225730905970846e-01	3.000000000000000e-09	3.000000000000000e-07
2.471177e+06	4.106281077054515e-01	2.236699767481636e-01	3.000000000000000e-09	3.000000000000000e-07
2.516172e+06	4.126397252319198e-01	2.247721899441371e-01	3.000000000000000e-09	3.000000000000000e-07
2.561983e+06	4.146611956656822e-01	2.258797565684612e-01	3.000000000000000e-09	3.000000000000000e-07
2.608626e+06	4.166925672285660e-01	2.269927031314153e-01	3.000000000000000e-09	3.000000000000000e-07
2.656115e+06	4.187338883785696e-01	2.281110562707396e-01	3.000000000000000e-09	3.000000000000000e-07
2.704467e+06	4.207852078110184e-01	2.292348427522757e-01	3.000000000000000e-09	3.000000000000000e-07
2.753696e+06	4.228465744597248e-01	2.303640894706106e-01	3.000000000000000e-09	3.000000000000000e-07
2.803818e+06	4.249180374981554e-01	2.314988234497234e-01	3.000000000000000e-09	3.000000000000000e-07
2.854851e+06	4.269996463406028e-01	2.326390718436352e-01	3.000000000000000e-09	3.000000000000000e-07
2.906809e+06	4.290914506433635e-01	2.337848619370627e-01	3.000000000000000e-09	3.000000000000000e-07
2.959712e+06	4.311935003059221e-01	2.349362211460740e-01	3.000000000000000e-09	3.000000000000000e-07
3.013574e+06	4.333058454721400e-01	2.360931770187484e-01	3.000000000000000e-09	3.000000000000000e-07
3.068415e+06	4.354285365314517e-01	2.372557572358386e-01	3.000000000000000e-09	3.000000000000000e-07
3.124252e+06	4.375616241200651e-01	2.384239896114371e-01	3.000000000000000e-09	3.000000000000000e-07
3.181102e+06	4.397051591221691e-01	2.395979020936448e-01	3.000000000000000e-09	3.000000000000000e-07
3.238985e+06	4.418591926711462e-01	2.407775227652432e-01	3.000000000000000e-09	3.000000000000000e-07
3.297919e+06	4.440237761507919e-01	2.419628798443702e-01	3.000000000000000e-09	3.000000000000000e-07
3.357924e+06	4.461989611965389e-01	2.431540016851984e-01	3.000000000000000e-09	3.000000000000000e-07
3.419018e+06	4.483847996966887e-01	2.443509167786171e-01	3.000000000000000e-09	3.000000000000000e-07
3.481222e+06	4.505813437936477e-01	2.455536537529178e-01	3.000000000000000e-09	3.000000000000000e-07
3.544556e+06	4.527886458851709e-01	2.467622413744824e-01	3.000000000000000e-09	3.000000000000000e-07
3.609041e+06	4.550067586256106e-01	2.479767085484750e-01	3.000000000000000e-09	3.000000000000000e-07
3.674698e+06	4.572357349271713e-01	2.491970843195373e-01	3.000000000000000e-09	3.000000000000000e-07
3.741547e+06	4.594756279611714e-01	2.504233978724865e-01	3.000000000000000e-09	3.000000000000000e-07
3.809611e+06	4.617264911593104e-01	2.516556785330176e-01	3.000000000000000e-09	3.000000000000000e-07
3.878911e+06	4.639883782149429e-01	2.528939557684082e-01	3.000000000000000e-09	3.000000000000000e-07
3.949472e+06	4.662613430843580e-01	2.541382591882271e-01	3.000000000000000e-09	3.000000000000000e-07
4.021314e+06	4.685454399880660e-01	2.553886185450462e-01	3.000000000000000e-09	3.000000000000000e-07
4.094462e+06	4.708407234120905e-01	2.566450637351555e-01	3.000000000000000e-09	3.000000000000000e-07
4.168940e+06	4.731472481092673e-01	2.579076247992824e-01	3.000000000000000e-09	3.000000000000000e-07
4.244772e+06	4.754650691005497e-01	2.591763319233130e-01	3.000000000000000e-09	3.000000000000000e-07
4.321982e+06	4.777942416763199e-01	2.604512154390187e-01	3.000000000000000e-09	3.000000000000000e-07
4.400596e+06	4.801348213977070e-01	2.617323058247841e-01	3.000000000000000e-09	3.000000000000000e-07
4.480639e+06	4.824868640979114e-01	2.630196337063406e-01	3.000000000000000e-09	3.000000000000000e-07
4.562137e+06	4.848504258835359e-01	2.643132298575015e-01	3.000000000000000e-09	3.000000000000000e-07
4.645117e+06	4.872255631359227e-01	2.656131252009023e-01	3.000000000000000e-09	3.000000000000000e-07
4.729607e+06	4.896123325124980e-01	2.669193508087432e-01	3.000000000000000e-09	3.000000000000000e-07
4.815633e+06	4.920107909481219e-01	2.682319379035359e-01	3.000000000000000e-09	3.000000000000000e-07
4.903223e+06	4.944209956564459e-01	2.695509178588540e-01	3.000000000000000e-09	3.000000000000000e-07
4.992407e+06	4.968430041312770e-01	2.708763222000863e-01	3.000000000000000e-09	3.000000000000000e-07
5.083213e+06	4.992768741479475e-01	2.722081826051946e-01	3.000000000000000e-09	3.000000000000000e-07
5.175670e+06	5.017226637646927e-01	2.735465309054745e-01	3.000000000000000e-09	3.000000000000000e-07
5.269810e+06	5.041804313240347e-01	2.748913990863196e-01	3.000000000000000e-09	3.000000000000000e-07
5.365663e+06	5.066502354541734e-01	2.762428192879905e-01	3.000000000000000e-09	3.000000000000000e-07
5.463259e+06	5.091321350703834e-01	2.776008238063862e-01	3.000000000000000e-09	3.000000000000000e-07
5.562632e+06	5.116261893764189e-01	2.789654450938196e-01	3.000000000000000e-09	3.000000000000000e-07
5.663813e+06	5.141324578659250e-01	2.803367157597974e-01	3.000000000000000e-09	3.000000000000000e-07
5.766835e+06	5.166510003238554e-01	2.817146685718023e-01	3.000000000000000e-09	3.000000000000000e-07
5.871733e+06	5.191818768278978e-01	2.830993364560804e-01	3.000000000000000e-09	3.000000000000000e-07
5.978539e+06	5.217251477499063e-01	2.844907524984316e-01	3.000000000000000e-09	3.000000000000000e-07
6.087290e+06	5.242808737573396e-01	2.858889499450035e-01	3.000000000000000e-09	3.000000000000000e-07
6.198021e+06	5.268491158147081e-01	2.872939622030900e-01	3.000000000000000e-09	3.000000000000000e-07
6.310768e+06	5.294299351850267e-01	2.887058228419326e-01	3.000000000000000e-09	3.000000000000000e-07
6.425567e+06	5.320233934312749e-01	2.901245655935270e-01	3.000000000000000e-09	3.000000000000000e-07
6.542457e+06	5.346295524178649e-01	2.915502243534314e-01	3.000000000000000e-09	3.000000000000000e-07
6.661475e+06	5.372484743121159e-01	2.929828331815813e-01	3.000000000000000e-09	3.000000000000000e-07
6.782661e+06	5.398802215857356e-01	2.944224263031058e-01	3.000000000000000e-09	3.000000000000000e-07
6.906054e+06	5.425248570163103e-01	2.958690381091494e-01	3.000000000000000e-09	3.000000000000000e-07
7.031695e+06	5.451824436888006e-01	2.973227031576968e-01	3.000000000000000e-09	3.000000000000000e-07
7.159624e+06	5.478530449970456e-01	2.987834561744022e-01	3.000000000000000e-09	3.000000000000000e-07
7.289884e+06	5.505367246452736e-01	3.002513320534224e-01	3.000000000000000e-09	3.000000000000000e-07
7.422517e+06	5.532335466496210e-01	3.017263658582534e-01	3.000000000000000e-09	3.000000000000000e-07
7.557566e+06	5.559435753396582e-01	3.032085928225722e-01	3.000000000000000e-09	3.000000000000000e-07
7.695077e+06	5.586668753599230e-01	3.046980483510812e-01	3.000000000000000e-09	3.000000000000000e-07
7.835093e+06	5.614035116714615e-01	3.061947680203575e-01	3.000000000000000e-09	3.000000000000000e-07
7.977661e+06	5.641535495533767e-01	3.076987875797063e-01	3.000000000000000e-09	3.000000000000000e-07
8.122827e+06	5.669170546043846e-01	3.092101429520179e-01	3.000000000000000e-09	3.000000000000000e-07
8.270639e+06	5.696940927443777e-01	3.107288702346290e-01	3.000000000000000e-09	3.000000000000000e-07
8.421145e+06	5.724847302159967e-01	3.122550057001884e-01	3.000000000000000e-09	3.000000000000000e-07
8.574396e+06	5.752890335862093e-01	3.137885857975266e-01	3.000000000000000e-09	3.000000000000000e-07
8.730440e+06	5.781070697478968e-01	3.153296471525291e-01	3.000000000000000e-09	3.000000000000000e-07
8.889329e+06	5.809389059214494e-01	3.168782265690154e-01	3.000000000000000e-09	3.000000000000000e-07
9.051116e+06	5.837846096563676e-01	3.184343610296199e-01	3.000000000000000e-09	3.000000000000000e-07
9.215853e+06	5.866442488328729e-01	3.199980876966795e-01	3.000000000000000e-09	3.000000000000000e-07
9.383594e+06	5.895178916635262e-01	3.215694439131231e-01	3.000000000000000e-09	3.000000000000000e-07
9.554395e+06	5.924056066948532e-01	3.231484672033676e-01	3.000000000000000e-09	3.000000000000000e-07
9.728311e+06	5.953074628089788e-01	3.247351952742164e-01	3.000000000000000e-09	3.000000000000000e-07
9.905400e+06	5.982235292252688e-01	3.263296660157630e-01	3.000000000000000e-09	3.000000000000000e-07
1.000000e+07	5.997626422286282e-01	3.271712228028794e-01	3.000000000000000e-09	3.000000000000000e-07
1.018361e+07	6.027257583859362e-01	3.287913777195898e-01	3.000000000000000e-09	3.000000000000000e-07
1.036897e+07	6.056776956082768e-01	3.304053930853221e-01	3.000000000000000e-09	3.000000000000000e-07
1.055775e+07	6.086445527587256e-01	3.320275392666408e-01	3.000000000000000e-09	3.000000000000000e-07
1.074997e+07	6.116259299871454e-01	3.336575976754116e-01	3.000000000000000e-09	3.000000000000000e-07
1.094569e+07	6.146219069197540e-01	3.352956118858317e-01	3.000000000000000e-09	3.000000000000000e-07
1.114499e+07	6.176325548666125e-01	3.369416209240815e-01	3.000000000000000e-09	3.000000000000000e-07
1.134793e+07	6.206579456443486e-01	3.385956640922517e-01	3.000000000000000e-09	3.000000000000000e-07
1.155457e+07	6.236981514183411e-01	3.402577808820622e-01	3.000000000000000e-09	3.000000000000000e-07
1.176499e+07	6.267532447073259e-01	3.419280109773854e-01	3.000000000000000e-09	3.000000000000000e-07
1.197924e+07	6.298232983850719e-01	3.436063942551679e-01	3.000000000000000e-09	3.000000000000000e-07
1.219741e+07	6.329083856821196e-01	3.452929707863861e-01	3.000000000000000e-09	3.000000000000000e-07
1.241956e+07	6.360085801875260e-01	3.469877808370051e-01	3.000000000000000e-09	3.000000000000000e-07
1.264577e+07	6.391239558506198e-01	3.486908648689435e-01	3.000000000000000e-09	3.000000000000000e-07
1.287611e+07	6.422545869827629e-01	3.504022635410414e-01	3.000000000000000e-09	3.000000000000000e-07
1.311066e+07	6.454005482591235e-01	3.521220177100343e-01	3.000000000000000e-09	3.000000000000000e-07
1.334949e+07	6.485619147204544e-01	3.538501684315308e-01	3.000000000000000e-09	3.000000000000000e-07
1.359269e+07	6.517387617748830e-01	3.555867569609952e-01	3.000000000000000e-09	3.000000000000000e-07
1.384033e+07	6.549311651997085e-01	3.573318247547355e-01	3.000000000000000e-09	3.000000000000000e-07
1.409249e+07	6.581392011432081e-01	3.590854134708951e-01	3.000000000000000e-09	3.000000000000000e-07
1.434926e+07	6.613629461264524e-01	3.608475649704500e-01	3.000000000000000e-09	3.000000000000000e-07
1.461072e+07	6.646024770451296e-01	3.626183213182106e-01	3.000000000000000e-09	3.000000000000000e-07
1.487696e+07	6.678578711713782e-01	3.643977247838283e-01	3.000000000000000e-09	3.000000000000000e-07
1.514807e+07	6.711292061556293e-01	3.661858178428068e-01	3.000000000000000e-09	3.000000000000000e-07
1.542413e+07	6.744165600284573e-01	3.679826431775188e-01	3.000000000000000e-09	3.000000000000000e-07
1.570524e+07	6.777200112024403e-01	3.697882436782267e-01	3.000000000000000e-09	3.000000000000000e-07
1.599149e+07	6.810396384740293e-01	3.716026624441093e-01	3.000000000000000e-09	3.000000000000000e-07
1.628297e+07	6.843755210254260e-01	3.734259427842923e-01	3.000000000000000e-09	3.000000000000000e-07
1.657978e+07	6.877277384264711e-01	3.752581282188852e-01	3.000000000000000e-09	3.000000000000000e-07
1.688202e+07	6.910963706365405e-01	3.770992624800214e-01	3.000000000000000e-09	3.000000000000000e-07
1.718979e+07	6.944814980064515e-01	3.789493895129049e-01	3.000000000000000e-09	3.000000000000000e-07
1.750319e+07	6.978832012803787e-01	3.808085534768614e-01	3.000000000000000e-09	3.000000000000000e-07
1.782231e+07	7.013015615977777e-01	3.826767987463941e-01	3.000000000000000e-09	3.000000000000000e-07
1.814728e+07	7.047366604953201e-01	3.845541699122455e-01	3.000000000000000e-09	3.000000000000000e-07
1.847819e+07	7.081885799088374e-01	3.864407117824634e-01	3.000000000000000e-09	3.000000000000000e-07
1.881515e+07	7.116574021752733e-01	3.883364693834725e-01	3.000000000000000e-09	3.000000000000000e-07
1.915828e+07	7.151432100346471e-01	3.902414879611517e-01	3.000000000000000e-09	3.000000000000000e-07
1.950769e+07	7.186460866320258e-01	3.921558129819152e-01	3.000000000000000e-09	3.000000000000000e-07
1.986350e+07	7.221661155195060e-01	3.940794901338001e-01	3.000000000000000e-09	3.000000000000000e-07
2.022581e+07	7.257033806582064e-01	3.960125653275589e-01	3.000000000000000e-09	3.000000000000000e-07
2.059476e+07	7.292579664202677e-01	3.979550846977567e-01	3.000000000000000e-09	3.000000000000000e-07
2.097046e+07	7.328299575908657e-01	3.999070946038750e-01	3.000000000000000e-09	3.000000000000000e-07
2.135304e+07	7.364194393702308e-01	4.018686416314193e-01	3.000000000000000e-09	3.000000000000000e-07
2.174262e+07	7.400264973756800e-01	4.038397725930329e-01	3.000000000000000e-09	3.000000000000000e-07
2.213934e+07	7.436512176436578e-01	4.058205345296163e-01	3.000000000000000e-09	3.000000000000000e-07
2.254332e+07	7.472936866317864e-01	4.078109747114512e-01	3.000000000000000e-09	3.000000000000000e-07
2.295469e+07	7.509539912209274e-01	4.098111406393309e-01	3.000000000000000e-09	3.000000000000000e-07
2.337360e+07	7.546322187172527e-01	4.118210800456953e-01	3.000000000000000e-09	3.000000000000000e-07
2.380019e+07	7.583284568543256e-01	4.138408408957719e-01	3.000000000000000e-09	3.000000000000000e-07
2.423459e+07	7.620427937951919e-01	4.158704713887221e-01	3.000000000000000e-09	3.000000000000000e-07
2.467694e+07	7.657753181344824e-01	4.179100199587933e-01	3.000000000000000e-09	3.000000000000000e-07
2.512740e+07	7.695261189005239e-01	4.199595352764761e-01	3.000000000000000e-09	3.000000000000000e-07
2.558612e+07	7.732952855574620e-01	4.220190662496680e-01	3.000000000000000e-09	3.000000000000000e-07
2.605324e+07	7.770829080073934e-01	4.240886620248411e-01	3.000000000000000e-09	3.000000000000000e-07
2.652891e+07	7.808890765925096e-01	4.261683719882178e-01	3.000000000000000e-09	3.000000000000000e-07
2.701331e+07	7.847138820972496e-01	4.282582457669498e-01	3.000000000000000e-09	3.000000000000000e-07
2.750658e+07	7.885574157504647e-01	4.303583332303043e-01	3.000000000000000e-09	3.000000000000000e-07
2.800890e+07	7.924197692275931e-01	4.324686844908558e-01	3.000000000000000e-09	3.000000000000000e-07
2.852042e+07	7.963010346528447e-01	4.345893499056829e-01	3.000000000000000e-09	3.000000000000000e-07
2.904132e+07	8.002013046013984e-01	4.367203800775717e-01	3.000000000000000e-09	3.000000000000000e-07
2.957178e+07	8.041206721016073e-01	4.388618258562249e-01	3.000000000000000e-09	3.000000000000000e-07
3.011195e+07	8.080592306372179e-01	4.410137383394761e-01	3.000000000000000e-09	3.000000000000000e-07
3.066204e+07	8.120170741495973e-01	4.431761688745109e-01	3.000000000000000e-09	3.000000000000000e-07
3.122221e+07	8.159942970399735e-01	4.453491690590936e-01	3.000000000000000e-09	3.000000000000000e-07
3.179265e+07	8.199909941716849e-01	4.475327907427991e-01	3.000000000000000e-09	3.000000000000000e-07
3.237356e+07	8.240072608724426e-01	4.497270860282523e-01	3.000000000000000e-09	3.000000000000000e-07
3.296512e+07	8.280431929366020e-01	4.519321072723720e-01	3.000000000000000e-09	3.000000000000000e-07
3.356754e+07	8.320988866274468e-01	4.541479070876215e-01	3.000000000000000e-09	3.000000000000000e-07
3.418101e+07	8.361744386794837e-01	4.563745383432659e-01	3.000000000000000e-09	3.000000000000000e-07
3.480573e+07	8.402699463007482e-01	4.586120541666338e-01	3.000000000000000e-09	3.000000000000000e-07
3.544192e+07	8.443855071751221e-01	4.608605079443868e-01	3.000000000000000e-09	3.000000000000000e-07
3.608978e+07	8.485212194646615e-01	4.631199533237948e-01	3.000000000000000e-09	3.000000000000000e-07
3.674953e+07	8.526771818119379e-01	4.653904442140163e-01	3.000000000000000e-09	3.000000000000000e-07
3.742139e+07	8.568534933423885e-01	4.676720347873866e-01	3.000000000000000e-09	3.000000000000000e-07
3.810559e+07	8.610502536666798e-01	4.699647794807111e-01	3.000000000000000e-09	3.000000000000000e-07
3.880234e+07	8.652675628830819e-01	4.722687329965654e-01	3.000000000000000e-09	3.000000000000000e-07
3.951189e+07	8.695055215798549e-01	4.745839503046014e-01	3.000000000000000e-09	3.000000000000000e-07
4.023446e+07	8.737642308376464e-01	4.769104866428601e-01	3.000000000000000e-09	3.000000000000000e-07
4.097030e+07	8.780437922319013e-01	4.792483975190905e-01	3.000000000000000e-09	3.000000000000000e-07
4.171965e+07	8.823443078352829e-01	4.815977387120747e-01	3.000000000000000e-09	3.000000000000000e-07
4.248277e+07	8.866658802201067e-01	4.839585662729604e-01	3.000000000000000e-09	3.000000000000000e-07
4.325990e+07	8.910086124607848e-01	4.863309365265984e-01	3.000000000000000e-09	3.000000000000000e-07
4.405130e+07	8.953726081362833e-01	4.887149060728879e-01	3.000000000000000e-09	3.000000000000000e-07
4.485724e+07	8.997579713325917e-01	4.911105317881278e-01	3.000000000000000e-09	3.000000000000000e-07
4.567799e+07	9.041648066452037e-01	4.935178708263744e-01	3.000000000000000e-09	3.000000000000000e-07
4.651382e+07	9.085932191816108e-01	4.959369806208058e-01	3.000000000000000e-09	3.000000000000000e-07
4.736500e+07	9.130433145638078e-01	4.983679188850934e-01	3.000000000000000e-09	3.000000000000000e-07
4.823183e+07	9.175151989308103e-01	5.008107436147794e-01	3.000000000000000e-09	3.000000000000000e-07
4.911458e+07	9.220089789411857e-01	5.032655130886613e-01	3.000000000000000e-09	3.000000000000000e-07
5.001356e+07	9.265247617755946e-01	5.057322858701835e-01	3.000000000000000e-09	3.000000000000000e-07
5.092906e+07	9.310626551393467e-01	5.082111208088343e-01	3.000000000000000e-09	3.000000000000000e-07
5.186140e+07	9.356227672649680e-01	5.107020770415522e-01	3.000000000000000e-09	3.000000000000000e-07
5.281087e+07	9.402052069147805e-01	5.132052139941359e-01	3.000000000000000e-09	3.000000000000000e-07
5.377779e+07	9.448100833834954e-01	5.157205913826638e-01	3.000000000000000e-09	3.000000000000000e-07
5.476249e+07	9.494375065008183e-01	5.182482692149192e-01	3.000000000000000e-09	3.000000000000000e-07
5.576530e+07	9.540875866340671e-01	5.207883077918222e-01	3.000000000000000e-09	3.000000000000000e-07
5.678655e+07	9.587604346908033e-01	5.233407677088694e-01	3.000000000000000e-09	3.000000000000000e-07
5.782658e+07	9.634561621214756e-01	5.259057098575803e-01	3.000000000000000e-09	3.000000000000000e-07
5.888574e+07	9.681748809220765e-01	5.284831954269501e-01	3.000000000000000e-09	3.000000000000000e-07
5.996439e+07	9.729167036368126e-01	5.310732859049102e-01	3.000000000000000e-09	3.000000000000000e-07
6.106287e+07	9.776817433607868e-01	5.336760430797961e-01	3.000000000000000e-09	3.000000000000000e-07
6.218156e+07	9.824701137426948e-01	5.362915290418216e-01	3.000000000000000e-09	3.000000000000000e-07
6.332083e+07	9.872819289875338e-01	5.389198061845610e-01	3.000000000000000e-09	3.000000000000000e-07
6.448107e+07	9.921173038593253e-01	5.415609372064374e-01	3.000000000000000e-09	3.000000000000000e-07
6.566265e+07	9.969763536838506e-01	5.442149851122200e-01	3.000000000000000e-09	3.000000000000000e-07
6.686598e+07	1.001859194351400e+00	5.468820132145268e-01	3.000000000000000e-09	3.000000000000000e-07
6.809146e+07	1.006765942319536e+00	5.495620851353360e-01	3.000000000000000e-09	3.000000000000000e-07
6.933949e+07	1.011696714615867e+00	5.522552648075036e-01	3.000000000000000e-09	3.000000000000000e-07
7.061049e+07	1.016651628840842e+00	5.549616164762901e-01	3.000000000000000e-09	3.000000000000000e-07
7.190489e+07	1.021630803170547e+00	5.576812047008923e-01	3.000000000000000e-09	3.000000000000000e-07
7.322312e+07	1.026634356359529e+00	5.604140943559848e-01	3.000000000000000e-09	3.000000000000000e-07
7.456562e+07	1.031662407743622e+00	5.631603506332673e-01	3.000000000000000e-09	3.000000000000000e-07
7.593284e+07	1.036715077242794e+00	5.659200390430209e-01	3.000000000000000e-09	3.000000000000000e-07
7.732524e+07	1.041792485364005e+00	5.686932254156705e-01	3.000000000000000e-09	3.000000000000000e-07
7.874328e+07	1.046894753204080e+00	5.714799759033560e-01	3.000000000000000e-09	3.000000000000000e-07
8.018743e+07	1.052022002452596e+00	5.742803569815107e-01	3.000000000000000e-09	3.000000000000000e-07
8.165819e+07	1.057174355394780e+00	5.770944354504470e-01	3.000000000000000e-09	3.000000000000000e-07
8.315603e+07	1.062351934914429e+00	5.799222784369509e-01	3.000000000000000e-09	3.000000000000000e-07
8.468147e+07	1.067554864496834e+00	5.827639533958829e-01	3.000000000000000e-09	3.000000000000000e-07
8.623501e+07	1.072783268231730e+00	5.856195281117879e-01	3.000000000000000e-09	3.000000000000000e-07
8.781718e+07	1.078037270816246e+00	5.884890707005120e-01	3.000000000000000e-09	3.000000000000000e-07
8.942850e+07	1.083316997557884e+00	5.913726496108279e-01	3.000000000000000e-09	3.000000000000000e-07
9.106951e+07	1.088622574377504e+00	5.942703336260682e-01	3.000000000000000e-09	3.000000000000000e-07
9.274076e+07	1.093954127812325e+00	5.971821918657656e-01	3.000000000000000e-09	3.000000000000000e-07
9.444282e+07	1.099311785018942e+00	6.001082937873027e-01	3.000000000000000e-09	3.000000000000000e-07
9.617625e+07	1.104695673776356e+00	6.030487091875685e-01	3.000000000000000e-09	3.000000000000000e-07
9.794163e+07	1.110105922489024e+00	6.060035082046240e-01	3.000000000000000e-09	3.000000000000000e-07
9.973956e+07	1.115542660189913e+00	6.089727613193749e-01	3.000000000000000e-09	3.000000000000000e-07
1.000000e+08	1.116321375129098e+00	6.093980520327078e-01	3.000000000000000e-09	3.000000000000000e-07
1.018648e+08	1.121874622381572e+00	6.124309215451806e-01	3.000000000000000e-09	3.000000000000000e-07
1.037345e+08	1.127367407881308e+00	6.154307574551681e-01	3.000000000000000e-09	3.000000000000000e-07
1.056393e+08	1.132888687677070e+00	6.184461426772364e-01	3.000000000000000e-09	3.000000000000000e-07
1.075791e+08	1.138436970702828e+00	6.214762628853534e-01	3.000000000000000e-09	3.000000000000000e-07
1.095547e+08	1.144012418934099e+00	6.245212065495916e-01	3.000000000000000e-09	3.000000000000000e-07
1.115668e+08	1.149615164800931e+00	6.275810460036486e-01	3.000000000000000e-09	3.000000000000000e-07
1.136160e+08	1.155245341935983e+00	6.306558542376114e-01	3.000000000000000e-09	3.000000000000000e-07
1.157029e+08	1.160903084615883e+00	6.337457045928638e-01	3.000000000000000e-09	3.000000000000000e-07
1.178284e+08	1.166588527774692e+00	6.368506707694439e-01	3.000000000000000e-09	3.000000000000000e-07
1.199931e+08	1.172301807006941e+00	6.399708268276981e-01	3.000000000000000e-09	3.000000000000000e-07
1.221977e+08	1.178043058570859e+00	6.431062471900515e-01	3.000000000000000e-09	3.000000000000000e-07
1.244430e+08	1.183812419391626e+00	6.462570066427812e-01	3.000000000000000e-09	3.000000000000000e-07
1.267298e+08	1.189610027064637e+00	6.494231803378016e-01	3.000000000000000e-09	3.000000000000000e-07
1.290587e+08	1.195436019858777e+00	6.526048437944558e-01	3.000000000000000e-09	3.000000000000000e-07
1.314306e+08	1.201290536719722e+00	6.558020729013182e-01	3.000000000000000e-09	3.000000000000000e-07
1.338463e+08	1.207173717273251e+00	6.590149439180033e-01	3.000000000000000e-09	3.000000000000000e-07
1.363066e+08	1.213085701828571e+00	6.622435334769853e-01	3.000000000000000e-09	3.000000000000000e-07
1.388123e+08	1.219026631381664e+00	6.654879185854261e-01	3.000000000000000e-09	3.000000000000000e-07
1.413643e+08	1.224996647618647e+00	6.687481766270115e-01	3.000000000000000e-09	3.000000000000000e-07
1.439634e+08	1.230995892919151e+00	6.720243853637969e-01	3.000000000000000e-09	3.000000000000000e-07
1.466105e+08	1.237024510359715e+00	6.753166229380626e-01	3.000000000000000e-09	3.000000000000000e-07
1.493065e+08	1.243082643717193e+00	6.786249678741768e-01	3.000000000000000e-09	3.000000000000000e-07
1.520523e+08	1.249170437472186e+00	6.819494990804690e-01	3.000000000000000e-09	3.000000000000000e-07
1.548487e+08	1.255288036812483e+00	6.852902958511116e-01	3.000000000000000e-09	3.000000000000000e-07
1.576969e+08	1.261435587636523e+00	6.886474378680111e-01	3.000000000000000e-09	3.000000000000000e-07
1.605976e+08	1.267613236556874e+00	6.920210052027089e-01	3.000000000000000e-09	3.000000000000000e-07
1.635519e+08	1.273821130903726e+00	6.954110783182905e-01	3.000000000000000e-09	3.000000000000000e-07
1.665608e+08	1.280059418728402e+00	6.988177380713045e-01	3.000000000000000e-09	3.000000000000000e-07
1.696253e+08	1.286328248806893e+00	7.022410657136915e-01	3.000000000000000e-09	3.000000000000000e-07
1.727465e+08	1.292627770643396e+00	7.056811428947211e-01	3.000000000000000e-09	3.000000000000000e-07
1.759253e+08	1.298958134473884e+00	7.091380516629395e-01	3.000000000000000e-09	3.000000000000000e-07
1.791628e+08	1.305319491269686e+00	7.126118744681267e-01	3.000000000000000e-09	3.000000000000000e-07
1.824602e+08	1.311711992741086e+00	7.161026941632619e-01	3.000000000000000e-09	3.000000000000000e-07
1.858185e+08	1.318135791340935e+00	7.196105940065000e-01	3.000000000000000e-09	3.000000000000000e-07
1.892389e+08	1.324591040268293e+00	7.231356576631569e-01	3.000000000000000e-09	3.000000000000000e-07
1.927225e+08	1.331077893472074e+00	7.266779692077050e-01	3.000000000000000e-09	3.000000000000000e-07
1.962706e+08	1.337596505654719e+00	7.302376131257776e-01	3.000000000000000e-09	3.000000000000000e-07
1.998842e+08	1.344147032275882e+00	7.338146743161845e-01	3.000000000000000e-09	3.000000000000000e-07
2.035647e+08	1.350729629556141e+00	7.374092380929358e-01	3.000000000000000e-09	3.000000000000000e-07
2.073132e+08	1.357344454480712e+00	7.410213901872770e-01	3.000000000000000e-09	3.000000000000000e-07
2.111310e+08	1.363991664803200e+00	7.446512167497327e-01	3.000000000000000e-09	3.000000000000000e-07
2.150194e+08	1.370671419049357e+00	7.482988043521621e-01	3.000000000000000e-09	3.000000000000000e-07
2.189798e+08	1.377383876520859e+00	7.519642399898224e-01	3.000000000000000e-09	3.000000000000000e-07
2.230134e+08	1.384129197299105e+00	7.556476110834439e-01	3.000000000000000e-09	3.000000000000000e-07
2.271216e+08	1.390907542249030e+00	7.593490054813145e-01	3.000000000000000e-09	3.000000000000000e-07
2.313058e+08	1.397719073022946e+00	7.630685114613743e-01	3.000000000000000e-09	3.000000000000000e-07
2.355675e+08	1.404563952064390e+00	7.668062177333214e-01	3.000000000000000e-09	3.000000000000000e-07
2.399080e+08	1.411442342611996e+00	7.705622134407262e-01	3.000000000000000e-09	3.000000000000000e-07
2.443288e+08	1.418354408703389e+00	7.743365881631582e-01	3.000000000000000e-09	3.000000000000000e-07
2.488314e+08	1.425300315179094e+00	7.781294319183213e-01	3.000000000000000e-09	3.000000000000000e-07
2.534173e+08	1.432280227686466e+00	7.819408351642004e-01	3.000000000000000e-09	3.000000000000000e-07
2.580881e+08	1.439294312683638e+00	7.857708888012186e-01	3.000000000000000e-09	3.000000000000000e-07
2.628454e+08	1.446342737443488e+00	7.896196841744049e-01	3.000000000000000e-09	3.000000000000000e-07
2.676907e+08	1.453425670057626e+00	7.934873130755715e-01	3.000000000000000e-09	3.000000000000000e-07
2.726257e+08	1.460543279440406e+00	7.973738677455039e-01	3.000000000000000e-09	3.000000000000000e-07
2.776521e+08	1.467695735332945e+00	8.012794408761590e-01	3.000000000000000e-09	3.000000000000000e-07
2.827715e+08	1.474883208307175e+00	8.052041256128759e-01	3.000000000000000e-09	3.000000000000000e-07
2.879858e+08	1.482105869769904e+00	8.091480155565973e-01	3.000000000000000e-09	3.000000000000000e-07
2.932965e+08	1.489363891966908e+00	8.131112047661005e-01	3.000000000000000e-09	3.000000000000000e-07
2.987057e+08	1.496657447987030e+00	8.170937877602408e-01	3.000000000000000e-09	3.000000000000000e-07
3.042150e+08	1.503986711766313e+00	8.210958595202048e-01	3.000000000000000e-09	3.000000000000000e-07
3.098263e+08	1.511351858092139e+00	8.251175154917756e-01	3.000000000000000e-09	3.000000000000000e-07
3.155416e+08	1.518753062607400e+00	8.291588515876078e-01	3.000000000000000e-09	3.000000000000000e-07
3.213627e+08	1.526190501814686e+00	8.332199641895155e-01	3.000000000000000e-09	3.000000000000000e-07
3.272917e+08	1.533664353080487e+00	8.373009501507692e-01	3.000000000000000e-09	3.000000000000000e-07
3.333305e+08	1.541174794639426e+00	8.414019067984063e-01	3.000000000000000e-09	3.000000000000000e-07
3.394812e+08	1.548722005598506e+00	8.455229319355505e-01	3.000000000000000e-09	3.000000000000000e-07
3.457459e+08	1.556306165941377e+00	8.496641238437448e-01	3.000000000000000e-09	3.000000000000000e-07
3.521266e+08	1.563927456532629e+00	8.538255812852942e-01	3.000000000000000e-09	3.000000000000000e-07
3.586256e+08	1.571586059122104e+00	8.580074035056204e-01	3.000000000000000e-09	3.000000000000000e-07
3.652451e+08	1.579282156349226e+00	8.622096902356290e-01	3.000000000000000e-09	3.000000000000000e-07
3.719872e+08	1.587015931747356e+00	8.664325416940860e-01	3.000000000000000e-09	3.000000000000000e-07
3.788543e+08	1.594787569748165e+00	8.706760585900084e-01	3.000000000000000e-09	3.000000000000000e-07
3.858487e+08	1.602597255686035e+00	8.749403421250650e-01	3.000000000000000e-09	3.000000000000000e-07
3.929727e+08	1.610445175802469e+00	8.792254939959891e-01	3.000000000000000e-09	3.000000000000000e-07
4.002288e+08	1.618331517250540e+00	8.835316163970033e-01	3.000000000000000e-09	3.000000000000000e-07
4.076195e+08	1.626256468099343e+00	8.878588120222561e-01	3.000000000000000e-09	3.000000000000000e-07
4.151472e+08	1.634220217338486e+00	8.922071840682706e-01	3.000000000000000e-09	3.000000000000000e-07
4.228145e+08	1.642222954882589e+00	8.965768362364042e-01	3.000000000000000e-09	3.000000000000000e-07
4.306239e+08	1.650264871575813e+00	9.009678727353219e-01	3.000000000000000e-09	3.000000000000000e-07
4.385782e+08	1.658346159196410e+00	9.053803982834799e-01	3.000000000000000e-09	3.000000000000000e-07
4.466801e+08	1.666467010461294e+00	9.098145181116236e-01	3.000000000000000e-09	3.000000000000000e-07
4.549321e+08	1.674627619030634e+00	9.142703379652949e-01	3.000000000000000e-09	3.000000000000000e-07
4.633373e+08	1.682828179512471e+00	9.187479641073545e-01	3.000000000000000e-09	3.000000000000000e-07
4.718984e+08	1.691068887467357e+00	9.232475033205149e-01	3.000000000000000e-09	3.000000000000000e-07
4.806183e+08	1.699349939413016e+00	9.277690629098861e-01	3.000000000000000e-09	3.000000000000000e-07
4.895000e+08	1.707671532829028e+00	9.323127507055345e-01	3.000000000000000e-09	3.000000000000000e-07
4.985465e+08	1.716033866161538e+00	9.368786750650532e-01	3.000000000000000e-09	3.000000000000000e-07
5.077609e+08	1.724437138827984e+00	9.414669448761452e-01	3.000000000000000e-09	3.000000000000000e-07
5.171462e+08	1.732881551221853e+00	9.460776695592202e-01	3.000000000000000e-09	3.000000000000000e-07
5.267057e+08	1.741367304717454e+00	9.507109590700024e-01	3.000000000000000e-09	3.000000000000000e-07
5.364427e+08	1.749894601674724e+00	9.553669239021523e-01	3.000000000000000e-09	3.000000000000000e-07
5.463603e+08	1.758463645444047e+00	9.600456750899014e-01	3.000000000000000e-09	3.000000000000000e-07
5.564621e+08	1.767074640371100e+00	9.647473242106984e-01	3.000000000000000e-09	3.000000000000000e-07
5.667514e+08	1.775727791801729e+00	9.694719833878702e-01	3.000000000000000e-09	3.000000000000000e-07
5.772317e+08	1.784423306086841e+00	9.742197652932943e-01	3.000000000000000e-09	3.000000000000000e-07
5.879066e+08	1.793161390587322e+00	9.789907831500856e-01	3.000000000000000e-09	3.000000000000000e-07
5.987796e+08	1.801942253678981e+00	9.837851507352949e-01	3.000000000000000e-09	3.000000000000000e-07
6.098546e+08	1.810766104757517e+00	9.886029823826221e-01	3.000000000000000e-09	3.000000000000000e-07
6.211352e+08	1.819633154243509e+00	9.934443929851418e-01	3.000000000000000e-09	3.000000000000000e-07
6.326254e+08	1.828543613587434e+00	9.983094979980417e-01	3.000000000000000e-09	3.000000000000000e-07
6.443289e+08	1.837497695274706e+00	1.003198413441376e+00	3.000000000000000e-09	3.000000000000000e-07
6.562497e+08	1.846495612830739e+00	1.008111255902832e+00	3.000000000000000e-09	3.000000000000000e-07
6.683920e+08	1.855537580826041e+00	1.013048142540506e+00	3.000000000000000e-09	3.000000000000000e-07
6.807599e+08	1.864623814881325e+00	1.018009191085700e+00	3.000000000000000e-09	3.000000000000000e-07
6.933575e+08	1.873754531672651e+00	1.022994519845729e+00	3.000000000000000e-09	3.000000000000000e-07
7.061892e+08	1.882929948936588e+00	1.028004247706737e+00	3.000000000000000e-09	3.000000000000000e-07
7.192592e+08	1.892150285475410e+00	1.033038494136536e+00	3.000000000000000e-09	3.000000000000000e-07
7.325721e+08	1.901415761162302e+00	1.038097379187449e+00	3.000000000000000e-09	3.000000000000000e-07
7.461324e+08	1.910726596946611e+00	1.043181023499179e+00	3.000000000000000e-09	3.000000000000000e-07
7.599447e+08	1.920083014859105e+00	1.048289548301679e+00	3.000000000000000e-09	3.000000000000000e-07
7.740136e+08	1.929485238017272e+00	1.053423075418042e+00	3.000000000000000e-09	3.000000000000000e-07
7.883441e+08	1.938933490630630e+00	1.058581727267410e+00	3.000000000000000e-09	3.000000000000000e-07
8.029409e+08	1.948427998006082e+00	1.063765626867889e+00	3.000000000000000e-09	3.000000000000000e-07
8.178090e+08	1.957968986553276e+00	1.068974897839481e+00	3.000000000000000e-09	3.000000000000000e-07
8.329535e+08	1.967556683790010e+00	1.074209664407034e+00	3.000000000000000e-09	3.000000000000000e-07
8.483795e+08	1.977191318347651e+00	1.079470051403200e+00	3.000000000000000e-09	3.000000000000000e-07
8.640923e+08	1.986873119976585e+00	1.084756184271415e+00	3.000000000000000e-09	3.000000000000000e-07
8.800973e+08	1.996602319551694e+00	1.090068189068884e+00	3.000000000000000e-09	3.000000000000000e-07
8.963998e+08	2.006379149077860e+00	1.095406192469591e+00	3.000000000000000e-09	3.000000000000000e-07
9.130055e+08	2.016203841695496e+00	1.100770321767317e+00	3.000000000000000e-09	3.000000000000000e-07
9.299200e+08	2.026076631686099e+00	1.106160704878673e+00	3.000000000000000e-09	3.000000000000000e-07
9.471491e+08	2.035997754477838e+00	1.111577470346153e+00	3.000000000000000e-09	3.000000000000000e-07
9.646986e+08	2.045967446651166e+00	1.117020747341194e+00	3.000000000000000e-09	3.000000000000000e-07
9.825745e+08	2.055985945944457e+00	1.122490665667259e+00	3.000000000000000e-09	3.000000000000000e-07
1.000000e+09	2.065621591517222e+00	1.127751546658448e+00	3.000000000000000e-09	3.000000000000000e-07
