#t[yr]	ecc	inc	eachmass	totalmass
0.000000e+00	1.000000000000000e-01	5.000000000000000e-02	3.000000000000000e-09	3.000000000000000e-07
1.000000e-03	1.000000043421631e-01	5.000000200068976e-02	3.000000000000000e-09	3.000000000000000e-07
1.000000e-02	1.000000434216194e-01	5.000002000689304e-02	3.000000000000000e-09	3.000000000000000e-07
1.000000e-01	1.000004342151124e-01	5.000020006848562e-02	3.000000000000000e-09	3.000000000000000e-07
1.000000e+00	1.000043420430443e-01	5.000200064039300e-02	3.000000000000000e-09	3.000000000000000e-07
1.000000e+01	1.000434096272637e-01	5.002000195942460e-02	3.000000000000000e-09	3.000000000000000e-07
1.000000e+02	1.004330207018979e-01	5.019957693750713e-02	3.000000000000000e-09	3.000000000000000e-07
2.153254e+02	1.009271645854283e-01	5.042769276348089e-02	3.000000000000000e-09	3.000000000000000e-07
3.322352e+02	1.014219480408599e-01	5.065654815594747e-02	3.000000000000000e-09	3.000000000000000e-07
4.511814e+02	1.019191666513108e-01	5.088697423540160e-02	3.000000000000000e-09	3.000000000000000e-07
5.721971e+02	1.024188013286842e-01	5.111896577962119e-02	3.000000000000000e-09	3.000000000000000e-07
6.953237e+02	1.029208642323332e-01	5.135253200552039e-02	3.000000000000000e-09	3.000000000000000e-07
8.206033e+02	1.034253670412858e-01	5.158768191711412e-02	3.000000000000000e-09	3.000000000000000e-07
9.480789e+02	1.039323215012668e-01	5.182442455833833e-02	3.000000000000000e-09	3.000000000000000e-07
1.000000e+03	1.041365245822810e-01	5.191995767566058e-02	3.000000000000000e-09	3.000000000000000e-07
1.132000e+03	1.046522866479828e-01	5.216145355282446e-02	3.000000000000000e-09	3.000000000000000e-07
1.264931e+03	1.051651092777732e-01	5.240203075175828e-02	3.000000000000000e-09	3.000000000000000e-07
1.400236e+03	1.056805188995960e-01	5.264427621630713e-02	3.000000000000000e-09	3.000000000000000e-07
1.537938e+03	1.061984310208212e-01	5.288815395235711e-02	3.000000000000000e-09	3.000000000000000e-07
1.678086e+03	1.067188593961454e-01	5.313367398826775e-02	3.000000000000000e-09	3.000000000000000e-07
1.820729e+03	1.072418161172995e-01	5.338084557874793e-02	3.000000000000000e-09	3.000000000000000e-07
1.965917e+03	1.077673133661773e-01	5.362967802718993e-02	3.000000000000000e-09	3.000000000000000e-07
2.113704e+03	1.082953633843528e-01	5.388018067099178e-02	3.000000000000000e-09	3.000000000000000e-07
2.264140e+03	1.088259784739674e-01	5.413236288162025e-02	3.000000000000000e-09	3.000000000000000e-07
2.417281e+03	1.093591709980661e-01	5.438623406440676e-02	3.000000000000000e-09	3.000000000000000e-07
2.573181e+03	1.098949533809463e-01	5.464180365834079e-02	3.000000000000000e-09	3.000000000000000e-07
2.731897e+03	1.104333381085084e-01	5.489908113585636e-02	3.000000000000000e-09	3.000000000000000e-07
2.893487e+03	1.109743377286092e-01	5.515807600261144e-02	3.000000000000000e-09	3.000000000000000e-07
3.058009e+03	1.115179648514172e-01	5.541879779726024e-02	3.000000000000000e-09	3.000000000000000e-07
3.225524e+03	1.120642321497704e-01	5.568125609121839e-02	3.000000000000000e-09	3.000000000000000e-07
3.396093e+03	1.126131523595370e-01	5.594546048842087e-02	3.000000000000000e-09	3.000000000000000e-07
3.569780e+03	1.131647382799774e-01	5.621142062507267e-02	3.000000000000000e-09	3.000000000000000e-07
3.746648e+03	1.137190027741097e-01	5.647914616939211e-02	3.000000000000000e-09	3.000000000000000e-07
3.926763e+03	1.142759587690771e-01	5.674864682134680e-02	3.000000000000000e-09	3.000000000000000e-07
4.110194e+03	1.148356192565174e-01	5.701993231238211e-02	3.000000000000000e-09	3.000000000000000e-07
4.297008e+03	1.153979972929356e-01	5.729301240514225e-02	3.000000000000000e-09	3.000000000000000e-07
4.487276e+03	1.159631060000784e-01	5.756789689318369e-02	3.000000000000000e-09	3.000000000000000e-07
4.681070e+03	1.165309585653109e-01	5.784459560068109e-02	3.000000000000000e-09	3.000000000000000e-07
4.878463e+03	1.171015682419965e-01	5.812311838212558e-02	3.000000000000000e-09	3.000000000000000e-07
5.079530e+03	1.176749483498787e-01	5.840347512201538e-02	3.000000000000000e-09	3.000000000000000e-07
5.284350e+03	1.182511122754647e-01	5.868567573453869e-02	3.000000000000000e-09	3.000000000000000e-07
5.492999e+03	1.188300734724131e-01	5.896973016324887e-02	3.000000000000000e-09	3.000000000000000e-07
5.705558e+03	1.194118454619221e-01	5.925564838073193e-02	3.000000000000000e-09	3.000000000000000e-07
5.922110e+03	1.199964418331211e-01	5.954344038826602e-02	3.000000000000000e-09	3.000000000000000e-07
6.142738e+03	1.205838762434649e-01	5.983311621547337e-02	3.000000000000000e-09	3.000000000000000e-07
6.367529e+03	1.211741624191299e-01	6.012468591996421e-02	3.000000000000000e-09	3.000000000000000e-07
6.596571e+03	1.217673141554125e-01	6.041815958697288e-02	3.000000000000000e-09	3.000000000000000e-07
6.829952e+03	1.223633453171302e-01	6.071354732898614e-02	3.000000000000000e-09	3.000000000000000e-07
7.067766e+03	1.229622698390255e-01	6.101085928536355e-02	3.000000000000000e-09	3.000000000000000e-07
7.310105e+03	1.235641017261712e-01	6.131010562195002e-02	3.000000000000000e-09	3.000000000000000e-07
7.557067e+03	1.241688550543790e-01	6.161129653068043e-02	3.000000000000000e-09	3.000000000000000e-07
7.808749e+03	1.247765439706098e-01	6.191444222917654e-02	3.000000000000000e-09	3.000000000000000e-07
8.065252e+03	1.253871826933872e-01	6.221955296033586e-02	3.000000000000000e-09	3.000000000000000e-07
8.326678e+03	1.260007855132122e-01	6.252663899191287e-02	3.000000000000000e-09	3.000000000000000e-07
8.593133e+03	1.266173667929815e-01	6.283571061609235e-02	3.000000000000000e-09	3.000000000000000e-07
8.864724e+03	1.272369409684072e-01	6.314677814905499e-02	3.000000000000000e-09	3.000000000000000e-07
9.141560e+03	1.278595225484394e-01	6.345985193053522e-02	3.000000000000000e-09	3.000000000000000e-07
9.423756e+03	1.284851261156908e-01	6.377494232337143e-02	3.000000000000000e-09	3.000000000000000e-07
9.711424e+03	1.291137663268640e-01	6.409205971304854e-02	3.000000000000000e-09	3.000000000000000e-07
1.000000e+04	1.297353932803083e-01	6.440612968541712e-02	3.000000000000000e-09	3.000000000000000e-07
1.029897e+04	1.303702965144710e-01	6.472739795129057e-02	3.000000000000000e-09	3.000000000000000e-07
1.060368e+04	1.310080834397254e-01	6.505062473910347e-02	3.000000000000000e-09	3.000000000000000e-07
1.091435e+04	1.316489699647865e-01	6.537592204929023e-02	3.000000000000000e-09	3.000000000000000e-07
1.123111e+04	1.322929672347843e-01	6.570329840605584e-02	3.000000000000000e-09	3.000000000000000e-07
1.155408e+04	1.329400904342042e-01	6.603276435862251e-02	3.000000000000000e-09	3.000000000000000e-07
1.188341e+04	1.335903547478582e-01	6.636433043652841e-02	3.000000000000000e-09	3.000000000000000e-07
1.221923e+04	1.342437754396317e-01	6.669800718879809e-02	3.000000000000000e-09	3.000000000000000e-07
1.256167e+04	1.349003678514100e-01	6.703380518264834e-02	3.000000000000000e-09	3.000000000000000e-07
1.291090e+04	1.355601474035577e-01	6.737173500297415e-02	3.000000000000000e-09	3.000000000000000e-07
1.326704e+04	1.362231295953697e-01	6.771180725181290e-02	3.000000000000000e-09	3.000000000000000e-07
1.363025e+04	1.368893300055254e-01	6.805403254780258e-02	3.000000000000000e-09	3.000000000000000e-07
1.400070e+04	1.375587642925442e-01	6.839842152563366e-02	3.000000000000000e-09	3.000000000000000e-07
1.437852e+04	1.382314481952443e-01	6.874498483549511e-02	3.000000000000000e-09	3.000000000000000e-07
1.476389e+04	1.389073975332026e-01	6.909373314251449e-02	3.000000000000000e-09	3.000000000000000e-07
1.515697e+04	1.395866282072167e-01	6.944467712619248e-02	3.000000000000000e-09	3.000000000000000e-07
1.555793e+04	1.402691561997702e-01	6.979782747983203e-02	3.000000000000000e-09	3.000000000000000e-07
1.596693e+04	1.409549975754978e-01	7.015319490996226e-02	3.000000000000000e-09	3.000000000000000e-07
1.638416e+04	1.416441684816548e-01	7.051079013575758e-02	3.000000000000000e-09	3.000000000000000e-07
1.680980e+04	1.423366851485867e-01	7.087062388845189e-02	3.000000000000000e-09	3.000000000000000e-07
1.724403e+04	1.430325638902020e-01	7.123270691074862e-02	3.000000000000000e-09	3.000000000000000e-07
1.768704e+04	1.437318211044460e-01	7.159704995622647e-02	3.000000000000000e-09	3.000000000000000e-07
1.813902e+04	1.444344732737770e-01	7.196366378874128e-02	3.000000000000000e-09	3.000000000000000e-07
1.860017e+04	1.451405369656447e-01	7.233255918182449e-02	3.000000000000000e-09	3.000000000000000e-07
1.907069e+04	1.458500288329692e-01	7.270374691807824e-02	3.000000000000000e-09	3.000000000000000e-07
1.955079e+04	1.465629656146234e-01	7.307723778856763e-02	3.000000000000000e-09	3.000000000000000e-07
2.004068e+04	1.472793641359157e-01	7.345304259221043e-02	3.000000000000000e-09	3.000000000000000e-07
2.054057e+04	1.479992413090758e-01	7.383117213516451e-02	3.000000000000000e-09	3.000000000000000e-07
2.105068e+04	1.487226141337409e-01	7.421163723021354e-02	3.000000000000000e-09	3.000000000000000e-07
2.157125e+04	1.494494996974447e-01	7.459444869615128e-02	3.000000000000000e-09	3.000000000000000e-07
2.210250e+04	1.501799151761070e-01	7.497961735716469e-02	3.000000000000000e-09	3.000000000000000e-07
2.264466e+04	1.509138778345263e-01	7.536715404221653e-02	3.000000000000000e-09	3.000000000000000e-07
2.319798e+04	1.516514050268722e-01	7.575706958442779e-02	3.000000000000000e-09	3.000000000000000e-07
2.376271e+04	1.523925141971809e-01	7.614937482046033e-02	3.000000000000000e-09	3.000000000000000e-07
2.433910e+04	1.531372228798513e-01	7.654408058990021e-02	3.000000000000000e-09	3.000000000000000e-07
2.492741e+04	1.538855487001430e-01	7.694119773464234e-02	3.000000000000000e-09	3.000000000000000e-07
2.552789e+04	1.546375093746754e-01	7.734073709827663e-02	3.000000000000000e-09	3.000000000000000e-07
2.614083e+04	1.553931227119284e-01	7.774270952547654e-02	3.000000000000000e-09	3.000000000000000e-07
2.676649e+04	1.561524066127444e-01	7.814712586139022e-02	3.000000000000000e-09	3.000000000000000e-07
2.740516e+04	1.569153790708317e-01	7.855399695103486e-02	3.000000000000000e-09	3.000000000000000e-07
2.805713e+04	1.576820581732687e-01	7.896333363869498e-02	3.000000000000000e-09	3.000000000000000e-07
2.872270e+04	1.584524621010103e-01	7.937514676732492e-02	3.000000000000000e-09	3.000000000000000e-07
2.940216e+04	1.592266091293942e-01	7.978944717795640e-02	3.000000000000000e-09	3.000000000000000e-07
3.009583e+04	1.600045176286495e-01	8.020624570911153e-02	3.000000000000000e-09	3.000000000000000e-07
3.080402e+04	1.607862060644056e-01	8.062555319622199e-02	3.000000000000000e-09	3.000000000000000e-07
3.152705e+04	1.615716929982027e-01	8.104738047105492e-02	3.000000000000000e-09	3.000000000000000e-07
3.226525e+04	1.623609970880029e-01	8.147173836114631e-02	3.000000000000000e-09	3.000000000000000e-07
3.301897e+04	1.631541370887026e-01	8.189863768924224e-02	3.000000000000000e-09	3.000000000000000e-07
3.378855e+04	1.639511318526453e-01	8.232808927274901e-02	3.000000000000000e-09	3.000000000000000e-07
3.457433e+04	1.647520003301362e-01	8.276010392319251e-02	3.000000000000000e-09	3.000000000000000e-07
3.537669e+04	1.655567615699567e-01	8.319469244568760e-02	3.000000000000000e-09	3.000000000000000e-07
3.619599e+04	1.663654347198799e-01	8.363186563841839e-02	3.000000000000000e-09	3.000000000000000e-07
3.703261e+04	1.671780390271875e-01	8.407163429212981e-02	3.000000000000000e-09	3.000000000000000e-07
3.788693e+04	1.679945938391866e-01	8.451400918963139e-02	3.000000000000000e-09	3.000000000000000e-07
3.875935e+04	1.688151186037274e-01	8.495900110531397e-02	3.000000000000000e-09	3.000000000000000e-07
3.965028e+04	1.696396328697218e-01	8.540662080467989e-02	3.000000000000000e-09	3.000000000000000e-07
4.056012e+04	1.704681562876621e-01	8.585687904388775e-02	3.000000000000000e-09	3.000000000000000e-07
4.148929e+04	1.713007086101407e-01	8.630978656931206e-02	3.000000000000000e-09	3.000000000000000e-07
4.243824e+04	1.721373096923697e-01	8.676535411711891e-02	3.000000000000000e-09	3.000000000000000e-07
4.340739e+04	1.729779794927016e-01	8.722359241285828e-02	3.000000000000000e-09	3.000000000000000e-07
4.439720e+04	1.738227380731497e-01	8.768451217107359e-02	3.000000000000000e-09	3.000000000000000e-07
4.540813e+04	1.746716055999095e-01	8.814812409492961e-02	3.000000000000000e-09	3.000000000000000e-07
4.644065e+04	1.755246023438800e-01	8.861443887585929e-02	3.000000000000000e-09	3.000000000000000e-07
4.749524e+04	1.763817486811850e-01	8.908346719323024e-02	3.000000000000000e-09	3.000000000000000e-07
4.857240e+04	1.772430650936955e-01	8.955521971403187e-02	3.000000000000000e-09	3.000000000000000e-07
4.967262e+04	1.781085721695514e-01	9.002970709258375e-02	3.000000000000000e-09	3.000000000000000e-07
5.079642e+04	1.789782906036836e-01	9.050693997026613e-02	3.000000000000000e-09	3.000000000000000e-07
5.194433e+04	1.798522411983366e-01	9.098692897527332e-02	3.000000000000000e-09	3.000000000000000e-07
5.311688e+04	1.807304448635904e-01	9.146968472239078e-02	3.000000000000000e-09	3.000000000000000e-07
5.431462e+04	1.816129226178831e-01	9.195521781279667e-02	3.000000000000000e-09	3.000000000000000e-07
5.553812e+04	1.824996955885329e-01	9.244353883388853e-02	3.000000000000000e-09	3.000000000000000e-07
5.678794e+04	1.833907850122610e-01	9.293465835913624e-02	3.000000000000000e-09	3.000000000000000e-07
5.806467e+04	1.842862122357128e-01	9.342858694796144e-02	3.000000000000000e-09	3.000000000000000e-07
5.936891e+04	1.851859987159808e-01	9.392533514564476e-02	3.000000000000000e-09	3.000000000000000e-07
6.070127e+04	1.860901660211261e-01	9.442491348326118e-02	3.000000000000000e-09	3.000000000000000e-07
6.206237e+04	1.869987358307000e-01	9.492733247764459e-02	3.000000000000000e-09	3.000000000000000e-07
6.345286e+04	1.879117299362658e-01	9.543260263138198e-02	3.000000000000000e-09	3.000000000000000e-07
6.487339e+04	1.888291702419196e-01	9.594073443283821e-02	3.000000000000000e-09	3.000000000000000e-07
6.632462e+04	1.897510787648116e-01	9.645173835621201e-02	3.000000000000000e-09	3.000000000000000e-07
6.780724e+04	1.906774776356670e-01	9.696562486162390e-02	3.000000000000000e-09	3.000000000000000e-07
6.932194e+04	1.916083890993058e-01	9.748240439523656e-02	3.000000000000000e-09	3.000000000000000e-07
7.086944e+04	1.925438355151633e-01	9.800208738940862e-02	3.000000000000000e-09	3.000000000000000e-07
7.245045e+04	1.934838393578095e-01	9.852468426288229e-02	3.000000000000000e-09	3.000000000000000e-07
7.406573e+04	1.944284232174686e-01	9.905020542100541e-02	3.000000000000000e-09	3.000000000000000e-07
7.571603e+04	1.953776098005382e-01	9.957866125598881e-02	3.000000000000000e-09	3.000000000000000e-07
7.740212e+04	1.963314219301072e-01	1.001100621471992e-01	3.000000000000000e-09	3.000000000000000e-07
7.912481e+04	1.972898825464748e-01	1.006444184614883e-01	3.000000000000000e-09	3.000000000000000e-07
8.088488e+04	1.982530147076676e-01	1.011817405535592e-01	3.000000000000000e-09	3.000000000000000e-07
8.268318e+04	1.992208415899573e-01	1.017220387663693e-01	3.000000000000000e-09	3.000000000000000e-07
8.452055e+04	2.001933864883776e-01	1.022653234315714e-01	3.000000000000000e-09	3.000000000000000e-07
8.639784e+04	2.011706728172408e-01	1.028116048699936e-01	3.000000000000000e-09	3.000000000000000e-07
8.831594e+04	2.021527241106539e-01	1.033608933921566e-01	3.000000000000000e-09	3.000000000000000e-07
9.027574e+04	2.031395640230345e-01	1.039131992988313e-01	3.000000000000000e-09	3.000000000000000e-07
9.227817e+04	2.041312163296259e-01	1.044685328816349e-01	3.000000000000000e-09	3.000000000000000e-07
9.432415e+04	2.051277049270123e-01	1.050269044236675e-01	3.000000000000000e-09	3.000000000000000e-07
9.641466e+04	2.061290538336336e-01	1.055883242001882e-01	3.000000000000000e-09	3.000000000000000e-07
9.855066e+04	2.071352871902995e-01	1.061528024793313e-01	3.000000000000000e-09	3.000000000000000e-07
1.000000e+05	2.078073100209338e-01	1.065300334760340e-01	3.000000000000000e-09	3.000000000000000e-07
1.022300e+05	2.088290553577604e-01	1.071037377192952e-01	3.000000000000000e-09	3.000000000000000e-07
1.044922e+05	2.098483033553739e-01	1.076763496993365e-01	3.000000000000000e-09	3.000000000000000e-07
1.068040e+05	2.108726859266044e-01	1.082521479177533e-01	3.000000000000000e-09	3.000000000000000e-07
1.091661e+05	2.119020639191792e-01	1.088310506252942e-01	3.000000000000000e-09	3.000000000000000e-07
1.115797e+05	2.129364657083307e-01	1.094130700480550e-01	3.000000000000000e-09	3.000000000000000e-07
1.140459e+05	2.139759161884189e-01	1.099982163850079e-01	3.000000000000000e-09	3.000000000000000e-07
1.165657e+05	2.150204404578234e-01	1.105864998785276e-01	3.000000000000000e-09	3.000000000000000e-07
1.191405e+05	2.160700637400698e-01	1.111779307708486e-01	3.000000000000000e-09	3.000000000000000e-07
1.217713e+05	2.171248113860525e-01	1.117725193061389e-01	3.000000000000000e-09	3.000000000000000e-07
1.244594e+05	2.181847088745110e-01	1.123702757316323e-01	3.000000000000000e-09	3.000000000000000e-07
1.272061e+05	2.192497818125433e-01	1.129712102988219e-01	3.000000000000000e-09	3.000000000000000e-07
1.300126e+05	2.203200559361190e-01	1.135753332646934e-01	3.000000000000000e-09	3.000000000000000e-07
1.328802e+05	2.213955571105925e-01	1.141826548929986e-01	3.000000000000000e-09	3.000000000000000e-07
1.358102e+05	2.224763113312167e-01	1.147931854555679e-01	3.000000000000000e-09	3.000000000000000e-07
1.388040e+05	2.235623447236568e-01	1.154069352336623e-01	3.000000000000000e-09	3.000000000000000e-07
1.418630e+05	2.246536835445048e-01	1.160239145193644e-01	3.000000000000000e-09	3.000000000000000e-07
1.449886e+05	2.257503541817941e-01	1.166441336170064e-01	3.000000000000000e-09	3.000000000000000e-07
1.481821e+05	2.268523831555155e-01	1.172676028446376e-01	3.000000000000000e-09	3.000000000000000e-07
1.514452e+05	2.279597971181329e-01	1.178943325355274e-01	3.000000000000000e-09	3.000000000000000e-07
1.547792e+05	2.290726228551004e-01	1.185243330397059e-01	3.000000000000000e-09	3.000000000000000e-07
1.581857e+05	2.301908872853802e-01	1.191576147255400e-01	3.000000000000000e-09	3.000000000000000e-07
1.616663e+05	2.313146174619612e-01	1.197941879813443e-01	3.000000000000000e-09	3.000000000000000e-07
1.652225e+05	2.324438405723785e-01	1.204340632170272e-01	3.000000000000000e-09	3.000000000000000e-07
1.688560e+05	2.335785839392348e-01	1.210772508657702e-01	3.000000000000000e-09	3.000000000000000e-07
1.725684e+05	2.347188750207221e-01	1.217237613857401e-01	3.000000000000000e-09	3.000000000000000e-07
1.763613e+05	2.358647414111451e-01	1.223736052618329e-01	3.000000000000000e-09	3.000000000000000e-07
1.802367e+05	2.370162108414463e-01	1.230267930074496e-01	3.000000000000000e-09	3.000000000000000e-07
1.841961e+05	2.381733111797321e-01	1.236833351663010e-01	3.000000000000000e-09	3.000000000000000e-07
1.882413e+05	2.393360704318007e-01	1.243432423142427e-01	3.000000000000000e-09	3.000000000000000e-07
1.923743e+05	2.405045167416723e-01	1.250065250611377e-01	3.000000000000000e-09	3.000000000000000e-07
1.965968e+05	2.416786783921202e-01	1.256731940527460e-01	3.000000000000000e-09	3.000000000000000e-07
2.009108e+05	2.428585838052046e-01	1.263432599726403e-01	3.000000000000000e-09	3.000000000000000e-07
2.053182e+05	2.440442615428081e-01	1.270167335441472e-01	3.000000000000000e-09	3.000000000000000e-07
2.098210e+05	2.452357403071737e-01	1.276936255323112e-01	3.000000000000000e-09	3.000000000000000e-07
2.144211e+05	2.464330489414447e-01	1.283739467458818e-01	3.000000000000000e-09	3.000000000000000e-07
2.191207e+05	2.476362164302075e-01	1.290577080393220e-01	3.000000000000000e-09	3.000000000000000e-07
2.239219e+05	2.488452719000365e-01	1.297449203148367e-01	3.000000000000000e-09	3.000000000000000e-07
2.288267e+05	2.500602446200419e-01	1.304355945244203e-01	3.000000000000000e-09	3.000000000000000e-07
2.338374e+05	2.512811640024208e-01	1.311297416719215e-01	3.000000000000000e-09	3.000000000000000e-07
2.389562e+05	2.525080596030097e-01	1.318273728151249e-01	3.000000000000000e-09	3.000000000000000e-07
2.441853e+05	2.537409611218419e-01	1.325284990678472e-01	3.000000000000000e-09	3.000000000000000e-07
2.495271e+05	2.549798984037069e-01	1.332331316020473e-01	3.000000000000000e-09	3.000000000000000e-07
2.549840e+05	2.562249014387131e-01	1.339412816499485e-01	3.000000000000000e-09	3.000000000000000e-07
2.605582e+05	2.574760003628547e-01	1.346529605061720e-01	3.000000000000000e-09	3.000000000000000e-07
2.662524e+05	2.587332254585812e-01	1.353681795298796e-01	3.000000000000000e-09	3.000000000000000e-07
2.720689e+05	2.599966071553712e-01	1.360869501469245e-01	3.000000000000000e-09	3.000000000000000e-07
2.780103e+05	2.612661760303095e-01	1.368092838520098e-01	3.000000000000000e-09	3.000000000000000e-07
2.840793e+05	2.625419628086688e-01	1.375351922108508e-01	3.000000000000000e-09	3.000000000000000e-07
2.902784e+05	2.638239983644944e-01	1.382646868623431e-01	3.000000000000000e-09	3.000000000000000e-07
2.966103e+05	2.651123137211940e-01	1.389977795207319e-01	3.000000000000000e-09	3.000000000000000e-07
3.030779e+05	2.664069400521312e-01	1.397344819777829e-01	3.000000000000000e-09	3.000000000000000e-07
3.096839e+05	2.677079086812240e-01	1.404748061049534e-01	3.000000000000000e-09	3.000000000000000e-07
3.164312e+05	2.690152510835467e-01	1.412187638555614e-01	3.000000000000000e-09	3.000000000000000e-07
3.233227e+05	2.703289988859374e-01	1.419663672669514e-01	3.000000000000000e-09	3.000000000000000e-07
3.303613e+05	2.716491838676103e-01	1.427176284626565e-01	3.000000000000000e-09	3.000000000000000e-07
3.375500e+05	2.729758379607718e-01	1.434725596545544e-01	3.000000000000000e-09	3.000000000000000e-07
3.448921e+05	2.743089932512430e-01	1.442311731450158e-01	3.000000000000000e-09	3.000000000000000e-07
3.523905e+05	2.756486819790860e-01	1.449934813290455e-01	3.000000000000000e-09	3.000000000000000e-07
3.600486e+05	2.769949365392358e-01	1.457594966964127e-01	3.000000000000000e-09	3.000000000000000e-07
3.678695e+05	2.783477894821384e-01	1.465292318337703e-01	3.000000000000000e-09	3.000000000000000e-07
3.758566e+05	2.797072735143926e-01	1.473026994267626e-01	3.000000000000000e-09	3.000000000000000e-07
3.840133e+05	2.810734214993989e-01	1.480799122621181e-01	3.000000000000000e-09	3.000000000000000e-07
3.923430e+05	2.824462664580127e-01	1.488608832297287e-01	3.000000000000000e-09	3.000000000000000e-07
4.008493e+05	2.838258415692045e-01	1.496456253247121e-01	3.000000000000000e-09	3.000000000000000e-07
4.095357e+05	2.852121801707244e-01	1.504341516494564e-01	3.000000000000000e-09	3.000000000000000e-07
4.184059e+05	2.866053157597742e-01	1.512264754156475e-01	3.000000000000000e-09	3.000000000000000e-07
4.274636e+05	2.880052819936835e-01	1.520226099462759e-01	3.000000000000000e-09	3.000000000000000e-07
4.367127e+05	2.894121126905941e-01	1.528225686776229e-01	3.000000000000000e-09	3.000000000000000e-07
4.461569e+05	2.908258418301483e-01	1.536263651612256e-01	3.000000000000000e-09	3.000000000000000e-07
4.558002e+05	2.922465035541851e-01	1.544340130658184e-01	3.000000000000000e-09	3.000000000000000e-07
4.656467e+05	2.936741321674420e-01	1.552455261792512e-01	3.000000000000000e-09	3.000000000000000e-07
4.757003e+05	2.951087621382633e-01	1.560609184103824e-01	3.000000000000000e-09	3.000000000000000e-07
4.859654e+05	2.965504280993147e-01	1.568802037909468e-01	3.000000000000000e-09	3.000000000000000e-07
4.964460e+05	2.979991648483046e-01	1.577033964773961e-01	3.000000000000000e-09	3.000000000000000e-07
5.071466e+05	2.994550073487121e-01	1.585305107527127e-01	3.000000000000000e-09	3.000000000000000e-07
5.180716e+05	3.009179907305212e-01	1.593615610281948e-01	3.000000000000000e-09	3.000000000000000e-07
5.292253e+05	3.023881502909626e-01	1.601965618452129e-01	3.000000000000000e-09	3.000000000000000e-07
5.406125e+05	3.038655214952609e-01	1.610355278769362e-01	3.000000000000000e-09	3.000000000000000e-07
5.522377e+05	3.053501399773897e-01	1.618784739300287e-01	3.000000000000000e-09	3.000000000000000e-07
5.641058e+05	3.068420415408339e-01	1.627254149463141e-01	3.000000000000000e-09	3.000000000000000e-07
5.762214e+05	3.083412621593573e-01	1.635763660044097e-01	3.000000000000000e-09	3.000000000000000e-07
5.885896e+05	3.098478379777785e-01	1.644313423213272e-01	3.000000000000000e-09	3.000000000000000e-07
6.012153e+05	3.113618053127538e-01	1.652903592540412e-01	3.000000000000000e-09	3.000000000000000e-07
6.141038e+05	3.128832006535665e-01	1.661534323010249e-01	3.000000000000000e-09	3.000000000000000e-07
6.272600e+05	3.144120606629233e-01	1.670205771037514e-01	3.000000000000000e-09	3.000000000000000e-07
6.406895e+05	3.159484221777587e-01	1.678918094481616e-01	3.000000000000000e-09	3.000000000000000e-07
6.543975e+05	3.174923222100451e-01	1.687671452660976e-01	3.000000000000000e-09	3.000000000000000e-07
6.683895e+05	3.190437979476116e-01	1.696466006367017e-01	3.000000000000000e-09	3.000000000000000e-07
6.826712e+05	3.206028867549688e-01	1.705301917877800e-01	3.000000000000000e-09	3.000000000000000e-07
6.972482e+05	3.221696261741412e-01	1.714179350971316e-01	3.000000000000000e-09	3.000000000000000e-07
7.121264e+05	3.237440539255070e-01	1.723098470938423e-01	3.000000000000000e-09	3.000000000000000e-07
7.273116e+05	3.253262079086449e-01	1.732059444595428e-01	3.000000000000000e-09	3.000000000000000e-07
7.428100e+05	3.269161262031882e-01	1.741062440296307e-01	3.000000000000000e-09	3.000000000000000e-07
7.586275e+05	3.285138470696861e-01	1.750107627944610e-01	3.000000000000000e-09	3.000000000000000e-07
7.747705e+05	3.301194089504724e-01	1.759195179004950e-01	3.000000000000000e-09	3.000000000000000e-07
7.912454e+05	3.317328504705411e-01	1.768325266514184e-01	3.000000000000000e-09	3.000000000000000e-07
8.080585e+05	3.333542104384299e-01	1.777498065092222e-01	3.000000000000000e-09	3.000000000000000e-07
8.252166e+05	3.349835278471099e-01	1.786713750952489e-01	3.000000000000000e-09	3.000000000000000e-07
8.427263e+05	3.366208418748839e-01	1.795972501912037e-01	3.000000000000000e-09	3.000000000000000e-07
8.605944e+05	3.382661918862910e-01	1.805274497401309e-01	3.000000000000000e-09	3.000000000000000e-07
8.788280e+05	3.399196174330181e-01	1.814619918473554e-01	3.000000000000000e-09	3.000000000000000e-07
8.974342e+05	3.415811582548201e-01	1.824008947813901e-01	3.000000000000000e-09	3.000000000000000e-07
9.164201e+05	3.432508542804457e-01	1.833441769748091e-01	3.000000000000000e-09	3.000000000000000e-07
9.357931e+05	3.449287456285713e-01	1.842918570250875e-01	3.000000000000000e-09	3.000000000000000e-07
9.555608e+05	3.466148726087422e-01	1.852439536954075e-01	3.000000000000000e-09	3.000000000000000e-07
9.757307e+05	3.483092757223197e-01	1.862004859154318e-01	3.000000000000000e-09	3.000000000000000e-07
9.963107e+05	3.500119956634373e-01	1.871614727820446e-01	3.000000000000000e-09	3.000000000000000e-07
1.000000e+06	3.503132369185430e-01	1.873314643866600e-01	3.000000000000000e-09	3.000000000000000e-07
1.021424e+06	3.520542861351416e-01	1.883137900151722e-01	3.000000000000000e-09	3.000000000000000e-07
1.042924e+06	3.537748163628948e-01	1.892842907084463e-01	3.000000000000000e-09	3.000000000000000e-07
1.064867e+06	3.555043752951105e-01	1.902596357217458e-01	3.000000000000000e-09	3.000000000000000e-07
1.087254e+06	3.572424121467369e-01	1.912395107273651e-01	3.000000000000000e-09	3.000000000000000e-07
1.110093e+06	3.589889805076704e-01	1.922239424006058e-01	3.000000000000000e-09	3.000000000000000e-07
1.133395e+06	3.607441220495096e-01	1.932129507540093e-01	3.000000000000000e-09	3.000000000000000e-07
1.157166e+06	3.625078788864803e-01	1.942065561086468e-01	3.000000000000000e-09	3.000000000000000e-07
1.181417e+06	3.642802933288117e-01	1.952047789549855e-01	3.000000000000000e-09	3.000000000000000e-07
1.206156e+06	3.660614078887126e-01	1.962076399561488e-01	3.000000000000000e-09	3.000000000000000e-07
1.231394e+06	3.678512652812987e-01	1.972151599483002e-01	3.000000000000000e-09	3.000000000000000e-07
1.257138e+06	3.696499084256282e-01	1.982273599410577e-01	3.000000000000000e-09	3.000000000000000e-07
1.283400e+06	3.714573804457418e-01	1.992442611178813e-01	3.000000000000000e-09	3.000000000000000e-07
1.310189e+06	3.732737246717096e-01	2.002658848364364e-01	3.000000000000000e-09	3.000000000000000e-07
1.337515e+06	3.750989846406845e-01	2.012922526289327e-01	3.000000000000000e-09	3.000000000000000e-07
1.365388e+06	3.769332040979637e-01	2.023233862024402e-01	3.000000000000000e-09	3.000000000000000e-07
1.393818e+06	3.787764269980542e-01	2.033593074391821e-01	3.000000000000000e-09	3.000000000000000e-07
1.422818e+06	3.806286975057481e-01	2.044000383968063e-01	3.000000000000000e-09	3.000000000000000e-07
1.452396e+06	3.824900599972020e-01	2.054456013086356e-01	3.000000000000000e-09	3.000000000000000e-07
1.482564e+06	3.843605590610241e-01	2.064960185838975e-01	3.000000000000000e-09	3.000000000000000e-07
1.513334e+06	3.862402394993683e-01	2.075513128079343e-01	3.000000000000000e-09	3.000000000000000e-07
1.544717e+06	3.881291463290334e-01	2.086115067423951e-01	3.000000000000000e-09	3.000000000000000e-07
1.576724e+06	3.900273247825704e-01	2.096766233254084e-01	3.000000000000000e-09	3.000000000000000e-07
1.609367e+06	3.919348203093950e-01	2.107466856717385e-01	3.000000000000000e-09	3.000000000000000e-07
1.642659e+06	3.938516785769076e-01	2.118217170729251e-01	3.000000000000000e-09	3.000000000000000e-07
1.676611e+06	3.957779454716183e-01	2.129017409974067e-01	3.000000000000000e-09	3.000000000000000e-07
1.711236e+06	3.977136671002803e-01	2.139867810906295e-01	3.000000000000000e-09	3.000000000000000e-07
1.746547e+06	3.996588897910272e-01	2.150768611751417e-01	3.000000000000000e-09	3.000000000000000e-07
1.782557e+06	4.016136600945190e-01	2.161720052506744e-01	3.000000000000000e-09	3.000000000000000e-07
1.819279e+06	4.035780247850929e-01	2.172722374942099e-01	3.000000000000000e-09	3.000000000000000e-07
1.856726e+06	4.055520308619204e-01	2.183775822600376e-01	3.000000000000000e-09	3.000000000000000e-07
1.894913e+06	4.075357255501717e-01	2.194880640797994e-01	3.000000000000000e-09	3.000000000000000e-07
1.933852e+06	4.095291563021852e-01	2.206037076625236e-01	3.000000000000000e-09	3.000000000000000e-07
1.973559e+06	4.115323707986437e-01	2.217245378946500e-01	3.000000000000000e-09	3.000000000000000e-07
2.014047e+06	4.135454169497569e-01	2.228505798400451e-01	3.000000000000000e-09	3.000000000000000e-07
2.055332e+06	4.155683428964498e-01	2.239818587400097e-01	3.000000000000000e-09	3.000000000000000e-07
2.097428e+06	4.176011970115569e-01	2.251184000132784e-01	3.000000000000000e-09	3.000000000000000e-07
2.140350e+06	4.196440279010237e-01	2.262602292560124e-01	3.000000000000000e-09	3.000000000000000e-07
2.184115e+06	4.216968844051127e-01	2.274073722417858e-01	3.000000000000000e-09	3.000000000000000e-07
2.228738e+06	4.237598155996170e-01	2.285598549215670e-01	3.000000000000000e-09	3.000000000000000e-07
2.274235e+06	4.258328707970785e-01	2.297177034236942e-01	3.000000000000000e-09	3.000000000000000e-07
2.320622e+06	4.279160995480137e-01	2.308809440538477e-01	3.000000000000000e-09	3.000000000000000e-07
2.367916e+06	4.300095516421441e-01	2.320496032950181e-01	3.000000000000000e-09	3.000000000000000e-07
2.416135e+06	4.321132771096335e-01	2.332237078074713e-01	3.000000000000000e-09	3.000000000000000e-07
2.465295e+06	4.342273262223312e-01	2.344032844287120e-01	3.000000000000000e-09	3.000000000000000e-07
2.515414e+06	4.363517494950206e-01	2.355883601734448e-01	3.000000000000000e-09	3.000000000000000e-07
2.566511e+06	4.384865976866748e-01	2.367789622335343e-01	3.000000000000000e-09	3.000000000000000e-07
2.618602e+06	4.406319218017173e-01	2.379751179779651e-01	3.000000000000000e-09	3.000000000000000e-07
2.671708e+06	4.427877730912890e-01	2.391768549528013e-01	3.000000000000000e-09	3.000000000000000e-07
2.725846e+06	4.449542030545212e-01	2.403842008811468e-01	3.000000000000000e-09	3.000000000000000e-07
2.781037e+06	4.471312634398147e-01	2.415971836631071e-01	3.000000000000000e-09	3.000000000000000e-07
2.837300e+06	4.493190062461246e-01	2.428158313757522e-01	3.000000000000000e-09	3.000000000000000e-07
2.894654e+06	4.515174837242509e-01	2.440401722730822e-01	3.000000000000000e-09	3.000000000000000e-07
2.953121e+06	4.537267483781356e-01	2.452702347859951e-01	3.000000000000000e-09	3.000000000000000e-07
3.012721e+06	4.559468529661657e-01	2.465060475222584e-01	3.000000000000000e-09	3.000000000000000e-07
3.073475e+06	4.581778505024811e-01	2.477476392664839e-01	3.000000000000000e-09	3.000000000000000e-07
3.135404e+06	4.604197942582903e-01	2.489950389801067e-01	3.000000000000000e-09	3.000000000000000e-07
3.198531e+06	4.626727377631905e-01	2.502482758013690e-01	3.000000000000000e-09	3.000000000000000e-07
3.262878e+06	4.649367348064941e-01	2.515073790453087e-01	3.000000000000000e-09	3.000000000000000e-07
3.328468e+06	4.672118394385619e-01	2.527723782037533e-01	3.000000000000000e-09	3.000000000000000e-07
3.395324e+06	4.694981059721411e-01	2.540433029453200e-01	3.000000000000000e-09	3.000000000000000e-07
3.463468e+06	4.717955889837103e-01	2.553201831154217e-01	3.000000000000000e-09	3.000000000000000e-07
3.532926e+06	4.741043433148300e-01	2.566030487362798e-01	3.000000000000000e-09	3.000000000000000e-07
3.603722e+06	4.764244240734992e-01	2.578919300069437e-01	3.000000000000000e-09	3.000000000000000e-07
3.675881e+06	4.787558866355179e-01	2.591868573033178e-01	3.000000000000000e-09	3.000000000000000e-07
3.749427e+06	4.810987866458563e-01	2.604878611781964e-01	3.000000000000000e-09	3.000000000000000e-07
3.824387e+06	4.834531800200287e-01	2.617949723613057e-01	3.000000000000000e-09	3.000000000000000e-07
3.900787e+06	4.858191229454754e-01	2.631082217593548e-01	3.000000000000000e-09	3.000000000000000e-07
3.978654e+06	4.881966718829486e-01	2.644276404560957e-01	3.000000000000000e-09	3.000000000000000e-07
4.058015e+06	4.905858835679062e-01	2.657532597123903e-01	3.000000000000000e-09	3.000000000000000e-07
4.138898e+06	4.929868150119103e-01	2.670851109662891e-01	3.000000000000000e-09	3.000000000000000e-07
4.221330e+06	4.953995235040331e-01	2.684232258331166e-01	3.000000000000000e-09	3.000000000000000e-07
4.305342e+06	4.978240666122679e-01	2.697676361055688e-01	3.000000000000000e-09	3.000000000000000e-07
4.390961e+06	5.002605021849468e-01	2.711183737538185e-01	3.000000000000000e-09	3.000000000000000e-07
4.478219e+06	5.027088883521648e-01	2.724754709256320e-01	3.000000000000000e-09	3.000000000000000e-07
4.567144e+06	5.051692835272096e-01	2.738389599464952e-01	3.000000000000000e-09	3.000000000000000e-07
4.657769e+06	5.076417464079982e-01	2.752088733197513e-01	3.000000000000000e-09	3.000000000000000e-07
4.750125e+06	5.101263359785191e-01	2.765852437267476e-01	3.000000000000000e-09	3.000000000000000e-07
4.844243e+06	5.126231115102815e-01	2.779681040269947e-01	3.000000000000000e-09	3.000000000000000e-07
4.940157e+06	5.151321325637708e-01	2.793574872583353e-01	3.000000000000000e-09	3.000000000000000e-07
5.037899e+06	5.176534589899093e-01	2.807534266371256e-01	3.000000000000000e-09	3.000000000000000e-07
5.137504e+06	5.201871509315256e-01	2.821559555584267e-01	3.000000000000000e-09	3.000000000000000e-07
5.239006e+06	5.227332688248276e-01	2.835651075962079e-01	3.000000000000000e-09	3.000000000000000e-07
5.342441e+06	5.252918734008841e-01	2.849809165035623e-01	3.000000000000000e-09	3.000000000000000e-07
5.447843e+06	5.278630256871122e-01	2.864034162129327e-01	3.000000000000000e-09	3.000000000000000e-07
5.555249e+06	5.304467870087709e-01	2.878326408363504e-01	3.000000000000000e-09	3.000000000000000e-07
5.664698e+06	5.330432189904613e-01	2.892686246656851e-01	3.000000000000000e-09	3.000000000000000e-07
5.776225e+06	5.356523835576340e-01	2.907114021729078e-01	3.000000000000000e-09	3.000000000000000e-07
5.889870e+06	5.382743429381025e-01	2.921610080103642e-01	3.000000000000000e-09	3.000000000000000e-07
6.005672e+06	5.409091596635632e-01	2.936174770110619e-01	3.000000000000000e-09	3.000000000000000e-07
6.123671e+06	5.435568965711228e-01	2.950808441889686e-01	3.000000000000000e-09	3.000000000000000e-07
6.243908e+06	5.462176168048312e-01	2.965511447393229e-01	3.000000000000000e-09	3.000000000000000e-07
6.366423e+06	5.488913838172222e-01	2.980284140389575e-01	3.000000000000000e-09	3.000000000000000e-07
6.491259e+06	5.515782613708609e-01	2.995126876466346e-01	3.000000000000000e-09	3.000000000000000e-07
6.618459e+06	5.542783135398971e-01	3.010040013033941e-01	3.000000000000000e-09	3.000000000000000e-07
6.748067e+06	5.569916047116266e-01	3.025023909329131e-01	3.000000000000000e-09	3.000000000000000e-07
6.880127e+06	5.597181995880585e-01	3.040078926418792e-01	3.000000000000000e-09	3.000000000000000e-07
7.014684e+06	5.624581631874901e-01	3.055205427203752e-01	3.000000000000000e-09	3.000000000000000e-07
7.151785e+06	5.652115608460885e-01	3.070403776422767e-01	3.000000000000000e-09	3.000000000000000e-07
7.291477e+06	5.679784582194789e-01	3.085674340656624e-01	3.000000000000000e-09	3.000000000000000e-07
7.433806e+06	5.707589212843408e-01	3.101017488332361e-01	3.000000000000000e-09	3.000000000000000e-07
7.578823e+06	5.735530163400105e-01	3.116433589727617e-01	3.000000000000000e-09	3.000000000000000e-07
7.726577e+06	5.763608100100911e-01	3.131923016975107e-01	3.000000000000000e-09	3.000000000000000e-07
7.877118e+06	5.791823692440691e-01	3.147486144067218e-01	3.000000000000000e-09	3.000000000000000e-07
8.030498e+06	5.820177613189398e-01	3.163123346860732e-01	3.000000000000000e-09	3.000000000000000e-07
8.186770e+06	5.848670538408376e-01	3.178835003081670e-01	3.000000000000000e-09	3.000000000000000e-07
8.345986e+06	5.877303147466760e-01	3.194621492330262e-01	3.000000000000000e-09	3.000000000000000e-07
8.508201e+06	5.906076123057931e-01	3.210483196086039e-01	3.000000000000000e-09	3.000000000000000e-07
8.673471e+06	5.934990151216053e-01	3.226420497713048e-01	3.000000000000000e-09	3.000000000000000e-07
8.841851e+06	5.964045921332689e-01	3.242433782465191e-01	3.000000000000000e-09	3.000000000000000e-07
9.013400e+06	5.993244126173480e-01	3.258523437491683e-01	3.000000000000000e-09	3.000000000000000e-07
9.188175e+06	6.022585461894909e-01	3.274689851842634e-01	3.000000000000000e-09	3.000000000000000e-07
9.366237e+06	6.052070628061138e-01	3.290933416474756e-01	3.000000000000000e-09	3.000000000000000e-07
9.547646e+06	6.081700327660915e-01	3.307254524257177e-01	3.000000000000000e-09	3.000000000000000e-07
9.732463e+06	6.111475267124573e-01	3.323653569977396e-01	3.000000000000000e-09	3.000000000000000e-07
9.920753e+06	6.141396156341086e-01	3.340130950347337e-01	3.000000000000000e-09	3.000000000000000e-07
1.000000e+07	6.153835562933430e-01	3.346980589584333e-01	3.000000000000000e-09	3.000000000000000e-07
1.019543e+07	6.184293248406351e-01	3.363750671983440e-01	3.000000000000000e-09	3.000000000000000e-07
1.039236e+07	6.214564945403523e-01	3.380416321159125e-01	3.000000000000000e-09	3.000000000000000e-07
1.059304e+07	6.244991254080527e-01	3.397165094275365e-01	3.000000000000000e-09	3.000000000000000e-07
1.079747e+07	6.275566580404006e-01	3.413993917268643e-01	3.000000000000000e-09	3.000000000000000e-07
1.100574e+07	6.306291770798056e-01	3.430903262071008e-01	3.000000000000000e-09	3.000000000000000e-07
1.121792e+07	6.337167555602788e-01	3.447893536709358e-01	3.000000000000000e-09	3.000000000000000e-07
1.143407e+07	6.368194670969687e-01	3.464965152407693e-01	3.000000000000000e-09	3.000000000000000e-07
1.165427e+07	6.399373856614484e-01	3.482118522347476e-01	3.000000000000000e-09	3.000000000000000e-07
1.187860e+07	6.430705855877047e-01	3.499354061697947e-01	3.000000000000000e-09	3.000000000000000e-07
1.210713e+07	6.462191415738493e-01	3.516672187622968e-01	3.000000000000000e-09	3.000000000000000e-07
1.233993e+07	6.493831286839190e-01	3.534073319288416e-01	3.000000000000000e-09	3.000000000000000e-07
1.257710e+07	6.525626223496815e-01	3.551557877869680e-01	3.000000000000000e-09	3.000000000000000e-07
1.281870e+07	6.557576983724502e-01	3.569126286559271e-01	3.000000000000000e-09	3.000000000000000e-07
1.306482e+07	6.589684329249076e-01	3.586778970574537e-01	3.000000000000000e-09	3.000000000000000e-07
1.331554e+07	6.621949025529361e-01	3.604516357165491e-01	3.000000000000000e-09	3.000000000000000e-07
1.357095e+07	6.654371841774589e-01	3.622338875622750e-01	3.000000000000000e-09	3.000000000000000e-07
1.383114e+07	6.686953550962880e-01	3.640246957285576e-01	3.000000000000000e-09	3.000000000000000e-07
1.409618e+07	6.719694929859814e-01	3.658241035550029e-01	3.000000000000000e-09	3.000000000000000e-07
1.436618e+07	6.752596759037095e-01	3.676321545877222e-01	3.000000000000000e-09	3.000000000000000e-07
1.464123e+07	6.785659822891290e-01	3.694488925801689e-01	3.000000000000000e-09	3.000000000000000e-07
1.492141e+07	6.818884909662665e-01	3.712743614939849e-01	3.000000000000000e-09	3.000000000000000e-07
1.520682e+07	6.852272811454103e-01	3.731086054998580e-01	3.000000000000000e-09	3.000000000000000e-07
1.549755e+07	6.885824324250120e-01	3.749516689783898e-01	3.000000000000000e-09	3.000000000000000e-07
1.579372e+07	6.919540247935958e-01	3.768035965209732e-01	3.000000000000000e-09	3.000000000000000e-07
1.609541e+07	6.953421386316772e-01	3.786644329306807e-01	3.000000000000000e-09	3.000000000000000e-07
1.640273e+07	6.987468547136914e-01	3.805342232231629e-01	3.000000000000000e-09	3.000000000000000e-07
1.671578e+07	7.021682542099297e-01	3.824130126275564e-01	3.000000000000000e-09	3.000000000000000e-07
1.703467e+07	7.056064186884861e-01	3.843008465874023e-01	3.000000000000000e-09	3.000000000000000e-07
1.735950e+07	7.090614301172116e-01	3.861977707615746e-01	3.000000000000000e-09	3.000000000000000e-07
1.769039e+07	7.125333708656792e-01	3.881038310252184e-01	3.000000000000000e-09	3.000000000000000e-07
1.802745e+07	7.160223237071577e-01	3.900190734706976e-01	3.000000000000000e-09	3.000000000000000e-07
1.837079e+07	7.195283718205941e-01	3.919435444085526e-01	3.000000000000000e-09	3.000000000000000e-07
1.872052e+07	7.230515987926067e-01	3.938772903684677e-01	3.000000000000000e-09	3.000000000000000e-07
1.907677e+07	7.265920886194861e-01	3.958203581002483e-01	3.000000000000000e-09	3.000000000000000e-07
1.943965e+07	7.301499257092072e-01	3.977727945748069e-01	3.000000000000000e-09	3.000000000000000e-07
1.980929e+07	7.337251948834497e-01	3.997346469851591e-01	3.000000000000000e-09	3.000000000000000e-07
2.018582e+07	7.373179813796285e-01	4.017059627474298e-01	3.000000000000000e-09	3.000000000000000e-07
2.056935e+07	7.409283708529339e-01	4.036867895018665e-01	3.000000000000000e-09	3.000000000000000e-07
2.096002e+07	7.445564493783815e-01	4.056771751138645e-01	3.000000000000000e-09	3.000000000000000e-07
2.135796e+07	7.482023034528711e-01	4.076771676749998e-01	3.000000000000000e-09	3.000000000000000e-07
2.176330e+07	7.518660199972570e-01	4.096868155040713e-01	3.000000000000000e-09	3.000000000000000e-07
2.217619e+07	7.555476863584262e-01	4.117061671481524e-01	3.000000000000000e-09	3.000000000000000e-07
2.259675e+07	7.592473903113883e-01	4.137352713836519e-01	3.000000000000000e-09	3.000000000000000e-07
2.302514e+07	7.629652200613742e-01	4.157741772173835e-01	3.000000000000000e-09	3.000000000000000e-07
2.346149e+07	7.667012642459455e-01	4.178229338876442e-01	3.000000000000000e-09	3.000000000000000e-07
2.390595e+07	7.704556119371133e-01	4.198815908653019e-01	3.000000000000000e-09	3.000000000000000e-07
2.435868e+07	7.742283526434679e-01	4.219501978548919e-01	3.000000000000000e-09	3.000000000000000e-07
2.481983e+07	7.780195763123181e-01	4.240288047957218e-01	3.000000000000000e-09	3.000000000000000e-07
2.528954e+07	7.818293733318412e-01	4.261174618629858e-01	3.000000000000000e-09	3.000000000000000e-07
2.576799e+07	7.856578345332431e-01	4.282162194688868e-01	3.000000000000000e-09	3.000000000000000e-07
2.625532e+07	7.895050511929285e-01	4.303251282637681e-01	3.000000000000000e-09	3.000000000000000e-07
2.675171e+07	7.933711150346818e-01	4.324442391372534e-01	3.000000000000000e-09	3.000000000000000e-07
2.725732e+07	7.972561182318593e-01	4.345736032193948e-01	3.000000000000000e-09	3.000000000000000e-07
2.777232e+07	8.011601534095896e-01	4.367132718818305e-01	3.000000000000000e-09	3.000000000000000e-07
2.829688e+07	8.050833136469873e-01	4.388632967389497e-01	3.000000000000000e-09	3.000000000000000e-07
2.883119e+07	8.090256924793754e-01	4.410237296490673e-01	3.000000000000000e-09	3.000000000000000e-07
2.937542e+07	8.129873839005199e-01	4.431946227156055e-01	3.000000000000000e-09	3.000000000000000e-07
2.992976e+07	8.169684823648737e-01	4.453760282882854e-01	3.000000000000000e-09	3.000000000000000e-07
3.049438e+07	8.209690827898319e-01	4.475679989643258e-01	3.000000000000000e-09	3.000000000000000e-07
3.106949e+07	8.249892805579990e-01	4.497705875896505e-01	3.000000000000000e-09	3.000000000000000e-07
3.165527e+07	8.290291715194651e-01	4.519838472601044e-01	3.000000000000000e-09	3.000000000000000e-07
3.225192e+07	8.330888519940944e-01	4.542078313226775e-01	3.000000000000000e-09	3.000000000000000e-07
3.285965e+07	8.371684187738252e-01	4.564425933767368e-01	3.000000000000000e-09	3.000000000000000e-07
3.347865e+07	8.412679691249791e-01	4.586881872752671e-01	3.000000000000000e-09	3.000000000000000e-07
3.410914e+07	8.453876007905834e-01	4.609446671261192e-01	3.000000000000000e-09	3.000000000000000e-07
3.475133e+07	8.495274119927033e-01	4.632120872932672e-01	3.000000000000000e-09	3.000000000000000e-07
3.540543e+07	8.536875014347866e-01	4.654905023980728e-01	3.000000000000000e-09	3.000000000000000e-07
3.607167e+07	8.578679683040181e-01	4.677799673205584e-01	3.000000000000000e-09	3.000000000000000e-07
3.675026e+07	8.620689122736876e-01	4.700805372006882e-01	3.000000000000000e-09	3.000000000000000e-07
3.744145e+07	8.662904335055672e-01	4.723922674396572e-01	3.000000000000000e-09	3.000000000000000e-07
3.814545e+07	8.705326326523015e-01	4.747152137011882e-01	3.000000000000000e-09	3.000000000000000e-07
3.886250e+07	8.747956108598091e-01	4.770494319128368e-01	3.000000000000000e-09	3.000000000000000e-07
3.959285e+07	8.790794697696950e-01	4.793949782673047e-01	3.000000000000000e-09	3.000000000000000e-07
4.033675e+07	8.833843115216762e-01	4.817519092237605e-01	3.000000000000000e-09	3.000000000000000e-07
4.109444e+07	8.877102387560173e-01	4.841202815091686e-01	3.000000000000000e-09	3.000000000000000e-07
4.186618e+07	8.920573546159795e-01	4.865001521196265e-01	3.000000000000000e-09	3.000000000000000e-07
4.265222e+07	8.964257627502804e-01	4.888915783217093e-01	3.000000000000000e-09	3.000000000000000e-07
4.345284e+07	9.008155673155664e-01	4.912946176538223e-01	3.000000000000000e-09	3.000000000000000e-07
4.426830e+07	9.052268729788967e-01	4.937093279275622e-01	3.000000000000000e-09	3.000000000000000e-07
4.509887e+07	9.096597849202394e-01	4.961357672290851e-01	3.000000000000000e-09	3.000000000000000e-07
4.594484e+07	9.141144088349802e-01	4.985739939204832e-01	3.000000000000000e-09	3.000000000000000e-07
4.680649e+07	9.185908509364429e-01	5.010240666411689e-01	3.000000000000000e-09	3.000000000000000e-07
4.768411e+07	9.230892179584217e-01	5.034860443092675e-01	3.000000000000000e-09	3.000000000000000e-07
4.857800e+07	9.276096171577273e-01	5.059599861230163e-01	3.000000000000000e-09	3.000000000000000e-07
4.948845e+07	9.321521563167434e-01	5.084459515621731e-01	3.000000000000000e-09	3.000000000000000e-07
5.041577e+07	9.367169437459978e-01	5.109440003894320e-01	3.000000000000000e-09	3.000000000000000e-07
5.136028e+07	9.413040882867437e-01	5.134541926518466e-01	3.000000000000000e-09	3.000000000000000e-07
5.232229e+07	9.459136993135556e-01	5.159765886822616e-01	3.000000000000000e-09	3.000000000000000e-07
5.330212e+07	9.505458867369369e-01	5.185112491007522e-01	3.000000000000000e-09	3.000000000000000e-07
5.430011e+07	9.552007610059399e-01	5.210582348160708e-01	3.000000000000000e-09	3.000000000000000e-07
5.531659e+07	9.598784331107995e-01	5.236176070271026e-01	3.000000000000000e-09	3.000000000000000e-07
5.635190e+07	9.645790145855790e-01	5.261894272243277e-01	3.000000000000000e-09	3.000000000000000e-07
5.740640e+07	9.693026175108290e-01	5.287737571912924e-01	3.000000000000000e-09	3.000000000000000e-07
5.848043e+07	9.740493545162593e-01	5.313706590060870e-01	3.000000000000000e-09	3.000000000000000e-07
5.957436e+07	9.788193387834239e-01	5.339801950428333e-01	3.000000000000000e-09	3.000000000000000e-07
6.068855e+07	9.836126840484187e-01	5.366024279731775e-01	3.000000000000000e-09	3.000000000000000e-07
6.182338e+07	9.884295046045934e-01	5.392374207677932e-01	3.000000000000000e-09	3.000000000000000e-07
6.297924e+07	9.932699153052752e-01	5.418852366978915e-01	3.000000000000000e-09	3.000000000000000e-07
6.415651e+07	9.981340315665065e-01	5.445459393367379e-01	3.000000000000000e-09	3.000000000000000e-07
6.535559e+07	1.003021969369797e+00	5.472195925611794e-01	3.000000000000000e-09	3.000000000000000e-07
6.657687e+07	1.007933845264886e+00	5.499062605531773e-01	3.000000000000000e-09	3.000000000000000e-07
6.782078e+07	1.012869776372523e+00	5.526060078013489e-01	3.000000000000000e-09	3.000000000000000e-07
6.908773e+07	1.017829880387259e+00	5.553188991025177e-01	3.000000000000000e-09	3.000000000000000e-07
7.037815e+07	1.022814275580247e+00	5.580449995632701e-01	3.000000000000000e-09	3.000000000000000e-07
7.169247e+07	1.027823080802070e+00	5.607843746015214e-01	3.000000000000000e-09	3.000000000000000e-07
7.303113e+07	1.032856415485563e+00	5.635370899480887e-01	3.000000000000000e-09	3.000000000000000e-07
7.439459e+07	1.037914399648669e+00	5.663032116482730e-01	3.000000000000000e-09	3.000000000000000e-07
7.578330e+07	1.042997153897293e+00	5.690828060634481e-01	3.000000000000000e-09	3.000000000000000e-07
7.719774e+07	1.048104799428179e+00	5.718759398726582e-01	3.000000000000000e-09	3.000000000000000e-07
7.863837e+07	1.053237458031798e+00	5.746826800742234e-01	3.000000000000000e-09	3.000000000000000e-07
8.010569e+07	1.058395252095251e+00	5.775030939873534e-01	3.000000000000000e-09	3.000000000000000e-07
8.160018e+07	1.063578304605186e+00	5.803372492537686e-01	3.000000000000000e-09	3.000000000000000e-07
8.312235e+07	1.068786739150727e+00	5.831852138393304e-01	3.000000000000000e-09	3.000000000000000e-07
8.467271e+07	1.074020679926422e+00	5.860470560356785e-01	3.000000000000000e-09	3.000000000000000e-07
8.625179e+07	1.079280251735199e+00	5.889228444618774e-01	3.000000000000000e-09	3.000000000000000e-07
8.786012e+07	1.084565579991347e+00	5.918126480660698e-01	3.000000000000000e-09	3.000000000000000e-07
8.949824e+07	1.089876790723496e+00	5.947165361271396e-01	3.000000000000000e-09	3.000000000000000e-07
9.116669e+07	1.095214010577627e+00	5.976345782563820e-01	3.000000000000000e-09	3.000000000000000e-07
9.286605e+07	1.100577366820088e+00	6.005668443991822e-01	3.000000000000000e-09	3.000000000000000e-07
9.459688e+07	1.105966987340626e+00	6.035134048367023e-01	3.000000000000000e-09	3.000000000000000e-07
9.635977e+07	1.111383000655436e+00	6.064743301875770e-01	3.000000000000000e-09	3.000000000000000e-07
9.815531e+07	1.116825535910223e+00	6.094496914096168e-01	3.000000000000000e-09	3.000000000000000e-07
9.998411e+07	1.122294722883277e+00	6.124395598015193e-01	3.000000000000000e-09	3.000000000000000e-07
1.000000e+08	1.122341708622814e+00	6.124652453126473e-01	3.000000000000000e-09	3.000000000000000e-07
1.018972e+08	1.127938579442255e+00	6.155248510502964e-01	3.000000000000000e-09	3.000000000000000e-07
1.037946e+08	1.133460338491925e+00	6.185433333874212e-01	3.000000000000000e-09	3.000000000000000e-07
1.057279e+08	1.139011018253989e+00	6.215775643061771e-01	3.000000000000000e-09	3.000000000000000e-07
1.076970e+08	1.144588844389140e+00	6.246265741797666e-01	3.000000000000000e-09	3.000000000000000e-07
1.097025e+08	1.150193984897108e+00	6.276904551763557e-01	3.000000000000000e-09	3.000000000000000e-07
1.117452e+08	1.155826572792221e+00	6.307692803346301e-01	3.000000000000000e-09	3.000000000000000e-07
1.138257e+08	1.161486742397517e+00	6.338631234039676e-01	3.000000000000000e-09	3.000000000000000e-07
1.159448e+08	1.167174628681869e+00	6.369720584821168e-01	3.000000000000000e-09	3.000000000000000e-07
1.181031e+08	1.172890367275429e+00	6.400961600236680e-01	3.000000000000000e-09	3.000000000000000e-07
1.203014e+08	1.178634094472634e+00	6.432355028417274e-01	3.000000000000000e-09	3.000000000000000e-07
1.225404e+08	1.184405947235458e+00	6.463901621097248e-01	3.000000000000000e-09	3.000000000000000e-07
1.248209e+08	1.190206063196679e+00	6.495602133632281e-01	3.000000000000000e-09	3.000000000000000e-07
1.271437e+08	1.196034580663152e+00	6.527457325017662e-01	3.000000000000000e-09	3.000000000000000e-07
1.295094e+08	1.201891638619112e+00	6.559467957906604e-01	3.000000000000000e-09	3.000000000000000e-07
1.319190e+08	1.207777376729479e+00	6.591634798628655e-01	3.000000000000000e-09	3.000000000000000e-07
1.343733e+08	1.213691935343191e+00	6.623958617208185e-01	3.000000000000000e-09	3.000000000000000e-07
1.368730e+08	1.219635455496549e+00	6.656440187382973e-01	3.000000000000000e-09	3.000000000000000e-07
1.394190e+08	1.225608078916571e+00	6.689080286622875e-01	3.000000000000000e-09	3.000000000000000e-07
1.420122e+08	1.231609948024377e+00	6.721879696148584e-01	3.000000000000000e-09	3.000000000000000e-07
1.446535e+08	1.237641205938580e+00	6.754839200950484e-01	3.000000000000000e-09	3.000000000000000e-07
1.473437e+08	1.243701996478692e+00	6.787959589807585e-01	3.000000000000000e-09	3.000000000000000e-07
1.500837e+08	1.249792464168560e+00	6.821241655306555e-01	3.000000000000000e-09	3.000000000000000e-07
1.528745e+08	1.255912754239802e+00	6.854686193860842e-01	3.000000000000000e-09	3.000000000000000e-07
1.557170e+08	1.262063012635270e+00	6.888294005729885e-01	3.000000000000000e-09	3.000000000000000e-07
1.586122e+08	1.268243386012529e+00	6.922065895038421e-01	3.000000000000000e-09	3.000000000000000e-07
1.615610e+08	1.274454021747351e+00	6.956002669795875e-01	3.000000000000000e-09	3.000000000000000e-07
1.645645e+08	1.280695067937227e+00	6.990105141915858e-01	3.000000000000000e-09	3.000000000000000e-07
1.676237e+08	1.286966673404895e+00	7.024374127235737e-01	3.000000000000000e-09	3.000000000000000e-07
1.707395e+08	1.293268987701887e+00	7.058810445536317e-01	3.000000000000000e-09	3.000000000000000e-07
1.739131e+08	1.299602161112092e+00	7.093414920561606e-01	3.000000000000000e-09	3.000000000000000e-07
1.771455e+08	1.305966344655340e+00	7.128188380038680e-01	3.000000000000000e-09	3.000000000000000e-07
1.804378e+08	1.312361690090995e+00	7.163131655697634e-01	3.000000000000000e-09	3.000000000000000e-07
1.837912e+08	1.318788349921579e+00	7.198245583291640e-01	3.000000000000000e-09	3.000000000000000e-07
1.872067e+08	1.325246477396397e+00	7.233531002617090e-01	3.000000000000000e-09	3.000000000000000e-07
1.906855e+08	1.331736226515197e+00	7.268988757533836e-01	3.000000000000000e-09	3.000000000000000e-07
1.942288e+08	1.338257752031834e+00	7.304619695985537e-01	3.000000000000000e-09	3.000000000000000e-07
1.978377e+08	1.344811209457963e+00	7.340424670020085e-01	3.000000000000000e-09	3.000000000000000e-07
2.015136e+08	1.351396755066736e+00	7.376404535810144e-01	3.000000000000000e-09	3.000000000000000e-07
2.052576e+08	1.358014545896537e+00	7.412560153673775e-01	3.000000000000000e-09	3.000000000000000e-07
2.090711e+08	1.364664739754716e+00	7.448892388095171e-01	3.000000000000000e-09	3.000000000000000e-07
2.129552e+08	1.371347495221352e+00	7.485402107745475e-01	3.000000000000000e-09	3.000000000000000e-07
2.169113e+08	1.378062971653032e+00	7.522090185503711e-01	3.000000000000000e-09	3.000000000000000e-07
2.209408e+08	1.384811329186648e+00	7.558957498477811e-01	3.000000000000000e-09	3.000000000000000e-07
2.250451e+08	1.391592728743214e+00	7.596004928025729e-01	3.000000000000000e-09	3.000000000000000e-07
2.292254e+08	1.398407332031700e+00	7.633233359776678e-01	3.000000000000000e-09	3.000000000000000e-07
2.334832e+08	1.405255301552884e+00	7.670643683652448e-01	3.000000000000000e-09	3.000000000000000e-07
2.378200e+08	1.412136800603227e+00	7.708236793888840e-01	3.000000000000000e-09	3.000000000000000e-07
2.422372e+08	1.419051993278762e+00	7.746013589057185e-01	3.000000000000000e-09	3.000000000000000e-07
2.467364e+08	1.426001044479006e+00	7.783974972085983e-01	3.000000000000000e-09	3.000000000000000e-07
2.513189e+08	1.432984119910889e+00	7.822121850282635e-01	3.000000000000000e-09	3.000000000000000e-07
2.559865e+08	1.440001386092702e+00	7.860455135355282e-01	3.000000000000000e-09	3.000000000000000e-07
2.607406e+08	1.447053010358065e+00	7.898975743434737e-01	3.000000000000000e-09	3.000000000000000e-07
2.655830e+08	1.454139160859917e+00	7.937684595096544e-01	3.000000000000000e-09	3.000000000000000e-07
2.705151e+08	1.461260006574521e+00	7.976582615383114e-01	3.000000000000000e-09	3.000000000000000e-07
2.755388e+08	1.468415717305491e+00	8.015670733825992e-01	3.000000000000000e-09	3.000000000000000e-07
2.806556e+08	1.475606463687836e+00	8.054949884468211e-01	3.000000000000000e-09	3.000000000000000e-07
2.858673e+08	1.482832417192033e+00	8.094421005886757e-01	3.000000000000000e-09	3.000000000000000e-07
2.911758e+08	1.490093750128106e+00	8.134085041215152e-01	3.000000000000000e-09	3.000000000000000e-07
2.965827e+08	1.497390635649736e+00	8.173942938166129e-01	3.000000000000000e-09	3.000000000000000e-07
3.020900e+08	1.504723247758386e+00	8.213995649054419e-01	3.000000000000000e-09	3.000000000000000e-07
3.076994e+08	1.512091761307448e+00	8.254244130819658e-01	3.000000000000000e-09	3.000000000000000e-07
3.134129e+08	1.519496352006410e+00	8.294689345049383e-01	3.000000000000000e-09	3.000000000000000e-07
3.192325e+08	1.526937196425044e+00	8.335332258002156e-01	3.000000000000000e-09	3.000000000000000e-07
3.251600e+08	1.534414471997611e+00	8.376173840630785e-01	3.000000000000000e-09	3.000000000000000e-07
3.311976e+08	1.541928357027091e+00	8.417215068605665e-01	3.000000000000000e-09	3.000000000000000e-07
3.373472e+08	1.549479030689433e+00	8.458456922338221e-01	3.000000000000000e-09	3.000000000000000e-07
3.436109e+08	1.557066673037824e+00	8.499900387004472e-01	3.000000000000000e-09	3.000000000000000e-07
3.499909e+08	1.564691465006981e+00	8.541546452568699e-01	3.000000000000000e-09	3.000000000000000e-07
3.564893e+08	1.572353588417459e+00	8.583396113807231e-01	3.000000000000000e-09	3.000000000000000e-07
3.631083e+08	1.580053225979988e+00	8.625450370332346e-01	3.000000000000000e-09	3.000000000000000e-07
3.698502e+08	1.587790561299825e+00	8.667710226616276e-01	3.000000000000000e-09	3.000000000000000e-07
3.767173e+08	1.595565778881132e+00	8.710176692015339e-01	3.000000000000000e-09	3.000000000000000e-07
3.837118e+08	1.603379064131370e+00	8.752850780794174e-01	3.000000000000000e-09	3.000000000000000e-07
3.908362e+08	1.611230603365718e+00	8.795733512150106e-01	3.000000000000000e-09	3.000000000000000e-07
3.980929e+08	1.619120583811514e+00	8.838825910237611e-01	3.000000000000000e-09	3.000000000000000e-07
4.054843e+08	1.627049193612718e+00	8.882129004192912e-01	3.000000000000000e-09	3.000000000000000e-07
4.130129e+08	1.635016621834391e+00	8.925643828158683e-01	3.000000000000000e-09	3.000000000000000e-07
4.206814e+08	1.643023058467207e+00	8.969371421308870e-01	3.000000000000000e-09	3.000000000000000e-07
4.284922e+08	1.651068694431977e+00	9.013312827873645e-01	3.000000000000000e-09	3.000000000000000e-07
4.364482e+08	1.659153721584197e+00	9.057469097164459e-01	3.000000000000000e-09	3.000000000000000e-07
4.445518e+08	1.667278332718626e+00	9.101841283599228e-01	3.000000000000000e-09	3.000000000000000e-07
4.528060e+08	1.675442721573877e+00	9.146430446727637e-01	3.000000000000000e-09	3.000000000000000e-07
4.612135e+08	1.683647082837030e+00	9.191237651256561e-01	3.000000000000000e-09	3.000000000000000e-07
4.697771e+08	1.691891612148282e+00	9.236263967075610e-01	3.000000000000000e-09	3.000000000000000e-07
4.784998e+08	1.700176506105599e+00	9.281510469282801e-01	3.000000000000000e-09	3.000000000000000e-07
4.873846e+08	1.708501962269408e+00	9.326978238210344e-01	3.000000000000000e-09	3.000000000000000e-07
4.964344e+08	1.716868179167302e+00	9.372668359450554e-01	3.000000000000000e-09	3.000000000000000e-07
5.056523e+08	1.725275356298773e+00	9.418581923881892e-01	3.000000000000000e-09	3.000000000000000e-07
5.150415e+08	1.733723694139965e+00	9.464720027695126e-01	3.000000000000000e-09	3.000000000000000e-07
5.246052e+08	1.742213394148453e+00	9.511083772419617e-01	3.000000000000000e-09	3.000000000000000e-07
5.343465e+08	1.750744658768041e+00	9.557674264949735e-01	3.000000000000000e-09	3.000000000000000e-07
5.442689e+08	1.759317691433592e+00	9.604492617571393e-01	3.000000000000000e-09	3.000000000000000e-07
5.543756e+08	1.767932696575873e+00	9.651539947988722e-01	3.000000000000000e-09	3.000000000000000e-07
5.646702e+08	1.776589879626425e+00	9.698817379350857e-01	3.000000000000000e-09	3.000000000000000e-07
5.751561e+08	1.785289447022463e+00	9.746326040278867e-01	3.000000000000000e-09	3.000000000000000e-07
5.858369e+08	1.794031606211795e+00	9.794067064892802e-01	3.000000000000000e-09	3.000000000000000e-07
5.967162e+08	1.802816565657763e+00	9.842041592838879e-01	3.000000000000000e-09	3.000000000000000e-07
6.077977e+08	1.811644534844213e+00	9.890250769316792e-01	3.000000000000000e-09	3.000000000000000e-07
6.190852e+08	1.820515724280489e+00	9.938695745107152e-01	3.000000000000000e-09	3.000000000000000e-07
6.305825e+08	1.829430345506449e+00	9.987377676599070e-01	3.000000000000000e-09	3.000000000000000e-07
6.422935e+08	1.838388611097503e+00	1.003629772581785e+00	3.000000000000000e-09	3.000000000000000e-07
6.542223e+08	1.847390734669685e+00	1.008545706045286e+00	3.000000000000000e-09	3.000000000000000e-07
6.663729e+08	1.856436930884740e+00	1.013485685388545e+00	3.000000000000000e-09	3.000000000000000e-07
6.787494e+08	1.865527415455241e+00	1.018449828521713e+00	3.000000000000000e-09	3.000000000000000e-07
6.913560e+08	1.874662405149731e+00	1.023438253929776e+00	3.000000000000000e-09	3.000000000000000e-07
7.041970e+08	1.883842117797886e+00	1.028451080675395e+00	3.000000000000000e-09	3.000000000000000e-07
7.172768e+08	1.893066772295712e+00	1.033488428401757e+00	3.000000000000000e-09	3.000000000000000e-07
7.305999e+08	1.902336588610755e+00	1.038550417335441e+00	3.000000000000000e-09	3.000000000000000e-07
7.441708e+08	1.911651787787349e+00	1.043637168289295e+00	3.000000000000000e-09	3.000000000000000e-07
7.579940e+08	1.921012591951881e+00	1.048748802665334e+00	3.000000000000000e-09	3.000000000000000e-07
7.720744e+08	1.930419224318088e+00	1.053885442457639e+00	3.000000000000000e-09	3.000000000000000e-07
7.864167e+08	1.939871909192371e+00	1.059047210255285e+00	3.000000000000000e-09	3.000000000000000e-07
8.010257e+08	1.949370871979148e+00	1.064234229245271e+00	3.000000000000000e-09	3.000000000000000e-07
8.159066e+08	1.958916339186220e+00	1.069446623215473e+00	3.000000000000000e-09	3.000000000000000e-07
8.310642e+08	1.968508538430173e+00	1.074684516557601e+00	3.000000000000000e-09	3.000000000000000e-07
8.465039e+08	1.978147698441803e+00	1.079948034270185e+00	3.000000000000000e-09	3.000000000000000e-07
8.622309e+08	1.987834049071563e+00	1.085237301961558e+00	3.000000000000000e-09	3.000000000000000e-07
8.782504e+08	1.997567821295047e+00	1.090552445852871e+00	3.000000000000000e-09	3.000000000000000e-07
8.945681e+08	2.007349247218490e+00	1.095893592781103e+00	3.000000000000000e-09	3.000000000000000e-07
9.111894e+08	2.017178560084302e+00	1.101260870202108e+00	3.000000000000000e-09	3.000000000000000e-07
9.281200e+08	2.027055994276626e+00	1.106654406193656e+00	3.000000000000000e-09	3.000000000000000e-07
9.453658e+08	2.036981785326927e+00	1.112074329458501e+00	3.000000000000000e-09	3.000000000000000e-07
9.629325e+08	2.046956169919599e+00	1.117520769327460e+00	3.000000000000000e-09	3.000000000000000e-07
9.808261e+08	2.056979385897616e+00	1.122993855762508e+00	3.000000000000000e-09	3.000000000000000e-07
9.990528e+08	2.067051672268188e+00	1.128493719359886e+00	3.000000000000000e-09	3.000000000000000e-07
1.000000e+09	2.067569245046096e+00	1.128776333644006e+00	3.000000000000000e-09	3.000000000000000e-07
