#t[yr]	ecc	inc	eachmass	totalmass
0.000000e+00	3.000000000000000e-02	1.500000000000000e-02	3.000000000000000e-08	3.000000000000000e-05
1.100000e-01	3.000827179530437e-02	1.500294611758582e-02	3.000000000000000e-08	3.000000000000000e-05
1.200000e-01	3.000902348644335e-02	1.500321383378618e-02	3.000000000000000e-08	3.000000000000000e-05
1.300000e-01	3.000977512920327e-02	1.500348153120545e-02	3.000000000000000e-08	3.000000000000000e-05
1.500000e-01	3.001127826958253e-02	1.500401686969833e-02	3.000000000000000e-08	3.000000000000000e-05
1.600000e-01	3.001202976720020e-02	1.500428451077076e-02	3.000000000000000e-08	3.000000000000000e-05
1.800000e-01	3.001353261728745e-02	1.500481973656467e-02	3.000000000000000e-08	3.000000000000000e-05
2.000000e-01	3.001503527383837e-02	1.500535488722003e-02	3.000000000000000e-08	3.000000000000000e-05
2.300000e-01	3.001728889576964e-02	1.500615747230802e-02	3.000000000000000e-08	3.000000000000000e-05
2.600000e-01	3.001954208220708e-02	1.500695988830789e-02	3.000000000000000e-08	3.000000000000000e-05
2.900000e-01	3.002179483312866e-02	1.500776213520388e-02	3.000000000000000e-08	3.000000000000000e-05
3.200000e-01	3.002404714851255e-02	1.500856421298028e-02	3.000000000000000e-08	3.000000000000000e-05
3.600000e-01	3.002704955815055e-02	1.500963338691355e-02	3.000000000000000e-08	3.000000000000000e-05
4.000000e-01	3.003005119340993e-02	1.501070226012506e-02	3.000000000000000e-08	3.000000000000000e-05
4.500000e-01	3.003380214843764e-02	1.501203792869354e-02	3.000000000000000e-08	3.000000000000000e-05
5.100000e-01	3.003830169707473e-02	1.501364011056099e-02	3.000000000000000e-08	3.000000000000000e-05
5.700000e-01	3.004279950294203e-02	1.501524161549683e-02	3.000000000000000e-08	3.000000000000000e-05
6.400000e-01	3.004804474023689e-02	1.501710918219371e-02	3.000000000000000e-08	3.000000000000000e-05
7.100000e-01	3.005328760495497e-02	1.501897582715509e-02	3.000000000000000e-08	3.000000000000000e-05
8.000000e-01	3.006002494438817e-02	1.502137444455687e-02	3.000000000000000e-08	3.000000000000000e-05
9.000000e-01	3.006750627609527e-02	1.502403778711400e-02	3.000000000000000e-08	3.000000000000000e-05
1.000000e+00	3.007498276398876e-02	1.502669924716144e-02	3.000000000000000e-08	3.000000000000000e-05
1.130000e+00	3.008469495566553e-02	1.503015632999774e-02	3.000000000000000e-08	3.000000000000000e-05
1.260000e+00	3.009439895878846e-02	1.503361022934576e-02	3.000000000000000e-08	3.000000000000000e-05
1.420000e+00	3.010633110419379e-02	1.503785681049180e-02	3.000000000000000e-08	3.000000000000000e-05
1.590000e+00	3.011899541279818e-02	1.504236351495179e-02	3.000000000000000e-08	3.000000000000000e-05
1.780000e+00	3.013313306008988e-02	1.504739396962582e-02	3.000000000000000e-08	3.000000000000000e-05
2.000000e+00	3.014948109895724e-02	1.505321019636249e-02	3.000000000000000e-08	3.000000000000000e-05
2.240000e+00	3.016728855194239e-02	1.505954474939132e-02	3.000000000000000e-08	3.000000000000000e-05
2.520000e+00	3.018802859973353e-02	1.506692130891094e-02	3.000000000000000e-08	3.000000000000000e-05
2.820000e+00	3.021020786942492e-02	1.507480832071079e-02	3.000000000000000e-08	3.000000000000000e-05
3.170000e+00	3.023602848630622e-02	1.508398831928981e-02	3.000000000000000e-08	3.000000000000000e-05
3.550000e+00	3.026399498517638e-02	1.509392892280868e-02	3.000000000000000e-08	3.000000000000000e-05
3.990000e+00	3.029628968850367e-02	1.510540492641708e-02	3.000000000000000e-08	3.000000000000000e-05
4.470000e+00	3.033141310693464e-02	1.511788235251786e-02	3.000000000000000e-08	3.000000000000000e-05
5.020000e+00	3.037152122837248e-02	1.513212567807417e-02	3.000000000000000e-08	3.000000000000000e-05
5.630000e+00	3.041583312692915e-02	1.514785566984844e-02	3.000000000000000e-08	3.000000000000000e-05
6.310000e+00	3.046501730284766e-02	1.516530744770463e-02	3.000000000000000e-08	3.000000000000000e-05
7.080000e+00	3.052044063948393e-02	1.518496295338961e-02	3.000000000000000e-08	3.000000000000000e-05
7.950000e+00	3.058271652242331e-02	1.520703554229415e-02	3.000000000000000e-08	3.000000000000000e-05
8.920000e+00	3.065171935103266e-02	1.523147561730853e-02	3.000000000000000e-08	3.000000000000000e-05
1.000000e+01	3.072801360562522e-02	1.525847696532659e-02	3.000000000000000e-08	3.000000000000000e-05
1.123000e+01	3.081422167358404e-02	1.528895891671319e-02	3.000000000000000e-08	3.000000000000000e-05
1.259000e+01	3.090869863963289e-02	1.532232893909826e-02	3.000000000000000e-08	3.000000000000000e-05
1.413000e+01	3.101461800174840e-02	1.535969384459262e-02	3.000000000000000e-08	3.000000000000000e-05
1.585000e+01	3.113159472892083e-02	1.540089886526353e-02	3.000000000000000e-08	3.000000000000000e-05
1.779000e+01	3.126187582791638e-02	1.544671086350522e-02	3.000000000000000e-08	3.000000000000000e-05
1.996000e+01	3.140554843030507e-02	1.549712815923221e-02	3.000000000000000e-08	3.000000000000000e-05
2.239000e+01	3.156390570656203e-02	1.555256343576564e-02	3.000000000000000e-08	3.000000000000000e-05
2.512000e+01	3.173869700498218e-02	1.561357459785294e-02	3.000000000000000e-08	3.000000000000000e-05
2.819000e+01	3.193143087094794e-02	1.568061633821573e-02	3.000000000000000e-08	3.000000000000000e-05
3.163000e+01	3.214275471342831e-02	1.575382276739282e-02	3.000000000000000e-08	3.000000000000000e-05
3.549000e+01	3.237430609094316e-02	1.583364766219970e-02	3.000000000000000e-08	3.000000000000000e-05
3.982000e+01	3.262742541904545e-02	1.592041415342266e-02	3.000000000000000e-08	3.000000000000000e-05
4.467000e+01	3.290318061042295e-02	1.601432763880338e-02	3.000000000000000e-08	3.000000000000000e-05
5.012000e+01	3.320404191268402e-02	1.611605194686817e-02	3.000000000000000e-08	3.000000000000000e-05
5.624000e+01	3.353157661088161e-02	1.622593903755142e-02	3.000000000000000e-08	3.000000000000000e-05
6.310000e+01	3.388710056337868e-02	1.634428777019144e-02	3.000000000000000e-08	3.000000000000000e-05
7.080000e+01	3.427320809369108e-02	1.647189666834662e-02	3.000000000000000e-08	3.000000000000000e-05
7.944000e+01	3.469211678793453e-02	1.660956768694974e-02	3.000000000000000e-08	3.000000000000000e-05
8.913000e+01	3.514611900662515e-02	1.675832794035763e-02	3.000000000000000e-08	3.000000000000000e-05
1.000100e+02	3.563834342495232e-02	1.691974883156730e-02	3.000000000000000e-08	3.000000000000000e-05
1.122100e+02	3.617073239644428e-02	1.709533966422072e-02	3.000000000000000e-08	3.000000000000000e-05
1.259000e+02	3.674611883666079e-02	1.728725517498552e-02	3.000000000000000e-08	3.000000000000000e-05
1.412600e+02	3.736667585552012e-02	1.749777271665413e-02	3.000000000000000e-08	3.000000000000000e-05
1.584900e+02	3.803421849839225e-02	1.772933415419038e-02	3.000000000000000e-08	3.000000000000000e-05
1.778300e+02	3.875081789563103e-02	1.798468182100655e-02	3.000000000000000e-08	3.000000000000000e-05
1.995300e+02	3.951753091999989e-02	1.826632177221340e-02	3.000000000000000e-08	3.000000000000000e-05
2.238800e+02	4.033544514844419e-02	1.857679509910840e-02	3.000000000000000e-08	3.000000000000000e-05
2.511900e+02	4.120489928642027e-02	1.891830332840336e-02	3.000000000000000e-08	3.000000000000000e-05
2.818400e+02	4.212699279861561e-02	1.929323015961002e-02	3.000000000000000e-08	3.000000000000000e-05
3.162300e+02	4.310185797824647e-02	1.970341538367278e-02	3.000000000000000e-08	3.000000000000000e-05
3.548200e+02	4.412981198779119e-02	2.015056418702262e-02	3.000000000000000e-08	3.000000000000000e-05
3.981100e+02	4.521069168525646e-02	2.063593139267262e-02	3.000000000000000e-08	3.000000000000000e-05
4.466900e+02	4.634500940931743e-02	2.116081194693917e-02	3.000000000000000e-08	3.000000000000000e-05
5.011900e+02	4.753257599552865e-02	2.172590969314707e-02	3.000000000000000e-08	3.000000000000000e-05
5.623500e+02	4.877398447959942e-02	2.233202139782950e-02	3.000000000000000e-08	3.000000000000000e-05
6.309600e+02	5.006916021372126e-02	2.297935518913073e-02	3.000000000000000e-08	3.000000000000000e-05
7.079500e+02	5.141899809167229e-02	2.366835086632342e-02	3.000000000000000e-08	3.000000000000000e-05
7.943300e+02	5.282398942227061e-02	2.439902990391443e-02	3.000000000000000e-08	3.000000000000000e-05
8.912600e+02	5.428524785989115e-02	2.517154920700044e-02	3.000000000000000e-08	3.000000000000000e-05
1.000010e+03	5.580362142413296e-02	2.598577640673821e-02	3.000000000000000e-08	3.000000000000000e-05
