#t[yr]	ecc	inc	eachmass	totalmass
0.000000e+00	5.000000000000000e-02	2.500000000000000e-02	3.000000000000000e-08	3.000000000000000e-05
1.000000e-01	5.000238470215120e-02	2.500101748001371e-02	1.917164746797234e-08	1.917164746797233e-05
1.130000e-01	5.000269214530201e-02	2.500114710649582e-02	1.824116474066849e-08	1.824116474066848e-05
1.260000e-01	5.000299925175868e-02	2.500127637682573e-02	1.752940077625541e-08	1.752940077625540e-05
1.420000e-01	5.000337683055749e-02	2.500143505463779e-02	1.651348847813280e-08	1.651348847813279e-05
1.590000e-01	5.000377758243828e-02	2.500160319341803e-02	1.571201766963275e-08	1.571201766963274e-05
1.780000e-01	5.000422505282863e-02	2.500179065015050e-02	1.480143138190743e-08	1.480143138190743e-05
2.000000e-01	5.000474269240949e-02	2.500200717826584e-02	1.394361790826799e-08	1.394361790826798e-05
2.240000e-01	5.000530690432696e-02	2.500224285750018e-02	1.313551881268908e-08	1.313551881268908e-05
2.520000e-01	5.000596462373657e-02	2.500251723217045e-02	1.225173555454034e-08	1.225173555454034e-05
2.820000e-01	5.000666880703796e-02	2.500281062849397e-02	1.142741495321711e-08	1.142741495321711e-05
3.170000e-01	5.000748980816704e-02	2.500315230852208e-02	1.065855624549590e-08	1.065855624549589e-05
3.550000e-01	5.000838065249450e-02	2.500352267496933e-02	9.842997868599521e-09	9.842997868599520e-06
3.990000e-01	5.000941160426128e-02	2.500395088734981e-02	9.089843390580815e-09	9.089843390580815e-06
4.470000e-01	5.001053574767540e-02	2.500441741546724e-02	8.394317866193119e-09	8.394317866193119e-06
5.020000e-01	5.001182329809668e-02	2.500495136541599e-02	7.752011713612869e-09	7.752011713612866e-06
5.630000e-01	5.001325078578747e-02	2.500554295971392e-02	7.087973027730538e-09	7.087973027730534e-06
6.310000e-01	5.001484157724505e-02	2.500620186024627e-02	6.480816012392384e-09	6.480816012392379e-06
7.080000e-01	5.001664240771068e-02	2.500694739466366e-02	5.925668173702065e-09	5.925668173702062e-06
7.950000e-01	5.001867659817571e-02	2.500778918523509e-02	5.418074396446792e-09	5.418074396446789e-06
8.920000e-01	5.002094408619408e-02	2.500872718587382e-02	4.904912070659340e-09	4.904912070659336e-06
1.001000e+00	5.002349155552907e-02	2.500978069711769e-02	4.440352911484048e-09	4.440352911484044e-06
1.123000e+00	5.002634228896183e-02	2.501095933737591e-02	4.019793564999516e-09	4.019793564999512e-06
1.259000e+00	5.002951955055316e-02	2.501227272425372e-02	3.639066674952862e-09	3.639066674952859e-06
1.413000e+00	5.003311664675457e-02	2.501375942810468e-02	3.294399588092797e-09	3.294399588092794e-06
1.585000e+00	5.003713339575320e-02	2.501541938060670e-02	2.982376970646347e-09	2.982376970646343e-06
1.779000e+00	5.004166298050421e-02	2.501729110511298e-02	2.673175213369223e-09	2.673175213369221e-06
1.996000e+00	5.004672845456417e-02	2.501938415204239e-02	2.396030344823554e-09	2.396030344823553e-06
2.239000e+00	5.005239948301556e-02	2.502172734108470e-02	2.169095014217294e-09	2.169095014217292e-06
2.512000e+00	5.005876894143518e-02	2.502435909412861e-02	1.944211306792582e-09	1.944211306792580e-06
2.819000e+00	5.006592953846101e-02	2.502731777853708e-02	1.742642706144476e-09	1.742642706144476e-06
3.163000e+00	5.007395047169356e-02	2.503063206632372e-02	1.561971988676705e-09	1.561971988676704e-06
3.549000e+00	5.008294734826853e-02	2.503434982953067e-02	1.400032539549383e-09	1.400032539549383e-06
3.982000e+00	5.009303546640807e-02	2.503851884397934e-02	1.254882370494797e-09	1.254882370494797e-06
4.467000e+00	5.010432976091508e-02	2.504318677293698e-02	1.124780831369452e-09	1.124780831369452e-06
5.012000e+00	5.011701454760845e-02	2.504843000435333e-02	1.008167736165835e-09	1.008167736165834e-06
5.624000e+00	5.013125022235949e-02	2.505431510540816e-02	9.036446531616704e-10	9.036446531616706e-07
6.310000e+00	5.014719645757733e-02	2.506090841964751e-02	8.019387473633229e-10	8.019387473633230e-07
7.080000e+00	5.016508173742494e-02	2.506830483887536e-02	7.187967192582656e-10	7.187967192582657e-07
7.944000e+00	5.018513332509431e-02	2.507659887701688e-02	6.442745475451708e-10	6.442745475451707e-07
8.913000e+00	5.020760022625562e-02	2.508589419409072e-02	5.717609480770192e-10	5.717609480770191e-07
1.000000e+01	5.023277597243220e-02	2.509631306417078e-02	5.124828985118986e-10	5.124828985118984e-07
1.122100e+01	5.026102116290740e-02	2.510800576814071e-02	4.548025512460247e-10	4.548025512460247e-07
1.259000e+01	5.029264717418386e-02	2.512110251702586e-02	4.076503134694190e-10	4.076503134694190e-07
1.412600e+01	5.032807734251827e-02	2.513578025344476e-02	3.653866444162082e-10	3.653866444162082e-07
1.584900e+01	5.036775342772655e-02	2.515222403234039e-02	3.242620945093981e-10	3.242620945093981e-07
1.778300e+01	5.041220351294544e-02	2.517065528192800e-02	2.906438060007736e-10	2.906438060007736e-07
1.995300e+01	5.046197139139587e-02	2.519130269215708e-02	2.579316204635021e-10	2.579316204635021e-07
2.238800e+01	5.051768367247647e-02	2.521443022443398e-02	2.289012167517206e-10	2.289012167517206e-07
2.511900e+01	5.058000162042182e-02	2.524031735816155e-02	2.051695895432511e-10	2.051695895432511e-07
2.818400e+01	5.064973233089066e-02	2.526930556184364e-02	1.820775932881277e-10	1.820775932881277e-07
3.162300e+01	5.072771082763568e-02	2.530174968864094e-02	1.632004652927096e-10	1.632004652927096e-07
3.548200e+01	5.081488670123960e-02	2.533805441352551e-02	1.448321264869278e-10	1.448321264869278e-07
3.981100e+01	5.091227324873066e-02	2.537865359763257e-02	1.285311584443288e-10	1.285311584443288e-07
4.466900e+01	5.102105319504410e-02	2.542405500073768e-02	1.152055257536908e-10	1.152055257536908e-07
5.011900e+01	5.114245774608916e-02	2.547479064532157e-02	1.022390545763776e-10	1.022390545763776e-07
5.623500e+01	5.127791279448687e-02	2.553147880086288e-02	9.073196977564802e-11	9.073196977564808e-08
6.309600e+01	5.142889275570054e-02	2.559476401741597e-02	8.132521644702197e-11	8.132521644702202e-08
7.079500e+01	5.159710424393756e-02	2.566539536538140e-02	7.217200033043058e-11	7.217200033043062e-08
7.943300e+01	5.178433488560052e-02	2.574416470331423e-02	6.404898577907704e-11	6.404898577907707e-08
8.912600e+01	5.199258371278497e-02	2.583196329208386e-02	5.684022280866077e-11	5.684022280866078e-08
1.000010e+02	5.222394745844722e-02	2.592973611425817e-02	5.044281169544471e-11	5.044281169544472e-08
1.122020e+02	5.248071781061036e-02	2.603852529063835e-02	4.521308850091162e-11	4.521308850091163e-08
1.258930e+02	5.276540452855634e-02	2.615948289487131e-02	4.012432036197885e-11	4.012432036197885e-08
1.412540e+02	5.308060636737014e-02	2.629381936901059e-02	3.560829701952896e-11	3.560829701952896e-08
1.584900e+02	5.342914520585944e-02	2.644286395789690e-02	3.160055560299246e-11	3.160055560299245e-08
1.778280e+02	5.381394227773900e-02	2.660801573215979e-02	2.804388858782407e-11	2.804388858782406e-08
1.995270e+02	5.423814728624089e-02	2.679080289597111e-02	2.464111604028392e-11	2.464111604028391e-08
2.238730e+02	5.470495652872880e-02	2.699280881634271e-02	2.186773933961872e-11	2.186773933961871e-08
2.511890e+02	5.521771680081642e-02	2.721572065710736e-02	1.940650833524496e-11	1.940650833524496e-08
2.818390e+02	5.577989315377523e-02	2.746131960320730e-02	1.722229078721488e-11	1.722229078721488e-08
3.162280e+02	5.639495281666393e-02	2.773143366995566e-02	1.513258278851984e-11	1.513258278851984e-08
3.548140e+02	5.706645507822797e-02	2.802797972563949e-02	1.342939887193273e-11	1.342939887193273e-08
3.981080e+02	5.779790844352114e-02	2.835290261261920e-02	1.179991051947864e-11	1.179991051947865e-08
4.466840e+02	5.859279367388416e-02	2.870818562419513e-02	1.036814004822718e-11	1.036814004822719e-08
5.011880e+02	5.945454812481287e-02	2.909584286040409e-02	9.201197853239824e-12	9.201197853239830e-09
5.623420e+02	6.038645756536538e-02	2.951786812071033e-02	8.084748422147600e-12	8.084748422147606e-09
6.309580e+02	6.139169515141692e-02	2.997624780584628e-02	7.103766063067883e-12	7.103766063067885e-09
7.079460e+02	6.247325064783874e-02	3.047292254653750e-02	6.241813553598497e-12	6.241813553598498e-09
7.943290e+02	6.363395005228124e-02	3.100978802135747e-02	5.484448121178736e-12	5.484448121178736e-09
8.912510e+02	6.487636540821178e-02	3.158864352601506e-02	4.771266773989801e-12	4.771266773989801e-09
1.000000e+03	6.620291179139293e-02	3.221122578609285e-02	4.192333665456057e-12	4.192333665456057e-09
