#t[yr]	ecc	inc	eachmass	totalmass
0.000000e+00	3.000000000000000e-02	1.500000000000000e-02	3.000000000000000e-06	3.000000000000000e-06
1.000000e-03	2.999999612450289e-02	1.499999857915513e-02	3.000000000000000e-06	3.000000000000000e-06
1.000000e-02	2.999996124509544e-02	1.499998579157328e-02	3.000000000000000e-06	3.000000000000000e-06
1.000000e-01	2.999961245680834e-02	1.499985791767805e-02	3.000000000000000e-06	3.000000000000000e-06
1.000000e+00	2.999612515260015e-02	1.499857937102620e-02	3.000000000000000e-06	3.000000000000000e-06
3.081478e+00	2.998807683724693e-02	1.499562781687876e-02	3.000000000000000e-06	3.000000000000000e-06
5.176151e+00	2.998001811150820e-02	1.499267044898369e-02	3.000000000000000e-06	3.000000000000000e-06
7.301440e+00	2.997188259893526e-02	1.498968290581846e-02	3.000000000000000e-06	3.000000000000000e-06
9.457619e+00	2.996367056821296e-02	1.498666524998207e-02	3.000000000000000e-06	3.000000000000000e-06
1.000000e+01	2.996161559639671e-02	1.498590959011539e-02	3.000000000000000e-06	3.000000000000000e-06
1.221957e+01	2.995321595147107e-02	1.498282042572687e-02	3.000000000000000e-06	3.000000000000000e-06
1.444718e+01	2.994482977515862e-02	1.497973414006039e-02	3.000000000000000e-06	3.000000000000000e-06
1.670782e+01	2.993636347655365e-02	1.497661630036766e-02	3.000000000000000e-06	3.000000000000000e-06
1.900167e+01	2.992781770895671e-02	1.497346711107949e-02	3.000000000000000e-06	3.000000000000000e-06
2.132934e+01	2.991919174410513e-02	1.497028626840854e-02	3.000000000000000e-06	3.000000000000000e-06
2.369141e+01	2.991048486842703e-02	1.496707347387272e-02	3.000000000000000e-06	3.000000000000000e-06
2.608848e+01	2.990169636258106e-02	1.496382842677746e-02	3.000000000000000e-06	3.000000000000000e-06
2.852116e+01	2.989282550173887e-02	1.496055082433216e-02	3.000000000000000e-06	3.000000000000000e-06
3.099009e+01	2.988387155556390e-02	1.495724036165518e-02	3.000000000000000e-06	3.000000000000000e-06
3.349590e+01	2.987483378819547e-02	1.495389673178117e-02	3.000000000000000e-06	3.000000000000000e-06
3.603924e+01	2.986571145823359e-02	1.495051962566900e-02	3.000000000000000e-06	3.000000000000000e-06
3.862077e+01	2.985650381872463e-02	1.494710873221050e-02	3.000000000000000e-06	3.000000000000000e-06
4.124118e+01	2.984721011714798e-02	1.494366373823977e-02	3.000000000000000e-06	3.000000000000000e-06
4.390117e+01	2.983782959540357e-02	1.494018432854334e-02	3.000000000000000e-06	3.000000000000000e-06
4.660142e+01	2.982836148980037e-02	1.493667018587098e-02	3.000000000000000e-06	3.000000000000000e-06
4.934268e+01	2.981880503104592e-02	1.493312099094733e-02	3.000000000000000e-06	3.000000000000000e-06
5.212567e+01	2.980915944423692e-02	1.492953642248426e-02	3.000000000000000e-06	3.000000000000000e-06
5.495114e+01	2.979942394885090e-02	1.492591615719402e-02	3.000000000000000e-06	3.000000000000000e-06
5.781987e+01	2.978959775873898e-02	1.492225986980324e-02	3.000000000000000e-06	3.000000000000000e-06
6.073263e+01	2.977968008211985e-02	1.491856723306764e-02	3.000000000000000e-06	3.000000000000000e-06
6.369022e+01	2.976967012157497e-02	1.491483791778769e-02	3.000000000000000e-06	3.000000000000000e-06
6.669347e+01	2.975956707404494e-02	1.491107159282500e-02	3.000000000000000e-06	3.000000000000000e-06
6.974319e+01	2.974937013082727e-02	1.490726792511969e-02	3.000000000000000e-06	3.000000000000000e-06
7.284026e+01	2.973907847757544e-02	1.490342657970848e-02	3.000000000000000e-06	3.000000000000000e-06
7.598552e+01	2.972869129429933e-02	1.489954721974385e-02	3.000000000000000e-06	3.000000000000000e-06
7.917987e+01	2.971820775536713e-02	1.489562950651392e-02	3.000000000000000e-06	3.000000000000000e-06
8.242421e+01	2.970762702950873e-02	1.489167309946341e-02	3.000000000000000e-06	3.000000000000000e-06
8.571946e+01	2.969694827982057e-02	1.488767765621538e-02	3.000000000000000e-06	3.000000000000000e-06
8.906658e+01	2.968617066377218e-02	1.488364283259408e-02	3.000000000000000e-06	3.000000000000000e-06
9.246651e+01	2.967529333321428e-02	1.487956828264859e-02	3.000000000000000e-06	3.000000000000000e-06
9.592026e+01	2.966431543438855e-02	1.487545365867760e-02	3.000000000000000e-06	3.000000000000000e-06
9.942881e+01	2.965323610793922e-02	1.487129861125502e-02	3.000000000000000e-06	3.000000000000000e-06
1.000000e+02	2.965144453859228e-02	1.487062631095646e-02	3.000000000000000e-06	3.000000000000000e-06
1.036213e+02	2.964009656069680e-02	1.486636767647499e-02	3.000000000000000e-06	3.000000000000000e-06
1.072518e+02	2.962879610331671e-02	1.486212442380356e-02	3.000000000000000e-06	3.000000000000000e-06
1.109412e+02	2.961738905124108e-02	1.485783872588954e-02	3.000000000000000e-06	3.000000000000000e-06
1.146899e+02	2.960587696285704e-02	1.485351114242124e-02	3.000000000000000e-06	3.000000000000000e-06
1.184989e+02	2.959425891110989e-02	1.484914130085689e-02	3.000000000000000e-06	3.000000000000000e-06
1.223694e+02	2.958253400307755e-02	1.484472884198709e-02	3.000000000000000e-06	3.000000000000000e-06
1.263026e+02	2.957070133974442e-02	1.484027340485388e-02	3.000000000000000e-06	3.000000000000000e-06
1.302996e+02	2.955876001667416e-02	1.483577462702729e-02	3.000000000000000e-06	3.000000000000000e-06
1.343617e+02	2.954670912402938e-02	1.483123214463695e-02	3.000000000000000e-06	3.000000000000000e-06
1.384902e+02	2.953454774660424e-02	1.482664559240861e-02	3.000000000000000e-06	3.000000000000000e-06
1.426862e+02	2.952227496385931e-02	1.482201460370192e-02	3.000000000000000e-06	3.000000000000000e-06
1.469512e+02	2.950988984995886e-02	1.481733881054928e-02	3.000000000000000e-06	3.000000000000000e-06
1.512864e+02	2.949739147381068e-02	1.481261784369581e-02	3.000000000000000e-06	3.000000000000000e-06
1.556931e+02	2.948477889910846e-02	1.480785133264062e-02	3.000000000000000e-06	3.000000000000000e-06
1.601728e+02	2.947205118437693e-02	1.480303890567918e-02	3.000000000000000e-06	3.000000000000000e-06
1.647270e+02	2.945920738301959e-02	1.479818018994691e-02	3.000000000000000e-06	3.000000000000000e-06
1.693569e+02	2.944624654336932e-02	1.479327481146404e-02	3.000000000000000e-06	3.000000000000000e-06
1.740641e+02	2.943316770874190e-02	1.478832239518159e-02	3.000000000000000e-06	3.000000000000000e-06
1.788502e+02	2.941996991749233e-02	1.478332256502871e-02	3.000000000000000e-06	3.000000000000000e-06
1.837166e+02	2.940665220307429e-02	1.477827494396116e-02	3.000000000000000e-06	3.000000000000000e-06
1.886650e+02	2.939321359410260e-02	1.477317915401112e-02	3.000000000000000e-06	3.000000000000000e-06
1.936969e+02	2.937965311441888e-02	1.476803481633822e-02	3.000000000000000e-06	3.000000000000000e-06
1.988141e+02	2.936596978316040e-02	1.476284155128187e-02	3.000000000000000e-06	3.000000000000000e-06
2.040181e+02	2.935216261483228e-02	1.475759897841490e-02	3.000000000000000e-06	3.000000000000000e-06
2.093107e+02	2.933823061938296e-02	1.475230671659838e-02	3.000000000000000e-06	3.000000000000000e-06
2.146936e+02	2.932417280228328e-02	1.474696438403793e-02	3.000000000000000e-06	3.000000000000000e-06
2.201688e+02	2.930998816460893e-02	1.474157159834114e-02	3.000000000000000e-06	3.000000000000000e-06
2.257379e+02	2.929567570312656e-02	1.473612797657644e-02	3.000000000000000e-06	3.000000000000000e-06
2.314029e+02	2.928123441038362e-02	1.473063313533324e-02	3.000000000000000e-06	3.000000000000000e-06
2.371656e+02	2.926666327480182e-02	1.472508669078340e-02	3.000000000000000e-06	3.000000000000000e-06
2.430281e+02	2.925196128077453e-02	1.471948825874404e-02	3.000000000000000e-06	3.000000000000000e-06
2.489924e+02	2.923712740876808e-02	1.471383745474169e-02	3.000000000000000e-06	3.000000000000000e-06
2.550605e+02	2.922216063542691e-02	1.470813389407777e-02	3.000000000000000e-06	3.000000000000000e-06
2.612344e+02	2.920705993368295e-02	1.470237719189543e-02	3.000000000000000e-06	3.000000000000000e-06
2.675164e+02	2.919182427286898e-02	1.469656696324773e-02	3.000000000000000e-06	3.000000000000000e-06
2.739086e+02	2.917645261883628e-02	1.469070282316717e-02	3.000000000000000e-06	3.000000000000000e-06
2.804133e+02	2.916094393407656e-02	1.468478438673661e-02	3.000000000000000e-06	3.000000000000000e-06
2.870327e+02	2.914529717784815e-02	1.467881126916145e-02	3.000000000000000e-06	3.000000000000000e-06
2.937691e+02	2.912951130630678e-02	1.467278308584327e-02	3.000000000000000e-06	3.000000000000000e-06
3.006251e+02	2.911358527264066e-02	1.466669945245478e-02	3.000000000000000e-06	3.000000000000000e-06
3.076030e+02	2.909751802721033e-02	1.466055998501610e-02	3.000000000000000e-06	3.000000000000000e-06
3.147052e+02	2.908130851769299e-02	1.465436429997245e-02	3.000000000000000e-06	3.000000000000000e-06
3.219344e+02	2.906495568923169e-02	1.464811201427308e-02	3.000000000000000e-06	3.000000000000000e-06
3.292932e+02	2.904845848458915e-02	1.464180274545171e-02	3.000000000000000e-06	3.000000000000000e-06
3.367842e+02	2.903181584430657e-02	1.463543611170814e-02	3.000000000000000e-06	3.000000000000000e-06
3.444102e+02	2.901502670686731e-02	1.462901173199129e-02	3.000000000000000e-06	3.000000000000000e-06
3.521740e+02	2.899809000886549e-02	1.462252922608357e-02	3.000000000000000e-06	3.000000000000000e-06
3.600783e+02	2.898100468517974e-02	1.461598821468651e-02	3.000000000000000e-06	3.000000000000000e-06
3.681261e+02	2.896376966915201e-02	1.460938831950778e-02	3.000000000000000e-06	3.000000000000000e-06
3.763205e+02	2.894638389277154e-02	1.460272916334941e-02	3.000000000000000e-06	3.000000000000000e-06
3.846644e+02	2.892884628686408e-02	1.459601037019745e-02	3.000000000000000e-06	3.000000000000000e-06
3.931609e+02	2.891115578128638e-02	1.458923156531274e-02	3.000000000000000e-06	3.000000000000000e-06
4.018133e+02	2.889331130512603e-02	1.458239237532309e-02	3.000000000000000e-06	3.000000000000000e-06
4.106248e+02	2.887531178690665e-02	1.457549242831663e-02	3.000000000000000e-06	3.000000000000000e-06
4.195987e+02	2.885715615479859e-02	1.456853135393645e-02	3.000000000000000e-06	3.000000000000000e-06
4.287385e+02	2.883884333683502e-02	1.456150878347641e-02	3.000000000000000e-06	3.000000000000000e-06
4.380475e+02	2.882037226113360e-02	1.455442434997822e-02	3.000000000000000e-06	3.000000000000000e-06
4.475295e+02	2.880174185612373e-02	1.454727768832968e-02	3.000000000000000e-06	3.000000000000000e-06
4.571879e+02	2.878295105077929e-02	1.454006843536405e-02	3.000000000000000e-06	3.000000000000000e-06
4.670266e+02	2.876399877485715e-02	1.453279622996065e-02	3.000000000000000e-06	3.000000000000000e-06
4.770493e+02	2.874488395914124e-02	1.452546071314650e-02	3.000000000000000e-06	3.000000000000000e-06
4.872600e+02	2.872560553569236e-02	1.451806152819914e-02	3.000000000000000e-06	3.000000000000000e-06
4.976625e+02	2.870616243810363e-02	1.451059832075046e-02	3.000000000000000e-06	3.000000000000000e-06
5.082611e+02	2.868655360176169e-02	1.450307073889165e-02	3.000000000000000e-06	3.000000000000000e-06
5.190597e+02	2.866677796411370e-02	1.449547843327907e-02	3.000000000000000e-06	3.000000000000000e-06
5.300628e+02	2.864683446493993e-02	1.448782105724128e-02	3.000000000000000e-06	3.000000000000000e-06
5.412746e+02	2.862672204663223e-02	1.448009826688682e-02	3.000000000000000e-06	3.000000000000000e-06
5.526996e+02	2.860643965447814e-02	1.447230972121311e-02	3.000000000000000e-06	3.000000000000000e-06
5.643423e+02	2.858598623695078e-02	1.446445508221619e-02	3.000000000000000e-06	3.000000000000000e-06
5.762074e+02	2.856536074600447e-02	1.445653401500122e-02	3.000000000000000e-06	3.000000000000000e-06
5.882996e+02	2.854456213737598e-02	1.444854618789399e-02	3.000000000000000e-06	3.000000000000000e-06
6.006238e+02	2.852358937089152e-02	1.444049127255307e-02	3.000000000000000e-06	3.000000000000000e-06
6.131849e+02	2.850244141077933e-02	1.443236894408278e-02	3.000000000000000e-06	3.000000000000000e-06
6.259881e+02	2.848111722598790e-02	1.442417888114686e-02	3.000000000000000e-06	3.000000000000000e-06
6.390385e+02	2.845961579050973e-02	1.441592076608276e-02	3.000000000000000e-06	3.000000000000000e-06
6.523415e+02	2.843793608371063e-02	1.440759428501664e-02	3.000000000000000e-06	3.000000000000000e-06
6.659024e+02	2.841607709066446e-02	1.439919912797887e-02	3.000000000000000e-06	3.000000000000000e-06
6.797269e+02	2.839403780249328e-02	1.439073498902006e-02	3.000000000000000e-06	3.000000000000000e-06
6.938206e+02	2.837181721671276e-02	1.438220156632764e-02	3.000000000000000e-06	3.000000000000000e-06
7.081893e+02	2.834941433758298e-02	1.437359856234275e-02	3.000000000000000e-06	3.000000000000000e-06
7.228389e+02	2.832682817646420e-02	1.436492568387764e-02	3.000000000000000e-06	3.000000000000000e-06
7.377755e+02	2.830405775217789e-02	1.435618264223329e-02	3.000000000000000e-06	3.000000000000000e-06
7.530054e+02	2.828110209137263e-02	1.434736915331731e-02	3.000000000000000e-06	3.000000000000000e-06
7.685348e+02	2.825796022889486e-02	1.433848493776212e-02	3.000000000000000e-06	3.000000000000000e-06
7.843702e+02	2.823463120816444e-02	1.432952972104317e-02	3.000000000000000e-06	3.000000000000000e-06
8.005183e+02	2.821111408155483e-02	1.432050323359737e-02	3.000000000000000e-06	3.000000000000000e-06
8.169859e+02	2.818740791077773e-02	1.431140521094140e-02	3.000000000000000e-06	3.000000000000000e-06
8.337798e+02	2.816351176727212e-02	1.430223539379017e-02	3.000000000000000e-06	3.000000000000000e-06
8.509072e+02	2.813942473259749e-02	1.429299352817500e-02	3.000000000000000e-06	3.000000000000000e-06
8.683752e+02	2.811514589883112e-02	1.428367936556172e-02	3.000000000000000e-06	3.000000000000000e-06
8.861914e+02	2.809067436896928e-02	1.427429266296855e-02	3.000000000000000e-06	3.000000000000000e-06
9.043632e+02	2.806600925733212e-02	1.426483318308365e-02	3.000000000000000e-06	3.000000000000000e-06
9.228984e+02	2.804114968997215e-02	1.425530069438224e-02	3.000000000000000e-06	3.000000000000000e-06
9.418049e+02	2.801609480508598e-02	1.424569497124342e-02	3.000000000000000e-06	3.000000000000000e-06
9.610908e+02	2.799084375342930e-02	1.423601579406625e-02	3.000000000000000e-06	3.000000000000000e-06
9.807644e+02	2.796539569873479e-02	1.422626294938548e-02	3.000000000000000e-06	3.000000000000000e-06
1.000000e+03	2.794081596346299e-02	1.421684470001186e-02	3.000000000000000e-06	3.000000000000000e-06
1.020474e+03	2.791495831577446e-02	1.420693879202893e-02	3.000000000000000e-06	3.000000000000000e-06
1.041345e+03	2.788892290217929e-02	1.419696690954688e-02	3.000000000000000e-06	3.000000000000000e-06
1.062638e+03	2.786268687596956e-02	1.418692041053527e-02	3.000000000000000e-06	3.000000000000000e-06
1.084362e+03	2.783624991429097e-02	1.417679928324976e-02	3.000000000000000e-06	3.000000000000000e-06
1.106528e+03	2.780961125811244e-02	1.416660334973675e-02	3.000000000000000e-06	3.000000000000000e-06
1.129143e+03	2.778277017342901e-02	1.415633244243640e-02	3.000000000000000e-06	3.000000000000000e-06
1.152219e+03	2.775572594243394e-02	1.414598640074426e-02	3.000000000000000e-06	3.000000000000000e-06
1.175765e+03	2.772847786413888e-02	1.413556507118936e-02	3.000000000000000e-06	3.000000000000000e-06
1.199792e+03	2.770102525480416e-02	1.412506830753811e-02	3.000000000000000e-06	3.000000000000000e-06
1.224310e+03	2.767336744837319e-02	1.411449597089825e-02	3.000000000000000e-06	3.000000000000000e-06
1.249329e+03	2.764550379690647e-02	1.410384792982106e-02	3.000000000000000e-06	3.000000000000000e-06
1.274861e+03	2.761743367101526e-02	1.409312406040210e-02	3.000000000000000e-06	3.000000000000000e-06
1.300917e+03	2.758915646029438e-02	1.408232424638005e-02	3.000000000000000e-06	3.000000000000000e-06
1.327508e+03	2.756067157375386e-02	1.407144837923381e-02	3.000000000000000e-06	3.000000000000000e-06
1.354646e+03	2.753197844024921e-02	1.406049635827767e-02	3.000000000000000e-06	3.000000000000000e-06
1.382343e+03	2.750307650890986e-02	1.404946809075451e-02	3.000000000000000e-06	3.000000000000000e-06
1.410611e+03	2.747396524956548e-02	1.403836349192682e-02	3.000000000000000e-06	3.000000000000000e-06
1.439463e+03	2.744464415316979e-02	1.402718248516569e-02	3.000000000000000e-06	3.000000000000000e-06
1.468911e+03	2.741511273222160e-02	1.401592500203743e-02	3.000000000000000e-06	3.000000000000000e-06
1.498968e+03	2.738537052118261e-02	1.400459098238791e-02	3.000000000000000e-06	3.000000000000000e-06
1.529648e+03	2.735541707689167e-02	1.399318037442448e-02	3.000000000000000e-06	3.000000000000000e-06
1.560964e+03	2.732525197897510e-02	1.398169313479534e-02	3.000000000000000e-06	3.000000000000000e-06
1.592929e+03	2.729487483025282e-02	1.397012922866636e-02	3.000000000000000e-06	3.000000000000000e-06
1.625559e+03	2.726428525713965e-02	1.395848862979522e-02	3.000000000000000e-06	3.000000000000000e-06
1.658867e+03	2.723348291004176e-02	1.394677132060282e-02	3.000000000000000e-06	3.000000000000000e-06
1.692869e+03	2.720246746374757e-02	1.393497729224178e-02	3.000000000000000e-06	3.000000000000000e-06
1.727579e+03	2.717123861781295e-02	1.392310654466215e-02	3.000000000000000e-06	3.000000000000000e-06
1.763013e+03	2.713979609694018e-02	1.391115908667406e-02	3.000000000000000e-06	3.000000000000000e-06
1.799186e+03	2.710813965135043e-02	1.389913493600732e-02	3.000000000000000e-06	3.000000000000000e-06
1.836115e+03	2.707626905714926e-02	1.388703411936790e-02	3.000000000000000e-06	3.000000000000000e-06
1.873815e+03	2.704418411668482e-02	1.387485667249119e-02	3.000000000000000e-06	3.000000000000000e-06
1.912305e+03	2.701188465889838e-02	1.386260264019207e-02	3.000000000000000e-06	3.000000000000000e-06
1.951600e+03	2.697937053966682e-02	1.385027207641147e-02	3.000000000000000e-06	3.000000000000000e-06
1.991718e+03	2.694664164213657e-02	1.383786504425975e-02	3.000000000000000e-06	3.000000000000000e-06
2.032678e+03	2.691369787704891e-02	1.382538161605638e-02	3.000000000000000e-06	3.000000000000000e-06
2.074496e+03	2.688053918305593e-02	1.381282187336632e-02	3.000000000000000e-06	3.000000000000000e-06
2.117193e+03	2.684716552702704e-02	1.380018590703264e-02	3.000000000000000e-06	3.000000000000000e-06
2.160786e+03	2.681357690434559e-02	1.378747381720558e-02	3.000000000000000e-06	3.000000000000000e-06
2.205295e+03	2.677977333919512e-02	1.377468571336795e-02	3.000000000000000e-06	3.000000000000000e-06
2.250740e+03	2.674575488483516e-02	1.376182171435673e-02	3.000000000000000e-06	3.000000000000000e-06
2.297141e+03	2.671152162386596e-02	1.374888194838092e-02	3.000000000000000e-06	3.000000000000000e-06
2.344519e+03	2.667707366848198e-02	1.373586655303557e-02	3.000000000000000e-06	3.000000000000000e-06
2.392894e+03	2.664241116071378e-02	1.372277567531191e-02	3.000000000000000e-06	3.000000000000000e-06
2.442288e+03	2.660753427265796e-02	1.370960947160364e-02	3.000000000000000e-06	3.000000000000000e-06
2.492723e+03	2.657244320669488e-02	1.369636810770922e-02	3.000000000000000e-06	3.000000000000000e-06
2.544222e+03	2.653713819569381e-02	1.368305175883025e-02	3.000000000000000e-06	3.000000000000000e-06
2.596806e+03	2.650161950320525e-02	1.366966060956584e-02	3.000000000000000e-06	3.000000000000000e-06
2.650500e+03	2.646588742364016e-02	1.365619485390299e-02	3.000000000000000e-06	3.000000000000000e-06
2.705327e+03	2.642994228243581e-02	1.364265469520288e-02	3.000000000000000e-06	3.000000000000000e-06
2.761311e+03	2.639378443620792e-02	1.362904034618325e-02	3.000000000000000e-06	3.000000000000000e-06
2.818478e+03	2.635741427288897e-02	1.361535202889656e-02	3.000000000000000e-06	3.000000000000000e-06
2.876851e+03	2.632083221185241e-02	1.360158997470426e-02	3.000000000000000e-06	3.000000000000000e-06
2.936457e+03	2.628403870402244e-02	1.358775442424687e-02	3.000000000000000e-06	3.000000000000000e-06
2.997322e+03	2.624703423196931e-02	1.357384562741007e-02	3.000000000000000e-06	3.000000000000000e-06
3.059474e+03	2.620981930998988e-02	1.355986384328675e-02	3.000000000000000e-06	3.000000000000000e-06
3.122938e+03	2.617239448417319e-02	1.354580934013494e-02	3.000000000000000e-06	3.000000000000000e-06
3.187744e+03	2.613476033245101e-02	1.353168239533182e-02	3.000000000000000e-06	3.000000000000000e-06
3.253919e+03	2.609691746463311e-02	1.351748329532361e-02	3.000000000000000e-06	3.000000000000000e-06
3.321492e+03	2.605886652242722e-02	1.350321233557158e-02	3.000000000000000e-06	3.000000000000000e-06
3.390493e+03	2.602060817944343e-02	1.348886982049398e-02	3.000000000000000e-06	3.000000000000000e-06
3.460953e+03	2.598214314118303e-02	1.347445606340414e-02	3.000000000000000e-06	3.000000000000000e-06
3.532901e+03	2.594347214501173e-02	1.345997138644462e-02	3.000000000000000e-06	3.000000000000000e-06
3.606370e+03	2.590459596011703e-02	1.344541612051750e-02	3.000000000000000e-06	3.000000000000000e-06
3.681391e+03	2.586551538744991e-02	1.343079060521085e-02	3.000000000000000e-06	3.000000000000000e-06
3.757997e+03	2.582623125965061e-02	1.341609518872148e-02	3.000000000000000e-06	3.000000000000000e-06
3.836221e+03	2.578674444095858e-02	1.340133022777384e-02	3.000000000000000e-06	3.000000000000000e-06
3.916097e+03	2.574705582710663e-02	1.338649608753540e-02	3.000000000000000e-06	3.000000000000000e-06
3.997659e+03	2.570716634519919e-02	1.337159314152831e-02	3.000000000000000e-06	3.000000000000000e-06
4.080943e+03	2.566707695357477e-02	1.335662177153755e-02	3.000000000000000e-06	3.000000000000000e-06
4.165985e+03	2.562678864165276e-02	1.334158236751557e-02	3.000000000000000e-06	3.000000000000000e-06
4.252822e+03	2.558630242976444e-02	1.332647532748351e-02	3.000000000000000e-06	3.000000000000000e-06
4.341490e+03	2.554561936896845e-02	1.331130105742911e-02	3.000000000000000e-06	3.000000000000000e-06
4.432028e+03	2.550474054085080e-02	1.329605997120128e-02	3.000000000000000e-06	3.000000000000000e-06
4.524475e+03	2.546366705730942e-02	1.328075249040149e-02	3.000000000000000e-06	3.000000000000000e-06
4.618870e+03	2.542240006032359e-02	1.326537904427206e-02	3.000000000000000e-06	3.000000000000000e-06
4.715253e+03	2.538094072170818e-02	1.324994006958142e-02	3.000000000000000e-06	3.000000000000000e-06
4.813666e+03	2.533929024285304e-02	1.323443601050635e-02	3.000000000000000e-06	3.000000000000000e-06
4.914151e+03	2.529744985444765e-02	1.321886731851146e-02	3.000000000000000e-06	3.000000000000000e-06
5.016750e+03	2.525542081619121e-02	1.320323445222580e-02	3.000000000000000e-06	3.000000000000000e-06
5.121507e+03	2.521320441648850e-02	1.318753787731686e-02	3.000000000000000e-06	3.000000000000000e-06
5.228466e+03	2.517080197213152e-02	1.317177806636195e-02	3.000000000000000e-06	3.000000000000000e-06
5.337672e+03	2.512821482796749e-02	1.315595549871711e-02	3.000000000000000e-06	3.000000000000000e-06
5.449172e+03	2.508544435655305e-02	1.314007066038365e-02	3.000000000000000e-06	3.000000000000000e-06
5.563013e+03	2.504249195779540e-02	1.312412404387236e-02	3.000000000000000e-06	3.000000000000000e-06
5.679241e+03	2.499935905858020e-02	1.310811614806559e-02	3.000000000000000e-06	3.000000000000000e-06
5.797907e+03	2.495604711238696e-02	1.309204747807721e-02	3.000000000000000e-06	3.000000000000000e-06
5.919059e+03	2.491255759889189e-02	1.307591854511064e-02	3.000000000000000e-06	3.000000000000000e-06
6.042749e+03	2.486889202355875e-02	1.305972986631498e-02	3.000000000000000e-06	3.000000000000000e-06
6.169028e+03	2.482505191721797e-02	1.304348196463941e-02	3.000000000000000e-06	3.000000000000000e-06
6.297948e+03	2.478103883563433e-02	1.302717536868596e-02	3.000000000000000e-06	3.000000000000000e-06
6.429563e+03	2.473685435906368e-02	1.301081061256068e-02	3.000000000000000e-06	3.000000000000000e-06
6.563927e+03	2.469250009179896e-02	1.299438823572341e-02	3.000000000000000e-06	3.000000000000000e-06
6.701097e+03	2.464797766170594e-02	1.297790878283632e-02	3.000000000000000e-06	3.000000000000000e-06
6.841129e+03	2.460328871974909e-02	1.296137280361111e-02	3.000000000000000e-06	3.000000000000000e-06
6.984079e+03	2.455843493950790e-02	1.294478085265518e-02	3.000000000000000e-06	3.000000000000000e-06
7.130008e+03	2.451341801668414e-02	1.292813348931685e-02	3.000000000000000e-06	3.000000000000000e-06
7.278975e+03	2.446823966860042e-02	1.291143127752963e-02	3.000000000000000e-06	3.000000000000000e-06
7.431041e+03	2.442290163369045e-02	1.289467478565581e-02	3.000000000000000e-06	3.000000000000000e-06
7.586268e+03	2.437740567098143e-02	1.287786458632932e-02	3.000000000000000e-06	3.000000000000000e-06
7.744719e+03	2.433175355956905e-02	1.286100125629811e-02	3.000000000000000e-06	3.000000000000000e-06
7.906459e+03	2.428594709808541e-02	1.284408537626607e-02	3.000000000000000e-06	3.000000000000000e-06
8.071553e+03	2.423998810416043e-02	1.282711753073458e-02	3.000000000000000e-06	3.000000000000000e-06
8.240069e+03	2.419387841387704e-02	1.281009830784392e-02	3.000000000000000e-06	3.000000000000000e-06
8.412073e+03	2.414761988122074e-02	1.279302829921455e-02	3.000000000000000e-06	3.000000000000000e-06
8.587636e+03	2.410121437752381e-02	1.277590809978824e-02	3.000000000000000e-06	3.000000000000000e-06
8.766828e+03	2.405466379090472e-02	1.275873830766953e-02	3.000000000000000e-06	3.000000000000000e-06
8.949721e+03	2.400797002570318e-02	1.274151952396718e-02	3.000000000000000e-06	3.000000000000000e-06
9.136389e+03	2.396113500191114e-02	1.272425235263597e-02	3.000000000000000e-06	3.000000000000000e-06
9.326905e+03	2.391416065460036e-02	1.270693740031896e-02	3.000000000000000e-06	3.000000000000000e-06
9.521346e+03	2.386704893334685e-02	1.268957527619011e-02	3.000000000000000e-06	3.000000000000000e-06
9.719789e+03	2.381980180165266e-02	1.267216659179758e-02	3.000000000000000e-06	3.000000000000000e-06
9.922312e+03	2.377242123636546e-02	1.265471196090764e-02	3.000000000000000e-06	3.000000000000000e-06
1.000000e+04	2.375457376939017e-02	1.264813698926670e-02	3.000000000000000e-06	3.000000000000000e-06
1.021093e+04	2.370640627552761e-02	1.263039683120727e-02	3.000000000000000e-06	3.000000000000000e-06
1.042348e+04	2.365872718949650e-02	1.261283943317846e-02	3.000000000000000e-06	3.000000000000000e-06
1.064044e+04	2.361090895876922e-02	1.259523357984938e-02	3.000000000000000e-06	3.000000000000000e-06
1.086184e+04	2.356296636663374e-02	1.257758458895347e-02	3.000000000000000e-06	3.000000000000000e-06
1.108778e+04	2.351490119362629e-02	1.255989298852239e-02	3.000000000000000e-06	3.000000000000000e-06
1.131833e+04	2.346671549331466e-02	1.254215940479929e-02	3.000000000000000e-06	3.000000000000000e-06
1.155359e+04	2.341841132296824e-02	1.252438446316048e-02	3.000000000000000e-06	3.000000000000000e-06
1.179365e+04	2.336999074841024e-02	1.250656878996867e-02	3.000000000000000e-06	3.000000000000000e-06
1.203861e+04	2.332145584332675e-02	1.248871301238674e-02	3.000000000000000e-06	3.000000000000000e-06
1.228856e+04	2.327280868868994e-02	1.247081775823440e-02	3.000000000000000e-06	3.000000000000000e-06
1.254359e+04	2.322405137218123e-02	1.245288365584541e-02	3.000000000000000e-06	3.000000000000000e-06
1.280380e+04	2.317518598761722e-02	1.243491133392655e-02	3.000000000000000e-06	3.000000000000000e-06
1.306930e+04	2.312621463437876e-02	1.241690142141818e-02	3.000000000000000e-06	3.000000000000000e-06
1.334019e+04	2.307713941684329e-02	1.239885454735657e-02	3.000000000000000e-06	3.000000000000000e-06
1.361657e+04	2.302796244382095e-02	1.238077134073800e-02	3.000000000000000e-06	3.000000000000000e-06
1.389854e+04	2.297868582799478e-02	1.236265243038468e-02	3.000000000000000e-06	3.000000000000000e-06
1.418621e+04	2.292931168536515e-02	1.234449844481259e-02	3.000000000000000e-06	3.000000000000000e-06
1.447970e+04	2.287984213469902e-02	1.232631001210120e-02	3.000000000000000e-06	3.000000000000000e-06
1.477911e+04	2.283027929698403e-02	1.230808775976520e-02	3.000000000000000e-06	3.000000000000000e-06
1.508457e+04	2.278062529488782e-02	1.228983231462821e-02	3.000000000000000e-06	3.000000000000000e-06
1.539617e+04	2.273088225222297e-02	1.227154430269855e-02	3.000000000000000e-06	3.000000000000000e-06
1.571405e+04	2.268105229341762e-02	1.225322434904710e-02	3.000000000000000e-06	3.000000000000000e-06
1.603832e+04	2.263113754299212e-02	1.223487307768729e-02	3.000000000000000e-06	3.000000000000000e-06
1.636910e+04	2.258114012504200e-02	1.221649111145718e-02	3.000000000000000e-06	3.000000000000000e-06
1.670652e+04	2.253106216272741e-02	1.219807907190379e-02	3.000000000000000e-06	3.000000000000000e-06
1.705070e+04	2.248090577776928e-02	1.217963757916957e-02	3.000000000000000e-06	3.000000000000000e-06
1.740178e+04	2.243067308995240e-02	1.216116725188112e-02	3.000000000000000e-06	3.000000000000000e-06
1.775988e+04	2.238036621663569e-02	1.214266870704016e-02	3.000000000000000e-06	3.000000000000000e-06
1.812514e+04	2.232998727226971e-02	1.212414255991672e-02	3.000000000000000e-06	3.000000000000000e-06
1.849769e+04	2.227953836792176e-02	1.210558942394466e-02	3.000000000000000e-06	3.000000000000000e-06
1.887767e+04	2.222902161080856e-02	1.208700991061943e-02	3.000000000000000e-06	3.000000000000000e-06
1.926523e+04	2.217843910383686e-02	1.206840462939818e-02	3.000000000000000e-06	3.000000000000000e-06
1.966050e+04	2.212779294515192e-02	1.204977418760212e-02	3.000000000000000e-06	3.000000000000000e-06
2.006362e+04	2.207708522769418e-02	1.203111919032128e-02	3.000000000000000e-06	3.000000000000000e-06
2.047476e+04	2.202631803876417e-02	1.201244024032148e-02	3.000000000000000e-06	3.000000000000000e-06
2.089406e+04	2.197549345959573e-02	1.199373793795376e-02	3.000000000000000e-06	3.000000000000000e-06
2.132167e+04	2.192461356493774e-02	1.197501288106599e-02	3.000000000000000e-06	3.000000000000000e-06
2.175775e+04	2.187368042264442e-02	1.195626566491693e-02	3.000000000000000e-06	3.000000000000000e-06
2.220246e+04	2.182269609327424e-02	1.193749688209255e-02	3.000000000000000e-06	3.000000000000000e-06
2.265596e+04	2.177166262969762e-02	1.191870712242465e-02	3.000000000000000e-06	3.000000000000000e-06
2.311842e+04	2.172058207671340e-02	1.189989697291187e-02	3.000000000000000e-06	3.000000000000000e-06
2.359000e+04	2.166945647067415e-02	1.188106701764292e-02	3.000000000000000e-06	3.000000000000000e-06
2.407088e+04	2.161828783912046e-02	1.186221783772215e-02	3.000000000000000e-06	3.000000000000000e-06
2.456123e+04	2.156707820042414e-02	1.184335001119740e-02	3.000000000000000e-06	3.000000000000000e-06
2.506122e+04	2.151582956344042e-02	1.182446411299009e-02	3.000000000000000e-06	3.000000000000000e-06
2.557104e+04	2.146454392716920e-02	1.180556071482764e-02	3.000000000000000e-06	3.000000000000000e-06
2.609086e+04	2.141322328042524e-02	1.178664038517805e-02	3.000000000000000e-06	3.000000000000000e-06
2.662089e+04	2.136186960151756e-02	1.176770368918674e-02	3.000000000000000e-06	3.000000000000000e-06
2.716130e+04	2.131048485793773e-02	1.174875118861564e-02	3.000000000000000e-06	3.000000000000000e-06
2.771229e+04	2.125907100605728e-02	1.172978344178438e-02	3.000000000000000e-06	3.000000000000000e-06
2.827405e+04	2.120762999083416e-02	1.171080100351377e-02	3.000000000000000e-06	3.000000000000000e-06
2.884680e+04	2.115616374552814e-02	1.169180442507130e-02	3.000000000000000e-06	3.000000000000000e-06
2.943072e+04	2.110467419142530e-02	1.167279425411886e-02	3.000000000000000e-06	3.000000000000000e-06
3.002604e+04	2.105316323757133e-02	1.165377103466256e-02	3.000000000000000e-06	3.000000000000000e-06
3.063295e+04	2.100163278051393e-02	1.163473530700454e-02	3.000000000000000e-06	3.000000000000000e-06
3.125168e+04	2.095008470405389e-02	1.161568760769700e-02	3.000000000000000e-06	3.000000000000000e-06
3.188244e+04	2.089852087900513e-02	1.159662846949809e-02	3.000000000000000e-06	3.000000000000000e-06
3.252546e+04	2.084694316296343e-02	1.157755842132992e-02	3.000000000000000e-06	3.000000000000000e-06
3.318097e+04	2.079535340008389e-02	1.155847798823850e-02	3.000000000000000e-06	3.000000000000000e-06
3.384918e+04	2.074375342086701e-02	1.153938769135565e-02	3.000000000000000e-06	3.000000000000000e-06
3.453035e+04	2.069214504195335e-02	1.152028804786284e-02	3.000000000000000e-06	3.000000000000000e-06
3.522471e+04	2.064053006592666e-02	1.150117957095690e-02	3.000000000000000e-06	3.000000000000000e-06
3.593250e+04	2.058891028112541e-02	1.148206276981761e-02	3.000000000000000e-06	3.000000000000000e-06
3.665396e+04	2.053728746146264e-02	1.146293814957716e-02	3.000000000000000e-06	3.000000000000000e-06
3.738936e+04	2.048566336625408e-02	1.144380621129134e-02	3.000000000000000e-06	3.000000000000000e-06
3.813895e+04	2.043403974005436e-02	1.142466745191260e-02	3.000000000000000e-06	3.000000000000000e-06
3.890299e+04	2.038241831250127e-02	1.140552236426479e-02	3.000000000000000e-06	3.000000000000000e-06
3.968174e+04	2.033080079816797e-02	1.138637143701964e-02	3.000000000000000e-06	3.000000000000000e-06
4.047548e+04	2.027918889642307e-02	1.136721515467494e-02	3.000000000000000e-06	3.000000000000000e-06
4.128448e+04	2.022758429129833e-02	1.134805399753436e-02	3.000000000000000e-06	3.000000000000000e-06
4.210903e+04	2.017598865136415e-02	1.132888844168889e-02	3.000000000000000e-06	3.000000000000000e-06
4.294940e+04	2.012440362961243e-02	1.130971895899987e-02	3.000000000000000e-06	3.000000000000000e-06
4.380589e+04	2.007283086334687e-02	1.129054601708362e-02	3.000000000000000e-06	3.000000000000000e-06
4.467879e+04	2.002127197408062e-02	1.127137007929753e-02	3.000000000000000e-06	3.000000000000000e-06
4.556841e+04	1.996972856744098e-02	1.125219160472771e-02	3.000000000000000e-06	3.000000000000000e-06
4.647504e+04	1.991820223308123e-02	1.123301104817808e-02	3.000000000000000e-06	3.000000000000000e-06
4.739901e+04	1.986669454459933e-02	1.121382886016091e-02	3.000000000000000e-06	3.000000000000000e-06
4.834064e+04	1.981520705946349e-02	1.119464548688872e-02	3.000000000000000e-06	3.000000000000000e-06
4.930023e+04	1.976374131894432e-02	1.117546137026760e-02	3.000000000000000e-06	3.000000000000000e-06
5.027812e+04	1.971229884805363e-02	1.115627694789189e-02	3.000000000000000e-06	3.000000000000000e-06
5.127465e+04	1.966088115548956e-02	1.113709265304006e-02	3.000000000000000e-06	3.000000000000000e-06
5.229016e+04	1.960948973358810e-02	1.111790891467202e-02	3.000000000000000e-06	3.000000000000000e-06
5.332499e+04	1.955812605828071e-02	1.109872615742752e-02	3.000000000000000e-06	3.000000000000000e-06
5.437950e+04	1.950679158905802e-02	1.107954480162591e-02	3.000000000000000e-06	3.000000000000000e-06
5.545404e+04	1.945548776893944e-02	1.106036526326702e-02	3.000000000000000e-06	3.000000000000000e-06
5.654899e+04	1.940421602444854e-02	1.104118795403315e-02	3.000000000000000e-06	3.000000000000000e-06
5.766470e+04	1.935297776559405e-02	1.102201328129227e-02	3.000000000000000e-06	3.000000000000000e-06
5.880157e+04	1.930177438585655e-02	1.100284164810228e-02	3.000000000000000e-06	3.000000000000000e-06
5.995998e+04	1.925060726218028e-02	1.098367345321634e-02	3.000000000000000e-06	3.000000000000000e-06
6.114031e+04	1.919947775497051e-02	1.096450909108918e-02	3.000000000000000e-06	3.000000000000000e-06
6.234298e+04	1.914838720809585e-02	1.094534895188459e-02	3.000000000000000e-06	3.000000000000000e-06
6.356838e+04	1.909733694889564e-02	1.092619342148363e-02	3.000000000000000e-06	3.000000000000000e-06
6.481693e+04	1.904632828819226e-02	1.090704288149406e-02	3.000000000000000e-06	3.000000000000000e-06
6.608905e+04	1.899536252030811e-02	1.088789770926047e-02	3.000000000000000e-06	3.000000000000000e-06
6.738516e+04	1.894444092308734e-02	1.086875827787546e-02	3.000000000000000e-06	3.000000000000000e-06
6.870572e+04	1.889356475792194e-02	1.084962495619176e-02	3.000000000000000e-06	3.000000000000000e-06
7.005115e+04	1.884273526978237e-02	1.083049810883463e-02	3.000000000000000e-06	3.000000000000000e-06
7.142192e+04	1.879195368725229e-02	1.081137809621596e-02	3.000000000000000e-06	3.000000000000000e-06
7.281848e+04	1.874122122256760e-02	1.079226527454852e-02	3.000000000000000e-06	3.000000000000000e-06
7.424130e+04	1.869053907165929e-02	1.077315999586119e-02	3.000000000000000e-06	3.000000000000000e-06
7.569085e+04	1.863990841420036e-02	1.075406260801489e-02	3.000000000000000e-06	3.000000000000000e-06
7.716763e+04	1.858933041365644e-02	1.073497345471922e-02	3.000000000000000e-06	3.000000000000000e-06
7.867212e+04	1.853880621734004e-02	1.071589287554980e-02	3.000000000000000e-06	3.000000000000000e-06
8.020484e+04	1.848833695646839e-02	1.069682120596629e-02	3.000000000000000e-06	3.000000000000000e-06
8.176629e+04	1.843792374622466e-02	1.067775877733100e-02	3.000000000000000e-06	3.000000000000000e-06
8.335698e+04	1.838756768582253e-02	1.065870591692815e-02	3.000000000000000e-06	3.000000000000000e-06
8.497747e+04	1.833726985857397e-02	1.063966294798374e-02	3.000000000000000e-06	3.000000000000000e-06
8.662827e+04	1.828703133195998e-02	1.062063018968593e-02	3.000000000000000e-06	3.000000000000000e-06
8.830994e+04	1.823685315770451e-02	1.060160795720604e-02	3.000000000000000e-06	3.000000000000000e-06
9.002305e+04	1.818673637185107e-02	1.058259656172002e-02	3.000000000000000e-06	3.000000000000000e-06
9.176816e+04	1.813668199484221e-02	1.056359631043044e-02	3.000000000000000e-06	3.000000000000000e-06
9.354585e+04	1.808669103160158e-02	1.054460750658900e-02	3.000000000000000e-06	3.000000000000000e-06
9.535671e+04	1.803676447161864e-02	1.052563044951943e-02	3.000000000000000e-06	3.000000000000000e-06
9.720134e+04	1.798690328903572e-02	1.050666543464090e-02	3.000000000000000e-06	3.000000000000000e-06
9.908035e+04	1.793710844273750e-02	1.048771275349182e-02	3.000000000000000e-06	3.000000000000000e-06
1.000000e+05	1.791323248643189e-02	1.047861667411462e-02	3.000000000000000e-06	3.000000000000000e-06
1.019497e+05	1.786305937137691e-02	1.045950069315108e-02	3.000000000000000e-06	3.000000000000000e-06
1.039167e+05	1.781344241237074e-02	1.044058327773378e-02	3.000000000000000e-06	3.000000000000000e-06
1.059207e+05	1.776388608653256e-02	1.042167578200147e-02	3.000000000000000e-06	3.000000000000000e-06
1.079620e+05	1.771440038122599e-02	1.040278194435344e-02	3.000000000000000e-06	3.000000000000000e-06
1.100412e+05	1.766498600665995e-02	1.038390197197403e-02	3.000000000000000e-06	3.000000000000000e-06
1.121590e+05	1.761564382806297e-02	1.036503613298241e-02	3.000000000000000e-06	3.000000000000000e-06
1.143161e+05	1.756637469303562e-02	1.034618469062249e-02	3.000000000000000e-06	3.000000000000000e-06
1.165133e+05	1.751717943481865e-02	1.032734790449554e-02	3.000000000000000e-06	3.000000000000000e-06
1.187513e+05	1.746805887234216e-02	1.030852603056504e-02	3.000000000000000e-06	3.000000000000000e-06
1.210307e+05	1.741901381033535e-02	1.028971932118420e-02	3.000000000000000e-06	3.000000000000000e-06
1.233524e+05	1.737004503943635e-02	1.027092802512334e-02	3.000000000000000e-06	3.000000000000000e-06
1.257171e+05	1.732115333630340e-02	1.025215238759747e-02	3.000000000000000e-06	3.000000000000000e-06
1.281255e+05	1.727233946372719e-02	1.023339265029398e-02	3.000000000000000e-06	3.000000000000000e-06
1.305786e+05	1.722360417074430e-02	1.021464905140069e-02	3.000000000000000e-06	3.000000000000000e-06
1.330770e+05	1.717494819275171e-02	1.019592182563387e-02	3.000000000000000e-06	3.000000000000000e-06
1.356216e+05	1.712637225162220e-02	1.017721120426651e-02	3.000000000000000e-06	3.000000000000000e-06
1.382133e+05	1.707787705582067e-02	1.015851741515677e-02	3.000000000000000e-06	3.000000000000000e-06
1.408528e+05	1.702946330052135e-02	1.013984068277644e-02	3.000000000000000e-06	3.000000000000000e-06
1.435411e+05	1.698113166772564e-02	1.012118122823958e-02	3.000000000000000e-06	3.000000000000000e-06
1.462791e+05	1.693288282638073e-02	1.010253926933128e-02	3.000000000000000e-06	3.000000000000000e-06
1.490675e+05	1.688471743249887e-02	1.008391502053646e-02	3.000000000000000e-06	3.000000000000000e-06
1.519074e+05	1.683663612927710e-02	1.006530869306875e-02	3.000000000000000e-06	3.000000000000000e-06
1.547997e+05	1.678863954721762e-02	1.004672049489950e-02	3.000000000000000e-06	3.000000000000000e-06
1.577452e+05	1.674072830424853e-02	1.002815063078675e-02	3.000000000000000e-06	3.000000000000000e-06
1.607451e+05	1.669290300584494e-02	1.000959930230430e-02	3.000000000000000e-06	3.000000000000000e-06
1.638002e+05	1.664516424515058e-02	9.991066707870831e-03	3.000000000000000e-06	3.000000000000000e-06
1.669115e+05	1.659751260309944e-02	9.972553042778987e-03	3.000000000000000e-06	3.000000000000000e-06
1.700801e+05	1.654994864853792e-02	9.954058499224528e-03	3.000000000000000e-06	3.000000000000000e-06
1.733070e+05	1.650247293834697e-02	9.935583266335455e-03	3.000000000000000e-06	3.000000000000000e-06
1.765932e+05	1.645508601756443e-02	9.917127530201150e-03	3.000000000000000e-06	3.000000000000000e-06
1.799399e+05	1.640778841950753e-02	9.898691473901485e-03	3.000000000000000e-06	3.000000000000000e-06
1.833481e+05	1.636058066589527e-02	9.880275277535920e-03	3.000000000000000e-06	3.000000000000000e-06
1.868189e+05	1.631346326697102e-02	9.861879118252575e-03	3.000000000000000e-06	3.000000000000000e-06
1.903534e+05	1.626643672162485e-02	9.843503170277244e-03	3.000000000000000e-06	3.000000000000000e-06
1.939529e+05	1.621950151751596e-02	9.825147604942384e-03	3.000000000000000e-06	3.000000000000000e-06
1.976184e+05	1.617265813119489e-02	9.806812590716042e-03	3.000000000000000e-06	3.000000000000000e-06
2.013511e+05	1.612590702822556e-02	9.788498293230715e-03	3.000000000000000e-06	3.000000000000000e-06
2.051524e+05	1.607924866330718e-02	9.770204875312155e-03	3.000000000000000e-06	3.000000000000000e-06
2.090234e+05	1.603268348039586e-02	9.751932497008085e-03	3.000000000000000e-06	3.000000000000000e-06
2.129653e+05	1.598621191282597e-02	9.733681315616844e-03	3.000000000000000e-06	3.000000000000000e-06
2.169795e+05	1.593983438343120e-02	9.715451485715945e-03	3.000000000000000e-06	3.000000000000000e-06
2.210672e+05	1.589355130466527e-02	9.697243159190523e-03	3.000000000000000e-06	3.000000000000000e-06
2.252298e+05	1.584736307872227e-02	9.679056485261713e-03	3.000000000000000e-06	3.000000000000000e-06
2.294686e+05	1.580127009765664e-02	9.660891610514890e-03	3.000000000000000e-06	3.000000000000000e-06
2.337850e+05	1.575527274350264e-02	9.642748678927827e-03	3.000000000000000e-06	3.000000000000000e-06
2.381805e+05	1.570937138839344e-02	9.624627831898713e-03	3.000000000000000e-06	3.000000000000000e-06
2.426563e+05	1.566356639467970e-02	9.606529208274069e-03	3.000000000000000e-06	3.000000000000000e-06
2.472141e+05	1.561785811504762e-02	9.588452944376527e-03	3.000000000000000e-06	3.000000000000000e-06
2.518552e+05	1.557224689263648e-02	9.570399174032488e-03	3.000000000000000e-06	3.000000000000000e-06
2.565811e+05	1.552673306115563e-02	9.552368028599632e-03	3.000000000000000e-06	3.000000000000000e-06
2.613934e+05	1.548131694500086e-02	9.534359636994297e-03	3.000000000000000e-06	3.000000000000000e-06
2.662937e+05	1.543599885937022e-02	9.516374125718728e-03	3.000000000000000e-06	3.000000000000000e-06
2.712835e+05	1.539077911037915e-02	9.498411618888151e-03	3.000000000000000e-06	3.000000000000000e-06
2.763645e+05	1.534565799517505e-02	9.480472238257718e-03	3.000000000000000e-06	3.000000000000000e-06
2.815382e+05	1.530063580205111e-02	9.462556103249288e-03	3.000000000000000e-06	3.000000000000000e-06
2.868065e+05	1.525571281055950e-02	9.444663330978062e-03	3.000000000000000e-06	3.000000000000000e-06
2.921708e+05	1.521088929162389e-02	9.426794036279043e-03	3.000000000000000e-06	3.000000000000000e-06
2.976331e+05	1.516616550765115e-02	9.408948331733332e-03	3.000000000000000e-06	3.000000000000000e-06
3.031951e+05	1.512154171264245e-02	9.391126327694283e-03	3.000000000000000e-06	3.000000000000000e-06
3.088585e+05	1.507701815230356e-02	9.373328132313450e-03	3.000000000000000e-06	3.000000000000000e-06
3.146252e+05	1.503259506415435e-02	9.355553851566391e-03	3.000000000000000e-06	3.000000000000000e-06
3.204971e+05	1.498827267763759e-02	9.337803589278286e-03	3.000000000000000e-06	3.000000000000000e-06
3.264761e+05	1.494405121422692e-02	9.320077447149385e-03	3.000000000000000e-06	3.000000000000000e-06
3.325640e+05	1.489993088753404e-02	9.302375524780261e-03	3.000000000000000e-06	3.000000000000000e-06
3.387629e+05	1.485591190341512e-02	9.284697919696909e-03	3.000000000000000e-06	3.000000000000000e-06
3.450747e+05	1.481199446007632e-02	9.267044727375632e-03	3.000000000000000e-06	3.000000000000000e-06
3.515016e+05	1.476817874817858e-02	9.249416041267765e-03	3.000000000000000e-06	3.000000000000000e-06
3.580455e+05	1.472446495094148e-02	9.231811952824203e-03	3.000000000000000e-06	3.000000000000000e-06
3.647086e+05	1.468085324424633e-02	9.214232551519741e-03	3.000000000000000e-06	3.000000000000000e-06
3.714930e+05	1.463734379673837e-02	9.196677924877224e-03	3.000000000000000e-06	3.000000000000000e-06
3.784010e+05	1.459393676992812e-02	9.179148158491518e-03	3.000000000000000e-06	3.000000000000000e-06
3.854347e+05	1.455063231829187e-02	9.161643336053264e-03	3.000000000000000e-06	3.000000000000000e-06
3.925964e+05	1.450743058937130e-02	9.144163539372465e-03	3.000000000000000e-06	3.000000000000000e-06
3.998885e+05	1.446433172387220e-02	9.126708848401869e-03	3.000000000000000e-06	3.000000000000000e-06
4.073132e+05	1.442133585576234e-02	9.109279341260143e-03	3.000000000000000e-06	3.000000000000000e-06
4.148730e+05	1.437844311236843e-02	9.091875094254881e-03	3.000000000000000e-06	3.000000000000000e-06
4.225704e+05	1.433565361447222e-02	9.074496181905386e-03	3.000000000000000e-06	3.000000000000000e-06
4.304077e+05	1.429296747640566e-02	9.057142676965273e-03	3.000000000000000e-06	3.000000000000000e-06
4.383876e+05	1.425038480614521e-02	9.039814650444865e-03	3.000000000000000e-06	3.000000000000000e-06
4.465126e+05	1.420790570540522e-02	9.022512171633397e-03	3.000000000000000e-06	3.000000000000000e-06
4.547853e+05	1.416553026973043e-02	9.005235308121015e-03	3.000000000000000e-06	3.000000000000000e-06
4.632084e+05	1.412325858858753e-02	8.987984125820584e-03	3.000000000000000e-06	3.000000000000000e-06
4.717846e+05	1.408109074545588e-02	8.970758688989285e-03	3.000000000000000e-06	3.000000000000000e-06
4.805166e+05	1.403902681791727e-02	8.953559060250025e-03	3.000000000000000e-06	3.000000000000000e-06
4.894074e+05	1.399706687774478e-02	8.936385300612644e-03	3.000000000000000e-06	3.000000000000000e-06
4.984597e+05	1.395521099099075e-02	8.919237469494915e-03	3.000000000000000e-06	3.000000000000000e-06
5.076765e+05	1.391345921807387e-02	8.902115624743353e-03	3.000000000000000e-06	3.000000000000000e-06
5.170607e+05	1.387181161386529e-02	8.885019822653821e-03	3.000000000000000e-06	3.000000000000000e-06
5.266153e+05	1.383026822777389e-02	8.867950117991940e-03	3.000000000000000e-06	3.000000000000000e-06
5.363435e+05	1.378882910383065e-02	8.850906564013298e-03	3.000000000000000e-06	3.000000000000000e-06
5.462484e+05	1.374749428077205e-02	8.833889212483457e-03	3.000000000000000e-06	3.000000000000000e-06
5.563332e+05	1.370626379212267e-02	8.816898113697767e-03	3.000000000000000e-06	3.000000000000000e-06
5.666010e+05	1.366513766627679e-02	8.799933316500979e-03	3.000000000000000e-06	3.000000000000000e-06
5.770553e+05	1.362411592657917e-02	8.782994868306663e-03	3.000000000000000e-06	3.000000000000000e-06
5.876994e+05	1.358319859140491e-02	8.766082815116434e-03	3.000000000000000e-06	3.000000000000000e-06
5.985368e+05	1.354238567423841e-02	8.749197201538961e-03	3.000000000000000e-06	3.000000000000000e-06
6.095708e+05	1.350167718375144e-02	8.732338070808811e-03	3.000000000000000e-06	3.000000000000000e-06
6.208051e+05	1.346107312388041e-02	8.715505464805070e-03	3.000000000000000e-06	3.000000000000000e-06
6.322433e+05	1.342057349390257e-02	8.698699424069787e-03	3.000000000000000e-06	3.000000000000000e-06
6.438891e+05	1.338017828851158e-02	8.681919987826220e-03	3.000000000000000e-06	3.000000000000000e-06
6.557463e+05	1.333988749789200e-02	8.665167193996888e-03	3.000000000000000e-06	3.000000000000000e-06
6.678185e+05	1.329970110779300e-02	8.648441079221428e-03	3.000000000000000e-06	3.000000000000000e-06
6.801098e+05	1.325961909960123e-02	8.631741678874264e-03	3.000000000000000e-06	3.000000000000000e-06
6.926242e+05	1.321964145041280e-02	8.615069027082093e-03	3.000000000000000e-06	3.000000000000000e-06
7.053655e+05	1.317976813310435e-02	8.598423156741164e-03	3.000000000000000e-06	3.000000000000000e-06
7.183380e+05	1.313999911640339e-02	8.581804099534388e-03	3.000000000000000e-06	3.000000000000000e-06
7.315459e+05	1.310033436495769e-02	8.565211885948247e-03	3.000000000000000e-06	3.000000000000000e-06
7.449933e+05	1.306077383940389e-02	8.548646545289524e-03	3.000000000000000e-06	3.000000000000000e-06
7.586846e+05	1.302131749643522e-02	8.532108105701840e-03	3.000000000000000e-06	3.000000000000000e-06
7.726242e+05	1.298196528886847e-02	8.515596594182020e-03	3.000000000000000e-06	3.000000000000000e-06
7.868167e+05	1.294271716571007e-02	8.499112036596259e-03	3.000000000000000e-06	3.000000000000000e-06
8.012665e+05	1.290357307222136e-02	8.482654457696118e-03	3.000000000000000e-06	3.000000000000000e-06
8.159784e+05	1.286453294998307e-02	8.466223881134341e-03	3.000000000000000e-06	3.000000000000000e-06
8.309571e+05	1.282559673695902e-02	8.449820329480476e-03	3.000000000000000e-06	3.000000000000000e-06
8.462074e+05	1.278676436755890e-02	8.433443824236336e-03	3.000000000000000e-06	3.000000000000000e-06
8.617343e+05	1.274803577270040e-02	8.417094385851273e-03	3.000000000000000e-06	3.000000000000000e-06
8.775427e+05	1.270941087987050e-02	8.400772033737278e-03	3.000000000000000e-06	3.000000000000000e-06
8.936377e+05	1.267088961318591e-02	8.384476786283901e-03	3.000000000000000e-06	3.000000000000000e-06
9.100245e+05	1.263247189345281e-02	8.368208660873011e-03	3.000000000000000e-06	3.000000000000000e-06
9.267085e+05	1.259415763822584e-02	8.351967673893367e-03	3.000000000000000e-06	3.000000000000000e-06
9.436950e+05	1.255594676186622e-02	8.335753840755031e-03	3.000000000000000e-06	3.000000000000000e-06
9.609894e+05	1.251783917559922e-02	8.319567175903597e-03	3.000000000000000e-06	3.000000000000000e-06
9.785973e+05	1.247983478757084e-02	8.303407692834275e-03	3.000000000000000e-06	3.000000000000000e-06
9.965245e+05	1.244193350290372e-02	8.287275404105775e-03	3.000000000000000e-06	3.000000000000000e-06
1.000000e+06	1.243474502741510e-02	8.284211179893046e-03	3.000000000000000e-06	3.000000000000000e-06
1.018583e+06	1.239641243330241e-02	8.267875364631217e-03	3.000000000000000e-06	3.000000000000000e-06
1.037230e+06	1.235874796777749e-02	8.251807280215741e-03	3.000000000000000e-06	3.000000000000000e-06
1.056220e+06	1.232117620608630e-02	8.235762132420986e-03	3.000000000000000e-06	3.000000000000000e-06
1.075554e+06	1.228370729686001e-02	8.219744298485970e-03	3.000000000000000e-06	3.000000000000000e-06
1.095239e+06	1.224634094749767e-02	8.203753708341078e-03	3.000000000000000e-06	3.000000000000000e-06
1.115281e+06	1.220907704882680e-02	8.187790370426098e-03	3.000000000000000e-06	3.000000000000000e-06
1.135685e+06	1.217191548571465e-02	8.171854290923167e-03	3.000000000000000e-06	3.000000000000000e-06
1.156460e+06	1.213485614049597e-02	8.155945475211153e-03	3.000000000000000e-06	3.000000000000000e-06
1.177611e+06	1.209789889296217e-02	8.140063927852336e-03	3.000000000000000e-06	3.000000000000000e-06
1.199146e+06	1.206104362041112e-02	8.124209652605149e-03	3.000000000000000e-06	3.000000000000000e-06
1.221071e+06	1.202429019769516e-02	8.108382652436283e-03	3.000000000000000e-06	3.000000000000000e-06
1.243394e+06	1.198763849726852e-02	8.092582929532660e-03	3.000000000000000e-06	3.000000000000000e-06
1.266121e+06	1.195108838923400e-02	8.076810485313255e-03	3.000000000000000e-06	3.000000000000000e-06
1.289261e+06	1.191463974138909e-02	8.061065320440774e-03	3.000000000000000e-06	3.000000000000000e-06
1.312819e+06	1.187829241927136e-02	8.045347434833167e-03	3.000000000000000e-06	3.000000000000000e-06
1.336805e+06	1.184204628620332e-02	8.029656827675025e-03	3.000000000000000e-06	3.000000000000000e-06
1.361226e+06	1.180590120333655e-02	8.013993497428810e-03	3.000000000000000e-06	3.000000000000000e-06
1.386089e+06	1.176985702969524e-02	7.998357441845957e-03	3.000000000000000e-06	3.000000000000000e-06
1.411403e+06	1.173391362221918e-02	7.982748657977819e-03	3.000000000000000e-06	3.000000000000000e-06
1.437176e+06	1.169807083580602e-02	7.967167142186498e-03	3.000000000000000e-06	3.000000000000000e-06
1.463417e+06	1.166232852335306e-02	7.951612890155512e-03	3.000000000000000e-06	3.000000000000000e-06
1.490133e+06	1.162668653579831e-02	7.936085896900339e-03	3.000000000000000e-06	3.000000000000000e-06
1.517333e+06	1.159114472216109e-02	7.920586156778828e-03	3.000000000000000e-06	3.000000000000000e-06
1.545026e+06	1.155570292958196e-02	7.905113663501466e-03	3.000000000000000e-06	3.000000000000000e-06
1.573222e+06	1.152036100336210e-02	7.889668410141519e-03	3.000000000000000e-06	3.000000000000000e-06
1.601929e+06	1.148511878700213e-02	7.874250389145047e-03	3.000000000000000e-06	3.000000000000000e-06
1.631156e+06	1.144997612224039e-02	7.858859592340776e-03	3.000000000000000e-06	3.000000000000000e-06
1.660914e+06	1.141493284909059e-02	7.843496010949849e-03	3.000000000000000e-06	3.000000000000000e-06
1.691210e+06	1.137998880587897e-02	7.828159635595458e-03	3.000000000000000e-06	3.000000000000000e-06
1.722057e+06	1.134514382928094e-02	7.812850456312331e-03	3.000000000000000e-06	3.000000000000000e-06
1.753462e+06	1.131039775435711e-02	7.797568462556118e-03	3.000000000000000e-06	3.000000000000000e-06
1.785437e+06	1.127575041458882e-02	7.782313643212632e-03	3.000000000000000e-06	3.000000000000000e-06
1.817992e+06	1.124120164191322e-02	7.767085986606984e-03	3.000000000000000e-06	3.000000000000000e-06
1.851138e+06	1.120675126675767e-02	7.751885480512592e-03	3.000000000000000e-06	3.000000000000000e-06
1.884884e+06	1.117239911807381e-02	7.736712112160066e-03	3.000000000000000e-06	3.000000000000000e-06
1.919242e+06	1.113814502337099e-02	7.721565868245987e-03	3.000000000000000e-06	3.000000000000000e-06
1.954224e+06	1.110398880874928e-02	7.706446734941561e-03	3.000000000000000e-06	3.000000000000000e-06
1.989840e+06	1.106993029893194e-02	7.691354697901158e-03	3.000000000000000e-06	3.000000000000000e-06
2.026102e+06	1.103596931729743e-02	7.676289742270742e-03	3.000000000000000e-06	3.000000000000000e-06
2.063022e+06	1.100210568591093e-02	7.661251852696183e-03	3.000000000000000e-06	3.000000000000000e-06
2.100612e+06	1.096833922555541e-02	7.646241013331464e-03	3.000000000000000e-06	3.000000000000000e-06
2.138883e+06	1.093466975576215e-02	7.631257207846773e-03	3.000000000000000e-06	3.000000000000000e-06
2.177849e+06	1.090109709484092e-02	7.616300419436488e-03	3.000000000000000e-06	3.000000000000000e-06
2.217521e+06	1.086762105990961e-02	7.601370630827052e-03	3.000000000000000e-06	3.000000000000000e-06
2.257914e+06	1.083424146692343e-02	7.586467824284750e-03	3.000000000000000e-06	3.000000000000000e-06
2.299039e+06	1.080095813070368e-02	7.571591981623371e-03	3.000000000000000e-06	3.000000000000000e-06
2.340910e+06	1.076777086496608e-02	7.556743084211772e-03	3.000000000000000e-06	3.000000000000000e-06
2.383542e+06	1.073467948234866e-02	7.541921112981339e-03	3.000000000000000e-06	3.000000000000000e-06
2.426946e+06	1.070168379443918e-02	7.527126048433344e-03	3.000000000000000e-06	3.000000000000000e-06
2.471139e+06	1.066878361180223e-02	7.512357870646203e-03	3.000000000000000e-06	3.000000000000000e-06
2.516133e+06	1.063597874400581e-02	7.497616559282642e-03	3.000000000000000e-06	3.000000000000000e-06
2.561944e+06	1.060326899964753e-02	7.482902093596751e-03	3.000000000000000e-06	3.000000000000000e-06
2.608586e+06	1.057065418638045e-02	7.468214452440955e-03	3.000000000000000e-06	3.000000000000000e-06
2.656075e+06	1.053813411093844e-02	7.453553614272881e-03	3.000000000000000e-06	3.000000000000000e-06
2.704426e+06	1.050570857916120e-02	7.438919557162134e-03	3.000000000000000e-06	3.000000000000000e-06
2.753655e+06	1.047337739601889e-02	7.424312258796982e-03	3.000000000000000e-06	3.000000000000000e-06
2.803777e+06	1.044114036563631e-02	7.409731696490945e-03	3.000000000000000e-06	3.000000000000000e-06
2.854809e+06	1.040899729131681e-02	7.395177847189295e-03	3.000000000000000e-06	3.000000000000000e-06
2.906768e+06	1.037694797556571e-02	7.380650687475464e-03	3.000000000000000e-06	3.000000000000000e-06
2.959669e+06	1.034499222011343e-02	7.366150193577372e-03	3.000000000000000e-06	3.000000000000000e-06
3.013532e+06	1.031312982593822e-02	7.351676341373652e-03	3.000000000000000e-06	3.000000000000000e-06
3.068372e+06	1.028136059328853e-02	7.337229106399802e-03	3.000000000000000e-06	3.000000000000000e-06
3.124209e+06	1.024968432170506e-02	7.322808463854247e-03	3.000000000000000e-06	3.000000000000000e-06
3.181059e+06	1.021810081004236e-02	7.308414388604315e-03	3.000000000000000e-06	3.000000000000000e-06
3.238942e+06	1.018660985649026e-02	7.294046855192133e-03	3.000000000000000e-06	3.000000000000000e-06
3.297876e+06	1.015521125859475e-02	7.279705837840437e-03	3.000000000000000e-06	3.000000000000000e-06
3.357880e+06	1.012390481327870e-02	7.265391310458303e-03	3.000000000000000e-06	3.000000000000000e-06
3.418974e+06	1.009269031686214e-02	7.251103246646799e-03	3.000000000000000e-06	3.000000000000000e-06
3.481179e+06	1.006156756508227e-02	7.236841619704556e-03	3.000000000000000e-06	3.000000000000000e-06
3.544513e+06	1.003053635311311e-02	7.222606402633257e-03	3.000000000000000e-06	3.000000000000000e-06
3.608998e+06	9.999596475584835e-03	7.208397568143061e-03	3.000000000000000e-06	3.000000000000000e-06
3.674654e+06	9.968747726602854e-03	7.194215088657934e-03	3.000000000000000e-06	3.000000000000000e-06
3.741503e+06	9.937989899766495e-03	7.180058936320918e-03	3.000000000000000e-06	3.000000000000000e-06
3.809567e+06	9.907322788187446e-03	7.165929082999322e-03	3.000000000000000e-06	3.000000000000000e-06
3.878868e+06	9.876746184507857e-03	7.151825500289834e-03	3.000000000000000e-06	3.000000000000000e-06
3.949429e+06	9.846259880918185e-03	7.137748159523574e-03	3.000000000000000e-06	3.000000000000000e-06
4.021271e+06	9.815863669174706e-03	7.123697031771055e-03	3.000000000000000e-06	3.000000000000000e-06
4.094420e+06	9.785557340616764e-03	7.109672087847098e-03	3.000000000000000e-06	3.000000000000000e-06
4.168898e+06	9.755340686183733e-03	7.095673298315651e-03	3.000000000000000e-06	3.000000000000000e-06
4.244730e+06	9.725213496431689e-03	7.081700633494568e-03	3.000000000000000e-06	3.000000000000000e-06
4.321941e+06	9.695175561549821e-03	7.067754063460294e-03	3.000000000000000e-06	3.000000000000000e-06
4.400555e+06	9.665226671376551e-03	7.053833558052498e-03	3.000000000000000e-06	3.000000000000000e-06
4.480598e+06	9.635366615415400e-03	7.039939086878639e-03	3.000000000000000e-06	3.000000000000000e-06
4.562097e+06	9.605595182850590e-03	7.026070619318457e-03	3.000000000000000e-06	3.000000000000000e-06
4.645078e+06	9.575912162562374e-03	7.012228124528414e-03	3.000000000000000e-06	3.000000000000000e-06
4.729568e+06	9.546317343142123e-03	6.998411571446060e-03	3.000000000000000e-06	3.000000000000000e-06
4.815595e+06	9.516810512907146e-03	6.984620928794342e-03	3.000000000000000e-06	3.000000000000000e-06
4.903186e+06	9.487391459915274e-03	6.970856165085847e-03	3.000000000000000e-06	3.000000000000000e-06
4.992371e+06	9.458059971979184e-03	6.957117248626992e-03	3.000000000000000e-06	3.000000000000000e-06
5.083178e+06	9.428815836680496e-03	6.943404147522142e-03	3.000000000000000e-06	3.000000000000000e-06
5.175636e+06	9.399658841383622e-03	6.929716829677681e-03	3.000000000000000e-06	3.000000000000000e-06
5.269777e+06	9.370588773249377e-03	6.916055262806013e-03	3.000000000000000e-06	3.000000000000000e-06
5.365631e+06	9.341605419248363e-03	6.902419414429514e-03	3.000000000000000e-06	3.000000000000000e-06
5.463229e+06	9.312708566174130e-03	6.888809251884421e-03	3.000000000000000e-06	3.000000000000000e-06
5.562603e+06	9.283898000656097e-03	6.875224742324673e-03	3.000000000000000e-06	3.000000000000000e-06
5.663785e+06	9.255173509172269e-03	6.861665852725681e-03	3.000000000000000e-06	3.000000000000000e-06
5.766809e+06	9.226534878061717e-03	6.848132549888060e-03	3.000000000000000e-06	3.000000000000000e-06
5.871708e+06	9.197981893536857e-03	6.834624800441298e-03	3.000000000000000e-06	3.000000000000000e-06
5.978516e+06	9.169514341695511e-03	6.821142570847374e-03	3.000000000000000e-06	3.000000000000000e-06
6.087268e+06	9.141132008532761e-03	6.807685827404319e-03	3.000000000000000e-06	3.000000000000000e-06
6.198001e+06	9.112834679952594e-03	6.794254536249734e-03	3.000000000000000e-06	3.000000000000000e-06
6.310750e+06	9.084622141779344e-03	6.780848663364250e-03	3.000000000000000e-06	3.000000000000000e-06
6.425551e+06	9.056494179768934e-03	6.767468174574936e-03	3.000000000000000e-06	3.000000000000000e-06
6.542443e+06	9.028450579619936e-03	6.754113035558664e-03	3.000000000000000e-06	3.000000000000000e-06
6.661463e+06	9.000491126984405e-03	6.740783211845422e-03	3.000000000000000e-06	3.000000000000000e-06
6.782652e+06	8.972615607478552e-03	6.727478668821570e-03	3.000000000000000e-06	3.000000000000000e-06
6.906047e+06	8.944823806693218e-03	6.714199371733069e-03	3.000000000000000e-06	3.000000000000000e-06
7.031690e+06	8.917115510204160e-03	6.700945285688637e-03	3.000000000000000e-06	3.000000000000000e-06
7.159622e+06	8.889490503582150e-03	6.687716375662878e-03	3.000000000000000e-06	3.000000000000000e-06
7.289884e+06	8.861948572402911e-03	6.674512606499356e-03	3.000000000000000e-06	3.000000000000000e-06
7.422520e+06	8.834489502256857e-03	6.661333942913626e-03	3.000000000000000e-06	3.000000000000000e-06
7.557572e+06	8.807113078758672e-03	6.648180349496225e-03	3.000000000000000e-06	3.000000000000000e-06
7.695086e+06	8.779819087556710e-03	6.635051790715604e-03	3.000000000000000e-06	3.000000000000000e-06
7.835105e+06	8.752607314342225e-03	6.621948230921039e-03	3.000000000000000e-06	3.000000000000000e-06
7.977676e+06	8.725477544858440e-03	6.608869634345479e-03	3.000000000000000e-06	3.000000000000000e-06
8.122845e+06	8.698429564909450e-03	6.595815965108362e-03	3.000000000000000e-06	3.000000000000000e-06
8.270661e+06	8.671463160368952e-03	6.582787187218389e-03	3.000000000000000e-06	3.000000000000000e-06
8.421171e+06	8.644578117188835e-03	6.569783264576252e-03	3.000000000000000e-06	3.000000000000000e-06
8.574425e+06	8.617774221407604e-03	6.556804160977328e-03	3.000000000000000e-06	3.000000000000000e-06
8.730474e+06	8.591051259158640e-03	6.543849840114329e-03	3.000000000000000e-06	3.000000000000000e-06
8.889367e+06	8.564409016678326e-03	6.530920265579908e-03	3.000000000000000e-06	3.000000000000000e-06
9.051158e+06	8.537847280314008e-03	6.518015400869242e-03	3.000000000000000e-06	3.000000000000000e-06
9.215900e+06	8.511365836531814e-03	6.505135209382555e-03	3.000000000000000e-06	3.000000000000000e-06
9.383646e+06	8.484964471924339e-03	6.492279654427625e-03	3.000000000000000e-06	3.000000000000000e-06
9.554451e+06	8.458642973218159e-03	6.479448699222234e-03	3.000000000000000e-06	3.000000000000000e-06
9.728372e+06	8.432401127281235e-03	6.466642306896594e-03	3.000000000000000e-06	3.000000000000000e-06
9.905466e+06	8.406238721130159e-03	6.453860440495737e-03	3.000000000000000e-06	3.000000000000000e-06
1.000000e+07	8.392574904739825e-03	6.447175621991536e-03	3.000000000000000e-06	3.000000000000000e-06
1.018361e+07	8.366308352812041e-03	6.434321123336215e-03	3.000000000000000e-06	3.000000000000000e-06
1.036898e+07	8.340350174501847e-03	6.421603173201935e-03	3.000000000000000e-06	3.000000000000000e-06
1.055776e+07	8.314466569041848e-03	6.408907604526604e-03	3.000000000000000e-06	3.000000000000000e-06
1.074999e+07	8.288661514094367e-03	6.396236429463329e-03	3.000000000000000e-06	3.000000000000000e-06
1.094572e+07	8.262934722450157e-03	6.383589573815956e-03	3.000000000000000e-06	3.000000000000000e-06
1.114502e+07	8.237285983613474e-03	6.370967000790206e-03	3.000000000000000e-06	3.000000000000000e-06
1.134797e+07	8.211715085914615e-03	6.358368672850382e-03	3.000000000000000e-06	3.000000000000000e-06
1.155461e+07	8.186221817913692e-03	6.345794552406663e-03	3.000000000000000e-06	3.000000000000000e-06
1.176503e+07	8.160805968381592e-03	6.333244601804862e-03	3.000000000000000e-06	3.000000000000000e-06
1.197929e+07	8.135467326306326e-03	6.320718783328674e-03	3.000000000000000e-06	3.000000000000000e-06
1.219747e+07	8.110205680898833e-03	6.308217059201686e-03	3.000000000000000e-06	3.000000000000000e-06
1.241963e+07	8.085020821598661e-03	6.295739391589340e-03	3.000000000000000e-06	3.000000000000000e-06
1.264584e+07	8.059912538079533e-03	6.283285742600885e-03	3.000000000000000e-06	3.000000000000000e-06
1.287619e+07	8.034880620254817e-03	6.270856074291284e-03	3.000000000000000e-06	3.000000000000000e-06
1.311074e+07	8.009924858282873e-03	6.258450348663101e-03	3.000000000000000e-06	3.000000000000000e-06
1.334958e+07	7.985045042572301e-03	6.246068527668359e-03	3.000000000000000e-06	3.000000000000000e-06
1.359278e+07	7.960240963787078e-03	6.233710573210365e-03	3.000000000000000e-06	3.000000000000000e-06
1.384043e+07	7.935512412851599e-03	6.221376447145511e-03	3.000000000000000e-06	3.000000000000000e-06
1.409260e+07	7.910859180955611e-03	6.209066111285046e-03	3.000000000000000e-06	3.000000000000000e-06
1.434938e+07	7.886281059559037e-03	6.196779527396824e-03	3.000000000000000e-06	3.000000000000000e-06
1.461085e+07	7.861777840396728e-03	6.184516657207016e-03	3.000000000000000e-06	3.000000000000000e-06
1.487710e+07	7.837349315483084e-03	6.172277462401812e-03	3.000000000000000e-06	3.000000000000000e-06
1.514822e+07	7.812995277116607e-03	6.160061904629082e-03	3.000000000000000e-06	3.000000000000000e-06
1.542429e+07	7.788715517884342e-03	6.147869945500016e-03	3.000000000000000e-06	3.000000000000000e-06
1.570541e+07	7.764509830666234e-03	6.135701546590743e-03	3.000000000000000e-06	3.000000000000000e-06
1.599166e+07	7.740378008639390e-03	6.123556669443919e-03	3.000000000000000e-06	3.000000000000000e-06
1.628316e+07	7.716319845282255e-03	6.111435275570299e-03	3.000000000000000e-06	3.000000000000000e-06
1.657998e+07	7.692335134378692e-03	6.099337326450274e-03	3.000000000000000e-06	3.000000000000000e-06
1.688223e+07	7.668423670021983e-03	6.087262783535391e-03	3.000000000000000e-06	3.000000000000000e-06
1.719001e+07	7.644585246618741e-03	6.075211608249848e-03	3.000000000000000e-06	3.000000000000000e-06
1.750341e+07	7.620819658892737e-03	6.063183761991970e-03	3.000000000000000e-06	3.000000000000000e-06
1.782255e+07	7.597126701888643e-03	6.051179206135653e-03	3.000000000000000e-06	3.000000000000000e-06
1.814753e+07	7.573506170975697e-03	6.039197902031796e-03	3.000000000000000e-06	3.000000000000000e-06
1.847845e+07	7.549957861851286e-03	6.027239811009700e-03	3.000000000000000e-06	3.000000000000000e-06
1.881543e+07	7.526481570544447e-03	6.015304894378455e-03	3.000000000000000e-06	3.000000000000000e-06
1.915858e+07	7.503077093419296e-03	6.003393113428303e-03	3.000000000000000e-06	3.000000000000000e-06
1.950800e+07	7.479744227178373e-03	5.991504429431976e-03	3.000000000000000e-06	3.000000000000000e-06
1.986382e+07	7.456482768865923e-03	5.979638803646012e-03	3.000000000000000e-06	3.000000000000000e-06
2.022615e+07	7.433292515871085e-03	5.967796197312063e-03	3.000000000000000e-06	3.000000000000000e-06
2.059511e+07	7.410173265931030e-03	5.955976571658163e-03	3.000000000000000e-06	3.000000000000000e-06
2.097082e+07	7.387124817134006e-03	5.944179887899997e-03	3.000000000000000e-06	3.000000000000000e-06
2.135342e+07	7.364146967922334e-03	5.932406107242130e-03	3.000000000000000e-06	3.000000000000000e-06
2.174302e+07	7.341239517095310e-03	5.920655190879235e-03	3.000000000000000e-06	3.000000000000000e-06
2.213975e+07	7.318402263812061e-03	5.908927099997288e-03	3.000000000000000e-06	3.000000000000000e-06
2.254374e+07	7.295635007594321e-03	5.897221795774752e-03	3.000000000000000e-06	3.000000000000000e-06
2.295514e+07	7.272937548329146e-03	5.885539239383737e-03	3.000000000000000e-06	3.000000000000000e-06
2.337407e+07	7.250309686271558e-03	5.873879391991151e-03	3.000000000000000e-06	3.000000000000000e-06
2.380067e+07	7.227751222047134e-03	5.862242214759817e-03	3.000000000000000e-06	3.000000000000000e-06
2.423509e+07	7.205261956654527e-03	5.850627668849590e-03	3.000000000000000e-06	3.000000000000000e-06
2.467747e+07	7.182841691467919e-03	5.839035715418446e-03	3.000000000000000e-06	3.000000000000000e-06
2.512795e+07	7.160490228239428e-03	5.827466315623552e-03	3.000000000000000e-06	3.000000000000000e-06
2.558668e+07	7.138207369101443e-03	5.815919430622329e-03	3.000000000000000e-06	3.000000000000000e-06
2.605382e+07	7.115992916568898e-03	5.804395021573486e-03	3.000000000000000e-06	3.000000000000000e-06
2.652952e+07	7.093846673541504e-03	5.792893049638050e-03	3.000000000000000e-06	3.000000000000000e-06
2.701394e+07	7.071768443305902e-03	5.781413475980366e-03	3.000000000000000e-06	3.000000000000000e-06
2.750724e+07	7.049758029537783e-03	5.769956261769093e-03	3.000000000000000e-06	3.000000000000000e-06
2.800958e+07	7.027815236303931e-03	5.758521368178180e-03	3.000000000000000e-06	3.000000000000000e-06
2.852112e+07	7.005939868064226e-03	5.747108756387819e-03	3.000000000000000e-06	3.000000000000000e-06
2.904205e+07	6.984131729673591e-03	5.735718387585399e-03	3.000000000000000e-06	3.000000000000000e-06
2.957253e+07	6.962390626383882e-03	5.724350222966428e-03	3.000000000000000e-06	3.000000000000000e-06
3.011273e+07	6.940716363845729e-03	5.713004223735448e-03	3.000000000000000e-06	3.000000000000000e-06
3.066284e+07	6.919108748110332e-03	5.701680351106937e-03	3.000000000000000e-06	3.000000000000000e-06
3.122304e+07	6.897567585631192e-03	5.690378566306191e-03	3.000000000000000e-06	3.000000000000000e-06
3.179351e+07	6.876092683265813e-03	5.679098830570200e-03	3.000000000000000e-06	3.000000000000000e-06
3.237445e+07	6.854683848277336e-03	5.667841105148495e-03	3.000000000000000e-06	3.000000000000000e-06
3.296605e+07	6.833340888336138e-03	5.656605351304002e-03	3.000000000000000e-06	3.000000000000000e-06
3.356849e+07	6.812063611521385e-03	5.645391530313861e-03	3.000000000000000e-06	3.000000000000000e-06
3.418199e+07	6.790851826322527e-03	5.634199603470248e-03	3.000000000000000e-06	3.000000000000000e-06
3.480675e+07	6.769705341640763e-03	5.623029532081173e-03	3.000000000000000e-06	3.000000000000000e-06
3.544297e+07	6.748623966790449e-03	5.611881277471273e-03	3.000000000000000e-06	3.000000000000000e-06
3.609087e+07	6.727607511500470e-03	5.600754800982586e-03	3.000000000000000e-06	3.000000000000000e-06
3.675065e+07	6.706655785915568e-03	5.589650063975312e-03	3.000000000000000e-06	3.000000000000000e-06
3.742255e+07	6.685768600597623e-03	5.578567027828569e-03	3.000000000000000e-06	3.000000000000000e-06
3.810678e+07	6.664945766526899e-03	5.567505653941126e-03	3.000000000000000e-06	3.000000000000000e-06
3.880357e+07	6.644187095103247e-03	5.556465903732136e-03	3.000000000000000e-06	3.000000000000000e-06
3.951316e+07	6.623492398147261e-03	5.545447738641844e-03	3.000000000000000e-06	3.000000000000000e-06
4.023577e+07	6.602861487901408e-03	5.534451120132293e-03	3.000000000000000e-06	3.000000000000000e-06
4.097165e+07	6.582294177031108e-03	5.523476009688015e-03	3.000000000000000e-06	3.000000000000000e-06
4.172105e+07	6.561790278625781e-03	5.512522368816706e-03	3.000000000000000e-06	3.000000000000000e-06
4.248421e+07	6.541349606199852e-03	5.501590159049902e-03	3.000000000000000e-06	3.000000000000000e-06
4.326138e+07	6.520971973693727e-03	5.490679341943631e-03	3.000000000000000e-06	3.000000000000000e-06
4.405283e+07	6.500657195474726e-03	5.479789879079055e-03	3.000000000000000e-06	3.000000000000000e-06
4.485882e+07	6.480405086337982e-03	5.468921732063114e-03	3.000000000000000e-06	3.000000000000000e-06
4.567962e+07	6.460215461507308e-03	5.458074862529146e-03	3.000000000000000e-06	3.000000000000000e-06
4.651549e+07	6.440088136636024e-03	5.447249232137501e-03	3.000000000000000e-06	3.000000000000000e-06
4.736673e+07	6.420022927807756e-03	5.436444802576143e-03	3.000000000000000e-06	3.000000000000000e-06
4.823360e+07	6.400019651537197e-03	5.425661535561246e-03	3.000000000000000e-06	3.000000000000000e-06
4.911641e+07	6.380078124770842e-03	5.414899392837780e-03	3.000000000000000e-06	3.000000000000000e-06
5.001544e+07	6.360198164887678e-03	5.404158336180074e-03	3.000000000000000e-06	3.000000000000000e-06
5.093100e+07	6.340379589699863e-03	5.393438327392394e-03	3.000000000000000e-06	3.000000000000000e-06
5.186339e+07	6.320622217453350e-03	5.382739328309486e-03	3.000000000000000e-06	3.000000000000000e-06
5.281292e+07	6.300925866828501e-03	5.372061300797126e-03	3.000000000000000e-06	3.000000000000000e-06
5.377990e+07	6.281290356940659e-03	5.361404206752653e-03	3.000000000000000e-06	3.000000000000000e-06
5.476467e+07	6.261715507340696e-03	5.350768008105498e-03	3.000000000000000e-06	3.000000000000000e-06
5.576754e+07	6.242201138015525e-03	5.340152666817696e-03	3.000000000000000e-06	3.000000000000000e-06
5.678885e+07	6.222747069388601e-03	5.329558144884398e-03	3.000000000000000e-06	3.000000000000000e-06
5.782895e+07	6.203353122320367e-03	5.318984404334370e-03	3.000000000000000e-06	3.000000000000000e-06
5.888818e+07	6.184019118108701e-03	5.308431407230484e-03	3.000000000000000e-06	3.000000000000000e-06
5.996689e+07	6.164744878489314e-03	5.297899115670197e-03	3.000000000000000e-06	3.000000000000000e-06
6.106544e+07	6.145530225636135e-03	5.287387491786028e-03	3.000000000000000e-06	3.000000000000000e-06
6.218421e+07	6.126374982161667e-03	5.276896497746021e-03	3.000000000000000e-06	3.000000000000000e-06
6.332355e+07	6.107278971117306e-03	5.266426095754204e-03	3.000000000000000e-06	3.000000000000000e-06
6.448386e+07	6.088242015993661e-03	5.255976248051038e-03	3.000000000000000e-06	3.000000000000000e-06
6.566553e+07	6.069263940720819e-03	5.245546916913856e-03	3.000000000000000e-06	3.000000000000000e-06
6.686894e+07	6.050344569668608e-03	5.235138064657300e-03	3.000000000000000e-06	3.000000000000000e-06
6.809449e+07	6.031483727646826e-03	5.224749653633743e-03	3.000000000000000e-06	3.000000000000000e-06
6.934261e+07	6.012681239905451e-03	5.214381646233709e-03	3.000000000000000e-06	3.000000000000000e-06
7.061369e+07	5.993936932134822e-03	5.204034004886286e-03	3.000000000000000e-06	3.000000000000000e-06
7.190818e+07	5.975250630465808e-03	5.193706692059524e-03	3.000000000000000e-06	3.000000000000000e-06
7.322650e+07	5.956622161469943e-03	5.183399670260834e-03	3.000000000000000e-06	3.000000000000000e-06
7.456909e+07	5.938051352159551e-03	5.173112902037378e-03	3.000000000000000e-06	3.000000000000000e-06
7.593641e+07	5.919538029987838e-03	5.162846349976448e-03	3.000000000000000e-06	3.000000000000000e-06
7.732890e+07	5.901082022848973e-03	5.152599976705845e-03	3.000000000000000e-06	3.000000000000000e-06
7.874704e+07	5.882683159078143e-03	5.142373744894242e-03	3.000000000000000e-06	3.000000000000000e-06
8.019129e+07	5.864341267451589e-03	5.132167617251548e-03	3.000000000000000e-06	3.000000000000000e-06
8.166215e+07	5.846056177186625e-03	5.121981556529264e-03	3.000000000000000e-06	3.000000000000000e-06
8.316010e+07	5.827827717941633e-03	5.111815525520828e-03	3.000000000000000e-06	3.000000000000000e-06
8.468565e+07	5.809655719816041e-03	5.101669487061958e-03	3.000000000000000e-06	3.000000000000000e-06
8.623930e+07	5.791540013350286e-03	5.091543404030992e-03	3.000000000000000e-06	3.000000000000000e-06
8.782158e+07	5.773480429525748e-03	5.081437239349207e-03	3.000000000000000e-06	3.000000000000000e-06
8.943302e+07	5.755476799764686e-03	5.071350955981153e-03	3.000000000000000e-06	3.000000000000000e-06
9.107415e+07	5.737528955930128e-03	5.061284516934961e-03	3.000000000000000e-06	3.000000000000000e-06
9.274552e+07	5.719636730325771e-03	5.051237885262659e-03	3.000000000000000e-06	3.000000000000000e-06
9.444770e+07	5.701799955695851e-03	5.041211024060478e-03	3.000000000000000e-06	3.000000000000000e-06
9.618126e+07	5.684018465224991e-03	5.031203896469145e-03	3.000000000000000e-06	3.000000000000000e-06
9.794677e+07	5.666292092538047e-03	5.021216465674185e-03	3.000000000000000e-06	3.000000000000000e-06
9.974483e+07	5.648620671699925e-03	5.011248694906201e-03	3.000000000000000e-06	3.000000000000000e-06
1.000000e+08	5.646169156167729e-03	5.009863642652994e-03	3.000000000000000e-06	3.000000000000000e-06
1.018650e+08	5.628280791392959e-03	4.999760549646993e-03	3.000000000000000e-06	3.000000000000000e-06
1.037347e+08	5.610732283503089e-03	4.989837881317740e-03	3.000000000000000e-06	3.000000000000000e-06
1.056395e+08	5.593233037814907e-03	4.979931839361527e-03	3.000000000000000e-06	3.000000000000000e-06
1.075794e+08	5.575788152999330e-03	4.970045358112342e-03	3.000000000000000e-06	3.000000000000000e-06
1.095550e+08	5.558397369986010e-03	4.960178347121712e-03	3.000000000000000e-06	3.000000000000000e-06
1.115672e+08	5.541060527272740e-03	4.950330770882202e-03	3.000000000000000e-06	3.000000000000000e-06
1.136164e+08	5.523777462034829e-03	4.940502592937075e-03	3.000000000000000e-06	3.000000000000000e-06
1.157034e+08	5.506548011917559e-03	4.930693776894907e-03	3.000000000000000e-06	3.000000000000000e-06
1.178289e+08	5.489372015003367e-03	4.920904286411420e-03	3.000000000000000e-06	3.000000000000000e-06
1.199937e+08	5.472249309812114e-03	4.911134085190047e-03	3.000000000000000e-06	3.000000000000000e-06
1.221983e+08	5.455179735300735e-03	4.901383136982159e-03	3.000000000000000e-06	3.000000000000000e-06
1.244437e+08	5.438163130862893e-03	4.891651405587288e-03	3.000000000000000e-06	3.000000000000000e-06
1.267305e+08	5.421199336328615e-03	4.881938854853354e-03	3.000000000000000e-06	3.000000000000000e-06
1.290595e+08	5.404288191963920e-03	4.872245448676877e-03	3.000000000000000e-06	3.000000000000000e-06
1.314315e+08	5.387429538470433e-03	4.862571151003190e-03	3.000000000000000e-06	3.000000000000000e-06
1.338473e+08	5.370623216984990e-03	4.852915925826650e-03	3.000000000000000e-06	3.000000000000000e-06
1.363076e+08	5.353869069079226e-03	4.843279737190835e-03	3.000000000000000e-06	3.000000000000000e-06
1.388134e+08	5.337166936759157e-03	4.833662549188751e-03	3.000000000000000e-06	3.000000000000000e-06
1.413655e+08	5.320516662464755e-03	4.824064325963021e-03	3.000000000000000e-06	3.000000000000000e-06
1.439647e+08	5.303918089069499e-03	4.814485031706082e-03	3.000000000000000e-06	3.000000000000000e-06
1.466118e+08	5.287371059879928e-03	4.804924630660363e-03	3.000000000000000e-06	3.000000000000000e-06
1.493079e+08	5.270875418635181e-03	4.795383087118478e-03	3.000000000000000e-06	3.000000000000000e-06
1.520537e+08	5.254431009506522e-03	4.785860365423398e-03	3.000000000000000e-06	3.000000000000000e-06
1.548503e+08	5.238037677096860e-03	4.776356429968627e-03	3.000000000000000e-06	3.000000000000000e-06
1.576985e+08	5.221695266440262e-03	4.766871245198376e-03	3.000000000000000e-06	3.000000000000000e-06
1.605993e+08	5.205403623001447e-03	4.757404775607728e-03	3.000000000000000e-06	3.000000000000000e-06
1.635537e+08	5.189162592675281e-03	4.747956985742802e-03	3.000000000000000e-06	3.000000000000000e-06
1.665627e+08	5.172972021786256e-03	4.738527840200913e-03	3.000000000000000e-06	3.000000000000000e-06
1.696273e+08	5.156831757087966e-03	4.729117303630729e-03	3.000000000000000e-06	3.000000000000000e-06
1.727486e+08	5.140741645762571e-03	4.719725340732423e-03	3.000000000000000e-06	3.000000000000000e-06
1.759275e+08	5.124701535420252e-03	4.710351916257825e-03	3.000000000000000e-06	3.000000000000000e-06
1.791651e+08	5.108711274098661e-03	4.700996995010562e-03	3.000000000000000e-06	3.000000000000000e-06
1.824626e+08	5.092770710262359e-03	4.691660541846209e-03	3.000000000000000e-06	3.000000000000000e-06
1.858210e+08	5.076879692802252e-03	4.682342521672418e-03	3.000000000000000e-06	3.000000000000000e-06
1.892416e+08	5.061038071035010e-03	4.673042899449063e-03	3.000000000000000e-06	3.000000000000000e-06
1.927253e+08	5.045245694702492e-03	4.663761640188369e-03	3.000000000000000e-06	3.000000000000000e-06
1.962735e+08	5.029502413971152e-03	4.654498708955040e-03	3.000000000000000e-06	3.000000000000000e-06
1.998872e+08	5.013808079431440e-03	4.645254070866390e-03	3.000000000000000e-06	3.000000000000000e-06
2.035678e+08	4.998162542097206e-03	4.636027691092458e-03	3.000000000000000e-06	3.000000000000000e-06
2.073165e+08	4.982565653405081e-03	4.626819534856139e-03	3.000000000000000e-06	3.000000000000000e-06
2.111344e+08	4.967017265213865e-03	4.617629567433293e-03	3.000000000000000e-06	3.000000000000000e-06
2.150230e+08	4.951517229803905e-03	4.608457754152861e-03	3.000000000000000e-06	3.000000000000000e-06
2.189835e+08	4.936065399876461e-03	4.599304060396979e-03	3.000000000000000e-06	3.000000000000000e-06
2.230172e+08	4.920661628553073e-03	4.590168451601087e-03	3.000000000000000e-06	3.000000000000000e-06
2.271256e+08	4.905305769374921e-03	4.581050893254027e-03	3.000000000000000e-06	3.000000000000000e-06
2.313100e+08	4.889997676302176e-03	4.571951350898157e-03	3.000000000000000e-06	3.000000000000000e-06
2.355718e+08	4.874737203713347e-03	4.562869790129445e-03	3.000000000000000e-06	3.000000000000000e-06
2.399124e+08	4.859524206404626e-03	4.553806176597567e-03	3.000000000000000e-06	3.000000000000000e-06
2.443334e+08	4.844358539589219e-03	4.544760476006001e-03	3.000000000000000e-06	3.000000000000000e-06
2.488362e+08	4.829240058896683e-03	4.535732654112124e-03	3.000000000000000e-06	3.000000000000000e-06
2.534223e+08	4.814168620372249e-03	4.526722676727300e-03	3.000000000000000e-06	3.000000000000000e-06
2.580933e+08	4.799144080476147e-03	4.517730509716960e-03	3.000000000000000e-06	3.000000000000000e-06
2.628507e+08	4.784166296082920e-03	4.508756119000699e-03	3.000000000000000e-06	3.000000000000000e-06
2.676962e+08	4.769235124480734e-03	4.499799470552351e-03	3.000000000000000e-06	3.000000000000000e-06
2.726315e+08	4.754350423370694e-03	4.490860530400070e-03	3.000000000000000e-06	3.000000000000000e-06
2.776580e+08	4.739512050866140e-03	4.481939264626408e-03	3.000000000000000e-06	3.000000000000000e-06
2.827777e+08	4.724719865491949e-03	4.473035639368393e-03	3.000000000000000e-06	3.000000000000000e-06
2.879921e+08	4.709973726183834e-03	4.464149620817597e-03	3.000000000000000e-06	3.000000000000000e-06
2.933031e+08	4.695273492287626e-03	4.455281175220211e-03	3.000000000000000e-06	3.000000000000000e-06
2.987125e+08	4.680619023558576e-03	4.446430268877113e-03	3.000000000000000e-06	3.000000000000000e-06
3.042220e+08	4.666010180160624e-03	4.437596868143934e-03	3.000000000000000e-06	3.000000000000000e-06
3.098336e+08	4.651446822665691e-03	4.428780939431122e-03	3.000000000000000e-06	3.000000000000000e-06
3.155491e+08	4.636928812052950e-03	4.419982449204003e-03	3.000000000000000e-06	3.000000000000000e-06
3.213705e+08	4.622456009708103e-03	4.411201363982846e-03	3.000000000000000e-06	3.000000000000000e-06
3.272997e+08	4.608028277422650e-03	4.402437650342917e-03	3.000000000000000e-06	3.000000000000000e-06
3.333388e+08	4.593645477393157e-03	4.393691274914535e-03	3.000000000000000e-06	3.000000000000000e-06
3.394897e+08	4.579307472220521e-03	4.384962204383131e-03	3.000000000000000e-06	3.000000000000000e-06
3.457547e+08	4.565014124909232e-03	4.376250405489293e-03	3.000000000000000e-06	3.000000000000000e-06
3.521357e+08	4.550765298866635e-03	4.367555845028822e-03	3.000000000000000e-06	3.000000000000000e-06
3.586350e+08	4.536560857902179e-03	4.358878489852783e-03	3.000000000000000e-06	3.000000000000000e-06
3.652547e+08	4.522400666226681e-03	4.350218306867541e-03	3.000000000000000e-06	3.000000000000000e-06
3.719972e+08	4.508284588451567e-03	4.341575263034819e-03	3.000000000000000e-06	3.000000000000000e-06
3.788646e+08	4.494212489588135e-03	4.332949325371731e-03	3.000000000000000e-06	3.000000000000000e-06
3.858593e+08	4.480184235046787e-03	4.324340460950830e-03	3.000000000000000e-06	3.000000000000000e-06
3.929836e+08	4.466199690636287e-03	4.315748636900145e-03	3.000000000000000e-06	3.000000000000000e-06
4.002401e+08	4.452258722562997e-03	4.307173820403219e-03	3.000000000000000e-06	3.000000000000000e-06
4.076311e+08	4.438361197430124e-03	4.298615978699146e-03	3.000000000000000e-06	3.000000000000000e-06
4.151591e+08	4.424506982236952e-03	4.290075079082605e-03	3.000000000000000e-06	3.000000000000000e-06
4.228268e+08	4.410695944378089e-03	4.281551088903897e-03	3.000000000000000e-06	3.000000000000000e-06
4.306366e+08	4.396927951642697e-03	4.273043975568970e-03	3.000000000000000e-06	3.000000000000000e-06
4.385913e+08	4.383202872213728e-03	4.264553706539456e-03	3.000000000000000e-06	3.000000000000000e-06
4.466935e+08	4.369520574667164e-03	4.256080249332694e-03	3.000000000000000e-06	3.000000000000000e-06
4.549460e+08	4.355880927971237e-03	4.247623571521763e-03	3.000000000000000e-06	3.000000000000000e-06
4.633515e+08	4.342283801485673e-03	4.239183640735500e-03	3.000000000000000e-06	3.000000000000000e-06
4.719131e+08	4.328729064960915e-03	4.230760424658532e-03	3.000000000000000e-06	3.000000000000000e-06
4.806334e+08	4.315216588537354e-03	4.222353891031296e-03	3.000000000000000e-06	3.000000000000000e-06
4.895155e+08	4.301746242744557e-03	4.213964007650058e-03	3.000000000000000e-06	3.000000000000000e-06
4.985625e+08	4.288317898500493e-03	4.205590742366937e-03	3.000000000000000e-06	3.000000000000000e-06
5.077773e+08	4.274931427110764e-03	4.197234063089921e-03	3.000000000000000e-06	3.000000000000000e-06
5.171631e+08	4.261586700267827e-03	4.188893937782887e-03	3.000000000000000e-06	3.000000000000000e-06
5.267231e+08	4.248283590050219e-03	4.180570334465615e-03	3.000000000000000e-06	3.000000000000000e-06
5.364605e+08	4.235021968921784e-03	4.172263221213804e-03	3.000000000000000e-06	3.000000000000000e-06
5.463787e+08	4.221801709730900e-03	4.163972566159089e-03	3.000000000000000e-06	3.000000000000000e-06
5.564810e+08	4.208622685709696e-03	4.155698337489044e-03	3.000000000000000e-06	3.000000000000000e-06
5.667708e+08	4.195484770473284e-03	4.147440503447206e-03	3.000000000000000e-06	3.000000000000000e-06
5.772516e+08	4.182387838018977e-03	4.139199032333079e-03	3.000000000000000e-06	3.000000000000000e-06
5.879271e+08	4.169331762725517e-03	4.130973892502137e-03	3.000000000000000e-06	3.000000000000000e-06
5.988007e+08	4.156316419352294e-03	4.122765052365846e-03	3.000000000000000e-06	3.000000000000000e-06
6.098763e+08	4.143341683038575e-03	4.114572480391658e-03	3.000000000000000e-06	3.000000000000000e-06
6.211575e+08	4.130407429302726e-03	4.106396145103026e-03	3.000000000000000e-06	3.000000000000000e-06
6.326482e+08	4.117513534041436e-03	4.098236015079401e-03	3.000000000000000e-06	3.000000000000000e-06
6.443523e+08	4.104659873528941e-03	4.090092058956244e-03	3.000000000000000e-06	3.000000000000000e-06
6.562739e+08	4.091846324416250e-03	4.081964245425020e-03	3.000000000000000e-06	3.000000000000000e-06
6.684168e+08	4.079072763730369e-03	4.073852543233209e-03	3.000000000000000e-06	3.000000000000000e-06
6.807853e+08	4.066339068873531e-03	4.065756921184298e-03	3.000000000000000e-06	3.000000000000000e-06
6.933836e+08	4.053645117622419e-03	4.057677348137790e-03	3.000000000000000e-06	3.000000000000000e-06
7.062160e+08	4.040990788127390e-03	4.049613793009194e-03	3.000000000000000e-06	3.000000000000000e-06
7.192868e+08	4.028375958911713e-03	4.041566224770027e-03	3.000000000000000e-06	3.000000000000000e-06
7.326004e+08	4.015800508870789e-03	4.033534612447815e-03	3.000000000000000e-06	3.000000000000000e-06
7.461614e+08	4.003264317271384e-03	4.025518925126084e-03	3.000000000000000e-06	3.000000000000000e-06
7.599745e+08	3.990767263750859e-03	4.017519131944357e-03	3.000000000000000e-06	3.000000000000000e-06
7.740442e+08	3.978309228316403e-03	4.009535202098149e-03	3.000000000000000e-06	3.000000000000000e-06
7.883754e+08	3.965890091344265e-03	4.001567104838961e-03	3.000000000000000e-06	3.000000000000000e-06
8.029731e+08	3.953509733578988e-03	3.993614809474275e-03	3.000000000000000e-06	3.000000000000000e-06
8.178420e+08	3.941168036132642e-03	3.985678285367541e-03	3.000000000000000e-06	3.000000000000000e-06
8.329874e+08	3.928864880484067e-03	3.977757501938175e-03	3.000000000000000e-06	3.000000000000000e-06
8.484143e+08	3.916600148478102e-03	3.969852428661545e-03	3.000000000000000e-06	3.000000000000000e-06
8.641280e+08	3.904373722324835e-03	3.961963035068963e-03	3.000000000000000e-06	3.000000000000000e-06
8.801339e+08	3.892185484598830e-03	3.954089290747676e-03	3.000000000000000e-06	3.000000000000000e-06
8.964374e+08	3.880035318238384e-03	3.946231165340852e-03	3.000000000000000e-06	3.000000000000000e-06
9.130441e+08	3.867923106544761e-03	3.938388628547569e-03	3.000000000000000e-06	3.000000000000000e-06
9.299596e+08	3.855848733181442e-03	3.930561650122804e-03	3.000000000000000e-06	3.000000000000000e-06
9.471897e+08	3.843812082173370e-03	3.922750199877419e-03	3.000000000000000e-06	3.000000000000000e-06
9.647402e+08	3.831813037906202e-03	3.914954247678145e-03	3.000000000000000e-06	3.000000000000000e-06
9.826172e+08	3.819851485125559e-03	3.907173763447572e-03	3.000000000000000e-06	3.000000000000000e-06
1.000000e+09	3.808469466827035e-03	3.899761579631854e-03	3.000000000000000e-06	3.000000000000000e-06
