#t[yr]	ecc	inc	eachmass	totalmass
0.000000e+00	3.000000000000000e-02	1.500000000000000e-02	5.000000000000000e-15	3.000000000000000e-07
1.000000e-03	3.000007211482367e-02	1.500002386778160e-02	5.000000000000000e-15	3.000000000000000e-07
1.000000e-02	3.000072113898903e-02	1.500023867588406e-02	5.000000000000000e-15	3.000000000000000e-07
1.000000e-01	3.000721047836768e-02	1.500238656768563e-02	5.000000000000000e-15	3.000000000000000e-07
1.000000e+00	3.007201386297385e-02	1.502384659361214e-02	5.000000000000000e-15	3.000000000000000e-07
3.081478e+00	3.022105736747310e-02	1.507331516502511e-02	5.000000000000000e-15	3.000000000000000e-07
5.176151e+00	3.036962079983515e-02	1.512282732781943e-02	5.000000000000000e-15	3.000000000000000e-07
7.301440e+00	3.051892642914155e-02	1.517278997596363e-02	5.000000000000000e-15	3.000000000000000e-07
9.457619e+00	3.066896021267377e-02	1.522320092914273e-02	5.000000000000000e-15	3.000000000000000e-07
1.000000e+01	3.070640915162894e-02	1.523582742333344e-02	5.000000000000000e-15	3.000000000000000e-07
1.221957e+01	3.085900781873216e-02	1.528736117820489e-02	5.000000000000000e-15	3.000000000000000e-07
1.444718e+01	3.101067652517336e-02	1.533879069777830e-02	5.000000000000000e-15	3.000000000000000e-07
1.670782e+01	3.116310930120817e-02	1.539068881178356e-02	5.000000000000000e-15	3.000000000000000e-07
1.900167e+01	3.131628512374912e-02	1.544305094930759e-02	5.000000000000000e-15	3.000000000000000e-07
2.132934e+01	3.147020791519444e-02	1.549588098872172e-02	5.000000000000000e-15	3.000000000000000e-07
2.369141e+01	3.162488125143285e-02	1.554918270704610e-02	5.000000000000000e-15	3.000000000000000e-07
2.608848e+01	3.178030873055870e-02	1.560295990501903e-02	5.000000000000000e-15	3.000000000000000e-07
2.852116e+01	3.193649396757448e-02	1.565721640519826e-02	5.000000000000000e-15	3.000000000000000e-07
3.099009e+01	3.209344059456005e-02	1.571195605192049e-02	5.000000000000000e-15	3.000000000000000e-07
3.349590e+01	3.225115226076244e-02	1.576718271122901e-02	5.000000000000000e-15	3.000000000000000e-07
3.603924e+01	3.240963263268774e-02	1.582290027079696e-02	5.000000000000000e-15	3.000000000000000e-07
3.862077e+01	3.256888539419392e-02	1.587911263984586e-02	5.000000000000000e-15	3.000000000000000e-07
4.124118e+01	3.272891424658433e-02	1.593582374905939e-02	5.000000000000000e-15	3.000000000000000e-07
4.390117e+01	3.288972290870229e-02	1.599303755049230e-02	5.000000000000000e-15	3.000000000000000e-07
4.660142e+01	3.305131511702640e-02	1.605075801747436e-02	5.000000000000000e-15	3.000000000000000e-07
4.934268e+01	3.321369462576686e-02	1.610898914450943e-02	5.000000000000000e-15	3.000000000000000e-07
5.212567e+01	3.337686520696268e-02	1.616773494716944e-02	5.000000000000000e-15	3.000000000000000e-07
5.495114e+01	3.354083065057979e-02	1.622699946198328e-02	5.000000000000000e-15	3.000000000000000e-07
5.781987e+01	3.370559476461008e-02	1.628678674632066e-02	5.000000000000000e-15	3.000000000000000e-07
6.073263e+01	3.387116137517149e-02	1.634710087827063e-02	5.000000000000000e-15	3.000000000000000e-07
6.369022e+01	3.403753432660891e-02	1.640794595651495e-02	5.000000000000000e-15	3.000000000000000e-07
6.669347e+01	3.420471748159617e-02	1.646932610019619e-02	5.000000000000000e-15	3.000000000000000e-07
6.974319e+01	3.437271472123891e-02	1.653124544878031e-02	5.000000000000000e-15	3.000000000000000e-07
7.284026e+01	3.454152994517855e-02	1.659370816191405e-02	5.000000000000000e-15	3.000000000000000e-07
7.598552e+01	3.471116707169723e-02	1.665671841927668e-02	5.000000000000000e-15	3.000000000000000e-07
7.917987e+01	3.488163003782363e-02	1.672028042042633e-02	5.000000000000000e-15	3.000000000000000e-07
8.242421e+01	3.505292279944006e-02	1.678439838464072e-02	5.000000000000000e-15	3.000000000000000e-07
8.571946e+01	3.522504933139038e-02	1.684907655075229e-02	5.000000000000000e-15	3.000000000000000e-07
8.906658e+01	3.539801362758904e-02	1.691431917697758e-02	5.000000000000000e-15	3.000000000000000e-07
9.246651e+01	3.557181970113119e-02	1.698013054074104e-02	5.000000000000000e-15	3.000000000000000e-07
9.592026e+01	3.574647158440379e-02	1.704651493849290e-02	5.000000000000000e-15	3.000000000000000e-07
9.942881e+01	3.592197332919793e-02	1.711347668552132e-02	5.000000000000000e-15	3.000000000000000e-07
1.000000e+02	3.595029251428284e-02	1.712431843733365e-02	5.000000000000000e-15	3.000000000000000e-07
1.036213e+02	3.612914096901068e-02	1.719285870902541e-02	5.000000000000000e-15	3.000000000000000e-07
1.072518e+02	3.630646722749570e-02	1.726107625780348e-02	5.000000000000000e-15	3.000000000000000e-07
1.109412e+02	3.648469409718613e-02	1.732989945462244e-02	5.000000000000000e-15	3.000000000000000e-07
1.146899e+02	3.666378735214174e-02	1.739931798065330e-02	5.000000000000000e-15	3.000000000000000e-07
1.184989e+02	3.684375175651176e-02	1.746933648029180e-02	5.000000000000000e-15	3.000000000000000e-07
1.223694e+02	3.702459147470850e-02	1.753995937685857e-02	5.000000000000000e-15	3.000000000000000e-07
1.263026e+02	3.720631070127259e-02	1.761119111480957e-02	5.000000000000000e-15	3.000000000000000e-07
1.302996e+02	3.738891365094939e-02	1.768303615561710e-02	5.000000000000000e-15	3.000000000000000e-07
1.343617e+02	3.757240455897211e-02	1.775549897758856e-02	5.000000000000000e-15	3.000000000000000e-07
1.384902e+02	3.775678768118289e-02	1.782858407561557e-02	5.000000000000000e-15	3.000000000000000e-07
1.426862e+02	3.794206729415769e-02	1.790229596091783e-02	5.000000000000000e-15	3.000000000000000e-07
1.469512e+02	3.812824769533225e-02	1.797663916078046e-02	5.000000000000000e-15	3.000000000000000e-07
1.512864e+02	3.831533320312923e-02	1.805161821828507e-02	5.000000000000000e-15	3.000000000000000e-07
1.556931e+02	3.850332815708663e-02	1.812723769203422e-02	5.000000000000000e-15	3.000000000000000e-07
1.601728e+02	3.869223691798728e-02	1.820350215586946e-02	5.000000000000000e-15	3.000000000000000e-07
1.647270e+02	3.888206386798957e-02	1.828041619858279e-02	5.000000000000000e-15	3.000000000000000e-07
1.693569e+02	3.907281341075940e-02	1.835798442362153e-02	5.000000000000000e-15	3.000000000000000e-07
1.740641e+02	3.926448997160332e-02	1.843621144878663e-02	5.000000000000000e-15	3.000000000000000e-07
1.788502e+02	3.945709799760283e-02	1.851510190592425e-02	5.000000000000000e-15	3.000000000000000e-07
1.837166e+02	3.965064195775000e-02	1.859466044061070e-02	5.000000000000000e-15	3.000000000000000e-07
1.886650e+02	3.984512634308415e-02	1.867489171183066e-02	5.000000000000000e-15	3.000000000000000e-07
1.936969e+02	4.004055566682987e-02	1.875580039164866e-02	5.000000000000000e-15	3.000000000000000e-07
1.988141e+02	4.023693446453620e-02	1.883739116487376e-02	5.000000000000000e-15	3.000000000000000e-07
2.040181e+02	4.043426729421708e-02	1.891966872871745e-02	5.000000000000000e-15	3.000000000000000e-07
2.093107e+02	4.063255873649286e-02	1.900263779244473e-02	5.000000000000000e-15	3.000000000000000e-07
2.146936e+02	4.083181339473328e-02	1.908630307701833e-02	5.000000000000000e-15	3.000000000000000e-07
2.201688e+02	4.103203589520144e-02	1.917066931473605e-02	5.000000000000000e-15	3.000000000000000e-07
2.257379e+02	4.123323088719910e-02	1.925574124886127e-02	5.000000000000000e-15	3.000000000000000e-07
2.314029e+02	4.143540304321317e-02	1.934152363324645e-02	5.000000000000000e-15	3.000000000000000e-07
2.371656e+02	4.163855705906341e-02	1.942802123194989e-02	5.000000000000000e-15	3.000000000000000e-07
2.430281e+02	4.184269765405136e-02	1.951523881884536e-02	5.000000000000000e-15	3.000000000000000e-07
2.489924e+02	4.204782957111041e-02	1.960318117722496e-02	5.000000000000000e-15	3.000000000000000e-07
2.550605e+02	4.225395757695716e-02	1.969185309939499e-02	5.000000000000000e-15	3.000000000000000e-07
2.612344e+02	4.246108646224393e-02	1.978125938626486e-02	5.000000000000000e-15	3.000000000000000e-07
2.675164e+02	4.266922104171247e-02	1.987140484692910e-02	5.000000000000000e-15	3.000000000000000e-07
2.739086e+02	4.287836615434880e-02	1.996229429824244e-02	5.000000000000000e-15	3.000000000000000e-07
2.804133e+02	4.308852666353937e-02	2.005393256438799e-02	5.000000000000000e-15	3.000000000000000e-07
2.870327e+02	4.329970745722823e-02	2.014632447643847e-02	5.000000000000000e-15	3.000000000000000e-07
2.937691e+02	4.351191344807549e-02	2.023947487191061e-02	5.000000000000000e-15	3.000000000000000e-07
3.006251e+02	4.372514957361682e-02	2.033338859431267e-02	5.000000000000000e-15	3.000000000000000e-07
3.076030e+02	4.393942079642420e-02	2.042807049268513e-02	5.000000000000000e-15	3.000000000000000e-07
3.147052e+02	4.415473210426778e-02	2.052352542113461e-02	5.000000000000000e-15	3.000000000000000e-07
3.219344e+02	4.437108851027875e-02	2.061975823836100e-02	5.000000000000000e-15	3.000000000000000e-07
3.292932e+02	4.458849505311353e-02	2.071677380717789e-02	5.000000000000000e-15	3.000000000000000e-07
3.367842e+02	4.480695679711885e-02	2.081457699402635e-02	5.000000000000000e-15	3.000000000000000e-07
3.444102e+02	4.502647883249809e-02	2.091317266848208e-02	5.000000000000000e-15	3.000000000000000e-07
3.521740e+02	4.524706627547852e-02	2.101256570275609e-02	5.000000000000000e-15	3.000000000000000e-07
3.600783e+02	4.546872426847978e-02	2.111276097118877e-02	5.000000000000000e-15	3.000000000000000e-07
3.681261e+02	4.569145798028324e-02	2.121376334973770e-02	5.000000000000000e-15	3.000000000000000e-07
3.763205e+02	4.591527260620250e-02	2.131557771545910e-02	5.000000000000000e-15	3.000000000000000e-07
3.846644e+02	4.614017336825480e-02	2.141820894598301e-02	5.000000000000000e-15	3.000000000000000e-07
3.931609e+02	4.636616551533355e-02	2.152166191898245e-02	5.000000000000000e-15	3.000000000000000e-07
4.018133e+02	4.659325432338166e-02	2.162594151163646e-02	5.000000000000000e-15	3.000000000000000e-07
4.106248e+02	4.682144509556601e-02	2.173105260008731e-02	5.000000000000000e-15	3.000000000000000e-07
4.195987e+02	4.705074316245267e-02	2.183700005889192e-02	5.000000000000000e-15	3.000000000000000e-07
4.287385e+02	4.728115388218317e-02	2.194378876046763e-02	5.000000000000000e-15	3.000000000000000e-07
4.380475e+02	4.751268264065158e-02	2.205142357453249e-02	5.000000000000000e-15	3.000000000000000e-07
4.475295e+02	4.774533485168252e-02	2.215990936754017e-02	5.000000000000000e-15	3.000000000000000e-07
4.571879e+02	4.797911595720993e-02	2.226925100210976e-02	5.000000000000000e-15	3.000000000000000e-07
4.670266e+02	4.821403142745669e-02	2.237945333645045e-02	5.000000000000000e-15	3.000000000000000e-07
4.770493e+02	4.845008676111514e-02	2.249052122378153e-02	5.000000000000000e-15	3.000000000000000e-07
4.872600e+02	4.868728748552816e-02	2.260245951174761e-02	5.000000000000000e-15	3.000000000000000e-07
4.976625e+02	4.892563915687118e-02	2.271527304182953e-02	5.000000000000000e-15	3.000000000000000e-07
5.082611e+02	4.916514736033482e-02	2.282896664875101e-02	5.000000000000000e-15	3.000000000000000e-07
5.190597e+02	4.940581771030823e-02	2.294354515988133e-02	5.000000000000000e-15	3.000000000000000e-07
5.300628e+02	4.964765585056307e-02	2.305901339463425e-02	5.000000000000000e-15	3.000000000000000e-07
5.412746e+02	4.989066745443817e-02	2.317537616386351e-02	5.000000000000000e-15	3.000000000000000e-07
5.526996e+02	5.013485822502476e-02	2.329263826925505e-02	5.000000000000000e-15	3.000000000000000e-07
5.643423e+02	5.038023389535225e-02	2.341080450271630e-02	5.000000000000000e-15	3.000000000000000e-07
5.762074e+02	5.062680022857458e-02	2.352987964576284e-02	5.000000000000000e-15	3.000000000000000e-07
5.882996e+02	5.087456301815711e-02	2.364986846890269e-02	5.000000000000000e-15	3.000000000000000e-07
6.006238e+02	5.112352808806388e-02	2.377077573101864e-02	5.000000000000000e-15	3.000000000000000e-07
6.131849e+02	5.137370129294545e-02	2.389260617874873e-02	5.000000000000000e-15	3.000000000000000e-07
6.259881e+02	5.162508851832701e-02	2.401536454586559e-02	5.000000000000000e-15	3.000000000000000e-07
6.390385e+02	5.187769568079701e-02	2.413905555265460e-02	5.000000000000000e-15	3.000000000000000e-07
6.523415e+02	5.213152872819602e-02	2.426368390529151e-02	5.000000000000000e-15	3.000000000000000e-07
6.659024e+02	5.238659363980596e-02	2.438925429521986e-02	5.000000000000000e-15	3.000000000000000e-07
6.797269e+02	5.264289642653956e-02	2.451577139852849e-02	5.000000000000000e-15	3.000000000000000e-07
6.938206e+02	5.290044313113014e-02	2.464323987532968e-02	5.000000000000000e-15	3.000000000000000e-07
7.081893e+02	5.315923982832146e-02	2.477166436913825e-02	5.000000000000000e-15	3.000000000000000e-07
7.228389e+02	5.341929262505791e-02	2.490104950625219e-02	5.000000000000000e-15	3.000000000000000e-07
7.377755e+02	5.368060766067464e-02	2.503139989513513e-02	5.000000000000000e-15	3.000000000000000e-07
7.530054e+02	5.394319110708797e-02	2.516272012580118e-02	5.000000000000000e-15	3.000000000000000e-07
7.685348e+02	5.420704916898574e-02	2.529501476920270e-02	5.000000000000000e-15	3.000000000000000e-07
7.843702e+02	5.447218808401768e-02	2.542828837662134e-02	5.000000000000000e-15	3.000000000000000e-07
8.005183e+02	5.473861412298590e-02	2.556254547906301e-02	5.000000000000000e-15	3.000000000000000e-07
8.169859e+02	5.500633359003512e-02	2.569779058665726e-02	5.000000000000000e-15	3.000000000000000e-07
8.337798e+02	5.527535282284304e-02	2.583402818806149e-02	5.000000000000000e-15	3.000000000000000e-07
8.509072e+02	5.554567819281039e-02	2.597126274987078e-02	5.000000000000000e-15	3.000000000000000e-07
8.683752e+02	5.581731610525093e-02	2.610949871603360e-02	5.000000000000000e-15	3.000000000000000e-07
8.861914e+02	5.609027299958130e-02	2.624874050727433e-02	5.000000000000000e-15	3.000000000000000e-07
9.043632e+02	5.636455534951043e-02	2.638899252052277e-02	5.000000000000000e-15	3.000000000000000e-07
9.228984e+02	5.664016966322900e-02	2.653025912835163e-02	5.000000000000000e-15	3.000000000000000e-07
9.418049e+02	5.691712248359826e-02	2.667254467842232e-02	5.000000000000000e-15	3.000000000000000e-07
9.610908e+02	5.719542038833881e-02	2.681585349293981e-02	5.000000000000000e-15	3.000000000000000e-07
9.807644e+02	5.747506999021879e-02	2.696018986811710e-02	5.000000000000000e-15	3.000000000000000e-07
1.000000e+03	5.774442829983797e-02	2.709953304146204e-02	5.000000000000000e-15	3.000000000000000e-07
1.020474e+03	5.802697748838526e-02	2.724601492708823e-02	5.000000000000000e-15	3.000000000000000e-07
1.041345e+03	5.831066181565044e-02	2.739341470681924e-02	5.000000000000000e-15	3.000000000000000e-07
1.062638e+03	5.859572909946975e-02	2.754186124460653e-02	5.000000000000000e-15	3.000000000000000e-07
1.084362e+03	5.888218130567916e-02	2.769135619992883e-02	5.000000000000000e-15	3.000000000000000e-07
1.106528e+03	5.917002535645507e-02	2.784190375382877e-02	5.000000000000000e-15	3.000000000000000e-07
1.129143e+03	5.945926811171421e-02	2.799350800672234e-02	5.000000000000000e-15	3.000000000000000e-07
1.152219e+03	5.974991646988152e-02	2.814617303022247e-02	5.000000000000000e-15	3.000000000000000e-07
1.175765e+03	6.004197736605475e-02	2.829990286566796e-02	5.000000000000000e-15	3.000000000000000e-07
1.199792e+03	6.033545777222792e-02	2.845470152374101e-02	5.000000000000000e-15	3.000000000000000e-07
1.224310e+03	6.063036469747263e-02	2.861057298408023e-02	5.000000000000000e-15	3.000000000000000e-07
1.249329e+03	6.092670518811955e-02	2.876752119491161e-02	5.000000000000000e-15	3.000000000000000e-07
1.274861e+03	6.122448632793907e-02	2.892555007269786e-02	5.000000000000000e-15	3.000000000000000e-07
1.300917e+03	6.152371523832122e-02	2.908466350180666e-02	5.000000000000000e-15	3.000000000000000e-07
1.327508e+03	6.182439907845481e-02	2.924486533419865e-02	5.000000000000000e-15	3.000000000000000e-07
1.354646e+03	6.212654504550574e-02	2.940615938913570e-02	5.000000000000000e-15	3.000000000000000e-07
1.382343e+03	6.243016037479451e-02	2.956854945291020e-02	5.000000000000000e-15	3.000000000000000e-07
1.410611e+03	6.273525233997283e-02	2.973203927859601e-02	5.000000000000000e-15	3.000000000000000e-07
1.439463e+03	6.304182825319948e-02	2.989663258582164e-02	5.000000000000000e-15	3.000000000000000e-07
1.468911e+03	6.334989546531518e-02	3.006233306056649e-02	5.000000000000000e-15	3.000000000000000e-07
1.498968e+03	6.365946136601668e-02	3.022914435498053e-02	5.000000000000000e-15	3.000000000000000e-07
1.529648e+03	6.397053338402992e-02	3.039707008722822e-02	5.000000000000000e-15	3.000000000000000e-07
1.560964e+03	6.428311898728228e-02	3.056611384135722e-02	5.000000000000000e-15	3.000000000000000e-07
1.592929e+03	6.459722568307398e-02	3.073627916719242e-02	5.000000000000000e-15	3.000000000000000e-07
1.625559e+03	6.491286101824852e-02	3.090756958025596e-02	5.000000000000000e-15	3.000000000000000e-07
1.658867e+03	6.523003257936223e-02	3.107998856171366e-02	5.000000000000000e-15	3.000000000000000e-07
1.692869e+03	6.554874799285294e-02	3.125353955834857e-02	5.000000000000000e-15	3.000000000000000e-07
1.727579e+03	6.586901492520773e-02	3.142822598256195e-02	5.000000000000000e-15	3.000000000000000e-07
1.763013e+03	6.619084108312978e-02	3.160405121240237e-02	5.000000000000000e-15	3.000000000000000e-07
1.799186e+03	6.651423421370427e-02	3.178101859162325e-02	5.000000000000000e-15	3.000000000000000e-07
1.836115e+03	6.683920210456354e-02	3.195913142976935e-02	5.000000000000000e-15	3.000000000000000e-07
1.873815e+03	6.716575258405121e-02	3.213839300229258e-02	5.000000000000000e-15	3.000000000000000e-07
1.912305e+03	6.749389352138553e-02	3.231880655069770e-02	5.000000000000000e-15	3.000000000000000e-07
1.951600e+03	6.782363282682188e-02	3.250037528271799e-02	5.000000000000000e-15	3.000000000000000e-07
1.991718e+03	6.815497845181440e-02	3.268310237252143e-02	5.000000000000000e-15	3.000000000000000e-07
2.032678e+03	6.848793838917681e-02	3.286699096094770e-02	5.000000000000000e-15	3.000000000000000e-07
2.074496e+03	6.882252067324254e-02	3.305204415577612e-02	5.000000000000000e-15	3.000000000000000e-07
2.117193e+03	6.915873338002385e-02	3.323826503202502e-02	5.000000000000000e-15	3.000000000000000e-07
2.160786e+03	6.949658462737049e-02	3.342565663228248e-02	5.000000000000000e-15	3.000000000000000e-07
2.205295e+03	6.983608257512748e-02	3.361422196706878e-02	5.000000000000000e-15	3.000000000000000e-07
2.250740e+03	7.017723542529218e-02	3.380396401523075e-02	5.000000000000000e-15	3.000000000000000e-07
2.297141e+03	7.052005142217083e-02	3.399488572436797e-02	5.000000000000000e-15	3.000000000000000e-07
2.344519e+03	7.086453885253431e-02	3.418699001129104e-02	5.000000000000000e-15	3.000000000000000e-07
2.392894e+03	7.121070604577348e-02	3.438027976251180e-02	5.000000000000000e-15	3.000000000000000e-07
2.442288e+03	7.155856137405381e-02	3.457475783476569e-02	5.000000000000000e-15	3.000000000000000e-07
2.492723e+03	7.190811325246958e-02	3.477042705556609e-02	5.000000000000000e-15	3.000000000000000e-07
2.544222e+03	7.225937013919763e-02	3.496729022379048e-02	5.000000000000000e-15	3.000000000000000e-07
2.596806e+03	7.261234053565056e-02	3.516535011029858e-02	5.000000000000000e-15	3.000000000000000e-07
2.650500e+03	7.296703298662975e-02	3.536460945858196e-02	5.000000000000000e-15	3.000000000000000e-07
2.705327e+03	7.332345608047783e-02	3.556507098544521e-02	5.000000000000000e-15	3.000000000000000e-07
2.761311e+03	7.368161844923095e-02	3.576673738171833e-02	5.000000000000000e-15	3.000000000000000e-07
2.818478e+03	7.404152876877088e-02	3.596961131299996e-02	5.000000000000000e-15	3.000000000000000e-07
2.876851e+03	7.440319575897678e-02	3.617369542043138e-02	5.000000000000000e-15	3.000000000000000e-07
2.936457e+03	7.476662818387693e-02	3.637899232150063e-02	5.000000000000000e-15	3.000000000000000e-07
2.997322e+03	7.513183485180036e-02	3.658550461087660e-02	5.000000000000000e-15	3.000000000000000e-07
3.059474e+03	7.549882461552841e-02	3.679323486127258e-02	5.000000000000000e-15	3.000000000000000e-07
3.122938e+03	7.586760637244638e-02	3.700218562433866e-02	5.000000000000000e-15	3.000000000000000e-07
3.187744e+03	7.623818906469521e-02	3.721235943158277e-02	5.000000000000000e-15	3.000000000000000e-07
3.253919e+03	7.661058167932336e-02	3.742375879531941e-02	5.000000000000000e-15	3.000000000000000e-07
3.321492e+03	7.698479324843885e-02	3.763638620964593e-02	5.000000000000000e-15	3.000000000000000e-07
3.390493e+03	7.736083284936154e-02	3.785024415144534e-02	5.000000000000000e-15	3.000000000000000e-07
3.460953e+03	7.773870960477590e-02	3.806533508141526e-02	5.000000000000000e-15	3.000000000000000e-07
3.532901e+03	7.811843268288392e-02	3.828166144512214e-02	5.000000000000000e-15	3.000000000000000e-07
3.606370e+03	7.850001129755863e-02	3.849922567408025e-02	5.000000000000000e-15	3.000000000000000e-07
3.681391e+03	7.888345470849817e-02	3.871803018685433e-02	5.000000000000000e-15	3.000000000000000e-07
3.757997e+03	7.926877222138033e-02	3.893807739018548e-02	5.000000000000000e-15	3.000000000000000e-07
3.836221e+03	7.965597318801779e-02	3.915936968013919e-02	5.000000000000000e-15	3.000000000000000e-07
3.916097e+03	8.004506700651405e-02	3.938190944327487e-02	5.000000000000000e-15	3.000000000000000e-07
3.997659e+03	8.043606312142017e-02	3.960569905783578e-02	5.000000000000000e-15	3.000000000000000e-07
4.080943e+03	8.082897102389228e-02	3.983074089495864e-02	5.000000000000000e-15	3.000000000000000e-07
4.165985e+03	8.122380025185008e-02	4.005703731990190e-02	5.000000000000000e-15	3.000000000000000e-07
4.252822e+03	8.162056039013628e-02	4.028459069329173e-02	5.000000000000000e-15	3.000000000000000e-07
4.341490e+03	8.201926107067697e-02	4.051340337238475e-02	5.000000000000000e-15	3.000000000000000e-07
4.432028e+03	8.241991197264327e-02	4.074347771234647e-02	5.000000000000000e-15	3.000000000000000e-07
4.524475e+03	8.282252282261397e-02	4.097481606754453e-02	5.000000000000000e-15	3.000000000000000e-07
4.618870e+03	8.322710339473950e-02	4.120742079285551e-02	5.000000000000000e-15	3.000000000000000e-07
4.715253e+03	8.363366351090719e-02	4.144129424498447e-02	5.000000000000000e-15	3.000000000000000e-07
4.813666e+03	8.404221304090770e-02	4.167643878379607e-02	5.000000000000000e-15	3.000000000000000e-07
4.914151e+03	8.445276190260320e-02	4.191285677365606e-02	5.000000000000000e-15	3.000000000000000e-07
5.016750e+03	8.486532006209661e-02	4.215055058478230e-02	5.000000000000000e-15	3.000000000000000e-07
5.121507e+03	8.527989753390273e-02	4.238952259460403e-02	5.000000000000000e-15	3.000000000000000e-07
5.228466e+03	8.569650438112074e-02	4.262977518912835e-02	5.000000000000000e-15	3.000000000000000e-07
5.337672e+03	8.611515071560837e-02	4.287131076431275e-02	5.000000000000000e-15	3.000000000000000e-07
5.449172e+03	8.653584669815784e-02	4.311413172744279e-02	5.000000000000000e-15	3.000000000000000e-07
5.563013e+03	8.695860253867355e-02	4.335824049851337e-02	5.000000000000000e-15	3.000000000000000e-07
5.679241e+03	8.738342849635147e-02	4.360363951161306e-02	5.000000000000000e-15	3.000000000000000e-07
5.797907e+03	8.781033487986055e-02	4.385033121630984e-02	5.000000000000000e-15	3.000000000000000e-07
5.919059e+03	8.823933204752589e-02	4.409831807903759e-02	5.000000000000000e-15	3.000000000000000e-07
6.042749e+03	8.867043040751396e-02	4.434760258448183e-02	5.000000000000000e-15	3.000000000000000e-07
6.169028e+03	8.910364041801982e-02	4.459818723696397e-02	5.000000000000000e-15	3.000000000000000e-07
6.297948e+03	8.953897258745638e-02	4.485007456182276e-02	5.000000000000000e-15	3.000000000000000e-07
6.429563e+03	8.997643747464572e-02	4.510326710679199e-02	5.000000000000000e-15	3.000000000000000e-07
6.563927e+03	9.041604568901264e-02	4.535776744337329e-02	5.000000000000000e-15	3.000000000000000e-07
6.701097e+03	9.085780789078034e-02	4.561357816820307e-02	5.000000000000000e-15	3.000000000000000e-07
6.841129e+03	9.130173479116828e-02	4.587070190441255e-02	5.000000000000000e-15	3.000000000000000e-07
6.984079e+03	9.174783715259241e-02	4.612914130297984e-02	5.000000000000000e-15	3.000000000000000e-07
7.130008e+03	9.219612578886763e-02	4.638889904407310e-02	5.000000000000000e-15	3.000000000000000e-07
7.278975e+03	9.264661156541251e-02	4.664997783838382e-02	5.000000000000000e-15	3.000000000000000e-07
7.431041e+03	9.309930539945657e-02	4.691238042844930e-02	5.000000000000000e-15	3.000000000000000e-07
7.586268e+03	9.355421826024973e-02	4.717610958996334e-02	5.000000000000000e-15	3.000000000000000e-07
7.744719e+03	9.401136116927437e-02	4.744116813307426e-02	5.000000000000000e-15	3.000000000000000e-07
7.906459e+03	9.447074520045974e-02	4.770755890366943e-02	5.000000000000000e-15	3.000000000000000e-07
8.071553e+03	9.493238148039880e-02	4.797528478464539e-02	5.000000000000000e-15	3.000000000000000e-07
8.240069e+03	9.539628118856776e-02	4.824434869716284e-02	5.000000000000000e-15	3.000000000000000e-07
8.412073e+03	9.586245555754788e-02	4.851475360188552e-02	5.000000000000000e-15	3.000000000000000e-07
8.587636e+03	9.633091587325006e-02	4.878650250020249e-02	5.000000000000000e-15	3.000000000000000e-07
8.766828e+03	9.680167347514175e-02	4.905959843543280e-02	5.000000000000000e-15	3.000000000000000e-07
8.949721e+03	9.727473975647666e-02	4.933404449401210e-02	5.000000000000000e-15	3.000000000000000e-07
9.136389e+03	9.775012616452694e-02	4.960984380666032e-02	5.000000000000000e-15	3.000000000000000e-07
9.326905e+03	9.822784420081797e-02	4.988699954952990e-02	5.000000000000000e-15	3.000000000000000e-07
9.521346e+03	9.870790542136575e-02	5.016551494533394e-02	5.000000000000000e-15	3.000000000000000e-07
9.719789e+03	9.919032143691704e-02	5.044539326445371e-02	5.000000000000000e-15	3.000000000000000e-07
9.922312e+03	9.967510391319200e-02	5.072663782602493e-02	5.000000000000000e-15	3.000000000000000e-07
1.000000e+04	9.985849457608352e-02	5.083304995040105e-02	5.000000000000000e-15	3.000000000000000e-07
1.021093e+04	1.003527562762924e-01	5.111977700385746e-02	5.000000000000000e-15	3.000000000000000e-07
1.042348e+04	1.008431155324253e-01	5.140422659785778e-02	5.000000000000000e-15	3.000000000000000e-07
1.064044e+04	1.013360090599586e-01	5.169012822162267e-02	5.000000000000000e-15	3.000000000000000e-07
1.086184e+04	1.018313183166830e-01	5.197740976930065e-02	5.000000000000000e-15	3.000000000000000e-07
1.108778e+04	1.023290579154473e-01	5.226607637501712e-02	5.000000000000000e-15	3.000000000000000e-07
1.131833e+04	1.028292398254844e-01	5.255613166226000e-02	5.000000000000000e-15	3.000000000000000e-07
1.155359e+04	1.033318761276058e-01	5.284757934233526e-02	5.000000000000000e-15	3.000000000000000e-07
1.179365e+04	1.038369789586280e-01	5.314042318288184e-02	5.000000000000000e-15	3.000000000000000e-07
1.203861e+04	1.043445605127715e-01	5.343466700939481e-02	5.000000000000000e-15	3.000000000000000e-07
1.228856e+04	1.048546330419075e-01	5.373031470605497e-02	5.000000000000000e-15	3.000000000000000e-07
1.254359e+04	1.053672088558318e-01	5.402737021654712e-02	5.000000000000000e-15	3.000000000000000e-07
1.280380e+04	1.058823003225398e-01	5.432583754485299e-02	5.000000000000000e-15	3.000000000000000e-07
1.306930e+04	1.063999198685050e-01	5.462572075601912e-02	5.000000000000000e-15	3.000000000000000e-07
1.334019e+04	1.069200799789591e-01	5.492702397689964e-02	5.000000000000000e-15	3.000000000000000e-07
1.361657e+04	1.074427931981759e-01	5.522975139687376e-02	5.000000000000000e-15	3.000000000000000e-07
1.389854e+04	1.079680721297566e-01	5.553390726853825e-02	5.000000000000000e-15	3.000000000000000e-07
1.418621e+04	1.084959294369187e-01	5.583949590837468e-02	5.000000000000000e-15	3.000000000000000e-07
1.447970e+04	1.090263778427868e-01	5.614652169739163e-02	5.000000000000000e-15	3.000000000000000e-07
1.477911e+04	1.095594301306860e-01	5.645498908174196e-02	5.000000000000000e-15	3.000000000000000e-07
1.508457e+04	1.100950991444381e-01	5.676490257331521e-02	5.000000000000000e-15	3.000000000000000e-07
1.539617e+04	1.106333977886604e-01	5.707626675030531e-02	5.000000000000000e-15	3.000000000000000e-07
1.571405e+04	1.111743390290664e-01	5.738908625775373e-02	5.000000000000000e-15	3.000000000000000e-07
1.603832e+04	1.117179358927697e-01	5.770336580806830e-02	5.000000000000000e-15	3.000000000000000e-07
1.636910e+04	1.122642014685897e-01	5.801911018151797e-02	5.000000000000000e-15	3.000000000000000e-07
1.670652e+04	1.128131489073607e-01	5.833632422670364e-02	5.000000000000000e-15	3.000000000000000e-07
1.705070e+04	1.133647914222422e-01	5.865501286100539e-02	5.000000000000000e-15	3.000000000000000e-07
1.740178e+04	1.139191422890326e-01	5.897518107100639e-02	5.000000000000000e-15	3.000000000000000e-07
1.775988e+04	1.144762148464850e-01	5.929683391289382e-02	5.000000000000000e-15	3.000000000000000e-07
1.812514e+04	1.150360224966254e-01	5.961997651283704e-02	5.000000000000000e-15	3.000000000000000e-07
1.849769e+04	1.155985787050728e-01	5.994461406734350e-02	5.000000000000000e-15	3.000000000000000e-07
1.887767e+04	1.161638970013630e-01	6.027075184359251e-02	5.000000000000000e-15	3.000000000000000e-07
1.926523e+04	1.167319909792727e-01	6.059839517974758e-02	5.000000000000000e-15	3.000000000000000e-07
1.966050e+04	1.173028742971480e-01	6.092754948524737e-02	5.000000000000000e-15	3.000000000000000e-07
2.006362e+04	1.178765606782337e-01	6.125822024107590e-02	5.000000000000000e-15	3.000000000000000e-07
2.047476e+04	1.184530639110059e-01	6.159041300001234e-02	5.000000000000000e-15	3.000000000000000e-07
2.089406e+04	1.190323978495058e-01	6.192413338686086e-02	5.000000000000000e-15	3.000000000000000e-07
2.132167e+04	1.196145764136770e-01	6.225938709866086e-02	5.000000000000000e-15	3.000000000000000e-07
2.175775e+04	1.201996135897040e-01	6.259617990487819e-02	5.000000000000000e-15	3.000000000000000e-07
2.220246e+04	1.207875234303533e-01	6.293451764757775e-02	5.000000000000000e-15	3.000000000000000e-07
2.265596e+04	1.213783200553172e-01	6.327440624157793e-02	5.000000000000000e-15	3.000000000000000e-07
2.311842e+04	1.219720176515587e-01	6.361585167458732e-02	5.000000000000000e-15	3.000000000000000e-07
2.359000e+04	1.225686304736596e-01	6.395886000732436e-02	5.000000000000000e-15	3.000000000000000e-07
2.407088e+04	1.231681728441701e-01	6.430343737362010e-02	5.000000000000000e-15	3.000000000000000e-07
2.456123e+04	1.237706591539611e-01	6.464958998050498e-02	5.000000000000000e-15	3.000000000000000e-07
2.506122e+04	1.243761038625777e-01	6.499732410827977e-02	5.000000000000000e-15	3.000000000000000e-07
2.557104e+04	1.249845214985962e-01	6.534664611057125e-02	5.000000000000000e-15	3.000000000000000e-07
2.609086e+04	1.255959266599817e-01	6.569756241437341e-02	5.000000000000000e-15	3.000000000000000e-07
2.662089e+04	1.262103340144492e-01	6.605007952007420e-02	5.000000000000000e-15	3.000000000000000e-07
2.716130e+04	1.268277582998253e-01	6.640420400146882e-02	5.000000000000000e-15	3.000000000000000e-07
2.771229e+04	1.274482143244133e-01	6.675994250575969e-02	5.000000000000000e-15	3.000000000000000e-07
2.827405e+04	1.280717169673597e-01	6.711730175354384e-02	5.000000000000000e-15	3.000000000000000e-07
2.884680e+04	1.286982811790224e-01	6.747628853878812e-02	5.000000000000000e-15	3.000000000000000e-07
2.943072e+04	1.293279219813420e-01	6.783690972879275e-02	5.000000000000000e-15	3.000000000000000e-07
3.002604e+04	1.299606544682138e-01	6.819917226414372e-02	5.000000000000000e-15	3.000000000000000e-07
3.063295e+04	1.305964938058628e-01	6.856308315865463e-02	5.000000000000000e-15	3.000000000000000e-07
3.125168e+04	1.312354552332202e-01	6.892864949929824e-02	5.000000000000000e-15	3.000000000000000e-07
3.188244e+04	1.318775540623022e-01	6.929587844612850e-02	5.000000000000000e-15	3.000000000000000e-07
3.252546e+04	1.325228056785903e-01	6.966477723219336e-02	5.000000000000000e-15	3.000000000000000e-07
3.318097e+04	1.331712255414140e-01	7.003535316343892e-02	5.000000000000000e-15	3.000000000000000e-07
3.384918e+04	1.338228291843355e-01	7.040761361860542e-02	5.000000000000000e-15	3.000000000000000e-07
3.453035e+04	1.344776322155356e-01	7.078156604911544e-02	5.000000000000000e-15	3.000000000000000e-07
3.522471e+04	1.351356503182028e-01	7.115721797895488e-02	5.000000000000000e-15	3.000000000000000e-07
3.593250e+04	1.357968992509231e-01	7.153457700454728e-02	5.000000000000000e-15	3.000000000000000e-07
3.665396e+04	1.364613948480725e-01	7.191365079462154e-02	5.000000000000000e-15	3.000000000000000e-07
3.738936e+04	1.371291530202110e-01	7.229444709007406e-02	5.000000000000000e-15	3.000000000000000e-07
3.813895e+04	1.378001897544789e-01	7.267697370382520e-02	5.000000000000000e-15	3.000000000000000e-07
3.890299e+04	1.384745211149947e-01	7.306123852067090e-02	5.000000000000000e-15	3.000000000000000e-07
3.968174e+04	1.391521632432551e-01	7.344724949712959e-02	5.000000000000000e-15	3.000000000000000e-07
4.047548e+04	1.398331323585367e-01	7.383501466128510e-02	5.000000000000000e-15	3.000000000000000e-07
4.128448e+04	1.405174447582998e-01	7.422454211262559e-02	5.000000000000000e-15	3.000000000000000e-07
4.210903e+04	1.412051168185942e-01	7.461584002187940e-02	5.000000000000000e-15	3.000000000000000e-07
4.294940e+04	1.418961649944662e-01	7.500891663084766e-02	5.000000000000000e-15	3.000000000000000e-07
4.380589e+04	1.425906058203688e-01	7.540378025223458e-02	5.000000000000000e-15	3.000000000000000e-07
4.467879e+04	1.432884559105723e-01	7.580043926947537e-02	5.000000000000000e-15	3.000000000000000e-07
4.556841e+04	1.439897319595779e-01	7.619890213656232e-02	5.000000000000000e-15	3.000000000000000e-07
4.647504e+04	1.446944507425328e-01	7.659917737786957e-02	5.000000000000000e-15	3.000000000000000e-07
4.739901e+04	1.454026291156470e-01	7.700127358797659e-02	5.000000000000000e-15	3.000000000000000e-07
4.834064e+04	1.461142840166124e-01	7.740519943149082e-02	5.000000000000000e-15	3.000000000000000e-07
4.930023e+04	1.468294324650236e-01	7.781096364287006e-02	5.000000000000000e-15	3.000000000000000e-07
5.027812e+04	1.475480915628003e-01	7.821857502624449e-02	5.000000000000000e-15	3.000000000000000e-07
5.127465e+04	1.482702784946123e-01	7.862804245523895e-02	5.000000000000000e-15	3.000000000000000e-07
5.229016e+04	1.489960105283058e-01	7.903937487279575e-02	5.000000000000000e-15	3.000000000000000e-07
5.332499e+04	1.497253050153316e-01	7.945258129099800e-02	5.000000000000000e-15	3.000000000000000e-07
5.437950e+04	1.504581793911758e-01	7.986767079089428e-02	5.000000000000000e-15	3.000000000000000e-07
5.545404e+04	1.511946511757918e-01	8.028465252232435e-02	5.000000000000000e-15	3.000000000000000e-07
5.654899e+04	1.519347379740344e-01	8.070353570374660e-02	5.000000000000000e-15	3.000000000000000e-07
5.766470e+04	1.526784574760960e-01	8.112432962206717e-02	5.000000000000000e-15	3.000000000000000e-07
5.880157e+04	1.534258274579444e-01	8.154704363247134e-02	5.000000000000000e-15	3.000000000000000e-07
5.995998e+04	1.541768657817630e-01	8.197168715825699e-02	5.000000000000000e-15	3.000000000000000e-07
6.114031e+04	1.549315903963922e-01	8.239826969067074e-02	5.000000000000000e-15	3.000000000000000e-07
6.234298e+04	1.556900193377737e-01	8.282680078874678e-02	5.000000000000000e-15	3.000000000000000e-07
6.356838e+04	1.564521707293956e-01	8.325729007914866e-02	5.000000000000000e-15	3.000000000000000e-07
6.481693e+04	1.572180627827409e-01	8.368974725601425e-02	5.000000000000000e-15	3.000000000000000e-07
6.608905e+04	1.579877137977365e-01	8.412418208080397e-02	5.000000000000000e-15	3.000000000000000e-07
6.738516e+04	1.587611421632050e-01	8.456060438215270e-02	5.000000000000000e-15	3.000000000000000e-07
6.870572e+04	1.595383663573182e-01	8.499902405572500e-02	5.000000000000000e-15	3.000000000000000e-07
7.005115e+04	1.603194049480530e-01	8.543945106407513e-02	5.000000000000000e-15	3.000000000000000e-07
7.142192e+04	1.611042765936486e-01	8.588189543650986e-02	5.000000000000000e-15	3.000000000000000e-07
7.281848e+04	1.618930000430661e-01	8.632636726895625e-02	5.000000000000000e-15	3.000000000000000e-07
7.424130e+04	1.626855941364503e-01	8.677287672383359e-02	5.000000000000000e-15	3.000000000000000e-07
7.569085e+04	1.634820778055930e-01	8.722143402992978e-02	5.000000000000000e-15	3.000000000000000e-07
7.716763e+04	1.642824700743989e-01	8.767204948228227e-02	5.000000000000000e-15	3.000000000000000e-07
7.867212e+04	1.650867900593526e-01	8.812473344206369e-02	5.000000000000000e-15	3.000000000000000e-07
8.020484e+04	1.658950569699893e-01	8.857949633647243e-02	5.000000000000000e-15	3.000000000000000e-07
8.176629e+04	1.667072901093655e-01	8.903634865862801e-02	5.000000000000000e-15	3.000000000000000e-07
8.335698e+04	1.675235088745334e-01	8.949530096747157e-02	5.000000000000000e-15	3.000000000000000e-07
8.497747e+04	1.683437327570166e-01	8.995636388767138e-02	5.000000000000000e-15	3.000000000000000e-07
8.662827e+04	1.691679813432880e-01	9.041954810953373e-02	5.000000000000000e-15	3.000000000000000e-07
8.830994e+04	1.699962743152499e-01	9.088486438891902e-02	5.000000000000000e-15	3.000000000000000e-07
9.002305e+04	1.708286314507160e-01	9.135232354716315e-02	5.000000000000000e-15	3.000000000000000e-07
9.176816e+04	1.716650726238959e-01	9.182193647100455e-02	5.000000000000000e-15	3.000000000000000e-07
9.354585e+04	1.725056178058812e-01	9.229371411251651e-02	5.000000000000000e-15	3.000000000000000e-07
9.535671e+04	1.733502870651342e-01	9.276766748904522e-02	5.000000000000000e-15	3.000000000000000e-07
9.720134e+04	1.741991005679786e-01	9.324380768315339e-02	5.000000000000000e-15	3.000000000000000e-07
9.908035e+04	1.750520785790920e-01	9.372214584256956e-02	5.000000000000000e-15	3.000000000000000e-07
1.000000e+05	1.754644522788888e-01	9.395334681159548e-02	5.000000000000000e-15	3.000000000000000e-07
1.019497e+05	1.763318719797604e-01	9.443957716568943e-02	5.000000000000000e-15	3.000000000000000e-07
1.039167e+05	1.771951618138368e-01	9.492335485715882e-02	5.000000000000000e-15	3.000000000000000e-07
1.059207e+05	1.780628415619588e-01	9.540945619045829e-02	5.000000000000000e-15	3.000000000000000e-07
1.079620e+05	1.789347752186463e-01	9.589780476896743e-02	5.000000000000000e-15	3.000000000000000e-07
1.100412e+05	1.798109864859916e-01	9.638841371600960e-02	5.000000000000000e-15	3.000000000000000e-07
1.121590e+05	1.806914962260197e-01	9.688129457162492e-02	5.000000000000000e-15	3.000000000000000e-07
1.143161e+05	1.815763254570615e-01	9.737645897117969e-02	5.000000000000000e-15	3.000000000000000e-07
1.165133e+05	1.824654952990774e-01	9.787391861445144e-02	5.000000000000000e-15	3.000000000000000e-07
1.187513e+05	1.833590269751880e-01	9.837368526620248e-02	5.000000000000000e-15	3.000000000000000e-07
1.210307e+05	1.842569418121707e-01	9.887577075618011e-02	5.000000000000000e-15	3.000000000000000e-07
1.233524e+05	1.851592612409793e-01	9.938018697913320e-02	5.000000000000000e-15	3.000000000000000e-07
1.257171e+05	1.860660067972644e-01	9.988694589483466e-02	5.000000000000000e-15	3.000000000000000e-07
1.281255e+05	1.869772001218969e-01	1.003960595281097e-01	5.000000000000000e-15	3.000000000000000e-07
1.305786e+05	1.878928629614930e-01	1.009075399688701e-01	5.000000000000000e-15	3.000000000000000e-07
1.330770e+05	1.888130171689429e-01	1.014213993721544e-01	5.000000000000000e-15	3.000000000000000e-07
1.356216e+05	1.897376847039403e-01	1.019376499581735e-01	5.000000000000000e-15	3.000000000000000e-07
1.382133e+05	1.906668876335152e-01	1.024563040123632e-01	5.000000000000000e-15	3.000000000000000e-07
1.408528e+05	1.916006481325695e-01	1.029773738854413e-01	5.000000000000000e-15	3.000000000000000e-07
1.435411e+05	1.925389884844135e-01	1.035008719934715e-01	5.000000000000000e-15	3.000000000000000e-07
1.462791e+05	1.934819310813065e-01	1.040268108179328e-01	5.000000000000000e-15	3.000000000000000e-07
1.490675e+05	1.944294984249990e-01	1.045552029057943e-01	5.000000000000000e-15	3.000000000000000e-07
1.519074e+05	1.953817131272773e-01	1.050860608695964e-01	5.000000000000000e-15	3.000000000000000e-07
1.547997e+05	1.963385979105108e-01	1.056193973875374e-01	5.000000000000000e-15	3.000000000000000e-07
1.577452e+05	1.973001756082017e-01	1.061552252035658e-01	5.000000000000000e-15	3.000000000000000e-07
1.607451e+05	1.982664691655377e-01	1.066935571274783e-01	5.000000000000000e-15	3.000000000000000e-07
1.638002e+05	1.992375016399461e-01	1.072344060350235e-01	5.000000000000000e-15	3.000000000000000e-07
1.669115e+05	2.002132962016512e-01	1.077777848680111e-01	5.000000000000000e-15	3.000000000000000e-07
1.700801e+05	2.011938761342348e-01	1.083237066344268e-01	5.000000000000000e-15	3.000000000000000e-07
1.733070e+05	2.021792648351977e-01	1.088721844085526e-01	5.000000000000000e-15	3.000000000000000e-07
1.765932e+05	2.031694858165253e-01	1.094232313310928e-01	5.000000000000000e-15	3.000000000000000e-07
1.799399e+05	2.041645627052549e-01	1.099768606093051e-01	5.000000000000000e-15	3.000000000000000e-07
1.833481e+05	2.051645192440459e-01	1.105330855171376e-01	5.000000000000000e-15	3.000000000000000e-07
1.868189e+05	2.061693792917526e-01	1.110919193953708e-01	5.000000000000000e-15	3.000000000000000e-07
1.903534e+05	2.071791668239998e-01	1.116533756517650e-01	5.000000000000000e-15	3.000000000000000e-07
1.939529e+05	2.081939059337605e-01	1.122174677612132e-01	5.000000000000000e-15	3.000000000000000e-07
1.976184e+05	2.092136208319371e-01	1.127842092658992e-01	5.000000000000000e-15	3.000000000000000e-07
2.013511e+05	2.102383358479446e-01	1.133536137754605e-01	5.000000000000000e-15	3.000000000000000e-07
2.051524e+05	2.112680754302966e-01	1.139256949671572e-01	5.000000000000000e-15	3.000000000000000e-07
2.090234e+05	2.123028641471946e-01	1.145004665860450e-01	5.000000000000000e-15	3.000000000000000e-07
2.129653e+05	2.133427266871189e-01	1.150779424451544e-01	5.000000000000000e-15	3.000000000000000e-07
2.169795e+05	2.143876878594238e-01	1.156581364256740e-01	5.000000000000000e-15	3.000000000000000e-07
2.210672e+05	2.154377725949339e-01	1.162410624771391e-01	5.000000000000000e-15	3.000000000000000e-07
2.252298e+05	2.164930059465444e-01	1.168267346176257e-01	5.000000000000000e-15	3.000000000000000e-07
2.294686e+05	2.175534130898236e-01	1.174151669339486e-01	5.000000000000000e-15	3.000000000000000e-07
2.337850e+05	2.186190193236186e-01	1.180063735818652e-01	5.000000000000000e-15	3.000000000000000e-07
2.381805e+05	2.196898500706633e-01	1.186003687862834e-01	5.000000000000000e-15	3.000000000000000e-07
2.426563e+05	2.207659308781897e-01	1.191971668414747e-01	5.000000000000000e-15	3.000000000000000e-07
2.472141e+05	2.218472874185421e-01	1.197967821112918e-01	5.000000000000000e-15	3.000000000000000e-07
2.518552e+05	2.229339454897934e-01	1.203992290293913e-01	5.000000000000000e-15	3.000000000000000e-07
2.565811e+05	2.240259310163656e-01	1.210045220994604e-01	5.000000000000000e-15	3.000000000000000e-07
2.613934e+05	2.251232700496522e-01	1.216126758954488e-01	5.000000000000000e-15	3.000000000000000e-07
2.662937e+05	2.262259887686434e-01	1.222237050618046e-01	5.000000000000000e-15	3.000000000000000e-07
2.712835e+05	2.273341134805553e-01	1.228376243137153e-01	5.000000000000000e-15	3.000000000000000e-07
2.763645e+05	2.284476706214610e-01	1.234544484373527e-01	5.000000000000000e-15	3.000000000000000e-07
2.815382e+05	2.295666867569254e-01	1.240741922901227e-01	5.000000000000000e-15	3.000000000000000e-07
2.868065e+05	2.306911885826421e-01	1.246968708009192e-01	5.000000000000000e-15	3.000000000000000e-07
2.921708e+05	2.318212029250747e-01	1.253224989703823e-01	5.000000000000000e-15	3.000000000000000e-07
2.976331e+05	2.329567567420995e-01	1.259510918711610e-01	5.000000000000000e-15	3.000000000000000e-07
3.031951e+05	2.340978771236528e-01	1.265826646481800e-01	5.000000000000000e-15	3.000000000000000e-07
3.088585e+05	2.352445912923800e-01	1.272172325189107e-01	5.000000000000000e-15	3.000000000000000e-07
3.146252e+05	2.363969266042882e-01	1.278548107736469e-01	5.000000000000000e-15	3.000000000000000e-07
3.204971e+05	2.375549105494025e-01	1.284954147757832e-01	5.000000000000000e-15	3.000000000000000e-07
3.264761e+05	2.387185707524247e-01	1.291390599620996e-01	5.000000000000000e-15	3.000000000000000e-07
3.325640e+05	2.398879349733950e-01	1.297857618430481e-01	5.000000000000000e-15	3.000000000000000e-07
3.387629e+05	2.410630311083576e-01	1.304355360030448e-01	5.000000000000000e-15	3.000000000000000e-07
3.450747e+05	2.422438871900285e-01	1.310883981007650e-01	5.000000000000000e-15	3.000000000000000e-07
3.515016e+05	2.434305313884678e-01	1.317443638694429e-01	5.000000000000000e-15	3.000000000000000e-07
3.580455e+05	2.446229920117537e-01	1.324034491171751e-01	5.000000000000000e-15	3.000000000000000e-07
3.647086e+05	2.458212975066607e-01	1.330656697272271e-01	5.000000000000000e-15	3.000000000000000e-07
3.714930e+05	2.470254764593406e-01	1.337310416583452e-01	5.000000000000000e-15	3.000000000000000e-07
3.784010e+05	2.482355575960074e-01	1.343995809450709e-01	5.000000000000000e-15	3.000000000000000e-07
3.854347e+05	2.494515697836241e-01	1.350713036980594e-01	5.000000000000000e-15	3.000000000000000e-07
3.925964e+05	2.506735420305947e-01	1.357462261044022e-01	5.000000000000000e-15	3.000000000000000e-07
3.998885e+05	2.519015034874574e-01	1.364243644279528e-01	5.000000000000000e-15	3.000000000000000e-07
4.073132e+05	2.531354834475831e-01	1.371057350096566e-01	5.000000000000000e-15	3.000000000000000e-07
4.148730e+05	2.543755113478757e-01	1.377903542678843e-01	5.000000000000000e-15	3.000000000000000e-07
4.225704e+05	2.556216167694766e-01	1.384782386987683e-01	5.000000000000000e-15	3.000000000000000e-07
4.304077e+05	2.568738294384725e-01	1.391694048765437e-01	5.000000000000000e-15	3.000000000000000e-07
4.383876e+05	2.581321792266060e-01	1.398638694538920e-01	5.000000000000000e-15	3.000000000000000e-07
4.465126e+05	2.593966961519906e-01	1.405616491622886e-01	5.000000000000000e-15	3.000000000000000e-07
4.547853e+05	2.606674103798283e-01	1.412627608123540e-01	5.000000000000000e-15	3.000000000000000e-07
4.632084e+05	2.619443522231308e-01	1.419672212942080e-01	5.000000000000000e-15	3.000000000000000e-07
4.717846e+05	2.632275521434446e-01	1.426750475778274e-01	5.000000000000000e-15	3.000000000000000e-07
4.805166e+05	2.645170407515792e-01	1.433862567134078e-01	5.000000000000000e-15	3.000000000000000e-07
4.894074e+05	2.658128488083386e-01	1.441008658317276e-01	5.000000000000000e-15	3.000000000000000e-07
4.984597e+05	2.671150072252569e-01	1.448188921445163e-01	5.000000000000000e-15	3.000000000000000e-07
5.076765e+05	2.684235470653374e-01	1.455403529448256e-01	5.000000000000000e-15	3.000000000000000e-07
5.170607e+05	2.697384995437943e-01	1.462652656074040e-01	5.000000000000000e-15	3.000000000000000e-07
5.266153e+05	2.710598960287992e-01	1.469936475890749e-01	5.000000000000000e-15	3.000000000000000e-07
5.363435e+05	2.723877680422305e-01	1.477255164291171e-01	5.000000000000000e-15	3.000000000000000e-07
5.462484e+05	2.737221472604269e-01	1.484608897496497e-01	5.000000000000000e-15	3.000000000000000e-07
5.563332e+05	2.750630655149437e-01	1.491997852560191e-01	5.000000000000000e-15	3.000000000000000e-07
5.666010e+05	2.764105547933138e-01	1.499422207371901e-01	5.000000000000000e-15	3.000000000000000e-07
5.770553e+05	2.777646472398114e-01	1.506882140661395e-01	5.000000000000000e-15	3.000000000000000e-07
5.876994e+05	2.791253751562203e-01	1.514377832002531e-01	5.000000000000000e-15	3.000000000000000e-07
5.985368e+05	2.804927710026050e-01	1.521909461817259e-01	5.000000000000000e-15	3.000000000000000e-07
6.095708e+05	2.818668673980864e-01	1.529477211379652e-01	5.000000000000000e-15	3.000000000000000e-07
6.208051e+05	2.832476971216207e-01	1.537081262819971e-01	5.000000000000000e-15	3.000000000000000e-07
6.322433e+05	2.846352931127821e-01	1.544721799128756e-01	5.000000000000000e-15	3.000000000000000e-07
6.438891e+05	2.860296884725493e-01	1.552399004160952e-01	5.000000000000000e-15	3.000000000000000e-07
6.557463e+05	2.874309164640965e-01	1.560113062640061e-01	5.000000000000000e-15	3.000000000000000e-07
6.678185e+05	2.888390105135868e-01	1.567864160162332e-01	5.000000000000000e-15	3.000000000000000e-07
6.801098e+05	2.902540042109710e-01	1.575652483200969e-01	5.000000000000000e-15	3.000000000000000e-07
6.926242e+05	2.916759313107891e-01	1.583478219110381e-01	5.000000000000000e-15	3.000000000000000e-07
7.053655e+05	2.931048257329764e-01	1.591341556130453e-01	5.000000000000000e-15	3.000000000000000e-07
7.183380e+05	2.945407215636729e-01	1.599242683390852e-01	5.000000000000000e-15	3.000000000000000e-07
7.315459e+05	2.959836530560375e-01	1.607181790915359e-01	5.000000000000000e-15	3.000000000000000e-07
7.449933e+05	2.974336546310653e-01	1.615159069626234e-01	5.000000000000000e-15	3.000000000000000e-07
7.586846e+05	2.988907608784090e-01	1.623174711348606e-01	5.000000000000000e-15	3.000000000000000e-07
7.726242e+05	3.003550065572050e-01	1.631228908814895e-01	5.000000000000000e-15	3.000000000000000e-07
7.868167e+05	3.018264265969024e-01	1.639321855669263e-01	5.000000000000000e-15	3.000000000000000e-07
8.012665e+05	3.033050560980971e-01	1.647453746472091e-01	5.000000000000000e-15	3.000000000000000e-07
8.159784e+05	3.047909303333693e-01	1.655624776704492e-01	5.000000000000000e-15	3.000000000000000e-07
8.309571e+05	3.062840847481252e-01	1.663835142772840e-01	5.000000000000000e-15	3.000000000000000e-07
8.462074e+05	3.077845549614427e-01	1.672085042013346e-01	5.000000000000000e-15	3.000000000000000e-07
8.617343e+05	3.092923767669217e-01	1.680374672696642e-01	5.000000000000000e-15	3.000000000000000e-07
8.775427e+05	3.108075861335379e-01	1.688704234032410e-01	5.000000000000000e-15	3.000000000000000e-07
8.936377e+05	3.123302192065010e-01	1.697073926174029e-01	5.000000000000000e-15	3.000000000000000e-07
9.100245e+05	3.138603123081173e-01	1.705483950223260e-01	5.000000000000000e-15	3.000000000000000e-07
9.267085e+05	3.153979019386562e-01	1.713934508234947e-01	5.000000000000000e-15	3.000000000000000e-07
9.436950e+05	3.169430247772210e-01	1.722425803221759e-01	5.000000000000000e-15	3.000000000000000e-07
9.609894e+05	3.184957176826242e-01	1.730958039158950e-01	5.000000000000000e-15	3.000000000000000e-07
9.785973e+05	3.200560176942662e-01	1.739531420989152e-01	5.000000000000000e-15	3.000000000000000e-07
9.965245e+05	3.216239620330196e-01	1.748146154627200e-01	5.000000000000000e-15	3.000000000000000e-07
1.000000e+06	3.219245781207276e-01	1.749797736887742e-01	5.000000000000000e-15	3.000000000000000e-07
1.018583e+06	3.235247054201584e-01	1.758588508131732e-01	5.000000000000000e-15	3.000000000000000e-07
1.037230e+06	3.251092299100468e-01	1.767292913395805e-01	5.000000000000000e-15	3.000000000000000e-07
1.056220e+06	3.267019383930697e-01	1.776041639628983e-01	5.000000000000000e-15	3.000000000000000e-07
1.075554e+06	3.283024422111833e-01	1.784832553022005e-01	5.000000000000000e-15	3.000000000000000e-07
1.095239e+06	3.299107872097860e-01	1.793665906737544e-01	5.000000000000000e-15	3.000000000000000e-07
1.115281e+06	3.315270116181706e-01	1.802541912076561e-01	5.000000000000000e-15	3.000000000000000e-07
1.135685e+06	3.331511539937908e-01	1.811460782117836e-01	5.000000000000000e-15	3.000000000000000e-07
1.156460e+06	3.347832530804684e-01	1.820422730939122e-01	5.000000000000000e-15	3.000000000000000e-07
1.177611e+06	3.364233478118812e-01	1.829427973636306e-01	5.000000000000000e-15	3.000000000000000e-07
1.199146e+06	3.380714773124456e-01	1.838476726328262e-01	5.000000000000000e-15	3.000000000000000e-07
1.221071e+06	3.397276808982509e-01	1.847569206161989e-01	5.000000000000000e-15	3.000000000000000e-07
1.243394e+06	3.413919980779961e-01	1.856705631317776e-01	5.000000000000000e-15	3.000000000000000e-07
1.266121e+06	3.430644685539328e-01	1.865886221014388e-01	5.000000000000000e-15	3.000000000000000e-07
1.289261e+06	3.447451322228117e-01	1.875111195514287e-01	5.000000000000000e-15	3.000000000000000e-07
1.312819e+06	3.464340291768342e-01	1.884380776128873e-01	5.000000000000000e-15	3.000000000000000e-07
1.336805e+06	3.481311997046084e-01	1.893695185223764e-01	5.000000000000000e-15	3.000000000000000e-07
1.361226e+06	3.498366842921097e-01	1.903054646224094e-01	5.000000000000000e-15	3.000000000000000e-07
1.386089e+06	3.515505236236466e-01	1.912459383619842e-01	5.000000000000000e-15	3.000000000000000e-07
1.411403e+06	3.532727585828304e-01	1.921909622971192e-01	5.000000000000000e-15	3.000000000000000e-07
1.437176e+06	3.550034302535506e-01	1.931405590913919e-01	5.000000000000000e-15	3.000000000000000e-07
1.463417e+06	3.567425799209540e-01	1.940947515164800e-01	5.000000000000000e-15	3.000000000000000e-07
1.490133e+06	3.584902490724295e-01	1.950535624527059e-01	5.000000000000000e-15	3.000000000000000e-07
1.517333e+06	3.602464793985975e-01	1.960170148895838e-01	5.000000000000000e-15	3.000000000000000e-07
1.545026e+06	3.620113127943034e-01	1.969851319263693e-01	5.000000000000000e-15	3.000000000000000e-07
1.573222e+06	3.637847913596171e-01	1.979579367726121e-01	5.000000000000000e-15	3.000000000000000e-07
1.601929e+06	3.655669574008363e-01	1.989354527487119e-01	5.000000000000000e-15	3.000000000000000e-07
1.631156e+06	3.673578534314960e-01	1.999177032864763e-01	5.000000000000000e-15	3.000000000000000e-07
1.660914e+06	3.691575221733812e-01	2.009047119296823e-01	5.000000000000000e-15	3.000000000000000e-07
1.691210e+06	3.709660065575461e-01	2.018965023346403e-01	5.000000000000000e-15	3.000000000000000e-07
1.722057e+06	3.727833497253377e-01	2.028930982707610e-01	5.000000000000000e-15	3.000000000000000e-07
1.753462e+06	3.746095950294240e-01	2.038945236211251e-01	5.000000000000000e-15	3.000000000000000e-07
1.785437e+06	3.764447860348282e-01	2.049008023830564e-01	5.000000000000000e-15	3.000000000000000e-07
1.817992e+06	3.782889665199665e-01	2.059119586686965e-01	5.000000000000000e-15	3.000000000000000e-07
1.851138e+06	3.801421804776929e-01	2.069280167055840e-01	5.000000000000000e-15	3.000000000000000e-07
1.884884e+06	3.820044721163472e-01	2.079490008372357e-01	5.000000000000000e-15	3.000000000000000e-07
1.919242e+06	3.838758858608095e-01	2.089749355237303e-01	5.000000000000000e-15	3.000000000000000e-07
1.954224e+06	3.857564663535588e-01	2.100058453422960e-01	5.000000000000000e-15	3.000000000000000e-07
1.989840e+06	3.876462584557380e-01	2.110417549879006e-01	5.000000000000000e-15	3.000000000000000e-07
2.026102e+06	3.895453072482228e-01	2.120826892738441e-01	5.000000000000000e-15	3.000000000000000e-07
2.063022e+06	3.914536580326970e-01	2.131286731323549e-01	5.000000000000000e-15	3.000000000000000e-07
2.100612e+06	3.933713563327318e-01	2.141797316151885e-01	5.000000000000000e-15	3.000000000000000e-07
2.138883e+06	3.952984478948720e-01	2.152358898942293e-01	5.000000000000000e-15	3.000000000000000e-07
2.177849e+06	3.972349786897256e-01	2.162971732620954e-01	5.000000000000000e-15	3.000000000000000e-07
2.217521e+06	3.991809949130606e-01	2.173636071327464e-01	5.000000000000000e-15	3.000000000000000e-07
2.257914e+06	4.011365429869057e-01	2.184352170420941e-01	5.000000000000000e-15	3.000000000000000e-07
2.299039e+06	4.031016695606572e-01	2.195120286486160e-01	5.000000000000000e-15	3.000000000000000e-07
2.340910e+06	4.050764215121914e-01	2.205940677339723e-01	5.000000000000000e-15	3.000000000000000e-07
2.383542e+06	4.070608459489815e-01	2.216813602036252e-01	5.000000000000000e-15	3.000000000000000e-07
2.426946e+06	4.090549902092209e-01	2.227739320874623e-01	5.000000000000000e-15	3.000000000000000e-07
2.471139e+06	4.110589018629520e-01	2.238718095404217e-01	5.000000000000000e-15	3.000000000000000e-07
2.516133e+06	4.130726287131999e-01	2.249750188431211e-01	5.000000000000000e-15	3.000000000000000e-07
2.561944e+06	4.150962187971118e-01	2.260835864024899e-01	5.000000000000000e-15	3.000000000000000e-07
2.608586e+06	4.171297203871026e-01	2.271975387524036e-01	5.000000000000000e-15	3.000000000000000e-07
2.656075e+06	4.191731819920052e-01	2.283169025543223e-01	5.000000000000000e-15	3.000000000000000e-07
2.704426e+06	4.212266523582274e-01	2.294417045979317e-01	5.000000000000000e-15	3.000000000000000e-07
2.753655e+06	4.232901804709134e-01	2.305719718017870e-01	5.000000000000000e-15	3.000000000000000e-07
2.803777e+06	4.253638155551119e-01	2.317077312139606e-01	5.000000000000000e-15	3.000000000000000e-07
2.854809e+06	4.274476070769493e-01	2.328490100126925e-01	5.000000000000000e-15	3.000000000000000e-07
2.906768e+06	4.295416047448092e-01	2.339958355070437e-01	5.000000000000000e-15	3.000000000000000e-07
2.959669e+06	4.316458585105168e-01	2.351482351375529e-01	5.000000000000000e-15	3.000000000000000e-07
3.013532e+06	4.337604185705304e-01	2.363062364768968e-01	5.000000000000000e-15	3.000000000000000e-07
3.068372e+06	4.358853353671374e-01	2.374698672305527e-01	5.000000000000000e-15	3.000000000000000e-07
3.124209e+06	4.380206595896570e-01	2.386391552374651e-01	5.000000000000000e-15	3.000000000000000e-07
3.181059e+06	4.401664421756484e-01	2.398141284707150e-01	5.000000000000000e-15	3.000000000000000e-07
3.238942e+06	4.423227343121253e-01	2.409948150381928e-01	5.000000000000000e-15	3.000000000000000e-07
3.297876e+06	4.444895874367757e-01	2.421812431832740e-01	5.000000000000000e-15	3.000000000000000e-07
3.357880e+06	4.466670532391884e-01	2.433734412854984e-01	5.000000000000000e-15	3.000000000000000e-07
3.418974e+06	4.488551836620849e-01	2.445714378612525e-01	5.000000000000000e-15	3.000000000000000e-07
3.481179e+06	4.510540309025580e-01	2.457752615644556e-01	5.000000000000000e-15	3.000000000000000e-07
3.544513e+06	4.532636474133155e-01	2.469849411872481e-01	5.000000000000000e-15	3.000000000000000e-07
3.608998e+06	4.554840859039310e-01	2.482005056606843e-01	5.000000000000000e-15	3.000000000000000e-07
3.674654e+06	4.577153993421002e-01	2.494219840554280e-01	5.000000000000000e-15	3.000000000000000e-07
3.741503e+06	4.599576409549033e-01	2.506494055824510e-01	5.000000000000000e-15	3.000000000000000e-07
3.809567e+06	4.622108642300744e-01	2.518827995937359e-01	5.000000000000000e-15	3.000000000000000e-07
3.878868e+06	4.644751229172759e-01	2.531221955829815e-01	5.000000000000000e-15	3.000000000000000e-07
3.949429e+06	4.667504710293800e-01	2.543676231863116e-01	5.000000000000000e-15	3.000000000000000e-07
4.021271e+06	4.690369628437563e-01	2.556191121829878e-01	5.000000000000000e-15	3.000000000000000e-07
4.094420e+06	4.713346529035656e-01	2.568766924961253e-01	5.000000000000000e-15	3.000000000000000e-07
4.168898e+06	4.736435960190600e-01	2.581403941934117e-01	5.000000000000000e-15	3.000000000000000e-07
4.244730e+06	4.759638472688894e-01	2.594102474878300e-01	5.000000000000000e-15	3.000000000000000e-07
4.321941e+06	4.782954620014145e-01	2.606862827383850e-01	5.000000000000000e-15	3.000000000000000e-07
4.400555e+06	4.806384958360262e-01	2.619685304508321e-01	5.000000000000000e-15	3.000000000000000e-07
4.480598e+06	4.829930046644716e-01	2.632570212784111e-01	5.000000000000000e-15	3.000000000000000e-07
4.562097e+06	4.853590446521855e-01	2.645517860225826e-01	5.000000000000000e-15	3.000000000000000e-07
4.645078e+06	4.877366722396306e-01	2.658528556337680e-01	5.000000000000000e-15	3.000000000000000e-07
4.729568e+06	4.901259441436414e-01	2.671602612120932e-01	5.000000000000000e-15	3.000000000000000e-07
4.815595e+06	4.925269173587772e-01	2.684740340081356e-01	5.000000000000000e-15	3.000000000000000e-07
4.903186e+06	4.949396491586805e-01	2.697942054236750e-01	5.000000000000000e-15	3.000000000000000e-07
4.992371e+06	4.973641970974420e-01	2.711208070124485e-01	5.000000000000000e-15	3.000000000000000e-07
5.083178e+06	4.998006190109725e-01	2.724538704809071e-01	5.000000000000000e-15	3.000000000000000e-07
5.175636e+06	5.022489730183820e-01	2.737934276889786e-01	5.000000000000000e-15	3.000000000000000e-07
5.269777e+06	5.047093175233647e-01	2.751395106508321e-01	5.000000000000000e-15	3.000000000000000e-07
5.365631e+06	5.071817112155913e-01	2.764921515356471e-01	5.000000000000000e-15	3.000000000000000e-07
5.463229e+06	5.096662130721081e-01	2.778513826683857e-01	5.000000000000000e-15	3.000000000000000e-07
5.562603e+06	5.121628823587427e-01	2.792172365305693e-01	5.000000000000000e-15	3.000000000000000e-07
5.663785e+06	5.146717786315167e-01	2.805897457610581e-01	5.000000000000000e-15	3.000000000000000e-07
5.766809e+06	5.171929617380654e-01	2.819689431568349e-01	5.000000000000000e-15	3.000000000000000e-07
5.871708e+06	5.197264918190648e-01	2.833548616737925e-01	5.000000000000000e-15	3.000000000000000e-07
5.978516e+06	5.222724293096647e-01	2.847475344275250e-01	5.000000000000000e-15	3.000000000000000e-07
6.087268e+06	5.248308349409293e-01	2.861469946941222e-01	5.000000000000000e-15	3.000000000000000e-07
6.198001e+06	5.274017697412851e-01	2.875532759109690e-01	5.000000000000000e-15	3.000000000000000e-07
6.310750e+06	5.299852950379756e-01	2.889664116775475e-01	5.000000000000000e-15	3.000000000000000e-07
6.425551e+06	5.325814724585233e-01	2.903864357562433e-01	5.000000000000000e-15	3.000000000000000e-07
6.542443e+06	5.351903639321984e-01	2.918133820731563e-01	5.000000000000000e-15	3.000000000000000e-07
6.661463e+06	5.378120316914953e-01	2.932472847189140e-01	5.000000000000000e-15	3.000000000000000e-07
6.782652e+06	5.404465382736159e-01	2.946881779494900e-01	5.000000000000000e-15	3.000000000000000e-07
6.906047e+06	5.430939465219605e-01	2.961360961870260e-01	5.000000000000000e-15	3.000000000000000e-07
7.031690e+06	5.457543195876257e-01	2.975910740206570e-01	5.000000000000000e-15	3.000000000000000e-07
7.159622e+06	5.484277209309096e-01	2.990531462073420e-01	5.000000000000000e-15	3.000000000000000e-07
7.289884e+06	5.511142143228250e-01	3.005223476726968e-01	5.000000000000000e-15	3.000000000000000e-07
7.422520e+06	5.538138638466192e-01	3.019987135118322e-01	5.000000000000000e-15	3.000000000000000e-07
7.557572e+06	5.565267338993012e-01	3.034822789901960e-01	5.000000000000000e-15	3.000000000000000e-07
7.695086e+06	5.592528891931777e-01	3.049730795444181e-01	5.000000000000000e-15	3.000000000000000e-07
7.835105e+06	5.619923947573948e-01	3.064711507831609e-01	5.000000000000000e-15	3.000000000000000e-07
7.977676e+06	5.647453159394886e-01	3.079765284879729e-01	5.000000000000000e-15	3.000000000000000e-07
8.122845e+06	5.675117184069429e-01	3.094892486141465e-01	5.000000000000000e-15	3.000000000000000e-07
8.270661e+06	5.702916681487541e-01	3.110093472915806e-01	5.000000000000000e-15	3.000000000000000e-07
8.421171e+06	5.730852314770049e-01	3.125368608256464e-01	5.000000000000000e-15	3.000000000000000e-07
8.574425e+06	5.758924750284443e-01	3.140718256980577e-01	5.000000000000000e-15	3.000000000000000e-07
8.730474e+06	5.787134657660767e-01	3.156142785677457e-01	5.000000000000000e-15	3.000000000000000e-07
8.889367e+06	5.815482709807580e-01	3.171642562717373e-01	5.000000000000000e-15	3.000000000000000e-07
9.051158e+06	5.843969582927989e-01	3.187217958260385e-01	5.000000000000000e-15	3.000000000000000e-07
9.215900e+06	5.872595956535778e-01	3.202869344265215e-01	5.000000000000000e-15	3.000000000000000e-07
9.383646e+06	5.901362513471601e-01	3.218597094498154e-01	5.000000000000000e-15	3.000000000000000e-07
9.554451e+06	5.930269939919259e-01	3.234401584542028e-01	5.000000000000000e-15	3.000000000000000e-07
9.728372e+06	5.959318925422061e-01	3.250283191805192e-01	5.000000000000000e-15	3.000000000000000e-07
9.905466e+06	5.988510162899253e-01	3.266242295530575e-01	5.000000000000000e-15	3.000000000000000e-07
1.000000e+07	6.003906279249906e-01	3.274659365742854e-01	5.000000000000000e-15	3.000000000000000e-07
1.018361e+07	6.033568662307593e-01	3.290875627687883e-01	5.000000000000000e-15	3.000000000000000e-07
1.036898e+07	6.063118926090688e-01	3.307030322261780e-01	5.000000000000000e-15	3.000000000000000e-07
1.055776e+07	6.092818549245429e-01	3.323266400272746e-01	5.000000000000000e-15	3.000000000000000e-07
1.074999e+07	6.122663525041003e-01	3.339581671658772e-01	5.000000000000000e-15	3.000000000000000e-07
1.094572e+07	6.152654650648182e-01	3.355976572595629e-01	5.000000000000000e-15	3.000000000000000e-07
1.114502e+07	6.182792639912352e-01	3.372451493695994e-01	5.000000000000000e-15	3.000000000000000e-07
1.134797e+07	6.213078211751299e-01	3.389006828334920e-01	5.000000000000000e-15	3.000000000000000e-07
1.155461e+07	6.243512088573939e-01	3.405642971785463e-01	5.000000000000000e-15	3.000000000000000e-07
1.176503e+07	6.274094996326450e-01	3.422360321243946e-01	5.000000000000000e-15	3.000000000000000e-07
1.197929e+07	6.304827664509056e-01	3.439159275839185e-01	5.000000000000000e-15	3.000000000000000e-07
1.219747e+07	6.335710826193423e-01	3.456040236642054e-01	5.000000000000000e-15	3.000000000000000e-07
1.241963e+07	6.366745218040135e-01	3.473003606675085e-01	5.000000000000000e-15	3.000000000000000e-07
1.264584e+07	6.397931580316255e-01	3.490049790922115e-01	5.000000000000000e-15	3.000000000000000e-07
1.287619e+07	6.429270656912971e-01	3.507179196337988e-01	5.000000000000000e-15	3.000000000000000e-07
1.311074e+07	6.460763195363328e-01	3.524392231858289e-01	5.000000000000000e-15	3.000000000000000e-07
1.334958e+07	6.492409946860047e-01	3.541689308409136e-01	5.000000000000000e-15	3.000000000000000e-07
1.359278e+07	6.524211666273434e-01	3.559070838917019e-01	5.000000000000000e-15	3.000000000000000e-07
1.384043e+07	6.556169112169371e-01	3.576537238318678e-01	5.000000000000000e-15	3.000000000000000e-07
1.409260e+07	6.588283046827403e-01	3.594088923571036e-01	5.000000000000000e-15	3.000000000000000e-07
1.434938e+07	6.620554236258908e-01	3.611726313661178e-01	5.000000000000000e-15	3.000000000000000e-07
1.461085e+07	6.652983450225348e-01	3.629449829616377e-01	5.000000000000000e-15	3.000000000000000e-07
1.487710e+07	6.685571462256636e-01	3.647259894514169e-01	5.000000000000000e-15	3.000000000000000e-07
1.514822e+07	6.718319049669560e-01	3.665156933492477e-01	5.000000000000000e-15	3.000000000000000e-07
1.542429e+07	6.751226993586317e-01	3.683141373759779e-01	5.000000000000000e-15	3.000000000000000e-07
1.570541e+07	6.784296078953137e-01	3.701213644605337e-01	5.000000000000000e-15	3.000000000000000e-07
1.599166e+07	6.817527094558992e-01	3.719374177409460e-01	5.000000000000000e-15	3.000000000000000e-07
1.628316e+07	6.850920833054396e-01	3.737623405653830e-01	5.000000000000000e-15	3.000000000000000e-07
1.657998e+07	6.884478090970305e-01	3.755961764931865e-01	5.000000000000000e-15	3.000000000000000e-07
1.688223e+07	6.918199668737103e-01	3.774389692959145e-01	5.000000000000000e-15	3.000000000000000e-07
1.719001e+07	6.952086370703678e-01	3.792907629583878e-01	5.000000000000000e-15	3.000000000000000e-07
1.750341e+07	6.986139005156606e-01	3.811516016797422e-01	5.000000000000000e-15	3.000000000000000e-07
1.782255e+07	7.020358384339408e-01	3.830215298744857e-01	5.000000000000000e-15	3.000000000000000e-07
1.814753e+07	7.054745324471919e-01	3.849005921735605e-01	5.000000000000000e-15	3.000000000000000e-07
1.847845e+07	7.089300645769745e-01	3.867888334254104e-01	5.000000000000000e-15	3.000000000000000e-07
1.881543e+07	7.124025172463809e-01	3.886862986970536e-01	5.000000000000000e-15	3.000000000000000e-07
1.915858e+07	7.158919732820008e-01	3.905930332751598e-01	5.000000000000000e-15	3.000000000000000e-07
1.950800e+07	7.193985159158949e-01	3.925090826671339e-01	5.000000000000000e-15	3.000000000000000e-07
1.986382e+07	7.229222287875795e-01	3.944344926022031e-01	5.000000000000000e-15	3.000000000000000e-07
2.022615e+07	7.264631959460200e-01	3.963693090325112e-01	5.000000000000000e-15	3.000000000000000e-07
2.059511e+07	7.300215018516349e-01	3.983135781342168e-01	5.000000000000000e-15	3.000000000000000e-07
2.097082e+07	7.335972313783086e-01	4.002673463085971e-01	5.000000000000000e-15	3.000000000000000e-07
2.135342e+07	7.371904698154148e-01	4.022306601831577e-01	5.000000000000000e-15	3.000000000000000e-07
2.174302e+07	7.408013028698498e-01	4.042035666127467e-01	5.000000000000000e-15	3.000000000000000e-07
2.213975e+07	7.444298166680757e-01	4.061861126806752e-01	5.000000000000000e-15	3.000000000000000e-07
2.254374e+07	7.480760977581730e-01	4.081783456998427e-01	5.000000000000000e-15	3.000000000000000e-07
2.295514e+07	7.517402331119040e-01	4.101803132138674e-01	5.000000000000000e-15	3.000000000000000e-07
2.337407e+07	7.554223101267862e-01	4.121920629982235e-01	5.000000000000000e-15	3.000000000000000e-07
2.380067e+07	7.591224166281755e-01	4.142136430613825e-01	5.000000000000000e-15	3.000000000000000e-07
2.423509e+07	7.628406408713598e-01	4.162451016459607e-01	5.000000000000000e-15	3.000000000000000e-07
2.467747e+07	7.665770715436627e-01	4.182864872298722e-01	5.000000000000000e-15	3.000000000000000e-07
2.512795e+07	7.703317977665579e-01	4.203378485274872e-01	5.000000000000000e-15	3.000000000000000e-07
2.558668e+07	7.741049090977936e-01	4.223992344907966e-01	5.000000000000000e-15	3.000000000000000e-07
2.605382e+07	7.778964955335274e-01	4.244706943105815e-01	5.000000000000000e-15	3.000000000000000e-07
2.652952e+07	7.817066475104711e-01	4.265522774175883e-01	5.000000000000000e-15	3.000000000000000e-07
2.701394e+07	7.855354559080476e-01	4.286440334837106e-01	5.000000000000000e-15	3.000000000000000e-07
2.750724e+07	7.893830120505565e-01	4.307460124231753e-01	5.000000000000000e-15	3.000000000000000e-07
2.800958e+07	7.932494077093510e-01	4.328582643937355e-01	5.000000000000000e-15	3.000000000000000e-07
2.852112e+07	7.971347351050263e-01	4.349808397978692e-01	5.000000000000000e-15	3.000000000000000e-07
2.904205e+07	8.010390869096171e-01	4.371137892839827e-01	5.000000000000000e-15	3.000000000000000e-07
2.957253e+07	8.049625562488075e-01	4.392571637476214e-01	5.000000000000000e-15	3.000000000000000e-07
3.011273e+07	8.089052367041505e-01	4.414110143326852e-01	5.000000000000000e-15	3.000000000000000e-07
3.066284e+07	8.128672223152983e-01	4.435753924326505e-01	5.000000000000000e-15	3.000000000000000e-07
3.122304e+07	8.168486075822454e-01	4.457503496917979e-01	5.000000000000000e-15	3.000000000000000e-07
3.179351e+07	8.208494874675800e-01	4.479359380064454e-01	5.000000000000000e-15	3.000000000000000e-07
3.237445e+07	8.248699573987485e-01	4.501322095261889e-01	5.000000000000000e-15	3.000000000000000e-07
3.296605e+07	8.289101132703297e-01	4.523392166551468e-01	5.000000000000000e-15	3.000000000000000e-07
3.356849e+07	8.329700514463214e-01	4.545570120532126e-01	5.000000000000000e-15	3.000000000000000e-07
3.418199e+07	8.370498687624370e-01	4.567856486373123e-01	5.000000000000000e-15	3.000000000000000e-07
3.480675e+07	8.411496625284142e-01	4.590251795826678e-01	5.000000000000000e-15	3.000000000000000e-07
3.544297e+07	8.452695305303343e-01	4.612756583240678e-01	5.000000000000000e-15	3.000000000000000e-07
3.609087e+07	8.494095710329538e-01	4.635371385571432e-01	5.000000000000000e-15	3.000000000000000e-07
3.675065e+07	8.535698827820465e-01	4.658096742396498e-01	5.000000000000000e-15	3.000000000000000e-07
3.742255e+07	8.577505650067574e-01	4.680933195927565e-01	5.000000000000000e-15	3.000000000000000e-07
3.810678e+07	8.619517174219681e-01	4.703881291023410e-01	5.000000000000000e-15	3.000000000000000e-07
3.880357e+07	8.661734402306740e-01	4.726941575202896e-01	5.000000000000000e-15	3.000000000000000e-07
3.951316e+07	8.704158341263728e-01	4.750114598658059e-01	5.000000000000000e-15	3.000000000000000e-07
4.023577e+07	8.746790002954650e-01	4.773400914267237e-01	5.000000000000000e-15	3.000000000000000e-07
4.097165e+07	8.789630404196654e-01	4.796801077608275e-01	5.000000000000000e-15	3.000000000000000e-07
4.172105e+07	8.832680566784283e-01	4.820315646971792e-01	5.000000000000000e-15	3.000000000000000e-07
4.248421e+07	8.875941517513817e-01	4.843945183374507e-01	5.000000000000000e-15	3.000000000000000e-07
4.326138e+07	8.919414288207761e-01	4.867690250572638e-01	5.000000000000000e-15	3.000000000000000e-07
4.405283e+07	8.963099915739436e-01	4.891551415075360e-01	5.000000000000000e-15	3.000000000000000e-07
4.485882e+07	9.006999442057702e-01	4.915529246158328e-01	5.000000000000000e-15	3.000000000000000e-07
4.567962e+07	9.051113914211785e-01	4.939624315877275e-01	5.000000000000000e-15	3.000000000000000e-07
4.651549e+07	9.095444384376249e-01	4.963837199081662e-01	5.000000000000000e-15	3.000000000000000e-07
4.736673e+07	9.139991909876072e-01	4.988168473428404e-01	5.000000000000000e-15	3.000000000000000e-07
4.823360e+07	9.184757553211849e-01	5.012618719395662e-01	5.000000000000000e-15	3.000000000000000e-07
4.911641e+07	9.229742382085124e-01	5.037188520296697e-01	5.000000000000000e-15	3.000000000000000e-07
5.001544e+07	9.274947469423839e-01	5.061878462293796e-01	5.000000000000000e-15	3.000000000000000e-07
5.093100e+07	9.320373893407912e-01	5.086689134412268e-01	5.000000000000000e-15	3.000000000000000e-07
5.186339e+07	9.366022737494937e-01	5.111621128554495e-01	5.000000000000000e-15	3.000000000000000e-07
5.281292e+07	9.411895090446015e-01	5.136675039514074e-01	5.000000000000000e-15	3.000000000000000e-07
5.377990e+07	9.457992046351705e-01	5.161851464989999e-01	5.000000000000000e-15	3.000000000000000e-07
5.476467e+07	9.504314704658104e-01	5.187151005600943e-01	5.000000000000000e-15	3.000000000000000e-07
5.576754e+07	9.550864170193060e-01	5.212574264899581e-01	5.000000000000000e-15	3.000000000000000e-07
5.678885e+07	9.597641553192503e-01	5.238121849387004e-01	5.000000000000000e-15	3.000000000000000e-07
5.782895e+07	9.644647969326918e-01	5.263794368527193e-01	5.000000000000000e-15	3.000000000000000e-07
5.888818e+07	9.691884539727934e-01	5.289592434761557e-01	5.000000000000000e-15	3.000000000000000e-07
5.996689e+07	9.739352391015053e-01	5.315516663523567e-01	5.000000000000000e-15	3.000000000000000e-07
6.106544e+07	9.787052655322505e-01	5.341567673253428e-01	5.000000000000000e-15	3.000000000000000e-07
6.218421e+07	9.834986470326236e-01	5.367746085412842e-01	5.000000000000000e-15	3.000000000000000e-07
6.332355e+07	9.883154979271030e-01	5.394052524499849e-01	5.000000000000000e-15	3.000000000000000e-07
6.448386e+07	9.931559330997760e-01	5.420487618063718e-01	5.000000000000000e-15	3.000000000000000e-07
6.566553e+07	9.980200679970771e-01	5.447051996719932e-01	5.000000000000000e-15	3.000000000000000e-07
6.686894e+07	1.002908018630541e+00	5.473746294165230e-01	5.000000000000000e-15	3.000000000000000e-07
6.809449e+07	1.007819901579566e+00	5.500571147192737e-01	5.000000000000000e-15	3.000000000000000e-07
6.934261e+07	1.012755833994196e+00	5.527527195707153e-01	5.000000000000000e-15	3.000000000000000e-07
7.061369e+07	1.017715933597911e+00	5.554615082740025e-01	5.000000000000000e-15	3.000000000000000e-07
7.190818e+07	1.022700318690434e+00	5.581835454465098e-01	5.000000000000000e-15	3.000000000000000e-07
7.322650e+07	1.027709108150550e+00	5.609188960213721e-01	5.000000000000000e-15	3.000000000000000e-07
7.456909e+07	1.032742421438942e+00	5.636676252490352e-01	5.000000000000000e-15	3.000000000000000e-07
7.593641e+07	1.037800378601038e+00	5.664297986988124e-01	5.000000000000000e-15	3.000000000000000e-07
7.732890e+07	1.042883100269869e+00	5.692054822604489e-01	5.000000000000000e-15	3.000000000000000e-07
7.874704e+07	1.047990707668952e+00	5.719947421456939e-01	5.000000000000000e-15	3.000000000000000e-07
8.019129e+07	1.053123322615173e+00	5.747976448898812e-01	5.000000000000000e-15	3.000000000000000e-07
8.166215e+07	1.058281067521694e+00	5.776142573535155e-01	5.000000000000000e-15	3.000000000000000e-07
8.316010e+07	1.063464065400869e+00	5.804446467238686e-01	5.000000000000000e-15	3.000000000000000e-07
8.468565e+07	1.068672439867180e+00	5.832888805165823e-01	5.000000000000000e-15	3.000000000000000e-07
8.623930e+07	1.073906315140180e+00	5.861470265772787e-01	5.000000000000000e-15	3.000000000000000e-07
8.782158e+07	1.079165816047458e+00	5.890191530831792e-01	5.000000000000000e-15	3.000000000000000e-07
8.943302e+07	1.084451068027608e+00	5.919053285447314e-01	5.000000000000000e-15	3.000000000000000e-07
9.107415e+07	1.089762197133227e+00	5.948056218072434e-01	5.000000000000000e-15	3.000000000000000e-07
9.274552e+07	1.095099330033916e+00	5.977201020525257e-01	5.000000000000000e-15	3.000000000000000e-07
9.444770e+07	1.100462594019297e+00	6.006488388005428e-01	5.000000000000000e-15	3.000000000000000e-07
9.618126e+07	1.105852117002054e+00	6.035919019110705e-01	5.000000000000000e-15	3.000000000000000e-07
9.794677e+07	1.111268027520976e+00	6.065493615853637e-01	5.000000000000000e-15	3.000000000000000e-07
9.974483e+07	1.116710454744023e+00	6.095212883678299e-01	5.000000000000000e-15	3.000000000000000e-07
1.000000e+08	1.117474154558391e+00	6.099383178076436e-01	5.000000000000000e-15	3.000000000000000e-07
1.018650e+08	1.123033429930133e+00	6.129740366216260e-01	5.000000000000000e-15	3.000000000000000e-07
1.037347e+08	1.128531881748201e+00	6.159765290695521e-01	5.000000000000000e-15	3.000000000000000e-07
1.056395e+08	1.134058862778511e+00	6.189945876122896e-01	5.000000000000000e-15	3.000000000000000e-07
1.075794e+08	1.139612874815938e+00	6.220273941442729e-01	5.000000000000000e-15	3.000000000000000e-07
1.095550e+08	1.145194080106078e+00	6.250750372702156e-01	5.000000000000000e-15	3.000000000000000e-07
1.115672e+08	1.150802611213794e+00	6.281375893869456e-01	5.000000000000000e-15	3.000000000000000e-07
1.136164e+08	1.156438601909722e+00	6.312151235493129e-01	5.000000000000000e-15	3.000000000000000e-07
1.157034e+08	1.162102186609097e+00	6.343077131637559e-01	5.000000000000000e-15	3.000000000000000e-07
1.178289e+08	1.167793500385270e+00	6.374154319956847e-01	5.000000000000000e-15	3.000000000000000e-07
1.199937e+08	1.173512678972738e+00	6.405383541711377e-01	5.000000000000000e-15	3.000000000000000e-07
1.221983e+08	1.179259858770387e+00	6.436765541785513e-01	5.000000000000000e-15	3.000000000000000e-07
1.244437e+08	1.185035176844738e+00	6.468301068705371e-01	5.000000000000000e-15	3.000000000000000e-07
1.267305e+08	1.190838770933220e+00	6.499990874656671e-01	5.000000000000000e-15	3.000000000000000e-07
1.290595e+08	1.196670779447447e+00	6.531835715502677e-01	5.000000000000000e-15	3.000000000000000e-07
1.314315e+08	1.202531341476524e+00	6.563836350802231e-01	5.000000000000000e-15	3.000000000000000e-07
1.338473e+08	1.208420596790359e+00	6.595993543827863e-01	5.000000000000000e-15	3.000000000000000e-07
1.363076e+08	1.214338685842994e+00	6.628308061584002e-01	5.000000000000000e-15	3.000000000000000e-07
1.388134e+08	1.220285749775956e+00	6.660780674825268e-01	5.000000000000000e-15	3.000000000000000e-07
1.413655e+08	1.226261930421618e+00	6.693412158074856e-01	5.000000000000000e-15	3.000000000000000e-07
1.439647e+08	1.232267370306584e+00	6.726203289643009e-01	5.000000000000000e-15	3.000000000000000e-07
1.466118e+08	1.238302212655084e+00	6.759154851645580e-01	5.000000000000000e-15	3.000000000000000e-07
1.493079e+08	1.244366601392386e+00	6.792267630022689e-01	5.000000000000000e-15	3.000000000000000e-07
1.520537e+08	1.250460681148232e+00	6.825542414557465e-01	5.000000000000000e-15	3.000000000000000e-07
1.548503e+08	1.256584597260282e+00	6.858979998894883e-01	5.000000000000000e-15	3.000000000000000e-07
1.576985e+08	1.262738495777580e+00	6.892581180560695e-01	5.000000000000000e-15	3.000000000000000e-07
1.605993e+08	1.268922523464034e+00	6.926346760980445e-01	5.000000000000000e-15	3.000000000000000e-07
1.635537e+08	1.275136827801917e+00	6.960277545498591e-01	5.000000000000000e-15	3.000000000000000e-07
1.665627e+08	1.281381556995378e+00	6.994374343397702e-01	5.000000000000000e-15	3.000000000000000e-07
1.696273e+08	1.287656859973982e+00	7.028637967917769e-01	5.000000000000000e-15	3.000000000000000e-07
1.727486e+08	1.293962886396253e+00	7.063069236275592e-01	5.000000000000000e-15	3.000000000000000e-07
1.759275e+08	1.300299786653245e+00	7.097668969684271e-01	5.000000000000000e-15	3.000000000000000e-07
1.791651e+08	1.306667711872127e+00	7.132437993372795e-01	5.000000000000000e-15	3.000000000000000e-07
1.824626e+08	1.313066813919785e+00	7.167377136605719e-01	5.000000000000000e-15	3.000000000000000e-07
1.858210e+08	1.319497245406442e+00	7.202487232702938e-01	5.000000000000000e-15	3.000000000000000e-07
1.892416e+08	1.325959159689295e+00	7.237769119059566e-01	5.000000000000000e-15	3.000000000000000e-07
1.927253e+08	1.332452710876174e+00	7.273223637165900e-01	5.000000000000000e-15	3.000000000000000e-07
1.962735e+08	1.338978053829209e+00	7.308851632627492e-01	5.000000000000000e-15	3.000000000000000e-07
1.998872e+08	1.345535344168530e+00	7.344653955185314e-01	5.000000000000000e-15	3.000000000000000e-07
2.035678e+08	1.352124738275970e+00	7.380631458736018e-01	5.000000000000000e-15	3.000000000000000e-07
2.073165e+08	1.358746393298796e+00	7.416785001352302e-01	5.000000000000000e-15	3.000000000000000e-07
2.111344e+08	1.365400467153452e+00	7.453115445303374e-01	5.000000000000000e-15	3.000000000000000e-07
2.150230e+08	1.372087118529328e+00	7.489623657075514e-01	5.000000000000000e-15	3.000000000000000e-07
2.189835e+08	1.378806506892537e+00	7.526310507392729e-01	5.000000000000000e-15	3.000000000000000e-07
2.230172e+08	1.385558792489723e+00	7.563176871237529e-01	5.000000000000000e-15	3.000000000000000e-07
2.271256e+08	1.392344136351874e+00	7.600223627871784e-01	5.000000000000000e-15	3.000000000000000e-07
2.313100e+08	1.399162700298165e+00	7.637451660857691e-01	5.000000000000000e-15	3.000000000000000e-07
2.355718e+08	1.406014646939815e+00	7.674861858078847e-01	5.000000000000000e-15	3.000000000000000e-07
2.399124e+08	1.412900139683960e+00	7.712455111761420e-01	5.000000000000000e-15	3.000000000000000e-07
2.443334e+08	1.419819342737554e+00	7.750232318495425e-01	5.000000000000000e-15	3.000000000000000e-07
2.488362e+08	1.426772421111275e+00	7.788194379256099e-01	5.000000000000000e-15	3.000000000000000e-07
2.534223e+08	1.433759540623468e+00	7.826342199425393e-01	5.000000000000000e-15	3.000000000000000e-07
2.580933e+08	1.440780867904090e+00	7.864676688813556e-01	5.000000000000000e-15	3.000000000000000e-07
2.628507e+08	1.447836570398685e+00	7.903198761680830e-01	5.000000000000000e-15	3.000000000000000e-07
2.676962e+08	1.454926816372377e+00	7.941909336759252e-01	5.000000000000000e-15	3.000000000000000e-07
2.726315e+08	1.462051774913876e+00	7.980809337274558e-01	5.000000000000000e-15	3.000000000000000e-07
2.776580e+08	1.469211615939517e+00	8.019899690968203e-01	5.000000000000000e-15	3.000000000000000e-07
2.827777e+08	1.476406510197300e+00	8.059181330119474e-01	5.000000000000000e-15	3.000000000000000e-07
2.879921e+08	1.483636629270969e+00	8.098655191567726e-01	5.000000000000000e-15	3.000000000000000e-07
2.933031e+08	1.490902145584097e+00	8.138322216734722e-01	5.000000000000000e-15	3.000000000000000e-07
2.987125e+08	1.498203232404197e+00	8.178183351647071e-01	5.000000000000000e-15	3.000000000000000e-07
3.042220e+08	1.505540063846855e+00	8.218239546958797e-01	5.000000000000000e-15	3.000000000000000e-07
3.098336e+08	1.512912814879876e+00	8.258491757973995e-01	5.000000000000000e-15	3.000000000000000e-07
3.155491e+08	1.520321661327458e+00	8.298940944669617e-01	5.000000000000000e-15	3.000000000000000e-07
3.213705e+08	1.527766779874382e+00	8.339588071718360e-01	5.000000000000000e-15	3.000000000000000e-07
3.272997e+08	1.535248348070224e+00	8.380434108511663e-01	5.000000000000000e-15	3.000000000000000e-07
3.333388e+08	1.542766544333588e+00	8.421480029182827e-01	5.000000000000000e-15	3.000000000000000e-07
3.394897e+08	1.550321547956355e+00	8.462726812630235e-01	5.000000000000000e-15	3.000000000000000e-07
3.457547e+08	1.557913539107963e+00	8.504175442540697e-01	5.000000000000000e-15	3.000000000000000e-07
3.521357e+08	1.565542698839698e+00	8.545826907412901e-01	5.000000000000000e-15	3.000000000000000e-07
3.586350e+08	1.573209209089008e+00	8.587682200580986e-01	5.000000000000000e-15	3.000000000000000e-07
3.652547e+08	1.580913252683846e+00	8.629742320238221e-01	5.000000000000000e-15	3.000000000000000e-07
3.719972e+08	1.588655013347022e+00	8.672008269460805e-01	5.000000000000000e-15	3.000000000000000e-07
3.788646e+08	1.596434675700584e+00	8.714481056231789e-01	5.000000000000000e-15	3.000000000000000e-07
3.858593e+08	1.604252425270221e+00	8.757161693465101e-01	5.000000000000000e-15	3.000000000000000e-07
3.929836e+08	1.612108448489684e+00	8.800051199029703e-01	5.000000000000000e-15	3.000000000000000e-07
4.002401e+08	1.620002932705229e+00	8.843150595773852e-01	5.000000000000000e-15	3.000000000000000e-07
4.076311e+08	1.627936066180084e+00	8.886460911549497e-01	5.000000000000000e-15	3.000000000000000e-07
4.151591e+08	1.635908038098937e+00	8.929983179236777e-01	5.000000000000000e-15	3.000000000000000e-07
4.228268e+08	1.643919038572445e+00	8.973718436768647e-01	5.000000000000000e-15	3.000000000000000e-07
4.306366e+08	1.651969258641764e+00	9.017667727155630e-01	5.000000000000000e-15	3.000000000000000e-07
4.385913e+08	1.660058890283106e+00	9.061832098510683e-01	5.000000000000000e-15	3.000000000000000e-07
4.466935e+08	1.668188126412314e+00	9.106212604074179e-01	5.000000000000000e-15	3.000000000000000e-07
4.549460e+08	1.676357160889459e+00	9.150810302239027e-01	5.000000000000000e-15	3.000000000000000e-07
4.633515e+08	1.684566188523461e+00	9.195626256575902e-01	5.000000000000000e-15	3.000000000000000e-07
4.719131e+08	1.692815405076737e+00	9.240661535858600e-01	5.000000000000000e-15	3.000000000000000e-07
4.806334e+08	1.701105007269863e+00	9.285917214089521e-01	5.000000000000000e-15	3.000000000000000e-07
4.895155e+08	1.709435192786262e+00	9.331394370525276e-01	5.000000000000000e-15	3.000000000000000e-07
4.985625e+08	1.717806160276921e+00	9.377094089702418e-01	5.000000000000000e-15	3.000000000000000e-07
5.077773e+08	1.726218109365124e+00	9.423017461463293e-01	5.000000000000000e-15	3.000000000000000e-07
5.171631e+08	1.734671240651208e+00	9.469165580982033e-01	5.000000000000000e-15	3.000000000000000e-07
5.267231e+08	1.743165755717349e+00	9.515539548790656e-01	5.000000000000000e-15	3.000000000000000e-07
5.364605e+08	1.751701857132363e+00	9.562140470805306e-01	5.000000000000000e-15	3.000000000000000e-07
5.463787e+08	1.760279748456539e+00	9.608969458352629e-01	5.000000000000000e-15	3.000000000000000e-07
5.564810e+08	1.768899634246486e+00	9.656027628196249e-01	5.000000000000000e-15	3.000000000000000e-07
5.667708e+08	1.777561720060012e+00	9.703316102563413e-01	5.000000000000000e-15	3.000000000000000e-07
5.772516e+08	1.786266212461026e+00	9.750836009171729e-01	5.000000000000000e-15	3.000000000000000e-07
5.879271e+08	1.795013319024458e+00	9.798588481256061e-01	5.000000000000000e-15	3.000000000000000e-07
5.988007e+08	1.803803248341206e+00	9.846574657595543e-01	5.000000000000000e-15	3.000000000000000e-07
6.098763e+08	1.812636210023114e+00	9.894795682540727e-01	5.000000000000000e-15	3.000000000000000e-07
6.211575e+08	1.821512414707962e+00	9.943252706040865e-01	5.000000000000000e-15	3.000000000000000e-07
6.326482e+08	1.830432074064492e+00	9.991946883671324e-01	5.000000000000000e-15	3.000000000000000e-07
6.443523e+08	1.839395400797449e+00	1.004087937666114e+00	5.000000000000000e-15	3.000000000000000e-07
6.562739e+08	1.848402608652656e+00	1.009005135192069e+00	5.000000000000000e-15	3.000000000000000e-07
6.684168e+08	1.857453912422104e+00	1.013946398206953e+00	5.000000000000000e-15	3.000000000000000e-07
6.807853e+08	1.866549527949076e+00	1.018911844546432e+00	5.000000000000000e-15	3.000000000000000e-07
6.933836e+08	1.875689672133288e+00	1.023901592622696e+00	5.000000000000000e-15	3.000000000000000e-07
7.062160e+08	1.884874562936065e+00	1.028915761427277e+00	5.000000000000000e-15	3.000000000000000e-07
7.192868e+08	1.894104419385529e+00	1.033954470533890e+00	5.000000000000000e-15	3.000000000000000e-07
7.326004e+08	1.903379461581827e+00	1.039017840101280e+00	5.000000000000000e-15	3.000000000000000e-07
7.461614e+08	1.912699910702373e+00	1.044105990876089e+00	5.000000000000000e-15	3.000000000000000e-07
7.599745e+08	1.922065989007121e+00	1.049219044195734e+00	5.000000000000000e-15	3.000000000000000e-07
7.740442e+08	1.931477919843863e+00	1.054357121991300e+00	5.000000000000000e-15	3.000000000000000e-07
7.883754e+08	1.940935927653554e+00	1.059520346790446e+00	5.000000000000000e-15	3.000000000000000e-07
8.029731e+08	1.950440237975662e+00	1.064708841720324e+00	5.000000000000000e-15	3.000000000000000e-07
8.178420e+08	1.959991077453540e+00	1.069922730510519e+00	5.000000000000000e-15	3.000000000000000e-07
8.329874e+08	1.969588673839834e+00	1.075162137495995e+00	5.000000000000000e-15	3.000000000000000e-07
8.484143e+08	1.979233256001909e+00	1.080427187620061e+00	5.000000000000000e-15	3.000000000000000e-07
8.641280e+08	1.988925053927303e+00	1.085718006437347e+00	5.000000000000000e-15	3.000000000000000e-07
8.801339e+08	1.998664298729212e+00	1.091034720116801e+00	5.000000000000000e-15	3.000000000000000e-07
8.964374e+08	2.008451222651999e+00	1.096377455444692e+00	5.000000000000000e-15	3.000000000000000e-07
9.130441e+08	2.018286059076726e+00	1.101746339827636e+00	5.000000000000000e-15	3.000000000000000e-07
9.299596e+08	2.028169042526721e+00	1.107141501295633e+00	5.000000000000000e-15	3.000000000000000e-07
9.471897e+08	2.038100408673167e+00	1.112563068505118e+00	5.000000000000000e-15	3.000000000000000e-07
9.647402e+08	2.048080394340718e+00	1.118011170742027e+00	5.000000000000000e-15	3.000000000000000e-07
9.826172e+08	2.058109237513147e+00	1.123485937924882e+00	5.000000000000000e-15	3.000000000000000e-07
1.000000e+09	2.067730710592690e+00	1.128738314736711e+00	5.000000000000000e-15	3.000000000000000e-07
