#t[yr]	ecc	inc	eachmass	totalmass
0.000000e+00	1.000000000000000e-02	5.000000000000000e-03	3.000000000000000e-08	3.000000000000000e-05
1.100000e-01	1.004474591332799e-02	5.008046169400024e-03	3.000000000000000e-08	3.000000000000000e-05
1.200000e-01	1.004879891550125e-02	5.008777052552640e-03	3.000000000000000e-08	3.000000000000000e-05
1.300000e-01	1.005284946645553e-02	5.009507837147528e-03	3.000000000000000e-08	3.000000000000000e-05
1.500000e-01	1.006094323007565e-02	5.010969109975632e-03	3.000000000000000e-08	3.000000000000000e-05
1.600000e-01	1.006498645040239e-02	5.011699597866594e-03	3.000000000000000e-08	3.000000000000000e-05
1.800000e-01	1.007306558717176e-02	5.013160275752635e-03	3.000000000000000e-08	3.000000000000000e-05
2.000000e-01	1.008113501076449e-02	5.014620555320423e-03	3.000000000000000e-08	3.000000000000000e-05
2.300000e-01	1.009322100013153e-02	5.016810224902943e-03	3.000000000000000e-08	3.000000000000000e-05
2.600000e-01	1.010528530449172e-02	5.018998990801157e-03	3.000000000000000e-08	3.000000000000000e-05
2.900000e-01	1.011732802467063e-02	5.021186848615790e-03	3.000000000000000e-08	3.000000000000000e-05
3.200000e-01	1.012934926076793e-02	5.023373794009391e-03	3.000000000000000e-08	3.000000000000000e-05
3.600000e-01	1.014534432754859e-02	5.026288294496972e-03	3.000000000000000e-08	3.000000000000000e-05
4.000000e-01	1.016130161060547e-02	5.029201155338624e-03	3.000000000000000e-08	3.000000000000000e-05
4.500000e-01	1.018119543335337e-02	5.032839910757509e-03	3.000000000000000e-08	3.000000000000000e-05
5.100000e-01	1.020499119789508e-02	5.037202989051344e-03	3.000000000000000e-08	3.000000000000000e-05
5.700000e-01	1.022870387560792e-02	5.041562297815853e-03	3.000000000000000e-08	3.000000000000000e-05
6.400000e-01	1.025626465627056e-02	5.046643353084651e-03	3.000000000000000e-08	3.000000000000000e-05
7.100000e-01	1.028371454542550e-02	5.051719189119419e-03	3.000000000000000e-08	3.000000000000000e-05
8.000000e-01	1.031884617706078e-02	5.058237522158103e-03	3.000000000000000e-08	3.000000000000000e-05
9.000000e-01	1.035767150448955e-02	5.065469795355018e-03	3.000000000000000e-08	3.000000000000000e-05
1.000000e+00	1.039627909948852e-02	5.072691089682673e-03	3.000000000000000e-08	3.000000000000000e-05
1.130000e+00	1.044614866087828e-02	5.082062171031300e-03	3.000000000000000e-08	3.000000000000000e-05
1.260000e+00	1.049566237573692e-02	5.091414267909545e-03	3.000000000000000e-08	3.000000000000000e-05
1.420000e+00	1.055612354861705e-02	5.102898154730650e-03	3.000000000000000e-08	3.000000000000000e-05
1.590000e+00	1.061979712189391e-02	5.115067486693407e-03	3.000000000000000e-08	3.000000000000000e-05
1.780000e+00	1.069028765389780e-02	5.128628630493274e-03	3.000000000000000e-08	3.000000000000000e-05
2.000000e+00	1.077104279737370e-02	5.144277775239128e-03	3.000000000000000e-08	3.000000000000000e-05
2.240000e+00	1.085811075968823e-02	5.161283637186096e-03	3.000000000000000e-08	3.000000000000000e-05
2.520000e+00	1.095837749852741e-02	5.181035863139894e-03	3.000000000000000e-08	3.000000000000000e-05
2.820000e+00	1.106429275052782e-02	5.202092789468218e-03	3.000000000000000e-08	3.000000000000000e-05
3.170000e+00	1.118595894913249e-02	5.226519162073957e-03	3.000000000000000e-08	3.000000000000000e-05
3.550000e+00	1.131583262174455e-02	5.252867311599688e-03	3.000000000000000e-08	3.000000000000000e-05
3.990000e+00	1.146345823339642e-02	5.283151124546401e-03	3.000000000000000e-08	3.000000000000000e-05
4.470000e+00	1.162130220543107e-02	5.315912798564474e-03	3.000000000000000e-08	3.000000000000000e-05
5.020000e+00	1.179828272153711e-02	5.353100008570325e-03	3.000000000000000e-08	3.000000000000000e-05
5.630000e+00	1.199000737620689e-02	5.393907018106533e-03	3.000000000000000e-08	3.000000000000000e-05
6.310000e+00	1.219843758463248e-02	5.438861401011118e-03	3.000000000000000e-08	3.000000000000000e-05
7.080000e+00	1.242817543908846e-02	5.489095990595795e-03	3.000000000000000e-08	3.000000000000000e-05
7.950000e+00	1.268031693821860e-02	5.545019192964731e-03	3.000000000000000e-08	3.000000000000000e-05
8.920000e+00	1.295287682557530e-02	5.606357805312097e-03	3.000000000000000e-08	3.000000000000000e-05
1.000000e+01	1.324661313220811e-02	5.673444933286168e-03	3.000000000000000e-08	3.000000000000000e-05
1.123000e+01	1.356976701927570e-02	5.748373265034296e-03	3.000000000000000e-08	3.000000000000000e-05
1.259000e+01	1.391429023043727e-02	5.829492759198640e-03	3.000000000000000e-08	3.000000000000000e-05
1.413000e+01	1.428980389690140e-02	5.919300700818915e-03	3.000000000000000e-08	3.000000000000000e-05
1.585000e+01	1.469276009465308e-02	6.017225964578084e-03	3.000000000000000e-08	3.000000000000000e-05
1.779000e+01	1.512867533570768e-02	6.124916431966465e-03	3.000000000000000e-08	3.000000000000000e-05
1.996000e+01	1.559554163377259e-02	6.242229473054268e-03	3.000000000000000e-08	3.000000000000000e-05
2.239000e+01	1.609536596912466e-02	6.370054954730043e-03	3.000000000000000e-08	3.000000000000000e-05
2.512000e+01	1.663137183947984e-02	6.509676700945331e-03	3.000000000000000e-08	3.000000000000000e-05
2.819000e+01	1.720578571269480e-02	6.662219393015787e-03	3.000000000000000e-08	3.000000000000000e-05
3.163000e+01	1.781818709852044e-02	6.828180899232889e-03	3.000000000000000e-08	3.000000000000000e-05
3.549000e+01	1.847098095611990e-02	7.008892209614672e-03	3.000000000000000e-08	3.000000000000000e-05
3.982000e+01	1.916547709615997e-02	7.205485259438097e-03	3.000000000000000e-08	3.000000000000000e-05
4.467000e+01	1.990199080675465e-02	7.418901780407467e-03	3.000000000000000e-08	3.000000000000000e-05
5.012000e+01	2.068412690476531e-02	7.651168828795532e-03	3.000000000000000e-08	3.000000000000000e-05
5.624000e+01	2.151241348639083e-02	7.903600984062892e-03	3.000000000000000e-08	3.000000000000000e-05
6.310000e+01	2.238609104983265e-02	8.177307953300961e-03	3.000000000000000e-08	3.000000000000000e-05
7.080000e+01	2.330673354690610e-02	8.474386153529115e-03	3.000000000000000e-08	3.000000000000000e-05
7.944000e+01	2.427402925620575e-02	8.796674372908165e-03	3.000000000000000e-08	3.000000000000000e-05
8.913000e+01	2.528701929440394e-02	9.146139898258276e-03	3.000000000000000e-08	3.000000000000000e-05
1.000100e+02	2.634587060193528e-02	9.525492112285861e-03	3.000000000000000e-08	3.000000000000000e-05
1.122100e+02	2.744766601261283e-02	9.936616444533454e-03	3.000000000000000e-08	3.000000000000000e-05
1.259000e+02	2.859116136935922e-02	1.038211111137778e-02	3.000000000000000e-08	3.000000000000000e-05
1.412600e+02	2.977371896565947e-02	1.086396947288648e-02	3.000000000000000e-08	3.000000000000000e-05
1.584900e+02	3.099225550503324e-02	1.138365027560551e-02	3.000000000000000e-08	3.000000000000000e-05
1.778300e+02	3.224453465300402e-02	1.194239914404133e-02	3.000000000000000e-08	3.000000000000000e-05
1.995300e+02	3.352707317084117e-02	1.254015234764672e-02	3.000000000000000e-08	3.000000000000000e-05
2.238800e+02	3.483721274672601e-02	1.317633076979298e-02	3.000000000000000e-08	3.000000000000000e-05
2.511900e+02	3.617197164816379e-02	1.384931131396638e-02	3.000000000000000e-08	3.000000000000000e-05
2.818400e+02	3.753046127822584e-02	1.455774639819890e-02	3.000000000000000e-08	3.000000000000000e-05
3.162300e+02	3.891122437983512e-02	1.529940722446085e-02	3.000000000000000e-08	3.000000000000000e-05
3.548200e+02	4.031397087727443e-02	1.607225090423754e-02	3.000000000000000e-08	3.000000000000000e-05
3.981100e+02	4.173855191324751e-02	1.687405690097344e-02	3.000000000000000e-08	3.000000000000000e-05
4.466900e+02	4.318637724237386e-02	1.770337640354724e-02	3.000000000000000e-08	3.000000000000000e-05
5.011900e+02	4.465845704804689e-02	1.855854960472207e-02	3.000000000000000e-08	3.000000000000000e-05
5.623500e+02	4.615715609499014e-02	1.943878889744022e-02	3.000000000000000e-08	3.000000000000000e-05
6.309600e+02	4.768426088451479e-02	2.034310901690142e-02	3.000000000000000e-08	3.000000000000000e-05
7.079500e+02	4.924283587958122e-02	2.127144614365140e-02	3.000000000000000e-08	3.000000000000000e-05
7.943300e+02	5.083548707654402e-02	2.222364827184705e-02	3.000000000000000e-08	3.000000000000000e-05
8.912600e+02	5.246548066371248e-02	2.320014357049682e-02	3.000000000000000e-08	3.000000000000000e-05
1.000010e+03	5.413567825364719e-02	2.420130236372938e-02	3.000000000000000e-08	3.000000000000000e-05
