#t[yr]	ecc	inc	eachmass	totalmass
0.000000e+00	5.000000000000000e-02	2.500000000000000e-02	3.000000000000000e-06	3.000000000000000e-06
1.000000e-03	4.999999839633303e-02	2.499999942846496e-02	3.000000000000000e-06	3.000000000000000e-06
1.000000e-02	4.999998396333793e-02	2.499999428465229e-02	3.000000000000000e-06	3.000000000000000e-06
1.000000e-01	4.999983963405148e-02	2.499994284676145e-02	3.000000000000000e-06	3.000000000000000e-06
1.000000e+00	4.999839640764831e-02	2.499942849144791e-02	3.000000000000000e-06	3.000000000000000e-06
1.000000e+01	4.998397078698730e-02	2.499428729683938e-02	3.000000000000000e-06	3.000000000000000e-06
2.070849e+01	4.996690706703999e-02	2.498820358090169e-02	3.000000000000000e-06	3.000000000000000e-06
3.156637e+01	4.994972512440632e-02	2.498207493614387e-02	3.000000000000000e-06	3.000000000000000e-06
4.260250e+01	4.993238258213262e-02	2.497588622656043e-02	3.000000000000000e-06	3.000000000000000e-06
5.381985e+01	4.991487873763818e-02	2.496963716743071e-02	3.000000000000000e-06	3.000000000000000e-06
6.522186e+01	4.989721220014969e-02	2.496332722895410e-02	3.000000000000000e-06	3.000000000000000e-06
7.681205e+01	4.987938158115689e-02	2.495695588243296e-02	3.000000000000000e-06	3.000000000000000e-06
8.859403e+01	4.986138548315503e-02	2.495052259627658e-02	3.000000000000000e-06	3.000000000000000e-06
1.000000e+02	4.984408921697989e-02	2.494433679111735e-02	3.000000000000000e-06	3.000000000000000e-06
1.121766e+02	4.982575158167333e-02	2.493777588172260e-02	3.000000000000000e-06	3.000000000000000e-06
1.245465e+02	4.980725877323796e-02	2.493115662632921e-02	3.000000000000000e-06	3.000000000000000e-06
1.371234e+02	4.978859463454086e-02	2.492447321651618e-02	3.000000000000000e-06	3.000000000000000e-06
1.499109e+02	4.976975796971116e-02	2.491772519473272e-02	3.000000000000000e-06	3.000000000000000e-06
1.629133e+02	4.975074732535188e-02	2.491091201173659e-02	3.000000000000000e-06	3.000000000000000e-06
1.761347e+02	4.973156124364871e-02	2.490403311717145e-02	3.000000000000000e-06	3.000000000000000e-06
1.895793e+02	4.971219825819919e-02	2.489708795809508e-02	3.000000000000000e-06	3.000000000000000e-06
2.032515e+02	4.969265689413434e-02	2.489007597904438e-02	3.000000000000000e-06	3.000000000000000e-06
2.171557e+02	4.967293566817196e-02	2.488299662207603e-02	3.000000000000000e-06	3.000000000000000e-06
2.312964e+02	4.965303308867487e-02	2.487584932680900e-02	3.000000000000000e-06	3.000000000000000e-06
2.456784e+02	4.963294765571246e-02	2.486863353046860e-02	3.000000000000000e-06	3.000000000000000e-06
2.603062e+02	4.961267786112621e-02	2.486134866793199e-02	3.000000000000000e-06	3.000000000000000e-06
2.751848e+02	4.959222218859875e-02	2.485399417177509e-02	3.000000000000000e-06	3.000000000000000e-06
2.903191e+02	4.957157911372696e-02	2.484656947232120e-02	3.000000000000000e-06	3.000000000000000e-06
3.057141e+02	4.955074710409893e-02	2.483907399769098e-02	3.000000000000000e-06	3.000000000000000e-06
3.213750e+02	4.952972461937499e-02	2.483150717385410e-02	3.000000000000000e-06	3.000000000000000e-06
3.373071e+02	4.950851011137288e-02	2.482386842468244e-02	3.000000000000000e-06	3.000000000000000e-06
3.535157e+02	4.948710202415719e-02	2.481615717200485e-02	3.000000000000000e-06	3.000000000000000e-06
3.700064e+02	4.946549879413301e-02	2.480837283566359e-02	3.000000000000000e-06	3.000000000000000e-06
3.867847e+02	4.944369885014409e-02	2.480051483357236e-02	3.000000000000000e-06	3.000000000000000e-06
4.038564e+02	4.942170061357550e-02	2.479258258177602e-02	3.000000000000000e-06	3.000000000000000e-06
4.212274e+02	4.939950249846085e-02	2.478457549451188e-02	3.000000000000000e-06	3.000000000000000e-06
4.389036e+02	4.937710291159416e-02	2.477649298427284e-02	3.000000000000000e-06	3.000000000000000e-06
4.568913e+02	4.935450025264670e-02	2.476833446187208e-02	3.000000000000000e-06	3.000000000000000e-06
4.751966e+02	4.933169291428849e-02	2.476009933650956e-02	3.000000000000000e-06	3.000000000000000e-06
4.938260e+02	4.930867928231492e-02	2.475178701584023e-02	3.000000000000000e-06	3.000000000000000e-06
5.127860e+02	4.928545773577847e-02	2.474339690604397e-02	3.000000000000000e-06	3.000000000000000e-06
5.320832e+02	4.926202664712546e-02	2.473492841189735e-02	3.000000000000000e-06	3.000000000000000e-06
5.517247e+02	4.923838438233822e-02	2.472638093684714e-02	3.000000000000000e-06	3.000000000000000e-06
5.717172e+02	4.921452930108258e-02	2.471775388308558e-02	3.000000000000000e-06	3.000000000000000e-06
5.920679e+02	4.919045975686079e-02	2.470904665162757e-02	3.000000000000000e-06	3.000000000000000e-06
6.127843e+02	4.916617409717005e-02	2.470025864238958e-02	3.000000000000000e-06	3.000000000000000e-06
6.338736e+02	4.914167066366668e-02	2.469138925427043e-02	3.000000000000000e-06	3.000000000000000e-06
6.553435e+02	4.911694779233607e-02	2.468243788523396e-02	3.000000000000000e-06	3.000000000000000e-06
6.772019e+02	4.909200381366844e-02	2.467340393239353e-02	3.000000000000000e-06	3.000000000000000e-06
6.994566e+02	4.906683705284060e-02	2.466428679209840e-02	3.000000000000000e-06	3.000000000000000e-06
7.221159e+02	4.904144582990372e-02	2.465508586002198e-02	3.000000000000000e-06	3.000000000000000e-06
7.451880e+02	4.901582845997728e-02	2.464580053125203e-02	3.000000000000000e-06	3.000000000000000e-06
7.686815e+02	4.898998325344925e-02	2.463643020038274e-02	3.000000000000000e-06	3.000000000000000e-06
7.926050e+02	4.896390851618253e-02	2.462697426160865e-02	3.000000000000000e-06	3.000000000000000e-06
8.169674e+02	4.893760254972791e-02	2.461743210882068e-02	3.000000000000000e-06	3.000000000000000e-06
8.417779e+02	4.891106365154355e-02	2.460780313570388e-02	3.000000000000000e-06	3.000000000000000e-06
8.670457e+02	4.888429011522093e-02	2.459808673583730e-02	3.000000000000000e-06	3.000000000000000e-06
8.927803e+02	4.885728023071768e-02	2.458828230279564e-02	3.000000000000000e-06	3.000000000000000e-06
9.189914e+02	4.883003228459710e-02	2.457838923025302e-02	3.000000000000000e-06	3.000000000000000e-06
9.456889e+02	4.880254456027450e-02	2.456840691208860e-02	3.000000000000000e-06	3.000000000000000e-06
9.728831e+02	4.877481533827063e-02	2.455833474249413e-02	3.000000000000000e-06	3.000000000000000e-06
1.000000e+03	4.874743299878632e-02	2.454838648851366e-02	3.000000000000000e-06	3.000000000000000e-06
1.028219e+03	4.871920979461501e-02	2.453813073024996e-02	3.000000000000000e-06	3.000000000000000e-06
1.056955e+03	4.869075104301637e-02	2.452778734653112e-02	3.000000000000000e-06	3.000000000000000e-06
1.086230e+03	4.866204372111988e-02	2.451735163081476e-02	3.000000000000000e-06	3.000000000000000e-06
1.116056e+03	4.863308630962426e-02	2.450682305703165e-02	3.000000000000000e-06	3.000000000000000e-06
1.146444e+03	4.860387707349100e-02	2.449620102216722e-02	3.000000000000000e-06	3.000000000000000e-06
1.177406e+03	4.857441428076387e-02	2.448548492578189e-02	3.000000000000000e-06	3.000000000000000e-06
1.208955e+03	4.854469619879752e-02	2.447467416865036e-02	3.000000000000000e-06	3.000000000000000e-06
1.241102e+03	4.851472109465325e-02	2.446376815291465e-02	3.000000000000000e-06	3.000000000000000e-06
1.273860e+03	4.848448723542462e-02	2.445276628221070e-02	3.000000000000000e-06	3.000000000000000e-06
1.307242e+03	4.845399288857222e-02	2.444166796179750e-02	3.000000000000000e-06	3.000000000000000e-06
1.341261e+03	4.842323632226628e-02	2.443047259868804e-02	3.000000000000000e-06	3.000000000000000e-06
1.375932e+03	4.839221580573708e-02	2.441917960178230e-02	3.000000000000000e-06	3.000000000000000e-06
1.411267e+03	4.836092960963329e-02	2.440778838200202e-02	3.000000000000000e-06	3.000000000000000e-06
1.447281e+03	4.832937600638817e-02	2.439629835242743e-02	3.000000000000000e-06	3.000000000000000e-06
1.483988e+03	4.829755327059395e-02	2.438470892843586e-02	3.000000000000000e-06	3.000000000000000e-06
1.521404e+03	4.826545967938395e-02	2.437301952784217e-02	3.000000000000000e-06	3.000000000000000e-06
1.559542e+03	4.823309351282297e-02	2.436122957104101e-02	3.000000000000000e-06	3.000000000000000e-06
1.598420e+03	4.820045305430564e-02	2.434933848115101e-02	3.000000000000000e-06	3.000000000000000e-06
1.638052e+03	4.816753659096287e-02	2.433734568416058e-02	3.000000000000000e-06	3.000000000000000e-06
1.678454e+03	4.813434241407639e-02	2.432525060907569e-02	3.000000000000000e-06	3.000000000000000e-06
1.719644e+03	4.810086881950147e-02	2.431305268806929e-02	3.000000000000000e-06	3.000000000000000e-06
1.761638e+03	4.806711410809764e-02	2.430075135663246e-02	3.000000000000000e-06	3.000000000000000e-06
1.804453e+03	4.803307658616757e-02	2.428834605372732e-02	3.000000000000000e-06	3.000000000000000e-06
1.848107e+03	4.799875456590413e-02	2.427583622194159e-02	3.000000000000000e-06	3.000000000000000e-06
1.892618e+03	4.796414636584539e-02	2.426322130764474e-02	3.000000000000000e-06	3.000000000000000e-06
1.938005e+03	4.792925031133775e-02	2.425050076114587e-02	3.000000000000000e-06	3.000000000000000e-06
1.984287e+03	4.789406473500714e-02	2.423767403685302e-02	3.000000000000000e-06	3.000000000000000e-06
2.031482e+03	4.785858797723815e-02	2.422474059343419e-02	3.000000000000000e-06	3.000000000000000e-06
2.079610e+03	4.782281838666118e-02	2.421169989397969e-02	3.000000000000000e-06	3.000000000000000e-06
2.128693e+03	4.778675432064742e-02	2.419855140616609e-02	3.000000000000000e-06	3.000000000000000e-06
2.178749e+03	4.775039414581174e-02	2.418529460242155e-02	3.000000000000000e-06	3.000000000000000e-06
2.229801e+03	4.771373623852335e-02	2.417192896009248e-02	3.000000000000000e-06	3.000000000000000e-06
2.281870e+03	4.767677898542417e-02	2.415845396161164e-02	3.000000000000000e-06	3.000000000000000e-06
2.334979e+03	4.763952078395476e-02	2.414486909466741e-02	3.000000000000000e-06	3.000000000000000e-06
2.389148e+03	4.760196004288792e-02	2.413117385237439e-02	3.000000000000000e-06	3.000000000000000e-06
2.444403e+03	4.756409518286964e-02	2.411736773344516e-02	3.000000000000000e-06	3.000000000000000e-06
2.500766e+03	4.752592463696735e-02	2.410345024236314e-02	3.000000000000000e-06	3.000000000000000e-06
2.558261e+03	4.748744685122553e-02	2.408942088955659e-02	3.000000000000000e-06	3.000000000000000e-06
2.616913e+03	4.744866028522825e-02	2.407527919157357e-02	3.000000000000000e-06	3.000000000000000e-06
2.676748e+03	4.740956341266876e-02	2.406102467125793e-02	3.000000000000000e-06	3.000000000000000e-06
2.737790e+03	4.737015472192595e-02	2.404665685792609e-02	3.000000000000000e-06	3.000000000000000e-06
2.800067e+03	4.733043271664727e-02	2.403217528754483e-02	3.000000000000000e-06	3.000000000000000e-06
2.863605e+03	4.729039591633844e-02	2.401757950290966e-02	3.000000000000000e-06	3.000000000000000e-06
2.928432e+03	4.725004285695923e-02	2.400286905382404e-02	3.000000000000000e-06	3.000000000000000e-06
2.994576e+03	4.720937209152551e-02	2.398804349727914e-02	3.000000000000000e-06	3.000000000000000e-06
3.062066e+03	4.716838219071729e-02	2.397310239763422e-02	3.000000000000000e-06	3.000000000000000e-06
3.130931e+03	4.712707174349241e-02	2.395804532679749e-02	3.000000000000000e-06	3.000000000000000e-06
3.201201e+03	4.708543935770585e-02	2.394287186440733e-02	3.000000000000000e-06	3.000000000000000e-06
3.272907e+03	4.704348366073433e-02	2.392758159801390e-02	3.000000000000000e-06	3.000000000000000e-06
3.346080e+03	4.700120330010598e-02	2.391217412326100e-02	3.000000000000000e-06	3.000000000000000e-06
3.420753e+03	4.695859694413487e-02	2.389664904406804e-02	3.000000000000000e-06	3.000000000000000e-06
3.496958e+03	4.691566328256015e-02	2.388100597281219e-02	3.000000000000000e-06	3.000000000000000e-06
3.574729e+03	4.687240102718943e-02	2.386524453051042e-02	3.000000000000000e-06	3.000000000000000e-06
3.654101e+03	4.682880891254629e-02	2.384936434700159e-02	3.000000000000000e-06	3.000000000000000e-06
3.735107e+03	4.678488569652153e-02	2.383336506112818e-02	3.000000000000000e-06	3.000000000000000e-06
3.817785e+03	4.674063016102786e-02	2.381724632091793e-02	3.000000000000000e-06	3.000000000000000e-06
3.902171e+03	4.669604111265770e-02	2.380100778376500e-02	3.000000000000000e-06	3.000000000000000e-06
3.988302e+03	4.665111738334398e-02	2.378464911661067e-02	3.000000000000000e-06	3.000000000000000e-06
4.076216e+03	4.660585783102323e-02	2.376816999612358e-02	3.000000000000000e-06	3.000000000000000e-06
4.165953e+03	4.656026134030103e-02	2.375157010887917e-02	3.000000000000000e-06	3.000000000000000e-06
4.257553e+03	4.651432682311914e-02	2.373484915153848e-02	3.000000000000000e-06	3.000000000000000e-06
4.351056e+03	4.646805321942418e-02	2.371800683102600e-02	3.000000000000000e-06	3.000000000000000e-06
4.446505e+03	4.642143949783736e-02	2.370104286470662e-02	3.000000000000000e-06	3.000000000000000e-06
4.543942e+03	4.637448465632496e-02	2.368395698056145e-02	3.000000000000000e-06	3.000000000000000e-06
4.643410e+03	4.632718772286903e-02	2.366674891736250e-02	3.000000000000000e-06	3.000000000000000e-06
4.744954e+03	4.627954775613816e-02	2.364941842484604e-02	3.000000000000000e-06	3.000000000000000e-06
4.848620e+03	4.623156384615762e-02	2.363196526388455e-02	3.000000000000000e-06	3.000000000000000e-06
4.954455e+03	4.618323511497872e-02	2.361438920665724e-02	3.000000000000000e-06	3.000000000000000e-06
5.062505e+03	4.613456071734673e-02	2.359669003681883e-02	3.000000000000000e-06	3.000000000000000e-06
5.172820e+03	4.608553984136712e-02	2.357886754966667e-02	3.000000000000000e-06	3.000000000000000e-06
5.285448e+03	4.603617170916952e-02	2.356092155230596e-02	3.000000000000000e-06	3.000000000000000e-06
5.400442e+03	4.598645557756907e-02	2.354285186381307e-02	3.000000000000000e-06	3.000000000000000e-06
5.517852e+03	4.593639073872462e-02	2.352465831539667e-02	3.000000000000000e-06	3.000000000000000e-06
5.637732e+03	4.588597652079331e-02	2.350634075055679e-02	3.000000000000000e-06	3.000000000000000e-06
5.760136e+03	4.583521228858118e-02	2.348789902524141e-02	3.000000000000000e-06	3.000000000000000e-06
5.885119e+03	4.578409744418911e-02	2.346933300800077e-02	3.000000000000000e-06	3.000000000000000e-06
6.012738e+03	4.573263142765383e-02	2.345064258013899e-02	3.000000000000000e-06	3.000000000000000e-06
6.143050e+03	4.568081371758334e-02	2.343182763586312e-02	3.000000000000000e-06	3.000000000000000e-06
6.276114e+03	4.562864383178632e-02	2.341288808242934e-02	3.000000000000000e-06	3.000000000000000e-06
6.411990e+03	4.557612132789503e-02	2.339382384028624e-02	3.000000000000000e-06	3.000000000000000e-06
6.550741e+03	4.552324580398115e-02	2.337463484321512e-02	3.000000000000000e-06	3.000000000000000e-06
6.692428e+03	4.547001689916409e-02	2.335532103846714e-02	3.000000000000000e-06	3.000000000000000e-06
6.837117e+03	4.541643429421122e-02	2.333588238689712e-02	3.000000000000000e-06	3.000000000000000e-06
6.984872e+03	4.536249771212950e-02	2.331631886309411e-02	3.000000000000000e-06	3.000000000000000e-06
7.135760e+03	4.530820691874808e-02	2.329663045550830e-02	3.000000000000000e-06	3.000000000000000e-06
7.289850e+03	4.525356172329120e-02	2.327681716657446e-02	3.000000000000000e-06	3.000000000000000e-06
7.447213e+03	4.519856197894097e-02	2.325687901283155e-02	3.000000000000000e-06	3.000000000000000e-06
7.607918e+03	4.514320758338950e-02	2.323681602503853e-02	3.000000000000000e-06	3.000000000000000e-06
7.772039e+03	4.508749847937982e-02	2.321662824828625e-02	3.000000000000000e-06	3.000000000000000e-06
7.939650e+03	4.503143465523507e-02	2.319631574210522e-02	3.000000000000000e-06	3.000000000000000e-06
8.110828e+03	4.497501614537550e-02	2.317587858056923e-02	3.000000000000000e-06	3.000000000000000e-06
8.285649e+03	4.491824303082268e-02	2.315531685239471e-02	3.000000000000000e-06	3.000000000000000e-06
8.464194e+03	4.486111543969046e-02	2.313463066103571e-02	3.000000000000000e-06	3.000000000000000e-06
8.646542e+03	4.480363354766213e-02	2.311382012477436e-02	3.000000000000000e-06	3.000000000000000e-06
8.832777e+03	4.474579757845337e-02	2.309288537680674e-02	3.000000000000000e-06	3.000000000000000e-06
9.022983e+03	4.468760780426027e-02	2.307182656532413e-02	3.000000000000000e-06	3.000000000000000e-06
9.217245e+03	4.462906454619225e-02	2.305064385358940e-02	3.000000000000000e-06	3.000000000000000e-06
9.415652e+03	4.457016817468904e-02	2.302933742000859e-02	3.000000000000000e-06	3.000000000000000e-06
9.618293e+03	4.451091910992151e-02	2.300790745819746e-02	3.000000000000000e-06	3.000000000000000e-06
9.825260e+03	4.445131782217575e-02	2.298635417704305e-02	3.000000000000000e-06	3.000000000000000e-06
1.000000e+04	4.440176436240038e-02	2.296843718418696e-02	3.000000000000000e-06	3.000000000000000e-06
1.021590e+04	4.434130044242542e-02	2.294657950918862e-02	3.000000000000000e-06	3.000000000000000e-06
1.043561e+04	4.428070970917677e-02	2.292468009165270e-02	3.000000000000000e-06	3.000000000000000e-06
1.066003e+04	4.421976428821022e-02	2.290265658521543e-02	3.000000000000000e-06	3.000000000000000e-06
1.088925e+04	4.415846973288701e-02	2.288051102110589e-02	3.000000000000000e-06	3.000000000000000e-06
1.112337e+04	4.409682671007652e-02	2.285824366122411e-02	3.000000000000000e-06	3.000000000000000e-06
1.136249e+04	4.403483604342567e-02	2.283585482078904e-02	3.000000000000000e-06	3.000000000000000e-06
1.160672e+04	4.397249860686291e-02	2.281334482978996e-02	3.000000000000000e-06	3.000000000000000e-06
1.185617e+04	4.390981532707487e-02	2.279071403381634e-02	3.000000000000000e-06	3.000000000000000e-06
1.211096e+04	4.384678718365519e-02	2.276796279404846e-02	3.000000000000000e-06	3.000000000000000e-06
1.237119e+04	4.378341520928093e-02	2.274509148725998e-02	3.000000000000000e-06	3.000000000000000e-06
1.263699e+04	4.371970048986658e-02	2.272210050581425e-02	3.000000000000000e-06	3.000000000000000e-06
1.290847e+04	4.365564416469633e-02	2.269899025765480e-02	3.000000000000000e-06	3.000000000000000e-06
1.318576e+04	4.359124742653422e-02	2.267576116628998e-02	3.000000000000000e-06	3.000000000000000e-06
1.346897e+04	4.352651152171202e-02	2.265241367077165e-02	3.000000000000000e-06	3.000000000000000e-06
1.375824e+04	4.346143775019450e-02	2.262894822566799e-02	3.000000000000000e-06	3.000000000000000e-06
1.405369e+04	4.339602746562193e-02	2.260536530103028e-02	3.000000000000000e-06	3.000000000000000e-06
1.435545e+04	4.333028207532957e-02	2.258166538235380e-02	3.000000000000000e-06	3.000000000000000e-06
1.466367e+04	4.326420304034388e-02	2.255784897053275e-02	3.000000000000000e-06	3.000000000000000e-06
1.497847e+04	4.319779187535547e-02	2.253391658180912e-02	3.000000000000000e-06	3.000000000000000e-06
1.529999e+04	4.313105014866844e-02	2.250986874771571e-02	3.000000000000000e-06	3.000000000000000e-06
1.562838e+04	4.306397948212611e-02	2.248570601501311e-02	3.000000000000000e-06	3.000000000000000e-06
1.596379e+04	4.299658155101298e-02	2.246142894562077e-02	3.000000000000000e-06	3.000000000000000e-06
1.630635e+04	4.292885808393290e-02	2.243703811654211e-02	3.000000000000000e-06	3.000000000000000e-06
1.665623e+04	4.286081086266327e-02	2.241253411978376e-02	3.000000000000000e-06	3.000000000000000e-06
1.701357e+04	4.279244172198545e-02	2.238791756226894e-02	3.000000000000000e-06	3.000000000000000e-06
1.737853e+04	4.272375254949106e-02	2.236318906574494e-02	3.000000000000000e-06	3.000000000000000e-06
1.775128e+04	4.265474528536454e-02	2.233834926668487e-02	3.000000000000000e-06	3.000000000000000e-06
1.813197e+04	4.258542192214164e-02	2.231339881618365e-02	3.000000000000000e-06	3.000000000000000e-06
1.852078e+04	4.251578450444424e-02	2.228833837984822e-02	3.000000000000000e-06	3.000000000000000e-06
1.891786e+04	4.244583512869137e-02	2.226316863768223e-02	3.000000000000000e-06	3.000000000000000e-06
1.932341e+04	4.237557594278653e-02	2.223789028396507e-02	3.000000000000000e-06	3.000000000000000e-06
1.973758e+04	4.230500914578159e-02	2.221250402712537e-02	3.000000000000000e-06	3.000000000000000e-06
2.016057e+04	4.223413698751736e-02	2.218701058960912e-02	3.000000000000000e-06	3.000000000000000e-06
2.059255e+04	4.216296176824085e-02	2.216141070774239e-02	3.000000000000000e-06	3.000000000000000e-06
2.103371e+04	4.209148583819976e-02	2.213570513158875e-02	3.000000000000000e-06	3.000000000000000e-06
2.148425e+04	4.201971159721408e-02	2.210989462480151e-02	3.000000000000000e-06	3.000000000000000e-06
2.194436e+04	4.194764149422524e-02	2.208397996447086e-02	3.000000000000000e-06	3.000000000000000e-06
2.241423e+04	4.187527802682314e-02	2.205796194096600e-02	3.000000000000000e-06	3.000000000000000e-06
2.289407e+04	4.180262374075108e-02	2.203184135777234e-02	3.000000000000000e-06	3.000000000000000e-06
2.338408e+04	4.172968122938928e-02	2.200561903132390e-02	3.000000000000000e-06	3.000000000000000e-06
2.388448e+04	4.165645313321701e-02	2.197929579083105e-02	3.000000000000000e-06	3.000000000000000e-06
2.439548e+04	4.158294213925390e-02	2.195287247810366e-02	3.000000000000000e-06	3.000000000000000e-06
2.491729e+04	4.150915098048064e-02	2.192634994736971e-02	3.000000000000000e-06	3.000000000000000e-06
2.545014e+04	4.143508243523976e-02	2.189972906508971e-02	3.000000000000000e-06	3.000000000000000e-06
2.599425e+04	4.136073932661647e-02	2.187301070976680e-02	3.000000000000000e-06	3.000000000000000e-06
2.654986e+04	4.128612452180052e-02	2.184619577175273e-02	3.000000000000000e-06	3.000000000000000e-06
2.711720e+04	4.121124093142908e-02	2.181928515305005e-02	3.000000000000000e-06	3.000000000000000e-06
2.769651e+04	4.113609150891146e-02	2.179227976711032e-02	3.000000000000000e-06	3.000000000000000e-06
2.828804e+04	4.106067924973598e-02	2.176518053862875e-02	3.000000000000000e-06	3.000000000000000e-06
2.889203e+04	4.098500719075959e-02	2.173798840333522e-02	3.000000000000000e-06	3.000000000000000e-06
2.950874e+04	4.090907840948071e-02	2.171070430778203e-02	3.000000000000000e-06	3.000000000000000e-06
3.013842e+04	4.083289602329595e-02	2.168332920912832e-02	3.000000000000000e-06	3.000000000000000e-06
3.078135e+04	4.075646318874112e-02	2.165586407492141e-02	3.000000000000000e-06	3.000000000000000e-06
3.143778e+04	4.067978310071729e-02	2.162830988287527e-02	3.000000000000000e-06	3.000000000000000e-06
3.210800e+04	4.060285899170230e-02	2.160066762064612e-02	3.000000000000000e-06	3.000000000000000e-06
3.279227e+04	4.052569413094848e-02	2.157293828560548e-02	3.000000000000000e-06	3.000000000000000e-06
3.349089e+04	4.044829182366712e-02	2.154512288461071e-02	3.000000000000000e-06	3.000000000000000e-06
3.420415e+04	4.037065541020040e-02	2.151722243377330e-02	3.000000000000000e-06	3.000000000000000e-06
3.493233e+04	4.029278826518117e-02	2.148923795822491e-02	3.000000000000000e-06	3.000000000000000e-06
3.567574e+04	4.021469379668167e-02	2.146117049188155e-02	3.000000000000000e-06	3.000000000000000e-06
3.643468e+04	4.013637544535134e-02	2.143302107720587e-02	3.000000000000000e-06	3.000000000000000e-06
3.720947e+04	4.005783668354486e-02	2.140479076496781e-02	3.000000000000000e-06	3.000000000000000e-06
3.800043e+04	3.997908101444062e-02	2.137648061400375e-02	3.000000000000000e-06	3.000000000000000e-06
3.880787e+04	3.990011197115077e-02	2.134809169097436e-02	3.000000000000000e-06	3.000000000000000e-06
3.963212e+04	3.982093311582309e-02	2.131962507012127e-02	3.000000000000000e-06	3.000000000000000e-06
4.047353e+04	3.974154803873573e-02	2.129108183302271e-02	3.000000000000000e-06	3.000000000000000e-06
4.133243e+04	3.966196035738522e-02	2.126246306834838e-02	3.000000000000000e-06	3.000000000000000e-06
4.220917e+04	3.958217371556866e-02	2.123376987161362e-02	3.000000000000000e-06	3.000000000000000e-06
4.310411e+04	3.950219178246060e-02	2.120500334493305e-02	3.000000000000000e-06	3.000000000000000e-06
4.401760e+04	3.942201825168545e-02	2.117616459677391e-02	3.000000000000000e-06	3.000000000000000e-06
4.495002e+04	3.934165684038599e-02	2.114725474170914e-02	3.000000000000000e-06	3.000000000000000e-06
4.590173e+04	3.926111128828875e-02	2.111827490017057e-02	3.000000000000000e-06	3.000000000000000e-06
4.687313e+04	3.918038535676691e-02	2.108922619820208e-02	3.000000000000000e-06	3.000000000000000e-06
4.786459e+04	3.909948282790136e-02	2.106010976721316e-02	3.000000000000000e-06	3.000000000000000e-06
4.887652e+04	3.901840750354074e-02	2.103092674373292e-02	3.000000000000000e-06	3.000000000000000e-06
4.990932e+04	3.893716320436093e-02	2.100167826916459e-02	3.000000000000000e-06	3.000000000000000e-06
5.096339e+04	3.885575376892483e-02	2.097236548954092e-02	3.000000000000000e-06	3.000000000000000e-06
5.203916e+04	3.877418305274298e-02	2.094298955528036e-02	3.000000000000000e-06	3.000000000000000e-06
5.313705e+04	3.869245492733577e-02	2.091355162094432e-02	3.000000000000000e-06	3.000000000000000e-06
5.425749e+04	3.861057327929780e-02	2.088405284499568e-02	3.000000000000000e-06	3.000000000000000e-06
5.540093e+04	3.852854200936499e-02	2.085449438955851e-02	3.000000000000000e-06	3.000000000000000e-06
5.656782e+04	3.844636503148536e-02	2.082487742017938e-02	3.000000000000000e-06	3.000000000000000e-06
5.775861e+04	3.836404627189355e-02	2.079520310559019e-02	3.000000000000000e-06	3.000000000000000e-06
5.897376e+04	3.828158966819029e-02	2.076547261747282e-02	3.000000000000000e-06	3.000000000000000e-06
6.021376e+04	3.819899916842701e-02	2.073568713022550e-02	3.000000000000000e-06	3.000000000000000e-06
6.147909e+04	3.811627873019630e-02	2.070584782073141e-02	3.000000000000000e-06	3.000000000000000e-06
6.277023e+04	3.803343231972884e-02	2.067595586812915e-02	3.000000000000000e-06	3.000000000000000e-06
6.408769e+04	3.795046391099725e-02	2.064601245358560e-02	3.000000000000000e-06	3.000000000000000e-06
6.543198e+04	3.786737748482753e-02	2.061601876007112e-02	3.000000000000000e-06	3.000000000000000e-06
6.680362e+04	3.778417702801851e-02	2.058597597213716e-02	3.000000000000000e-06	3.000000000000000e-06
6.820314e+04	3.770086653246991e-02	2.055588527569648e-02	3.000000000000000e-06	3.000000000000000e-06
6.963108e+04	3.761744999431942e-02	2.052574785780608e-02	3.000000000000000e-06	3.000000000000000e-06
7.108798e+04	3.753393141308942e-02	2.049556490645286e-02	3.000000000000000e-06	3.000000000000000e-06
7.257440e+04	3.745031479084370e-02	2.046533761034222e-02	3.000000000000000e-06	3.000000000000000e-06
7.409091e+04	3.736660413135464e-02	2.043506715868959e-02	3.000000000000000e-06	3.000000000000000e-06
7.563809e+04	3.728280343928137e-02	2.040475474101504e-02	3.000000000000000e-06	3.000000000000000e-06
7.721653e+04	3.719891671935931e-02	2.037440154694110e-02	3.000000000000000e-06	3.000000000000000e-06
7.882682e+04	3.711494797560138e-02	2.034400876599372e-02	3.000000000000000e-06	3.000000000000000e-06
8.046959e+04	3.703090121051149e-02	2.031357758740666e-02	3.000000000000000e-06	3.000000000000000e-06
8.214545e+04	3.694678042431044e-02	2.028310919992917e-02	3.000000000000000e-06	3.000000000000000e-06
8.385503e+04	3.686258961417484e-02	2.025260479163720e-02	3.000000000000000e-06	3.000000000000000e-06
8.559898e+04	3.677833277348912e-02	2.022206554974813e-02	3.000000000000000e-06	3.000000000000000e-06
8.737795e+04	3.669401389111125e-02	2.019149266043908e-02	3.000000000000000e-06	3.000000000000000e-06
8.919261e+04	3.660963695065215e-02	2.016088730866889e-02	3.000000000000000e-06	3.000000000000000e-06
9.104365e+04	3.652520592976941e-02	2.013025067800384e-02	3.000000000000000e-06	3.000000000000000e-06
9.293175e+04	3.644072479947535e-02	2.009958395044702e-02	3.000000000000000e-06	3.000000000000000e-06
9.485762e+04	3.635619752345975e-02	2.006888830627168e-02	3.000000000000000e-06	3.000000000000000e-06
9.682198e+04	3.627162805742756e-02	2.003816492385831e-02	3.000000000000000e-06	3.000000000000000e-06
9.882556e+04	3.618702034845171e-02	2.000741497953565e-02	3.000000000000000e-06	3.000000000000000e-06
1.000000e+05	3.613839985603306e-02	1.998973383950543e-02	3.000000000000000e-06	3.000000000000000e-06
1.020843e+05	3.605302762013953e-02	1.995868553607198e-02	3.000000000000000e-06	3.000000000000000e-06
1.041923e+05	3.596835309177001e-02	1.992787744228431e-02	3.000000000000000e-06	3.000000000000000e-06
1.063427e+05	3.588364014300034e-02	1.989704180526276e-02	3.000000000000000e-06	3.000000000000000e-06
1.085357e+05	3.579890719411128e-02	1.986618506888909e-02	3.000000000000000e-06	3.000000000000000e-06
1.107724e+05	3.571415784817225e-02	1.983530829178039e-02	3.000000000000000e-06	3.000000000000000e-06
1.130533e+05	3.562939598598606e-02	1.980441263511433e-02	3.000000000000000e-06	3.000000000000000e-06
1.153795e+05	3.554462546964243e-02	1.977349925487278e-02	3.000000000000000e-06	3.000000000000000e-06
1.177518e+05	3.545985014780258e-02	1.974256930382611e-02	3.000000000000000e-06	3.000000000000000e-06
1.201710e+05	3.537507385509188e-02	1.971162393137159e-02	3.000000000000000e-06	3.000000000000000e-06
1.226379e+05	3.529030041162442e-02	1.968066428341807e-02	3.000000000000000e-06	3.000000000000000e-06
1.251536e+05	3.520553362254202e-02	1.964969150227390e-02	3.000000000000000e-06	3.000000000000000e-06
1.277189e+05	3.512077727756975e-02	1.961870672653898e-02	3.000000000000000e-06	3.000000000000000e-06
1.303348e+05	3.503603515058806e-02	1.958771109100111e-02	3.000000000000000e-06	3.000000000000000e-06
1.330021e+05	3.495131099922142e-02	1.955670572653569e-02	3.000000000000000e-06	3.000000000000000e-06
1.357219e+05	3.486660856444361e-02	1.952569176001062e-02	3.000000000000000e-06	3.000000000000000e-06
1.384952e+05	3.478193157019946e-02	1.949467031419455e-02	3.000000000000000e-06	3.000000000000000e-06
1.413229e+05	3.469728372304308e-02	1.946364250766935e-02	3.000000000000000e-06	3.000000000000000e-06
1.442061e+05	3.461266871179259e-02	1.943260945474661e-02	3.000000000000000e-06	3.000000000000000e-06
1.471457e+05	3.452809020720111e-02	1.940157226538824e-02	3.000000000000000e-06	3.000000000000000e-06
1.501430e+05	3.444355186164419e-02	1.937053204513096e-02	3.000000000000000e-06	3.000000000000000e-06
1.531988e+05	3.435905730882327e-02	1.933948989501483e-02	3.000000000000000e-06	3.000000000000000e-06
1.563144e+05	3.427461016348542e-02	1.930844691151569e-02	3.000000000000000e-06	3.000000000000000e-06
1.594908e+05	3.419021402115897e-02	1.927740418648160e-02	3.000000000000000e-06	3.000000000000000e-06
1.627292e+05	3.410587245790507e-02	1.924636280707303e-02	3.000000000000000e-06	3.000000000000000e-06
1.660307e+05	3.402158903008506e-02	1.921532385570703e-02	3.000000000000000e-06	3.000000000000000e-06
1.693965e+05	3.393736727414332e-02	1.918428841000512e-02	3.000000000000000e-06	3.000000000000000e-06
1.728278e+05	3.385321070640578e-02	1.915325754274507e-02	3.000000000000000e-06	3.000000000000000e-06
1.763258e+05	3.376912282289363e-02	1.912223232181630e-02	3.000000000000000e-06	3.000000000000000e-06
1.798917e+05	3.368510709915228e-02	1.909121381017908e-02	3.000000000000000e-06	3.000000000000000e-06
1.835269e+05	3.360116699009525e-02	1.906020306582736e-02	3.000000000000000e-06	3.000000000000000e-06
1.872325e+05	3.351730592986297e-02	1.902920114175520e-02	3.000000000000000e-06	3.000000000000000e-06
1.910099e+05	3.343352733169615e-02	1.899820908592683e-02	3.000000000000000e-06	3.000000000000000e-06
1.948605e+05	3.334983458782369e-02	1.896722794125018e-02	3.000000000000000e-06	3.000000000000000e-06
1.987856e+05	3.326623106936472e-02	1.893625874555395e-02	3.000000000000000e-06	3.000000000000000e-06
2.027865e+05	3.318272012624494e-02	1.890530253156807e-02	3.000000000000000e-06	3.000000000000000e-06
2.068647e+05	3.309930508712653e-02	1.887436032690760e-02	3.000000000000000e-06	3.000000000000000e-06
2.110215e+05	3.301598925935199e-02	1.884343315405992e-02	3.000000000000000e-06	3.000000000000000e-06
2.152586e+05	3.293277592890118e-02	1.881252203037529e-02	3.000000000000000e-06	3.000000000000000e-06
2.195772e+05	3.284966836036182e-02	1.878162796806053e-02	3.000000000000000e-06	3.000000000000000e-06
2.239790e+05	3.276666979691275e-02	1.875075197417601e-02	3.000000000000000e-06	3.000000000000000e-06
2.284655e+05	3.268378346032012e-02	1.871989505063574e-02	3.000000000000000e-06	3.000000000000000e-06
2.330382e+05	3.260101255094611e-02	1.868905819421045e-02	3.000000000000000e-06	3.000000000000000e-06
2.376987e+05	3.251836024776989e-02	1.865824239653391e-02	3.000000000000000e-06	3.000000000000000e-06
2.424486e+05	3.243582970842072e-02	1.862744864411198e-02	3.000000000000000e-06	3.000000000000000e-06
2.472897e+05	3.235342406922289e-02	1.859667791833480e-02	3.000000000000000e-06	3.000000000000000e-06
2.522235e+05	3.227114644525220e-02	1.856593119549171e-02	3.000000000000000e-06	3.000000000000000e-06
2.572518e+05	3.218899993040387e-02	1.853520944678906e-02	3.000000000000000e-06	3.000000000000000e-06
2.623763e+05	3.210698759747158e-02	1.850451363837073e-02	3.000000000000000e-06	3.000000000000000e-06
2.675988e+05	3.202511249823727e-02	1.847384473134141e-02	3.000000000000000e-06	3.000000000000000e-06
2.729211e+05	3.194337766357173e-02	1.844320368179250e-02	3.000000000000000e-06	3.000000000000000e-06
2.783450e+05	3.186178610354543e-02	1.841259144083062e-02	3.000000000000000e-06	3.000000000000000e-06
2.838724e+05	3.178034080754961e-02	1.838200895460862e-02	3.000000000000000e-06	3.000000000000000e-06
2.895052e+05	3.169904474442713e-02	1.835145716435917e-02	3.000000000000000e-06	3.000000000000000e-06
2.952454e+05	3.161790086261311e-02	1.832093700643067e-02	3.000000000000000e-06	3.000000000000000e-06
3.010948e+05	3.153691209028485e-02	1.829044941232564e-02	3.000000000000000e-06	3.000000000000000e-06
3.070555e+05	3.145608133552098e-02	1.825999530874135e-02	3.000000000000000e-06	3.000000000000000e-06
3.131296e+05	3.137541148646946e-02	1.822957561761279e-02	3.000000000000000e-06	3.000000000000000e-06
3.193191e+05	3.129490541152428e-02	1.819919125615780e-02	3.000000000000000e-06	3.000000000000000e-06
3.256261e+05	3.121456595951055e-02	1.816884313692439e-02	3.000000000000000e-06	3.000000000000000e-06
3.320528e+05	3.113439595987779e-02	1.813853216784017e-02	3.000000000000000e-06	3.000000000000000e-06
3.386015e+05	3.105439822290113e-02	1.810825925226384e-02	3.000000000000000e-06	3.000000000000000e-06
3.452742e+05	3.097457553989016e-02	1.807802528903864e-02	3.000000000000000e-06	3.000000000000000e-06
3.520734e+05	3.089493068340538e-02	1.804783117254781e-02	3.000000000000000e-06	3.000000000000000e-06
3.590012e+05	3.081546640748161e-02	1.801767779277191e-02	3.000000000000000e-06	3.000000000000000e-06
3.660601e+05	3.073618544785865e-02	1.798756603534802e-02	3.000000000000000e-06	3.000000000000000e-06
3.732525e+05	3.065709052221844e-02	1.795749678163069e-02	3.000000000000000e-06	3.000000000000000e-06
3.805808e+05	3.057818433042889e-02	1.792747090875469e-02	3.000000000000000e-06	3.000000000000000e-06
3.880476e+05	3.049946955479392e-02	1.789748928969942e-02	3.000000000000000e-06	3.000000000000000e-06
3.956552e+05	3.042094886030952e-02	1.786755279335500e-02	3.000000000000000e-06	3.000000000000000e-06
4.034063e+05	3.034262489492569e-02	1.783766228458991e-02	3.000000000000000e-06	3.000000000000000e-06
4.113036e+05	3.026450028981392e-02	1.780781862432023e-02	3.000000000000000e-06	3.000000000000000e-06
4.193497e+05	3.018657765964005e-02	1.777802266958037e-02	3.000000000000000e-06	3.000000000000000e-06
4.275473e+05	3.010885960284233e-02	1.774827527359526e-02	3.000000000000000e-06	3.000000000000000e-06
4.358992e+05	3.003134870191434e-02	1.771857728585392e-02	3.000000000000000e-06	3.000000000000000e-06
4.444081e+05	2.995404752369263e-02	1.768892955218445e-02	3.000000000000000e-06	3.000000000000000e-06
4.530771e+05	2.987695861964896e-02	1.765933291483031e-02	3.000000000000000e-06	3.000000000000000e-06
4.619090e+05	2.980008452618671e-02	1.762978821252785e-02	3.000000000000000e-06	3.000000000000000e-06
4.709067e+05	2.972342776494142e-02	1.760029628058514e-02	3.000000000000000e-06	3.000000000000000e-06
4.800734e+05	2.964699084308526e-02	1.757085795096193e-02	3.000000000000000e-06	3.000000000000000e-06
4.894120e+05	2.957077625363505e-02	1.754147405235081e-02	3.000000000000000e-06	3.000000000000000e-06
4.989258e+05	2.949478647576390e-02	1.751214541025940e-02	3.000000000000000e-06	3.000000000000000e-06
5.086179e+05	2.941902397511603e-02	1.748287284709370e-02	3.000000000000000e-06	3.000000000000000e-06
5.184916e+05	2.934349120412468e-02	1.745365718224240e-02	3.000000000000000e-06	3.000000000000000e-06
5.285501e+05	2.926819060233295e-02	1.742449923216218e-02	3.000000000000000e-06	3.000000000000000e-06
5.387970e+05	2.919312459671729e-02	1.739539981046401e-02	3.000000000000000e-06	3.000000000000000e-06
5.492355e+05	2.911829560201352e-02	1.736635972800029e-02	3.000000000000000e-06	3.000000000000000e-06
5.598692e+05	2.904370602104521e-02	1.733737979295291e-02	3.000000000000000e-06	3.000000000000000e-06
5.707016e+05	2.896935824505408e-02	1.730846081092211e-02	3.000000000000000e-06	3.000000000000000e-06
5.817365e+05	2.889525465403255e-02	1.727960358501618e-02	3.000000000000000e-06	3.000000000000000e-06
5.929774e+05	2.882139761705790e-02	1.725080891594188e-02	3.000000000000000e-06	3.000000000000000e-06
6.044281e+05	2.874778949262812e-02	1.722207760209563e-02	3.000000000000000e-06	3.000000000000000e-06
6.160925e+05	2.867443262899918e-02	1.719341043965533e-02	3.000000000000000e-06	3.000000000000000e-06
6.279744e+05	2.860132936452360e-02	1.716480822267293e-02	3.000000000000000e-06	3.000000000000000e-06
6.400778e+05	2.852848202799003e-02	1.713627174316756e-02	3.000000000000000e-06	3.000000000000000e-06
6.524068e+05	2.845589293896385e-02	1.710780179121928e-02	3.000000000000000e-06	3.000000000000000e-06
6.649654e+05	2.838356440812848e-02	1.707939915506336e-02	3.000000000000000e-06	3.000000000000000e-06
6.777578e+05	2.831149873762735e-02	1.705106462118518e-02	3.000000000000000e-06	3.000000000000000e-06
6.907884e+05	2.823969822140624e-02	1.702279897441553e-02	3.000000000000000e-06	3.000000000000000e-06
7.040614e+05	2.816816514555600e-02	1.699460299802643e-02	3.000000000000000e-06	3.000000000000000e-06
7.175812e+05	2.809690178865532e-02	1.696647747382741e-02	3.000000000000000e-06	3.000000000000000e-06
7.313524e+05	2.802591042211354e-02	1.693842318226219e-02	3.000000000000000e-06	3.000000000000000e-06
7.453795e+05	2.795519331051329e-02	1.691044090250569e-02	3.000000000000000e-06	3.000000000000000e-06
7.596672e+05	2.788475271195276e-02	1.688253141256155e-02	3.000000000000000e-06	3.000000000000000e-06
7.742202e+05	2.781459087838756e-02	1.685469548935977e-02	3.000000000000000e-06	3.000000000000000e-06
7.890434e+05	2.774471005597199e-02	1.682693390885486e-02	3.000000000000000e-06	3.000000000000000e-06
8.041416e+05	2.767511248539944e-02	1.679924744612412e-02	3.000000000000000e-06	3.000000000000000e-06
8.195200e+05	2.760580040224207e-02	1.677163687546626e-02	3.000000000000000e-06	3.000000000000000e-06
8.351835e+05	2.753677603728927e-02	1.674410297050024e-02	3.000000000000000e-06	3.000000000000000e-06
8.511375e+05	2.746804161688511e-02	1.671664650426425e-02	3.000000000000000e-06	3.000000000000000e-06
8.673871e+05	2.739959936326438e-02	1.668926824931496e-02	3.000000000000000e-06	3.000000000000000e-06
8.839378e+05	2.733145149488722e-02	1.666196897782688e-02	3.000000000000000e-06	3.000000000000000e-06
9.007950e+05	2.726360022677218e-02	1.663474946169186e-02	3.000000000000000e-06	3.000000000000000e-06
9.179643e+05	2.719604777082750e-02	1.660761047261865e-02	3.000000000000000e-06	3.000000000000000e-06
9.354514e+05	2.712879633618070e-02	1.658055278223272e-02	3.000000000000000e-06	3.000000000000000e-06
9.532621e+05	2.706184812950602e-02	1.655357716217590e-02	3.000000000000000e-06	3.000000000000000e-06
9.714023e+05	2.699520535534986e-02	1.652668438420629e-02	3.000000000000000e-06	3.000000000000000e-06
9.898780e+05	2.692887021645402e-02	1.649987522029805e-02	3.000000000000000e-06	3.000000000000000e-06
1.000000e+06	2.689337456371051e-02	1.648550502772349e-02	3.000000000000000e-06	3.000000000000000e-06
1.019165e+06	2.682695785624954e-02	1.645859965251270e-02	3.000000000000000e-06	3.000000000000000e-06
1.038520e+06	2.676142607366265e-02	1.643201100797193e-02	3.000000000000000e-06	3.000000000000000e-06
1.058236e+06	2.669619936429378e-02	1.640550452125090e-02	3.000000000000000e-06	3.000000000000000e-06
1.078316e+06	2.663129048062009e-02	1.637908524059123e-02	3.000000000000000e-06	3.000000000000000e-06
1.098767e+06	2.656670142979678e-02	1.635275386337372e-02	3.000000000000000e-06	3.000000000000000e-06
1.119595e+06	2.650243441403089e-02	1.632651116686322e-02	3.000000000000000e-06	3.000000000000000e-06
1.140808e+06	2.643849163254871e-02	1.630035792785856e-02	3.000000000000000e-06	3.000000000000000e-06
1.162412e+06	2.637487528548933e-02	1.627429492425214e-02	3.000000000000000e-06	3.000000000000000e-06
1.184414e+06	2.631158757413525e-02	1.624832293510252e-02	3.000000000000000e-06	3.000000000000000e-06
1.206823e+06	2.624863070120574e-02	1.622244274073378e-02	3.000000000000000e-06	3.000000000000000e-06
1.229644e+06	2.618600687114539e-02	1.619665512283423e-02	3.000000000000000e-06	3.000000000000000e-06
1.252886e+06	2.612371829040888e-02	1.617096086455491e-02	3.000000000000000e-06	3.000000000000000e-06
1.276557e+06	2.606176716774198e-02	1.614536075060787e-02	3.000000000000000e-06	3.000000000000000e-06
1.300664e+06	2.600015571445852e-02	1.611985556736412e-02	3.000000000000000e-06	3.000000000000000e-06
1.325214e+06	2.593888614471320e-02	1.609444610295147e-02	3.000000000000000e-06	3.000000000000000e-06
1.350218e+06	2.587796067577033e-02	1.606913314735194e-02	3.000000000000000e-06	3.000000000000000e-06
1.375681e+06	2.581738152826814e-02	1.604391749249893e-02	3.000000000000000e-06	3.000000000000000e-06
1.401613e+06	2.575715092647869e-02	1.601879993237410e-02	3.000000000000000e-06	3.000000000000000e-06
1.428023e+06	2.569727109856321e-02	1.599378126310387e-02	3.000000000000000e-06	3.000000000000000e-06
1.454918e+06	2.563774427682283e-02	1.596886228305557e-02	3.000000000000000e-06	3.000000000000000e-06
1.482309e+06	2.557857269794447e-02	1.594404379293331e-02	3.000000000000000e-06	3.000000000000000e-06
1.510203e+06	2.551975860324189e-02	1.591932659587332e-02	3.000000000000000e-06	3.000000000000000e-06
1.538610e+06	2.546130423889174e-02	1.589471149753905e-02	3.000000000000000e-06	3.000000000000000e-06
1.567540e+06	2.540321185616447e-02	1.587019930621571e-02	3.000000000000000e-06	3.000000000000000e-06
1.597002e+06	2.534548371165003e-02	1.584579083290453e-02	3.000000000000000e-06	3.000000000000000e-06
1.627005e+06	2.528812206747829e-02	1.582148689141639e-02	3.000000000000000e-06	3.000000000000000e-06
1.657560e+06	2.523112919153396e-02	1.579728829846520e-02	3.000000000000000e-06	3.000000000000000e-06
1.688676e+06	2.517450735766602e-02	1.577319587376060e-02	3.000000000000000e-06	3.000000000000000e-06
1.720364e+06	2.511825884589142e-02	1.574921044010029e-02	3.000000000000000e-06	3.000000000000000e-06
1.752634e+06	2.506238594259310e-02	1.572533282346183e-02	3.000000000000000e-06	3.000000000000000e-06
1.785497e+06	2.500689094071209e-02	1.570156385309386e-02	3.000000000000000e-06	3.000000000000000e-06
1.818964e+06	2.495177613993364e-02	1.567790436160681e-02	3.000000000000000e-06	3.000000000000000e-06
1.853045e+06	2.489704384686730e-02	1.565435518506309e-02	3.000000000000000e-06	3.000000000000000e-06
1.887751e+06	2.484269637522074e-02	1.563091716306659e-02	3.000000000000000e-06	3.000000000000000e-06
1.923095e+06	2.478873604596740e-02	1.560759113885173e-02	3.000000000000000e-06	3.000000000000000e-06
1.959088e+06	2.473516518750758e-02	1.558437795937177e-02	3.000000000000000e-06	3.000000000000000e-06
1.995741e+06	2.468198613582317e-02	1.556127847538659e-02	3.000000000000000e-06	3.000000000000000e-06
2.033066e+06	2.462920123462572e-02	1.553829354154973e-02	3.000000000000000e-06	3.000000000000000e-06
2.071077e+06	2.457681283549783e-02	1.551542401649489e-02	3.000000000000000e-06	3.000000000000000e-06
2.109785e+06	2.452482329802768e-02	1.549267076292163e-02	3.000000000000000e-06	3.000000000000000e-06
2.149203e+06	2.447323498993673e-02	1.547003464768045e-02	3.000000000000000e-06	3.000000000000000e-06
2.189344e+06	2.442205028720039e-02	1.544751654185717e-02	3.000000000000000e-06	3.000000000000000e-06
2.230221e+06	2.437127157416160e-02	1.542511732085646e-02	3.000000000000000e-06	3.000000000000000e-06
2.271847e+06	2.432090124363719e-02	1.540283786448482e-02	3.000000000000000e-06	3.000000000000000e-06
2.314237e+06	2.427094169701698e-02	1.538067905703259e-02	3.000000000000000e-06	3.000000000000000e-06
2.357404e+06	2.422139534435553e-02	1.535864178735533e-02	3.000000000000000e-06	3.000000000000000e-06
2.401363e+06	2.417226460445636e-02	1.533672694895431e-02	3.000000000000000e-06	3.000000000000000e-06
2.446127e+06	2.412355190494865e-02	1.531493544005624e-02	3.000000000000000e-06	3.000000000000000e-06
2.491711e+06	2.407525968235626e-02	1.529326816369210e-02	3.000000000000000e-06	3.000000000000000e-06
2.538131e+06	2.402739038215911e-02	1.527172602777518e-02	3.000000000000000e-06	3.000000000000000e-06
2.585402e+06	2.397994645884661e-02	1.525030994517817e-02	3.000000000000000e-06	3.000000000000000e-06
2.633538e+06	2.393293037596331e-02	1.522902083380946e-02	3.000000000000000e-06	3.000000000000000e-06
2.682557e+06	2.388634460614651e-02	1.520785961668842e-02	3.000000000000000e-06	3.000000000000000e-06
2.732473e+06	2.384019163115583e-02	1.518682722201980e-02	3.000000000000000e-06	3.000000000000000e-06
2.783304e+06	2.379447394189470e-02	1.516592458326719e-02	3.000000000000000e-06	3.000000000000000e-06
2.835066e+06	2.374919403842358e-02	1.514515263922547e-02	3.000000000000000e-06	3.000000000000000e-06
2.887776e+06	2.370435442996494e-02	1.512451233409234e-02	3.000000000000000e-06	3.000000000000000e-06
2.941452e+06	2.365995763489998e-02	1.510400461753873e-02	3.000000000000000e-06	3.000000000000000e-06
2.996110e+06	2.361600618075683e-02	1.508363044477827e-02	3.000000000000000e-06	3.000000000000000e-06
3.051769e+06	2.357250260419039e-02	1.506339077663567e-02	3.000000000000000e-06	3.000000000000000e-06
3.108448e+06	2.352944945095362e-02	1.504328657961408e-02	3.000000000000000e-06	3.000000000000000e-06
3.166164e+06	2.348684927586030e-02	1.502331882596123e-02	3.000000000000000e-06	3.000000000000000e-06
3.224937e+06	2.344470464273913e-02	1.500348849373462e-02	3.000000000000000e-06	3.000000000000000e-06
3.284785e+06	2.340301812437921e-02	1.498379656686548e-02	3.000000000000000e-06	3.000000000000000e-06
3.345730e+06	2.336179230246682e-02	1.496424403522155e-02	3.000000000000000e-06	3.000000000000000e-06
3.407790e+06	2.332102976751343e-02	1.494483189466876e-02	3.000000000000000e-06	3.000000000000000e-06
3.470985e+06	2.328073311877503e-02	1.492556114713169e-02	3.000000000000000e-06	3.000000000000000e-06
3.535338e+06	2.324090496416252e-02	1.490643280065275e-02	3.000000000000000e-06	3.000000000000000e-06
3.600868e+06	2.320154792014342e-02	1.488744786945022e-02	3.000000000000000e-06	3.000000000000000e-06
3.667598e+06	2.316266461163467e-02	1.486860737397489e-02	3.000000000000000e-06	3.000000000000000e-06
3.735549e+06	2.312425767188659e-02	1.484991234096558e-02	3.000000000000000e-06	3.000000000000000e-06
3.804743e+06	2.308632974235797e-02	1.483136380350320e-02	3.000000000000000e-06	3.000000000000000e-06
3.875203e+06	2.304888347258233e-02	1.481296280106356e-02	3.000000000000000e-06	3.000000000000000e-06
3.946953e+06	2.301192152002525e-02	1.479471037956883e-02	3.000000000000000e-06	3.000000000000000e-06
4.020016e+06	2.297544654993293e-02	1.477660759143753e-02	3.000000000000000e-06	3.000000000000000e-06
4.094415e+06	2.293946123517182e-02	1.475865549563330e-02	3.000000000000000e-06	3.000000000000000e-06
4.170176e+06	2.290396825605950e-02	1.474085515771203e-02	3.000000000000000e-06	3.000000000000000e-06
4.247323e+06	2.286897030018669e-02	1.472320764986772e-02	3.000000000000000e-06	3.000000000000000e-06
4.325882e+06	2.283447006223059e-02	1.470571405097676e-02	3.000000000000000e-06	3.000000000000000e-06
4.405877e+06	2.280047024375936e-02	1.468837544664080e-02	3.000000000000000e-06	3.000000000000000e-06
4.487336e+06	2.276697355302804e-02	1.467119292922805e-02	3.000000000000000e-06	3.000000000000000e-06
4.570286e+06	2.273398270476576e-02	1.465416759791304e-02	3.000000000000000e-06	3.000000000000000e-06
4.654753e+06	2.270150041995440e-02	1.463730055871485e-02	3.000000000000000e-06	3.000000000000000e-06
4.740765e+06	2.266952942559872e-02	1.462059292453377e-02	3.000000000000000e-06	3.000000000000000e-06
4.828350e+06	2.263807245448808e-02	1.460404581518626e-02	3.000000000000000e-06	3.000000000000000e-06
4.917538e+06	2.260713224494978e-02	1.458766035743840e-02	3.000000000000000e-06	3.000000000000000e-06
5.008357e+06	2.257671154059413e-02	1.457143768503760e-02	3.000000000000000e-06	3.000000000000000e-06
5.100837e+06	2.254681309005132e-02	1.455537893874266e-02	3.000000000000000e-06	3.000000000000000e-06
5.195009e+06	2.251743964670025e-02	1.453948526635214e-02	3.000000000000000e-06	3.000000000000000e-06
5.290904e+06	2.248859396838937e-02	1.452375782273097e-02	3.000000000000000e-06	3.000000000000000e-06
5.388553e+06	2.246027881714963e-02	1.450819776983538e-02	3.000000000000000e-06	3.000000000000000e-06
5.487988e+06	2.243249695889980e-02	1.449280627673599e-02	3.000000000000000e-06	3.000000000000000e-06
5.589242e+06	2.240525116314409e-02	1.447758451963914e-02	3.000000000000000e-06	3.000000000000000e-06
5.692348e+06	2.237854420266233e-02	1.446253368190641e-02	3.000000000000000e-06	3.000000000000000e-06
5.797340e+06	2.235237885319296e-02	1.444765495407230e-02	3.000000000000000e-06	3.000000000000000e-06
5.904253e+06	2.232675789310868e-02	1.443294953386002e-02	3.000000000000000e-06	3.000000000000000e-06
6.013121e+06	2.230168410308530e-02	1.441841862619550e-02	3.000000000000000e-06	3.000000000000000e-06
6.123980e+06	2.227716026576364e-02	1.440406344321933e-02	3.000000000000000e-06	3.000000000000000e-06
6.236868e+06	2.225318916540489e-02	1.438988520429696e-02	3.000000000000000e-06	3.000000000000000e-06
6.351820e+06	2.222977358753947e-02	1.437588513602683e-02	3.000000000000000e-06	3.000000000000000e-06
6.468875e+06	2.220691631860968e-02	1.436206447224657e-02	3.000000000000000e-06	3.000000000000000e-06
6.588071e+06	2.218462014560630e-02	1.434842445403726e-02	3.000000000000000e-06	3.000000000000000e-06
6.709448e+06	2.216288785569940e-02	1.433496632972560e-02	3.000000000000000e-06	3.000000000000000e-06
6.833045e+06	2.214172223586344e-02	1.432169135488416e-02	3.000000000000000e-06	3.000000000000000e-06
6.958903e+06	2.212112607249719e-02	1.430860079232949e-02	3.000000000000000e-06	3.000000000000000e-06
7.087063e+06	2.210110215103829e-02	1.429569591211823e-02	3.000000000000000e-06	3.000000000000000e-06
7.217568e+06	2.208165325557311e-02	1.428297799154112e-02	3.000000000000000e-06	3.000000000000000e-06
7.350460e+06	2.206278216844186e-02	1.427044831511494e-02	3.000000000000000e-06	3.000000000000000e-06
7.485783e+06	2.204449166983938e-02	1.425810817457227e-02	3.000000000000000e-06	3.000000000000000e-06
7.623582e+06	2.202678453741180e-02	1.424595886884922e-02	3.000000000000000e-06	3.000000000000000e-06
7.763902e+06	2.200966354584940e-02	1.423400170407092e-02	3.000000000000000e-06	3.000000000000000e-06
7.906789e+06	2.199313146647587e-02	1.422223799353491e-02	3.000000000000000e-06	3.000000000000000e-06
8.052290e+06	2.197719106683439e-02	1.421066905769234e-02	3.000000000000000e-06	3.000000000000000e-06
8.200453e+06	2.196184511027067e-02	1.419929622412697e-02	3.000000000000000e-06	3.000000000000000e-06
8.351327e+06	2.194709635551341e-02	1.418812082753200e-02	3.000000000000000e-06	3.000000000000000e-06
8.504962e+06	2.193294755625234e-02	1.417714420968463e-02	3.000000000000000e-06	3.000000000000000e-06
8.661408e+06	2.191940146071430e-02	1.416636771941848e-02	3.000000000000000e-06	3.000000000000000e-06
8.820716e+06	2.190646081123757e-02	1.415579271259371e-02	3.000000000000000e-06	3.000000000000000e-06
8.982939e+06	2.189412834384483e-02	1.414542055206488e-02	3.000000000000000e-06	3.000000000000000e-06
9.148131e+06	2.188240678781507e-02	1.413525260764667e-02	3.000000000000000e-06	3.000000000000000e-06
9.316345e+06	2.187129886525480e-02	1.412529025607718e-02	3.000000000000000e-06	3.000000000000000e-06
9.487638e+06	2.186080729066891e-02	1.411553488097911e-02	3.000000000000000e-06	3.000000000000000e-06
9.662066e+06	2.185093477053147e-02	1.410598787281857e-02	3.000000000000000e-06	3.000000000000000e-06
9.839686e+06	2.184168400285690e-02	1.409665062886165e-02	3.000000000000000e-06	3.000000000000000e-06
1.000000e+07	2.183403823595311e-02	1.408856203526926e-02	3.000000000000000e-06	3.000000000000000e-06
1.018418e+07	2.182595114014402e-02	1.407960599299392e-02	3.000000000000000e-06	3.000000000000000e-06
1.037135e+07	2.181851168806712e-02	1.407088291773744e-02	3.000000000000000e-06	3.000000000000000e-06
1.056195e+07	2.181170408854708e-02	1.406237476692019e-02	3.000000000000000e-06	3.000000000000000e-06
1.075604e+07	2.180553130099795e-02	1.405408331349987e-02	3.000000000000000e-06	3.000000000000000e-06
1.095368e+07	2.179999595984658e-02	1.404600998773849e-02	3.000000000000000e-06	3.000000000000000e-06
1.115494e+07	2.179510069336746e-02	1.403815623248859e-02	3.000000000000000e-06	3.000000000000000e-06
1.135988e+07	2.179084811795952e-02	1.403052349687170e-02	3.000000000000000e-06	3.000000000000000e-06
1.156858e+07	2.178724083782387e-02	1.402311323632486e-02	3.000000000000000e-06	3.000000000000000e-06
1.178109e+07	2.178428144455631e-02	1.401592691253269e-02	3.000000000000000e-06	3.000000000000000e-06
1.199750e+07	2.178197251674571e-02	1.400896599335918e-02	3.000000000000000e-06	3.000000000000000e-06
1.221787e+07	2.178031661957694e-02	1.400223195277728e-02	3.000000000000000e-06	3.000000000000000e-06
1.244227e+07	2.177931630443901e-02	1.399572627079614e-02	3.000000000000000e-06	3.000000000000000e-06
1.267079e+07	2.177897410853850e-02	1.398945043338619e-02	3.000000000000000e-06	3.000000000000000e-06
1.290348e+07	2.177929255451889e-02	1.398340593240205e-02	3.000000000000000e-06	3.000000000000000e-06
1.314044e+07	2.178027415008593e-02	1.397759426550318e-02	3.000000000000000e-06	3.000000000000000e-06
1.338174e+07	2.178192138763964e-02	1.397201693607237e-02	3.000000000000000e-06	3.000000000000000e-06
1.362746e+07	2.178423674391313e-02	1.396667545313212e-02	3.000000000000000e-06	3.000000000000000e-06
1.387767e+07	2.178722267961860e-02	1.396157133125886e-02	3.000000000000000e-06	3.000000000000000e-06
1.413247e+07	2.179088163910097e-02	1.395670609049502e-02	3.000000000000000e-06	3.000000000000000e-06
1.439194e+07	2.179521604999942e-02	1.395208125625907e-02	3.000000000000000e-06	3.000000000000000e-06
1.465616e+07	2.180022832291714e-02	1.394769835925345e-02	3.000000000000000e-06	3.000000000000000e-06
1.492522e+07	2.180592085109965e-02	1.394355893537050e-02	3.000000000000000e-06	3.000000000000000e-06
1.519921e+07	2.181229601012210e-02	1.393966452559634e-02	3.000000000000000e-06	3.000000000000000e-06
1.547822e+07	2.181935615758572e-02	1.393601667591281e-02	3.000000000000000e-06	3.000000000000000e-06
1.576234e+07	2.182710363282382e-02	1.393261693719742e-02	3.000000000000000e-06	3.000000000000000e-06
1.605166e+07	2.183554075661762e-02	1.392946686512142e-02	3.000000000000000e-06	3.000000000000000e-06
1.634629e+07	2.184466983092226e-02	1.392656802004598e-02	3.000000000000000e-06	3.000000000000000e-06
1.664632e+07	2.185449313860309e-02	1.392392196691649e-02	3.000000000000000e-06	3.000000000000000e-06
1.695184e+07	2.186501294318286e-02	1.392153027515513e-02	3.000000000000000e-06	3.000000000000000e-06
1.726296e+07	2.187623148859964e-02	1.391939451855158e-02	3.000000000000000e-06	3.000000000000000e-06
1.757979e+07	2.188815099897612e-02	1.391751627515209e-02	3.000000000000000e-06	3.000000000000000e-06
1.790242e+07	2.190077367840034e-02	1.391589712714682e-02	3.000000000000000e-06	3.000000000000000e-06
1.823096e+07	2.191410171071804e-02	1.391453866075556e-02	3.000000000000000e-06	3.000000000000000e-06
1.856553e+07	2.192813725933703e-02	1.391344246611183e-02	3.000000000000000e-06	3.000000000000000e-06
1.890623e+07	2.194288246704368e-02	1.391261013714551e-02	3.000000000000000e-06	3.000000000000000e-06
1.925317e+07	2.195833945583172e-02	1.391204327146390e-02	3.000000000000000e-06	3.000000000000000e-06
1.960648e+07	2.197451032674362e-02	1.391174347023136e-02	3.000000000000000e-06	3.000000000000000e-06
1.996626e+07	2.199139715972463e-02	1.391171233804761e-02	3.000000000000000e-06	3.000000000000000e-06
2.033264e+07	2.200900201348981e-02	1.391195148282466e-02	3.000000000000000e-06	3.000000000000000e-06
2.070574e+07	2.202732692540397e-02	1.391246251566242e-02	3.000000000000000e-06	3.000000000000000e-06
2.108568e+07	2.204637391137487e-02	1.391324705072320e-02	3.000000000000000e-06	3.000000000000000e-06
2.147258e+07	2.206614496575974e-02	1.391430670510494e-02	3.000000000000000e-06	3.000000000000000e-06
2.186658e+07	2.208664206128516e-02	1.391564309871345e-02	3.000000000000000e-06	3.000000000000000e-06
2.226781e+07	2.210786714898058e-02	1.391725785413348e-02	3.000000000000000e-06	3.000000000000000e-06
2.267640e+07	2.212982215812530e-02	1.391915259649898e-02	3.000000000000000e-06	3.000000000000000e-06
2.309248e+07	2.215250899620934e-02	1.392132895336232e-02	3.000000000000000e-06	3.000000000000000e-06
2.351619e+07	2.217592954890789e-02	1.392378855456275e-02	3.000000000000000e-06	3.000000000000000e-06
2.394768e+07	2.220008568006971e-02	1.392653303209404e-02	3.000000000000000e-06	3.000000000000000e-06
2.438708e+07	2.222497923171929e-02	1.392956401997149e-02	3.000000000000000e-06	3.000000000000000e-06
2.483454e+07	2.225061202407290e-02	1.393288315409820e-02	3.000000000000000e-06	3.000000000000000e-06
2.529022e+07	2.227698585556854e-02	1.393649207213092e-02	3.000000000000000e-06	3.000000000000000e-06
2.575425e+07	2.230410250290973e-02	1.394039241334530e-02	3.000000000000000e-06	3.000000000000000e-06
2.622680e+07	2.233196372112315e-02	1.394458581850077e-02	3.000000000000000e-06	3.000000000000000e-06
2.670803e+07	2.236057124363016e-02	1.394907392970512e-02	3.000000000000000e-06	3.000000000000000e-06
2.719808e+07	2.238992678233202e-02	1.395385839027878e-02	3.000000000000000e-06	3.000000000000000e-06
2.769713e+07	2.242003202770885e-02	1.395894084461895e-02	3.000000000000000e-06	3.000000000000000e-06
2.820534e+07	2.245088864893228e-02	1.396432293806360e-02	3.000000000000000e-06	3.000000000000000e-06
2.872288e+07	2.248249829399161e-02	1.397000631675544e-02	3.000000000000000e-06	3.000000000000000e-06
2.924991e+07	2.251486258983347e-02	1.397599262750606e-02	3.000000000000000e-06	3.000000000000000e-06
2.978663e+07	2.254798314251482e-02	1.398228351766001e-02	3.000000000000000e-06	3.000000000000000e-06
3.033320e+07	2.258186153736915e-02	1.398888063495932e-02	3.000000000000000e-06	3.000000000000000e-06
3.088980e+07	2.261649933918591e-02	1.399578562740817e-02	3.000000000000000e-06	3.000000000000000e-06
3.145662e+07	2.265189809240269e-02	1.400300014313800e-02	3.000000000000000e-06	3.000000000000000e-06
3.203385e+07	2.268805932131043e-02	1.401052583027312e-02	3.000000000000000e-06	3.000000000000000e-06
3.262169e+07	2.272498453027108e-02	1.401836433679683e-02	3.000000000000000e-06	3.000000000000000e-06
3.322031e+07	2.276267520394779e-02	1.402651731041822e-02	3.000000000000000e-06	3.000000000000000e-06
3.382994e+07	2.280113280754740e-02	1.403498639843963e-02	3.000000000000000e-06	3.000000000000000e-06
3.445076e+07	2.284035878707488e-02	1.404377324762505e-02	3.000000000000000e-06	3.000000000000000e-06
3.508298e+07	2.288035456959980e-02	1.405287950406923e-02	3.000000000000000e-06	3.000000000000000e-06
3.572682e+07	2.292112156353426e-02	1.406230681306797e-02	3.000000000000000e-06	3.000000000000000e-06
3.638249e+07	2.296266115892232e-02	1.407205681898929e-02	3.000000000000000e-06	3.000000000000000e-06
3.705021e+07	2.300497472774062e-02	1.408213116514593e-02	3.000000000000000e-06	3.000000000000000e-06
3.773019e+07	2.304806362420991e-02	1.409253149366891e-02	3.000000000000000e-06	3.000000000000000e-06
3.842267e+07	2.309192918511721e-02	1.410325944538256e-02	3.000000000000000e-06	3.000000000000000e-06
3.912787e+07	2.313657273014846e-02	1.411431665968086e-02	3.000000000000000e-06	3.000000000000000e-06
3.984604e+07	2.318199556223130e-02	1.412570477440531e-02	3.000000000000000e-06	3.000000000000000e-06
4.057740e+07	2.322819896788769e-02	1.413742542572436e-02	3.000000000000000e-06	3.000000000000000e-06
4.132221e+07	2.327518421759617e-02	1.414948024801452e-02	3.000000000000000e-06	3.000000000000000e-06
4.208070e+07	2.332295256616343e-02	1.416187087374316e-02	3.000000000000000e-06	3.000000000000000e-06
4.285314e+07	2.337150525310490e-02	1.417459893335317e-02	3.000000000000000e-06	3.000000000000000e-06
4.363978e+07	2.342084350303402e-02	1.418766605514952e-02	3.000000000000000e-06	3.000000000000000e-06
4.444089e+07	2.347096852606003e-02	1.420107386518779e-02	3.000000000000000e-06	3.000000000000000e-06
4.525672e+07	2.352188151819380e-02	1.421482398716472e-02	3.000000000000000e-06	3.000000000000000e-06
4.608756e+07	2.357358366176154e-02	1.422891804231101e-02	3.000000000000000e-06	3.000000000000000e-06
4.693367e+07	2.362607612582594e-02	1.424335764928618e-02	3.000000000000000e-06	3.000000000000000e-06
4.779535e+07	2.367936006661459e-02	1.425814442407588e-02	3.000000000000000e-06	3.000000000000000e-06
4.867287e+07	2.373343662795524e-02	1.427327997989143e-02	3.000000000000000e-06	3.000000000000000e-06
4.956653e+07	2.378830694171758e-02	1.428876592707189e-02	3.000000000000000e-06	3.000000000000000e-06
5.047663e+07	2.384397212826137e-02	1.430460387298858e-02	3.000000000000000e-06	3.000000000000000e-06
5.140348e+07	2.390043329689035e-02	1.432079542195222e-02	3.000000000000000e-06	3.000000000000000e-06
5.234737e+07	2.395769154631190e-02	1.433734217512270e-02	3.000000000000000e-06	3.000000000000000e-06
5.330863e+07	2.401574796510188e-02	1.435424573042157e-02	3.000000000000000e-06	3.000000000000000e-06
5.428758e+07	2.407460363217448e-02	1.437150768244732e-02	3.000000000000000e-06	3.000000000000000e-06
5.528454e+07	2.413425961725674e-02	1.438912962239346e-02	3.000000000000000e-06	3.000000000000000e-06
5.629985e+07	2.419471698136729e-02	1.440711313796956e-02	3.000000000000000e-06	3.000000000000000e-06
5.733384e+07	2.425597677729929e-02	1.442545981332525e-02	3.000000000000000e-06	3.000000000000000e-06
5.838686e+07	2.431804005010685e-02	1.444417122897720e-02	3.000000000000000e-06	3.000000000000000e-06
5.945927e+07	2.438090783759502e-02	1.446324896173924e-02	3.000000000000000e-06	3.000000000000000e-06
6.055141e+07	2.444458117081273e-02	1.448269458465553e-02	3.000000000000000e-06	3.000000000000000e-06
6.166366e+07	2.450906107454858e-02	1.450250966693705e-02	3.000000000000000e-06	3.000000000000000e-06
6.279639e+07	2.457434856782901e-02	1.452269577390113e-02	3.000000000000000e-06	3.000000000000000e-06
6.394997e+07	2.464044466441874e-02	1.454325446691448e-02	3.000000000000000e-06	3.000000000000000e-06
6.512479e+07	2.470735037332298e-02	1.456418730333939e-02	3.000000000000000e-06	3.000000000000000e-06
6.632125e+07	2.477506669929124e-02	1.458549583648334e-02	3.000000000000000e-06	3.000000000000000e-06
6.753973e+07	2.484359464332246e-02	1.460718161555205e-02	3.000000000000000e-06	3.000000000000000e-06
6.878066e+07	2.491293520317111e-02	1.462924618560596e-02	3.000000000000000e-06	3.000000000000000e-06
7.004445e+07	2.498308937385396e-02	1.465169108752018e-02	3.000000000000000e-06	3.000000000000000e-06
7.133151e+07	2.505405814815743e-02	1.467451785794800e-02	3.000000000000000e-06	3.000000000000000e-06
7.264228e+07	2.512584251714497e-02	1.469772802928786e-02	3.000000000000000e-06	3.000000000000000e-06
7.397719e+07	2.519844347066441e-02	1.472132312965404e-02	3.000000000000000e-06	3.000000000000000e-06
7.533670e+07	2.527186199785501e-02	1.474530468285077e-02	3.000000000000000e-06	3.000000000000000e-06
7.672126e+07	2.534609908765381e-02	1.476967420835016e-02	3.000000000000000e-06	3.000000000000000e-06
7.813133e+07	2.542115572930123e-02	1.479443322127359e-02	3.000000000000000e-06	3.000000000000000e-06
7.956738e+07	2.549703291284552e-02	1.481958323237692e-02	3.000000000000000e-06	3.000000000000000e-06
8.102990e+07	2.557373162964590e-02	1.484512574803928e-02	3.000000000000000e-06	3.000000000000000e-06
8.251937e+07	2.565125287287416e-02	1.487106227025559e-02	3.000000000000000e-06	3.000000000000000e-06
8.403629e+07	2.572959763801448e-02	1.489739429663280e-02	3.000000000000000e-06	3.000000000000000e-06
8.558118e+07	2.580876692336125e-02	1.492412332038978e-02	3.000000000000000e-06	3.000000000000000e-06
8.715454e+07	2.588876173051472e-02	1.495125083036101e-02	3.000000000000000e-06	3.000000000000000e-06
8.875690e+07	2.596958306487421e-02	1.497877831100392e-02	3.000000000000000e-06	3.000000000000000e-06
9.038881e+07	2.605123193612875e-02	1.500670724241000e-02	3.000000000000000e-06	3.000000000000000e-06
9.205081e+07	2.613370935874493e-02	1.503503910031957e-02	3.000000000000000e-06	3.000000000000000e-06
9.374345e+07	2.621701635245179e-02	1.506377535614032e-02	3.000000000000000e-06	3.000000000000000e-06
9.546730e+07	2.630115394272250e-02	1.509291747696954e-02	3.000000000000000e-06	3.000000000000000e-06
9.722295e+07	2.638612316125288e-02	1.512246692562002e-02	3.000000000000000e-06	3.000000000000000e-06
9.901097e+07	2.647192504643625e-02	1.515242516064963e-02	3.000000000000000e-06	3.000000000000000e-06
1.000000e+08	2.651901391320428e-02	1.516892650941081e-02	3.000000000000000e-06	3.000000000000000e-06
1.018546e+08	2.660683061044302e-02	1.519977436743540e-02	3.000000000000000e-06	3.000000000000000e-06
1.037277e+08	2.669474910701955e-02	1.523077784117755e-02	3.000000000000000e-06	3.000000000000000e-06
1.056357e+08	2.678351749441737e-02	1.526219998533489e-02	3.000000000000000e-06	3.000000000000000e-06
1.075789e+08	2.687312312817740e-02	1.529403741616502e-02	3.000000000000000e-06	3.000000000000000e-06
1.095579e+08	2.696356734430391e-02	1.532629165823609e-02	3.000000000000000e-06	3.000000000000000e-06
1.115735e+08	2.705485123192758e-02	1.535896414158097e-02	3.000000000000000e-06	3.000000000000000e-06
1.136262e+08	2.714697589504874e-02	1.539205629398775e-02	3.000000000000000e-06	3.000000000000000e-06
1.157168e+08	2.723994244817813e-02	1.542556953935962e-02	3.000000000000000e-06	3.000000000000000e-06
1.178460e+08	2.733375201685995e-02	1.545950529781003e-02	3.000000000000000e-06	3.000000000000000e-06
1.200145e+08	2.742840573810044e-02	1.549386498572911e-02	3.000000000000000e-06	3.000000000000000e-06
1.222230e+08	2.752390476079322e-02	1.552865001585427e-02	3.000000000000000e-06	3.000000000000000e-06
1.244723e+08	2.762025024613964e-02	1.556386179734399e-02	3.000000000000000e-06	3.000000000000000e-06
1.267632e+08	2.771744336806417e-02	1.559950173585495e-02	3.000000000000000e-06	3.000000000000000e-06
1.290963e+08	2.781548531362471e-02	1.563557123362240e-02	3.000000000000000e-06	3.000000000000000e-06
1.314725e+08	2.791437728341771e-02	1.567207168954374e-02	3.000000000000000e-06	3.000000000000000e-06
1.338925e+08	2.801412049197817e-02	1.570900449926529e-02	3.000000000000000e-06	3.000000000000000e-06
1.363573e+08	2.811471616817439e-02	1.574637105527208e-02	3.000000000000000e-06	3.000000000000000e-06
1.388676e+08	2.821616555559735e-02	1.578417274698082e-02	3.000000000000000e-06	3.000000000000000e-06
1.414242e+08	2.831846991294490e-02	1.582241096083576e-02	3.000000000000000e-06	3.000000000000000e-06
1.440280e+08	2.842163051440048e-02	1.586108708040760e-02	3.000000000000000e-06	3.000000000000000e-06
1.466800e+08	2.852564865000651e-02	1.590020248649525e-02	3.000000000000000e-06	3.000000000000000e-06
1.493809e+08	2.863052562603237e-02	1.593975855723046e-02	3.000000000000000e-06	3.000000000000000e-06
1.521318e+08	2.873626276533694e-02	1.597975666818521e-02	3.000000000000000e-06	3.000000000000000e-06
1.549334e+08	2.884286140772569e-02	1.602019819248183e-02	3.000000000000000e-06	3.000000000000000e-06
1.577868e+08	2.895032291030236e-02	1.606108450090587e-02	3.000000000000000e-06	3.000000000000000e-06
1.606930e+08	2.905864864781512e-02	1.610241696202144e-02	3.000000000000000e-06	3.000000000000000e-06
1.636528e+08	2.916784001299734e-02	1.614419694228927e-02	3.000000000000000e-06	3.000000000000000e-06
1.666674e+08	2.927789841690289e-02	1.618642580618707e-02	3.000000000000000e-06	3.000000000000000e-06
1.697377e+08	2.938882528923596e-02	1.622910491633251e-02	3.000000000000000e-06	3.000000000000000e-06
1.728647e+08	2.950062207867551e-02	1.627223563360840e-02	3.000000000000000e-06	3.000000000000000e-06
1.760495e+08	2.961329025319427e-02	1.631581931729027e-02	3.000000000000000e-06	3.000000000000000e-06
1.792932e+08	2.972683130037234e-02	1.635985732517614e-02	3.000000000000000e-06	3.000000000000000e-06
1.825968e+08	2.984124672770544e-02	1.640435101371847e-02	3.000000000000000e-06	3.000000000000000e-06
1.859616e+08	2.995653806290779e-02	1.644930173815820e-02	3.000000000000000e-06	3.000000000000000e-06
1.893885e+08	3.007270685420970e-02	1.649471085266087e-02	3.000000000000000e-06	3.000000000000000e-06
1.928788e+08	3.018975467064988e-02	1.654057971045463e-02	3.000000000000000e-06	3.000000000000000e-06
1.964337e+08	3.030768310236245e-02	1.658690966397024e-02	3.000000000000000e-06	3.000000000000000e-06
2.000543e+08	3.042649376085881e-02	1.663370206498287e-02	3.000000000000000e-06	3.000000000000000e-06
2.037418e+08	3.054618827930430e-02	1.668095826475564e-02	3.000000000000000e-06	3.000000000000000e-06
2.074976e+08	3.066676831278975e-02	1.672867961418491e-02	3.000000000000000e-06	3.000000000000000e-06
2.113228e+08	3.078823553859797e-02	1.677686746394719e-02	3.000000000000000e-06	3.000000000000000e-06
2.152188e+08	3.091059165646517e-02	1.682552316464760e-02	3.000000000000000e-06	3.000000000000000e-06
2.191869e+08	3.103383838883745e-02	1.687464806696987e-02	3.000000000000000e-06	3.000000000000000e-06
2.232284e+08	3.115797748112233e-02	1.692424352182775e-02	3.000000000000000e-06	3.000000000000000e-06
2.273447e+08	3.128301070193545e-02	1.697431088051774e-02	3.000000000000000e-06	3.000000000000000e-06
2.315371e+08	3.140893984334242e-02	1.702485149487327e-02	3.000000000000000e-06	3.000000000000000e-06
2.358071e+08	3.153576672109595e-02	1.707586671741992e-02	3.000000000000000e-06	3.000000000000000e-06
2.401562e+08	3.166349317486826e-02	1.712735790153198e-02	3.000000000000000e-06	3.000000000000000e-06
2.445857e+08	3.179212106847890e-02	1.717932640159001e-02	3.000000000000000e-06	3.000000000000000e-06
2.490972e+08	3.192165229011794e-02	1.723177357313951e-02	3.000000000000000e-06	3.000000000000000e-06
2.536922e+08	3.205208875256474e-02	1.728470077305049e-02	3.000000000000000e-06	3.000000000000000e-06
2.583723e+08	3.218343239340224e-02	1.733810935967804e-02	3.000000000000000e-06	3.000000000000000e-06
2.631391e+08	3.231568517522686e-02	1.739200069302368e-02	3.000000000000000e-06	3.000000000000000e-06
2.679941e+08	3.244884908585415e-02	1.744637613489757e-02	3.000000000000000e-06	3.000000000000000e-06
2.729389e+08	3.258292613852019e-02	1.750123704908134e-02	3.000000000000000e-06	3.000000000000000e-06
2.779754e+08	3.271791837207881e-02	1.755658480149171e-02	3.000000000000000e-06	3.000000000000000e-06
2.831051e+08	3.285382785119478e-02	1.761242076034464e-02	3.000000000000000e-06	3.000000000000000e-06
2.883298e+08	3.299065666653288e-02	1.766874629632004e-02	3.000000000000000e-06	3.000000000000000e-06
2.936512e+08	3.312840693494316e-02	1.772556278272698e-02	3.000000000000000e-06	3.000000000000000e-06
2.990713e+08	3.326708079964220e-02	1.778287159566934e-02	3.000000000000000e-06	3.000000000000000e-06
3.045917e+08	3.340668043039066e-02	1.784067411421179e-02	3.000000000000000e-06	3.000000000000000e-06
3.102144e+08	3.354720802366703e-02	1.789897172054616e-02	3.000000000000000e-06	3.000000000000000e-06
3.159412e+08	3.368866580283783e-02	1.795776580015803e-02	3.000000000000000e-06	3.000000000000000e-06
3.217742e+08	3.383105601832412e-02	1.801705774199353e-02	3.000000000000000e-06	3.000000000000000e-06
3.277152e+08	3.397438094776457e-02	1.807684893862632e-02	3.000000000000000e-06	3.000000000000000e-06
3.337663e+08	3.411864289617511e-02	1.813714078642465e-02	3.000000000000000e-06	3.000000000000000e-06
3.399296e+08	3.426384419610518e-02	1.819793468571855e-02	3.000000000000000e-06	3.000000000000000e-06
3.462070e+08	3.440998720779075e-02	1.825923204096690e-02	3.000000000000000e-06	3.000000000000000e-06
3.526008e+08	3.455707431930406e-02	1.832103426092462e-02	3.000000000000000e-06	3.000000000000000e-06
3.591131e+08	3.470510794670032e-02	1.838334275880962e-02	3.000000000000000e-06	3.000000000000000e-06
3.657461e+08	3.485409053416131e-02	1.844615895246973e-02	3.000000000000000e-06	3.000000000000000e-06
3.725021e+08	3.500402455413596e-02	1.850948426454938e-02	3.000000000000000e-06	3.000000000000000e-06
3.793833e+08	3.515491250747810e-02	1.857332012265614e-02	3.000000000000000e-06	3.000000000000000e-06
3.863921e+08	3.530675692358127e-02	1.863766795952689e-02	3.000000000000000e-06	3.000000000000000e-06
3.935308e+08	3.545956036051087e-02	1.870252921319378e-02	3.000000000000000e-06	3.000000000000000e-06
4.008019e+08	3.561332540513357e-02	1.876790532714981e-02	3.000000000000000e-06	3.000000000000000e-06
4.082079e+08	3.576805467324406e-02	1.883379775051400e-02	3.000000000000000e-06	3.000000000000000e-06
4.157512e+08	3.592375080968933e-02	1.890020793819621e-02	3.000000000000000e-06	3.000000000000000e-06
4.234343e+08	3.608041648849042e-02	1.896713735106140e-02	3.000000000000000e-06	3.000000000000000e-06
4.312600e+08	3.623805441296178e-02	1.903458745609352e-02	3.000000000000000e-06	3.000000000000000e-06
4.392308e+08	3.639666731582831e-02	1.910255972655876e-02	3.000000000000000e-06	3.000000000000000e-06
4.473495e+08	3.655625795934005e-02	1.917105564216831e-02	3.000000000000000e-06	3.000000000000000e-06
4.556188e+08	3.671682913538483e-02	1.924007668924054e-02	3.000000000000000e-06	3.000000000000000e-06
4.640415e+08	3.687838366559860e-02	1.930962436086246e-02	3.000000000000000e-06	3.000000000000000e-06
4.726204e+08	3.704092440147386e-02	1.937970015705067e-02	3.000000000000000e-06	3.000000000000000e-06
4.813586e+08	3.720445422446599e-02	1.945030558491151e-02	3.000000000000000e-06	3.000000000000000e-06
4.902588e+08	3.736897604609765e-02	1.952144215880059e-02	3.000000000000000e-06	3.000000000000000e-06
4.993243e+08	3.753449280806143e-02	1.959311140048153e-02	3.000000000000000e-06	3.000000000000000e-06
5.085579e+08	3.770100748232050e-02	1.966531483928395e-02	3.000000000000000e-06	3.000000000000000e-06
5.179630e+08	3.786852307120777e-02	1.973805401226076e-02	3.000000000000000e-06	3.000000000000000e-06
5.275426e+08	3.803704260752310e-02	1.981133046434450e-02	3.000000000000000e-06	3.000000000000000e-06
5.373000e+08	3.820656915462914e-02	1.988514574850301e-02	3.000000000000000e-06	3.000000000000000e-06
5.472386e+08	3.837710580654546e-02	1.995950142589416e-02	3.000000000000000e-06	3.000000000000000e-06
5.573616e+08	3.854865568804128e-02	2.003439906601977e-02	3.000000000000000e-06	3.000000000000000e-06
5.676726e+08	3.872122195472670e-02	2.010984024687857e-02	3.000000000000000e-06	3.000000000000000e-06
5.781750e+08	3.889480779314260e-02	2.018582655511839e-02	3.000000000000000e-06	3.000000000000000e-06
5.888725e+08	3.906941642084923e-02	2.026235958618730e-02	3.000000000000000e-06	3.000000000000000e-06
5.997686e+08	3.924505108651350e-02	2.033944094448398e-02	3.000000000000000e-06	3.000000000000000e-06
6.108670e+08	3.942171506999511e-02	2.041707224350695e-02	3.000000000000000e-06	3.000000000000000e-06
6.221715e+08	3.959941168243151e-02	2.049525510600303e-02	3.000000000000000e-06	3.000000000000000e-06
6.336860e+08	3.977814426632178e-02	2.057399116411473e-02	3.000000000000000e-06	3.000000000000000e-06
6.454144e+08	3.995791619560946e-02	2.065328205952670e-02	3.000000000000000e-06	3.000000000000000e-06
6.573606e+08	4.013873087576442e-02	2.073312944361120e-02	3.000000000000000e-06	3.000000000000000e-06
6.695287e+08	4.032059174386374e-02	2.081353497757253e-02	3.000000000000000e-06	3.000000000000000e-06
6.819229e+08	4.050350226867180e-02	2.089450033259049e-02	3.000000000000000e-06	3.000000000000000e-06
6.945473e+08	4.068746595071940e-02	2.097602718996289e-02	3.000000000000000e-06	3.000000000000000e-06
7.074064e+08	4.087248632238228e-02	2.105811724124690e-02	3.000000000000000e-06	3.000000000000000e-06
7.205043e+08	4.105856694795872e-02	2.114077218839950e-02	3.000000000000000e-06	3.000000000000000e-06
7.338456e+08	4.124571142374658e-02	2.122399374391688e-02	3.000000000000000e-06	3.000000000000000e-06
7.474349e+08	4.143392337811964e-02	2.130778363097277e-02	3.000000000000000e-06	3.000000000000000e-06
7.612767e+08	4.162320647160336e-02	2.139214358355579e-02	3.000000000000000e-06	3.000000000000000e-06
7.753758e+08	4.181356439695009e-02	2.147707534660570e-02	3.000000000000000e-06	3.000000000000000e-06
7.897369e+08	4.200500087921379e-02	2.156258067614869e-02	3.000000000000000e-06	3.000000000000000e-06
8.043650e+08	4.219751967582427e-02	2.164866133943159e-02	3.000000000000000e-06	3.000000000000000e-06
8.192650e+08	4.239112457666101e-02	2.173531911505505e-02	3.000000000000000e-06	3.000000000000000e-06
8.344420e+08	4.258581940412656e-02	2.182255579310568e-02	3.000000000000000e-06	3.000000000000000e-06
8.499012e+08	4.278160801321974e-02	2.191037317528719e-02	3.000000000000000e-06	3.000000000000000e-06
8.656478e+08	4.297849429160838e-02	2.199877307505044e-02	3.000000000000000e-06	3.000000000000000e-06
8.816872e+08	4.317648215970189e-02	2.208775731772252e-02	3.000000000000000e-06	3.000000000000000e-06
8.980249e+08	4.337557557072363e-02	2.217732774063479e-02	3.000000000000000e-06	3.000000000000000e-06
9.146663e+08	4.357577851078298e-02	2.226748619324985e-02	3.000000000000000e-06	3.000000000000000e-06
9.316173e+08	4.377709499894743e-02	2.235823453728758e-02	3.000000000000000e-06	3.000000000000000e-06
9.488836e+08	4.397952908731446e-02	2.244957464685011e-02	3.000000000000000e-06	3.000000000000000e-06
9.664709e+08	4.418308486108333e-02	2.254150840854580e-02	3.000000000000000e-06	3.000000000000000e-06
9.843855e+08	4.438776643862689e-02	2.263403772161221e-02	3.000000000000000e-06	3.000000000000000e-06
1.000000e+09	4.456393695527707e-02	2.271374938168674e-02	3.000000000000000e-06	3.000000000000000e-06
