#t[yr]	ecc	inc	eachmass	totalmass
0.000000e+00	3.000000000000000e-02	1.500000000000000e-02	3.000000000000000e-06	3.000000000000000e-05
1.000000e-03	3.000003085371799e-02	1.500000622479721e-02	3.000000000000000e-06	3.000000000000000e-05
1.000000e-02	3.000030853805356e-02	1.500006224892213e-02	3.000000000000000e-06	3.000000000000000e-05
1.000000e-01	3.000308544715332e-02	1.500062257461449e-02	3.000000000000000e-06	3.000000000000000e-05
5.863659e-01	3.001809877157103e-02	1.500365543027600e-02	3.000000000000000e-06	3.000000000000000e-05
1.000000e+00	3.003091193500439e-02	1.500625797451839e-02	3.000000000000000e-06	3.000000000000000e-05
1.498055e+00	3.004638371588773e-02	1.500941507483415e-02	3.000000000000000e-06	3.000000000000000e-05
2.004556e+00	3.006217044875797e-02	1.501265409097908e-02	3.000000000000000e-06	3.000000000000000e-05
2.521303e+00	3.007832928548149e-02	1.501598766714380e-02	3.000000000000000e-06	3.000000000000000e-05
3.048542e+00	3.009486939706550e-02	1.501941875633353e-02	3.000000000000000e-06	3.000000000000000e-05
3.586564e+00	3.011180125926274e-02	1.502295063152052e-02	3.000000000000000e-06	3.000000000000000e-05
4.135665e+00	3.012913566575805e-02	1.502658668685284e-02	3.000000000000000e-06	3.000000000000000e-05
4.696158e+00	3.014688376137152e-02	1.503033044729871e-02	3.000000000000000e-06	3.000000000000000e-05
5.268361e+00	3.016505705499495e-02	1.503418557428240e-02	3.000000000000000e-06	3.000000000000000e-05
5.852608e+00	3.018366743353335e-02	1.503815587168858e-02	3.000000000000000e-06	3.000000000000000e-05
6.449243e+00	3.020272717644091e-02	1.504224529215966e-02	3.000000000000000e-06	3.000000000000000e-05
7.058623e+00	3.022224897088851e-02	1.504645794370376e-02	3.000000000000000e-06	3.000000000000000e-05
7.681120e+00	3.024224592759134e-02	1.505079809662985e-02	3.000000000000000e-06	3.000000000000000e-05
8.317119e+00	3.026273159732688e-02	1.505527019082734e-02	3.000000000000000e-06	3.000000000000000e-05
8.967019e+00	3.028371998817470e-02	1.505987884340861e-02	3.000000000000000e-06	3.000000000000000e-05
9.631234e+00	3.030522558351057e-02	1.506462885673384e-02	3.000000000000000e-06	3.000000000000000e-05
1.000000e+01	3.031719700510802e-02	1.506728843210756e-02	3.000000000000000e-06	3.000000000000000e-05
1.069416e+01	3.033975759646487e-02	1.507231720898526e-02	3.000000000000000e-06	3.000000000000000e-05
1.139678e+01	3.036264826884138e-02	1.507745032719825e-02	3.000000000000000e-06	3.000000000000000e-05
1.211548e+01	3.038611691090680e-02	1.508274465345952e-02	3.000000000000000e-06	3.000000000000000e-05
1.285060e+01	3.041017514726843e-02	1.508820477079681e-02	3.000000000000000e-06	3.000000000000000e-05
1.360265e+01	3.043484058771031e-02	1.509383670328490e-02	3.000000000000000e-06	3.000000000000000e-05
1.437216e+01	3.046013133256312e-02	1.509964669605405e-02	3.000000000000000e-06	3.000000000000000e-05
1.515970e+01	3.048606612432412e-02	1.510564125538369e-02	3.000000000000000e-06	3.000000000000000e-05
1.596584e+01	3.051266437068105e-02	1.511182716028370e-02	3.000000000000000e-06	3.000000000000000e-05
1.679119e+01	3.053994617166598e-02	1.511821147537851e-02	3.000000000000000e-06	3.000000000000000e-05
1.763637e+01	3.056793234790935e-02	1.512480156443203e-02	3.000000000000000e-06	3.000000000000000e-05
1.850203e+01	3.059664447010994e-02	1.513160510456319e-02	3.000000000000000e-06	3.000000000000000e-05
1.938887e+01	3.062610488976367e-02	1.513863010118630e-02	3.000000000000000e-06	3.000000000000000e-05
2.029758e+01	3.065633677119497e-02	1.514588490371257e-02	3.000000000000000e-06	3.000000000000000e-05
2.122892e+01	3.068736412493440e-02	1.515337822204990e-02	3.000000000000000e-06	3.000000000000000e-05
2.218365e+01	3.071921184248453e-02	1.516111914393956e-02	3.000000000000000e-06	3.000000000000000e-05
2.316259e+01	3.075190573251491e-02	1.516911715316937e-02	3.000000000000000e-06	3.000000000000000e-05
2.416657e+01	3.078547255852435e-02	1.517738214870387e-02	3.000000000000000e-06	3.000000000000000e-05
2.519647e+01	3.081994007800566e-02	1.518592446477291e-02	3.000000000000000e-06	3.000000000000000e-05
2.625323e+01	3.085533708314421e-02	1.519475489196042e-02	3.000000000000000e-06	3.000000000000000e-05
2.733778e+01	3.089169344307631e-02	1.520388469933582e-02	3.000000000000000e-06	3.000000000000000e-05
2.845115e+01	3.092904014772747e-02	1.521332565766991e-02	3.000000000000000e-06	3.000000000000000e-05
2.959438e+01	3.096740935324264e-02	1.522309006377725e-02	3.000000000000000e-06	3.000000000000000e-05
3.076857e+01	3.100683442901119e-02	1.523319076602553e-02	3.000000000000000e-06	3.000000000000000e-05
3.197487e+01	3.104735000627837e-02	1.524364119105137e-02	3.000000000000000e-06	3.000000000000000e-05
3.321447e+01	3.108899202832122e-02	1.525445537171924e-02	3.000000000000000e-06	3.000000000000000e-05
3.448865e+01	3.113179780215117e-02	1.526564797635745e-02	3.000000000000000e-06	3.000000000000000e-05
3.579872e+01	3.117580605168657e-02	1.527723433930087e-02	3.000000000000000e-06	3.000000000000000e-05
3.714605e+01	3.122105697231628e-02	1.528923049276451e-02	3.000000000000000e-06	3.000000000000000e-05
3.853210e+01	3.126759228674963e-02	1.530165320006579e-02	3.000000000000000e-06	3.000000000000000e-05
3.995838e+01	3.131545530201767e-02	1.531451999020436e-02	3.000000000000000e-06	3.000000000000000e-05
4.142649e+01	3.136469096745594e-02	1.532784919379870e-02	3.000000000000000e-06	3.000000000000000e-05
4.293808e+01	3.141534593345818e-02	1.534165998036553e-02	3.000000000000000e-06	3.000000000000000e-05
4.449491e+01	3.146746861074425e-02	1.535597239691358e-02	3.000000000000000e-06	3.000000000000000e-05
4.609881e+01	3.152110922983154e-02	1.537080740780492e-02	3.000000000000000e-06	3.000000000000000e-05
4.775170e+01	3.157631990033847e-02	1.538618693581567e-02	3.000000000000000e-06	3.000000000000000e-05
4.945561e+01	3.163315466967882e-02	1.540213390430288e-02	3.000000000000000e-06	3.000000000000000e-05
5.121265e+01	3.169166958062663e-02	1.541867228035457e-02	3.000000000000000e-06	3.000000000000000e-05
5.302504e+01	3.175192272714183e-02	1.543582711876530e-02	3.000000000000000e-06	3.000000000000000e-05
5.489512e+01	3.181397430774642e-02	1.545362460663978e-02	3.000000000000000e-06	3.000000000000000e-05
5.682534e+01	3.187788667562781e-02	1.547209210838039e-02	3.000000000000000e-06	3.000000000000000e-05
5.881828e+01	3.194372438452019e-02	1.549125821076137e-02	3.000000000000000e-06	3.000000000000000e-05
6.087662e+01	3.201155422927503e-02	1.551115276773167e-02	3.000000000000000e-06	3.000000000000000e-05
6.300322e+01	3.208144527987761e-02	1.553180694451895e-02	3.000000000000000e-06	3.000000000000000e-05
6.520105e+01	3.215346890749750e-02	1.555325326052954e-02	3.000000000000000e-06	3.000000000000000e-05
6.747322e+01	3.222769880097715e-02	1.557552563045089e-02	3.000000000000000e-06	3.000000000000000e-05
6.982302e+01	3.230421097196483e-02	1.559865940286564e-02	3.000000000000000e-06	3.000000000000000e-05
7.225389e+01	3.238308374668645e-02	1.562269139557793e-02	3.000000000000000e-06	3.000000000000000e-05
7.476944e+01	3.246439774212835e-02	1.564765992673360e-02	3.000000000000000e-06	3.000000000000000e-05
7.737344e+01	3.254823582417182e-02	1.567360484068742e-02	3.000000000000000e-06	3.000000000000000e-05
8.006986e+01	3.263468304498420e-02	1.570056752743125e-02	3.000000000000000e-06	3.000000000000000e-05
8.286285e+01	3.272382655673754e-02	1.572859093425067e-02	3.000000000000000e-06	3.000000000000000e-05
8.575675e+01	3.281575549849960e-02	1.575771956812425e-02	3.000000000000000e-06	3.000000000000000e-05
8.875611e+01	3.291056085293519e-02	1.578799948722357e-02	3.000000000000000e-06	3.000000000000000e-05
9.186567e+01	3.300833526927872e-02	1.581947827971631e-02	3.000000000000000e-06	3.000000000000000e-05
9.509040e+01	3.310917284890719e-02	1.585220502792583e-02	3.000000000000000e-06	3.000000000000000e-05
9.843546e+01	3.321316888977392e-02	1.588623025576413e-02	3.000000000000000e-06	3.000000000000000e-05
1.000000e+02	3.326155769575316e-02	1.590218645528062e-02	3.000000000000000e-06	3.000000000000000e-05
1.036021e+02	3.337254326969318e-02	1.593892962329918e-02	3.000000000000000e-06	3.000000000000000e-05
1.072653e+02	3.348466907575126e-02	1.597635999667257e-02	3.000000000000000e-06	3.000000000000000e-05
1.110713e+02	3.360037559412011e-02	1.601530297649156e-02	3.000000000000000e-06	3.000000000000000e-05
1.150232e+02	3.371966875870282e-02	1.605578439154054e-02	3.000000000000000e-06	3.000000000000000e-05
1.191276e+02	3.384264725084998e-02	1.609786194549436e-02	3.000000000000000e-06	3.000000000000000e-05
1.233910e+02	3.396940443369389e-02	1.614159267015992e-02	3.000000000000000e-06	3.000000000000000e-05
1.278202e+02	3.410003147356151e-02	1.618703394207080e-02	3.000000000000000e-06	3.000000000000000e-05
1.324219e+02	3.423461647825754e-02	1.623424315215935e-02	3.000000000000000e-06	3.000000000000000e-05
1.372034e+02	3.437324373485341e-02	1.628327739319612e-02	3.000000000000000e-06	3.000000000000000e-05
1.421719e+02	3.451599289347614e-02	1.633419311174043e-02	3.000000000000000e-06	3.000000000000000e-05
1.473348e+02	3.466293811115573e-02	1.638704572808327e-02	3.000000000000000e-06	3.000000000000000e-05
1.526995e+02	3.481414716583765e-02	1.644188922657995e-02	3.000000000000000e-06	3.000000000000000e-05
1.582735e+02	3.496968055357492e-02	1.649877572011638e-02	3.000000000000000e-06	3.000000000000000e-05
1.640646e+02	3.512959058458546e-02	1.655775499381542e-02	3.000000000000000e-06	3.000000000000000e-05
1.700802e+02	3.529392049643689e-02	1.661887403451790e-02	3.000000000000000e-06	3.000000000000000e-05
1.763281e+02	3.546270360492854e-02	1.668217655399844e-02	3.000000000000000e-06	3.000000000000000e-05
1.828157e+02	3.563596251509745e-02	1.674770251522143e-02	3.000000000000000e-06	3.000000000000000e-05
1.894390e+02	3.581077086517402e-02	1.681436689336535e-02	3.000000000000000e-06	3.000000000000000e-05
1.961735e+02	3.598640804292605e-02	1.688189605393842e-02	3.000000000000000e-06	3.000000000000000e-05
2.030222e+02	3.616289103830032e-02	1.695029346407936e-02	3.000000000000000e-06	3.000000000000000e-05
2.099877e+02	3.634022452680313e-02	1.701955814398685e-02	3.000000000000000e-06	3.000000000000000e-05
2.170726e+02	3.651841335063386e-02	1.708968937480763e-02	3.000000000000000e-06	3.000000000000000e-05
2.242794e+02	3.669746231644841e-02	1.716068660514628e-02	3.000000000000000e-06	3.000000000000000e-05
2.316108e+02	3.687737620457936e-02	1.723254943958764e-02	3.000000000000000e-06	3.000000000000000e-05
2.390696e+02	3.705815977401139e-02	1.730527762672719e-02	3.000000000000000e-06	3.000000000000000e-05
2.466585e+02	3.723981776683721e-02	1.737887104802874e-02	3.000000000000000e-06	3.000000000000000e-05
2.543802e+02	3.742235491221138e-02	1.745332970741511e-02	3.000000000000000e-06	3.000000000000000e-05
2.622375e+02	3.760577592986948e-02	1.752865372152994e-02	3.000000000000000e-06	3.000000000000000e-05
2.702334e+02	3.779008553326917e-02	1.760484331061492e-02	3.000000000000000e-06	3.000000000000000e-05
2.783706e+02	3.797528843240154e-02	1.768189878995273e-02	3.000000000000000e-06	3.000000000000000e-05
2.866522e+02	3.816138933631401e-02	1.775982056183152e-02	3.000000000000000e-06	3.000000000000000e-05
2.950812e+02	3.834839295538017e-02	1.783860910799102e-02	3.000000000000000e-06	3.000000000000000e-05
3.036606e+02	3.853630400334722e-02	1.791826498251486e-02	3.000000000000000e-06	3.000000000000000e-05
3.123935e+02	3.872512719918730e-02	1.799878880513701e-02	3.000000000000000e-06	3.000000000000000e-05
3.212831e+02	3.891486726877554e-02	1.808018125493369e-02	3.000000000000000e-06	3.000000000000000e-05
3.303325e+02	3.910552894641450e-02	1.816244306437476e-02	3.000000000000000e-06	3.000000000000000e-05
3.395451e+02	3.929711697622257e-02	1.824557501371134e-02	3.000000000000000e-06	3.000000000000000e-05
3.489242e+02	3.948963611340086e-02	1.832957792567852e-02	3.000000000000000e-06	3.000000000000000e-05
3.584731e+02	3.968309112539205e-02	1.841445266049419e-02	3.000000000000000e-06	3.000000000000000e-05
3.681952e+02	3.987748679294262e-02	1.850020011113660e-02	3.000000000000000e-06	3.000000000000000e-05
3.780942e+02	4.007282791107842e-02	1.858682119888517e-02	3.000000000000000e-06	3.000000000000000e-05
3.881735e+02	4.026911929000251e-02	1.867431686911016e-02	3.000000000000000e-06	3.000000000000000e-05
3.984369e+02	4.046636575592311e-02	1.876268808729860e-02	3.000000000000000e-06	3.000000000000000e-05
4.088879e+02	4.066457215181858e-02	1.885193583530433e-02	3.000000000000000e-06	3.000000000000000e-05
4.195304e+02	4.086374333814531e-02	1.894206110781185e-02	3.000000000000000e-06	3.000000000000000e-05
4.303682e+02	4.106388419349421e-02	1.903306490900391e-02	3.000000000000000e-06	3.000000000000000e-05
4.414052e+02	4.126499961520039e-02	1.912494824942403e-02	3.000000000000000e-06	3.000000000000000e-05
4.526453e+02	4.146709451991041e-02	1.921771214302576e-02	3.000000000000000e-06	3.000000000000000e-05
4.640928e+02	4.167017384411077e-02	1.931135760440111e-02	3.000000000000000e-06	3.000000000000000e-05
4.757515e+02	4.187424254462124e-02	1.940588564618120e-02	3.000000000000000e-06	3.000000000000000e-05
4.876259e+02	4.207930559905581e-02	1.950129727660286e-02	3.000000000000000e-06	3.000000000000000e-05
4.997201e+02	4.228536800625426e-02	1.959759349723508e-02	3.000000000000000e-06	3.000000000000000e-05
5.120385e+02	4.249243478668660e-02	1.969477530085999e-02	3.000000000000000e-06	3.000000000000000e-05
5.245856e+02	4.270051098283260e-02	1.979284366950319e-02	3.000000000000000e-06	3.000000000000000e-05
5.373659e+02	4.290960165953865e-02	1.989179957260851e-02	3.000000000000000e-06	3.000000000000000e-05
5.503839e+02	4.311971190435335e-02	1.999164396535300e-02	3.000000000000000e-06	3.000000000000000e-05
5.636445e+02	4.333084682784389e-02	2.009237778709765e-02	3.000000000000000e-06	3.000000000000000e-05
5.771523e+02	4.354301156389439e-02	2.019400195996996e-02	3.000000000000000e-06	3.000000000000000e-05
5.909123e+02	4.375621126998781e-02	2.029651738757456e-02	3.000000000000000e-06	3.000000000000000e-05
6.049294e+02	4.397045112747251e-02	2.039992495382814e-02	3.000000000000000e-06	3.000000000000000e-05
6.192086e+02	4.418573634181468e-02	2.050422552191533e-02	3.000000000000000e-06	3.000000000000000e-05
6.337551e+02	4.440207214283778e-02	2.060941993336208e-02	3.000000000000000e-06	3.000000000000000e-05
6.485742e+02	4.461946378494971e-02	2.071550900722324e-02	3.000000000000000e-06	3.000000000000000e-05
6.636712e+02	4.483791654735903e-02	2.082249353938125e-02	3.000000000000000e-06	3.000000000000000e-05
6.790515e+02	4.505743573428064e-02	2.093037430195276e-02	3.000000000000000e-06	3.000000000000000e-05
6.947207e+02	4.527802667513198e-02	2.103915204280020e-02	3.000000000000000e-06	3.000000000000000e-05
7.106844e+02	4.549969472472043e-02	2.114882748514517e-02	3.000000000000000e-06	3.000000000000000e-05
7.269484e+02	4.572244526342252e-02	2.125940132728079e-02	3.000000000000000e-06	3.000000000000000e-05
7.435184e+02	4.594628369735564e-02	2.137087424238009e-02	3.000000000000000e-06	3.000000000000000e-05
7.604005e+02	4.617121545854291e-02	2.148324687839731e-02	3.000000000000000e-06	3.000000000000000e-05
7.776008e+02	4.639724600507167e-02	2.159651985805948e-02	3.000000000000000e-06	3.000000000000000e-05
7.951254e+02	4.662438082124620e-02	2.171069377894509e-02	3.000000000000000e-06	3.000000000000000e-05
8.129805e+02	4.685262541773516e-02	2.182576921364714e-02	3.000000000000000e-06	3.000000000000000e-05
8.311727e+02	4.708198533171421e-02	2.194174671001758e-02	3.000000000000000e-06	3.000000000000000e-05
8.497084e+02	4.731246612700427e-02	2.205862679149020e-02	3.000000000000000e-06	3.000000000000000e-05
8.685943e+02	4.754407339420586e-02	2.217640995747906e-02	3.000000000000000e-06	3.000000000000000e-05
8.878372e+02	4.777681275082991e-02	2.229509668384961e-02	3.000000000000000e-06	3.000000000000000e-05
9.074439e+02	4.801068984142540e-02	2.241468742345949e-02	3.000000000000000e-06	3.000000000000000e-05
9.274214e+02	4.824571033770426e-02	2.253518260676603e-02	3.000000000000000e-06	3.000000000000000e-05
9.477770e+02	4.848187993866379e-02	2.265658264249762e-02	3.000000000000000e-06	3.000000000000000e-05
9.685178e+02	4.871920437070694e-02	2.277888791838601e-02	3.000000000000000e-06	3.000000000000000e-05
9.896513e+02	4.895768938776082e-02	2.290209880195643e-02	3.000000000000000e-06	3.000000000000000e-05
1.000000e+03	4.907300750859207e-02	2.296183080768728e-02	3.000000000000000e-06	3.000000000000000e-05
1.021942e+03	4.931556443927115e-02	2.308759730081427e-02	3.000000000000000e-06	3.000000000000000e-05
1.044082e+03	4.955692234354762e-02	2.321304248606340e-02	3.000000000000000e-06	3.000000000000000e-05
1.066647e+03	4.979950569379251e-02	2.333941752417314e-02	3.000000000000000e-06	3.000000000000000e-05
1.089639e+03	5.004327497854934e-02	2.346669917047728e-02	3.000000000000000e-06	3.000000000000000e-05
1.113067e+03	5.028823695695440e-02	2.359488814040627e-02	3.000000000000000e-06	3.000000000000000e-05
1.136939e+03	5.053439754835974e-02	2.372398468442769e-02	3.000000000000000e-06	3.000000000000000e-05
1.161263e+03	5.078176271679964e-02	2.385398904878507e-02	3.000000000000000e-06	3.000000000000000e-05
1.186049e+03	5.103033845449964e-02	2.398490146801175e-02	3.000000000000000e-06	3.000000000000000e-05
1.211305e+03	5.128013078230138e-02	2.411672216628735e-02	3.000000000000000e-06	3.000000000000000e-05
1.237039e+03	5.153114574977029e-02	2.424945135865662e-02	3.000000000000000e-06	3.000000000000000e-05
1.263262e+03	5.178338943530987e-02	2.438308925227688e-02	3.000000000000000e-06	3.000000000000000e-05
1.289981e+03	5.203686794627661e-02	2.451763604768817e-02	3.000000000000000e-06	3.000000000000000e-05
1.317208e+03	5.229158741909579e-02	2.465309194010367e-02	3.000000000000000e-06	3.000000000000000e-05
1.344950e+03	5.254755401937825e-02	2.478945712071776e-02	3.000000000000000e-06	3.000000000000000e-05
1.373219e+03	5.280477394203824e-02	2.492673177802930e-02	3.000000000000000e-06	3.000000000000000e-05
1.402023e+03	5.306325341141249e-02	2.506491609917773e-02	3.000000000000000e-06	3.000000000000000e-05
1.431374e+03	5.332299868138050e-02	2.520401027128949e-02	3.000000000000000e-06	3.000000000000000e-05
1.461280e+03	5.358401603548616e-02	2.534401448283268e-02	3.000000000000000e-06	3.000000000000000e-05
1.491754e+03	5.384631178706082e-02	2.548492892497756e-02	3.000000000000000e-06	3.000000000000000e-05
1.522805e+03	5.410989227934775e-02	2.562675379296078e-02	3.000000000000000e-06	3.000000000000000e-05
1.554444e+03	5.437476388562820e-02	2.576948928745129e-02	3.000000000000000e-06	3.000000000000000e-05
1.586683e+03	5.464093300934894e-02	2.591313561591594e-02	3.000000000000000e-06	3.000000000000000e-05
1.619532e+03	5.490840608425151e-02	2.605769299398265e-02	3.000000000000000e-06	3.000000000000000e-05
1.653003e+03	5.517718957450297e-02	2.620316164679959e-02	3.000000000000000e-06	3.000000000000000e-05
1.687108e+03	5.544728997482846e-02	2.634954181038826e-02	3.000000000000000e-06	3.000000000000000e-05
1.721858e+03	5.571871381064537e-02	2.649683373298905e-02	3.000000000000000e-06	3.000000000000000e-05
1.757266e+03	5.599146763819928e-02	2.664503767639736e-02	3.000000000000000e-06	3.000000000000000e-05
1.793344e+03	5.626555804470154e-02	2.679415391728902e-02	3.000000000000000e-06	3.000000000000000e-05
1.830104e+03	5.654099164846875e-02	2.694418274853328e-02	3.000000000000000e-06	3.000000000000000e-05
1.867558e+03	5.681777509906385e-02	2.709512448049210e-02	3.000000000000000e-06	3.000000000000000e-05
1.905721e+03	5.709591507743903e-02	2.724697944230443e-02	3.000000000000000e-06	3.000000000000000e-05
1.944605e+03	5.737541829608044e-02	2.739974798315410e-02	3.000000000000000e-06	3.000000000000000e-05
1.984223e+03	5.765629149915460e-02	2.755343047352035e-02	3.000000000000000e-06	3.000000000000000e-05
2.024589e+03	5.793854146265660e-02	2.770802730640968e-02	3.000000000000000e-06	3.000000000000000e-05
2.065718e+03	5.822217499456004e-02	2.786353889856816e-02	3.000000000000000e-06	3.000000000000000e-05
2.107622e+03	5.850719893496873e-02	2.801996569167319e-02	3.000000000000000e-06	3.000000000000000e-05
2.150317e+03	5.879362015627017e-02	2.817730815350383e-02	3.000000000000000e-06	3.000000000000000e-05
2.193816e+03	5.908144556329065e-02	2.833556677908887e-02	3.000000000000000e-06	3.000000000000000e-05
2.238136e+03	5.937068209345219e-02	2.849474209183193e-02	3.000000000000000e-06	3.000000000000000e-05
2.283290e+03	5.966133671693108e-02	2.865483464461294e-02	3.000000000000000e-06	3.000000000000000e-05
2.329295e+03	5.995341643681817e-02	2.881584502086527e-02	3.000000000000000e-06	3.000000000000000e-05
2.376166e+03	6.024692828928081e-02	2.897777383562814e-02	3.000000000000000e-06	3.000000000000000e-05
2.423919e+03	6.054187934372643e-02	2.914062173657367e-02	3.000000000000000e-06	3.000000000000000e-05
2.472571e+03	6.083827670296776e-02	2.930438940500819e-02	3.000000000000000e-06	3.000000000000000e-05
2.522137e+03	6.113612750338971e-02	2.946907755684756e-02	3.000000000000000e-06	3.000000000000000e-05
2.572634e+03	6.143543891511778e-02	2.963468694356597e-02	3.000000000000000e-06	3.000000000000000e-05
2.624080e+03	6.173621814218809e-02	2.980121835311813e-02	3.000000000000000e-06	3.000000000000000e-05
2.676492e+03	6.203847242271893e-02	2.996867261083463e-02	3.000000000000000e-06	3.000000000000000e-05
2.729888e+03	6.234220902908395e-02	3.013705058029019e-02	3.000000000000000e-06	3.000000000000000e-05
2.784286e+03	6.264743526808667e-02	3.030635316414485e-02	3.000000000000000e-06	3.000000000000000e-05
2.839704e+03	6.295415848113674e-02	3.047658130495799e-02	3.000000000000000e-06	3.000000000000000e-05
2.896160e+03	6.326238604442745e-02	3.064773598597504e-02	3.000000000000000e-06	3.000000000000000e-05
2.953674e+03	6.357212536911482e-02	3.081981823188713e-02	3.000000000000000e-06	3.000000000000000e-05
3.012265e+03	6.388338390149809e-02	3.099282910956352e-02	3.000000000000000e-06	3.000000000000000e-05
3.071953e+03	6.419616912320163e-02	3.116676972875709e-02	3.000000000000000e-06	3.000000000000000e-05
3.132758e+03	6.451048855135823e-02	3.134164124278289e-02	3.000000000000000e-06	3.000000000000000e-05
3.194699e+03	6.482634973879377e-02	3.151744484917005e-02	3.000000000000000e-06	3.000000000000000e-05
3.257798e+03	6.514376027421326e-02	3.169418179028716e-02	3.000000000000000e-06	3.000000000000000e-05
3.322076e+03	6.546272778238817e-02	3.187185335394133e-02	3.000000000000000e-06	3.000000000000000e-05
3.387554e+03	6.578325992434514e-02	3.205046087395139e-02	3.000000000000000e-06	3.000000000000000e-05
3.454254e+03	6.610536439755589e-02	3.223000573069526e-02	3.000000000000000e-06	3.000000000000000e-05
3.522199e+03	6.642904893612853e-02	3.241048935163194e-02	3.000000000000000e-06	3.000000000000000e-05
3.591410e+03	6.675432131100001e-02	3.259191321179854e-02	3.000000000000000e-06	3.000000000000000e-05
3.661911e+03	6.708118933012985e-02	3.277427883428254e-02	3.000000000000000e-06	3.000000000000000e-05
3.733725e+03	6.740966083869518e-02	3.295758779066974e-02	3.000000000000000e-06	3.000000000000000e-05
3.806876e+03	6.773974371928680e-02	3.314184170146836e-02	3.000000000000000e-06	3.000000000000000e-05
3.881388e+03	6.807144589210665e-02	3.332704223650959e-02	3.000000000000000e-06	3.000000000000000e-05
3.957287e+03	6.840477531516621e-02	3.351319111532512e-02	3.000000000000000e-06	3.000000000000000e-05
4.034596e+03	6.873973998448632e-02	3.370029010750204e-02	3.000000000000000e-06	3.000000000000000e-05
4.113341e+03	6.907634793429794e-02	3.388834103301559e-02	3.000000000000000e-06	3.000000000000000e-05
4.193549e+03	6.941460723724410e-02	3.407734576254028e-02	3.000000000000000e-06	3.000000000000000e-05
4.275246e+03	6.975452600458305e-02	3.426730621773969e-02	3.000000000000000e-06	3.000000000000000e-05
4.358459e+03	7.009611238639232e-02	3.445822437153569e-02	3.000000000000000e-06	3.000000000000000e-05
4.443214e+03	7.043937457177410e-02	3.465010224835736e-02	3.000000000000000e-06	3.000000000000000e-05
4.529541e+03	7.078432078906151e-02	3.484294192437030e-02	3.000000000000000e-06	3.000000000000000e-05
4.617467e+03	7.113095930602603e-02	3.503674552768660e-02	3.000000000000000e-06	3.000000000000000e-05
4.707021e+03	7.147929843008598e-02	3.523151523855624e-02	3.000000000000000e-06	3.000000000000000e-05
4.798232e+03	7.182934650851597e-02	3.542725328954029e-02	3.000000000000000e-06	3.000000000000000e-05
4.891131e+03	7.218111192865752e-02	3.562396196566645e-02	3.000000000000000e-06	3.000000000000000e-05
4.985747e+03	7.253460311813052e-02	3.582164360456752e-02	3.000000000000000e-06	3.000000000000000e-05
5.082112e+03	7.288982854504591e-02	3.602030059660315e-02	3.000000000000000e-06	3.000000000000000e-05
5.180257e+03	7.324679671821920e-02	3.621993538496562e-02	3.000000000000000e-06	3.000000000000000e-05
5.280214e+03	7.360551618738505e-02	3.642055046577006e-02	3.000000000000000e-06	3.000000000000000e-05
5.382016e+03	7.396599554341289e-02	3.662214838812953e-02	3.000000000000000e-06	3.000000000000000e-05
5.485695e+03	7.432824341852344e-02	3.682473175421567e-02	3.000000000000000e-06	3.000000000000000e-05
5.591286e+03	7.469226848650629e-02	3.702830321930531e-02	3.000000000000000e-06	3.000000000000000e-05
5.698823e+03	7.505807946293835e-02	3.723286549181359e-02	3.000000000000000e-06	3.000000000000000e-05
5.808341e+03	7.542568510540341e-02	3.743842133331408e-02	3.000000000000000e-06	3.000000000000000e-05
5.919875e+03	7.579509421371257e-02	3.764497355854642e-02	3.000000000000000e-06	3.000000000000000e-05
6.033461e+03	7.616631563012558e-02	3.785252503541195e-02	3.000000000000000e-06	3.000000000000000e-05
6.149137e+03	7.653935823957325e-02	3.806107868495784e-02	3.000000000000000e-06	3.000000000000000e-05
6.266940e+03	7.691423096988083e-02	3.827063748135028e-02	3.000000000000000e-06	3.000000000000000e-05
6.386907e+03	7.729094279199218e-02	3.848120445183698e-02	3.000000000000000e-06	3.000000000000000e-05
6.509078e+03	7.766950272019503e-02	3.869278267669977e-02	3.000000000000000e-06	3.000000000000000e-05
6.633492e+03	7.804991981234714e-02	3.890537528919748e-02	3.000000000000000e-06	3.000000000000000e-05
6.760190e+03	7.843220317010342e-02	3.911898547549975e-02	3.000000000000000e-06	3.000000000000000e-05
6.889212e+03	7.881636193914397e-02	3.933361647461209e-02	3.000000000000000e-06	3.000000000000000e-05
7.020600e+03	7.920240530940310e-02	3.954927157829275e-02	3.000000000000000e-06	3.000000000000000e-05
7.154396e+03	7.959034251529924e-02	3.976595413096168e-02	3.000000000000000e-06	3.000000000000000e-05
7.290643e+03	7.998018283596589e-02	3.998366752960223e-02	3.000000000000000e-06	3.000000000000000e-05
7.429385e+03	8.037193559548339e-02	4.020241522365575e-02	3.000000000000000e-06	3.000000000000000e-05
7.570667e+03	8.076561016311175e-02	4.042220071490969e-02	3.000000000000000e-06	3.000000000000000e-05
7.714534e+03	8.116121595352437e-02	4.064302755737949e-02	3.000000000000000e-06	3.000000000000000e-05
7.861032e+03	8.155876242704269e-02	4.086489935718472e-02	3.000000000000000e-06	3.000000000000000e-05
8.010209e+03	8.195825908987191e-02	4.108781977241985e-02	3.000000000000000e-06	3.000000000000000e-05
8.162112e+03	8.235971549433750e-02	4.131179251301987e-02	3.000000000000000e-06	3.000000000000000e-05
8.316790e+03	8.276314123912279e-02	4.153682134062143e-02	3.000000000000000e-06	3.000000000000000e-05
8.474293e+03	8.316854596950746e-02	4.176291006841950e-02	3.000000000000000e-06	3.000000000000000e-05
8.634670e+03	8.357593937760707e-02	4.199006256102016e-02	3.000000000000000e-06	3.000000000000000e-05
8.797974e+03	8.398533120261344e-02	4.221828273428975e-02	3.000000000000000e-06	3.000000000000000e-05
8.964256e+03	8.439673123103611e-02	4.244757455520069e-02	3.000000000000000e-06	3.000000000000000e-05
9.133569e+03	8.481014929694476e-02	4.267794204167430e-02	3.000000000000000e-06	3.000000000000000e-05
9.305969e+03	8.522559528221253e-02	4.290938926242103e-02	3.000000000000000e-06	3.000000000000000e-05
9.481509e+03	8.564307911676046e-02	4.314192033677816e-02	3.000000000000000e-06	3.000000000000000e-05
9.660246e+03	8.606261077880278e-02	4.337553943454558e-02	3.000000000000000e-06	3.000000000000000e-05
9.842238e+03	8.648420029509336e-02	4.361025077581961e-02	3.000000000000000e-06	3.000000000000000e-05
1.000000e+04	8.684502284711335e-02	4.381109223101851e-02	3.000000000000000e-06	3.000000000000000e-05
1.018867e+04	8.727158389511627e-02	4.404846838593777e-02	3.000000000000000e-06	3.000000000000000e-05
1.038027e+04	8.769908303672616e-02	4.428630991443967e-02	3.000000000000000e-06	3.000000000000000e-05
1.057535e+04	8.812869983937341e-02	4.452527193920280e-02	3.000000000000000e-06	3.000000000000000e-05
1.077398e+04	8.856042349753694e-02	4.476534719895151e-02	3.000000000000000e-06	3.000000000000000e-05
1.097622e+04	8.899426470666691e-02	4.500654041575978e-02	3.000000000000000e-06	3.000000000000000e-05
1.118214e+04	8.943023382606768e-02	4.524885614593722e-02	3.000000000000000e-06	3.000000000000000e-05
1.139179e+04	8.986834127251930e-02	4.549229899864649e-02	3.000000000000000e-06	3.000000000000000e-05
1.160524e+04	9.030859751344822e-02	4.573687363178903e-02	3.000000000000000e-06	3.000000000000000e-05
1.182257e+04	9.075101306731036e-02	4.598258475190192e-02	3.000000000000000e-06	3.000000000000000e-05
1.204384e+04	9.119559850384561e-02	4.622943711398365e-02	3.000000000000000e-06	3.000000000000000e-05
1.226912e+04	9.164236444433586e-02	4.647743552132264e-02	3.000000000000000e-06	3.000000000000000e-05
1.249849e+04	9.209132156186413e-02	4.672658482532706e-02	3.000000000000000e-06	3.000000000000000e-05
1.273201e+04	9.254248058157485e-02	4.697688992535629e-02	3.000000000000000e-06	3.000000000000000e-05
1.296976e+04	9.299585228093557e-02	4.722835576855396e-02	3.000000000000000e-06	3.000000000000000e-05
1.321182e+04	9.345144748999944e-02	4.748098734968277e-02	3.000000000000000e-06	3.000000000000000e-05
1.345825e+04	9.390927709166919e-02	4.773478971096124e-02	3.000000000000000e-06	3.000000000000000e-05
1.370915e+04	9.436935202196213e-02	4.798976794190238e-02	3.000000000000000e-06	3.000000000000000e-05
1.396459e+04	9.483168327027640e-02	4.824592717915447e-02	3.000000000000000e-06	3.000000000000000e-05
1.422465e+04	9.529628187965823e-02	4.850327260634414e-02	3.000000000000000e-06	3.000000000000000e-05
1.448941e+04	9.576315894707060e-02	4.876180945392164e-02	3.000000000000000e-06	3.000000000000000e-05
1.475896e+04	9.623232562366291e-02	4.902154299900856e-02	3.000000000000000e-06	3.000000000000000e-05
1.503338e+04	9.670379311504186e-02	4.928247856524814e-02	3.000000000000000e-06	3.000000000000000e-05
1.531276e+04	9.717757268154366e-02	4.954462152265809e-02	3.000000000000000e-06	3.000000000000000e-05
1.559718e+04	9.765367563850717e-02	4.980797728748614e-02	3.000000000000000e-06	3.000000000000000e-05
1.588674e+04	9.813211335654853e-02	5.007255132206839e-02	3.000000000000000e-06	3.000000000000000e-05
1.618152e+04	9.861289726183677e-02	5.033834913469053e-02	3.000000000000000e-06	3.000000000000000e-05
1.648163e+04	9.909603883637073e-02	5.060537627945201e-02	3.000000000000000e-06	3.000000000000000e-05
1.678716e+04	9.958154961825728e-02	5.087363835613316e-02	3.000000000000000e-06	3.000000000000000e-05
1.709819e+04	1.000694412019906e-01	5.114314101006553e-02	3.000000000000000e-06	3.000000000000000e-05
1.741483e+04	1.005597252387328e-01	5.141388993200530e-02	3.000000000000000e-06	3.000000000000000e-05
1.773719e+04	1.010524134365958e-01	5.168589085800994e-02	3.000000000000000e-06	3.000000000000000e-05
1.806535e+04	1.015475175609244e-01	5.195914956931815e-02	3.000000000000000e-06	3.000000000000000e-05
1.839943e+04	1.020450494345806e-01	5.223367189223315e-02	3.000000000000000e-06	3.000000000000000e-05
1.873953e+04	1.025450209382294e-01	5.250946369800936e-02	3.000000000000000e-06	3.000000000000000e-05
1.908576e+04	1.030474440106256e-01	5.278653090274177e-02	3.000000000000000e-06	3.000000000000000e-05
1.943822e+04	1.035523306489020e-01	5.306487946726175e-02	3.000000000000000e-06	3.000000000000000e-05
1.979703e+04	1.040596929088588e-01	5.334451539703196e-02	3.000000000000000e-06	3.000000000000000e-05
2.016230e+04	1.045695429052545e-01	5.362544474204777e-02	3.000000000000000e-06	3.000000000000000e-05
2.053414e+04	1.050818928120983e-01	5.390767359674154e-02	3.000000000000000e-06	3.000000000000000e-05
2.091267e+04	1.055967548629429e-01	5.419120809989057e-02	3.000000000000000e-06	3.000000000000000e-05
2.129802e+04	1.061141413511798e-01	5.447605443452865e-02	3.000000000000000e-06	3.000000000000000e-05
2.169029e+04	1.066340646303353e-01	5.476221882786133e-02	3.000000000000000e-06	3.000000000000000e-05
2.208962e+04	1.071565371143677e-01	5.504970755118488e-02	3.000000000000000e-06	3.000000000000000e-05
2.249614e+04	1.076815712779665e-01	5.533852691980901e-02	3.000000000000000e-06	3.000000000000000e-05
2.290996e+04	1.082091796568524e-01	5.562868329298327e-02	3.000000000000000e-06	3.000000000000000e-05
2.333122e+04	1.087393748480786e-01	5.592018307382730e-02	3.000000000000000e-06	3.000000000000000e-05
2.376005e+04	1.092721695103342e-01	5.621303270926480e-02	3.000000000000000e-06	3.000000000000000e-05
2.419658e+04	1.098075763642484e-01	5.650723868996127e-02	3.000000000000000e-06	3.000000000000000e-05
2.464096e+04	1.103456081926960e-01	5.680280755026556e-02	3.000000000000000e-06	3.000000000000000e-05
2.509332e+04	1.108862778411050e-01	5.709974586815526e-02	3.000000000000000e-06	3.000000000000000e-05
2.555380e+04	1.114295982177645e-01	5.739806026518583e-02	3.000000000000000e-06	3.000000000000000e-05
2.602255e+04	1.119755822941355e-01	5.769775740644358e-02	3.000000000000000e-06	3.000000000000000e-05
2.649972e+04	1.125242431051618e-01	5.799884400050240e-02	3.000000000000000e-06	3.000000000000000e-05
2.698545e+04	1.130755937495831e-01	5.830132679938441e-02	3.000000000000000e-06	3.000000000000000e-05
2.747991e+04	1.136296473902492e-01	5.860521259852422e-02	3.000000000000000e-06	3.000000000000000e-05
2.798323e+04	1.141864172544362e-01	5.891050823673720e-02	3.000000000000000e-06	3.000000000000000e-05
2.849558e+04	1.147459166341632e-01	5.921722059619139e-02	3.000000000000000e-06	3.000000000000000e-05
2.901713e+04	1.153081588865117e-01	5.952535660238326e-02	3.000000000000000e-06	3.000000000000000e-05
2.954803e+04	1.158731574339455e-01	5.983492322411721e-02	3.000000000000000e-06	3.000000000000000e-05
3.008846e+04	1.164409257646325e-01	6.014592747348887e-02	3.000000000000000e-06	3.000000000000000e-05
3.063857e+04	1.170114774327680e-01	6.045837640587211e-02	3.000000000000000e-06	3.000000000000000e-05
3.119855e+04	1.175848260588999e-01	6.077227711990982e-02	3.000000000000000e-06	3.000000000000000e-05
3.176857e+04	1.181609853302545e-01	6.108763675750845e-02	3.000000000000000e-06	3.000000000000000e-05
3.234880e+04	1.187399690010646e-01	6.140446250383611e-02	3.000000000000000e-06	3.000000000000000e-05
3.293944e+04	1.193217908928989e-01	6.172276158732459e-02	3.000000000000000e-06	3.000000000000000e-05
3.354066e+04	1.199064648949934e-01	6.204254127967489e-02	3.000000000000000e-06	3.000000000000000e-05
3.415265e+04	1.204940049645832e-01	6.236380889586641e-02	3.000000000000000e-06	3.000000000000000e-05
3.477561e+04	1.210844251272373e-01	6.268657179416995e-02	3.000000000000000e-06	3.000000000000000e-05
3.540973e+04	1.216777394771940e-01	6.301083737616413e-02	3.000000000000000e-06	3.000000000000000e-05
3.605521e+04	1.222739621776983e-01	6.333661308675552e-02	3.000000000000000e-06	3.000000000000000e-05
3.671225e+04	1.228731074613409e-01	6.366390641420235e-02	3.000000000000000e-06	3.000000000000000e-05
3.738105e+04	1.234751896303987e-01	6.399272489014175e-02	3.000000000000000e-06	3.000000000000000e-05
3.806183e+04	1.240802230571769e-01	6.432307608962058e-02	3.000000000000000e-06	3.000000000000000e-05
3.875481e+04	1.246882221843528e-01	6.465496763112971e-02	3.000000000000000e-06	3.000000000000000e-05
3.946019e+04	1.252992015253213e-01	6.498840717664188e-02	3.000000000000000e-06	3.000000000000000e-05
4.017820e+04	1.259131756645422e-01	6.532340243165292e-02	3.000000000000000e-06	3.000000000000000e-05
4.090906e+04	1.265301592578885e-01	6.565996114522656e-02	3.000000000000000e-06	3.000000000000000e-05
4.165300e+04	1.271501670329970e-01	6.599809111004254e-02	3.000000000000000e-06	3.000000000000000e-05
4.241026e+04	1.277732137896209e-01	6.633780016244825e-02	3.000000000000000e-06	3.000000000000000e-05
4.318107e+04	1.283993143999827e-01	6.667909618251357e-02	3.000000000000000e-06	3.000000000000000e-05
4.396567e+04	1.290284838091303e-01	6.702198709408927e-02	3.000000000000000e-06	3.000000000000000e-05
4.476432e+04	1.296607370352943e-01	6.736648086486859e-02	3.000000000000000e-06	3.000000000000000e-05
4.557725e+04	1.302960891702463e-01	6.771258550645216e-02	3.000000000000000e-06	3.000000000000000e-05
4.640473e+04	1.309345553796601e-01	6.806030907441631e-02	3.000000000000000e-06	3.000000000000000e-05
4.724701e+04	1.315761509034739e-01	6.840965966838439e-02	3.000000000000000e-06	3.000000000000000e-05
4.810435e+04	1.322208910562545e-01	6.876064543210159e-02	3.000000000000000e-06	3.000000000000000e-05
4.897704e+04	1.328687912275629e-01	6.911327455351278e-02	3.000000000000000e-06	3.000000000000000e-05
4.986533e+04	1.335198668823222e-01	6.946755526484363e-02	3.000000000000000e-06	3.000000000000000e-05
5.076951e+04	1.341741335611871e-01	6.982349584268484e-02	3.000000000000000e-06	3.000000000000000e-05
5.168986e+04	1.348316068809148e-01	7.018110460807944e-02	3.000000000000000e-06	3.000000000000000e-05
5.262667e+04	1.354923025347383e-01	7.054038992661335e-02	3.000000000000000e-06	3.000000000000000e-05
5.358023e+04	1.361562362927409e-01	7.090136020850886e-02	3.000000000000000e-06	3.000000000000000e-05
5.455084e+04	1.368234240022331e-01	7.126402390872126e-02	3.000000000000000e-06	3.000000000000000e-05
5.553880e+04	1.374938815881309e-01	7.162838952703843e-02	3.000000000000000e-06	3.000000000000000e-05
5.654443e+04	1.381676250533358e-01	7.199446560818351e-02	3.000000000000000e-06	3.000000000000000e-05
5.756805e+04	1.388446704791175e-01	7.236226074192044e-02	3.000000000000000e-06	3.000000000000000e-05
5.860996e+04	1.395250340254974e-01	7.273178356316259e-02	3.000000000000000e-06	3.000000000000000e-05
5.967049e+04	1.402087319316346e-01	7.310304275208422e-02	3.000000000000000e-06	3.000000000000000e-05
6.074999e+04	1.408957805162132e-01	7.347604703423481e-02	3.000000000000000e-06	3.000000000000000e-05
6.184878e+04	1.415861961778327e-01	7.385080518065641e-02	3.000000000000000e-06	3.000000000000000e-05
6.296721e+04	1.422799953953985e-01	7.422732600800372e-02	3.000000000000000e-06	3.000000000000000e-05
6.410564e+04	1.429771947285159e-01	7.460561837866704e-02	3.000000000000000e-06	3.000000000000000e-05
6.526441e+04	1.436778108178853e-01	7.498569120089807e-02	3.000000000000000e-06	3.000000000000000e-05
6.644390e+04	1.443818603856991e-01	7.536755342893840e-02	3.000000000000000e-06	3.000000000000000e-05
6.764447e+04	1.450893602360409e-01	7.575121406315087e-02	3.000000000000000e-06	3.000000000000000e-05
6.886649e+04	1.458003272552869e-01	7.613668215015358e-02	3.000000000000000e-06	3.000000000000000e-05
7.011036e+04	1.465147784125083e-01	7.652396678295668e-02	3.000000000000000e-06	3.000000000000000e-05
7.137645e+04	1.472327307598770e-01	7.691307710110178e-02	3.000000000000000e-06	3.000000000000000e-05
7.266518e+04	1.479542014330718e-01	7.730402229080413e-02	3.000000000000000e-06	3.000000000000000e-05
7.397693e+04	1.486792076516878e-01	7.769681158509735e-02	3.000000000000000e-06	3.000000000000000e-05
7.531213e+04	1.494077667196473e-01	7.809145426398086e-02	3.000000000000000e-06	3.000000000000000e-05
7.667119e+04	1.501398960256123e-01	7.848795965456984e-02	3.000000000000000e-06	3.000000000000000e-05
7.805453e+04	1.508756130434000e-01	7.888633713124789e-02	3.000000000000000e-06	3.000000000000000e-05
7.946260e+04	1.516149353323991e-01	7.928659611582212e-02	3.000000000000000e-06	3.000000000000000e-05
8.089583e+04	1.523578805379895e-01	7.968874607768088e-02	3.000000000000000e-06	3.000000000000000e-05
8.235467e+04	1.531044663919625e-01	8.009279653395399e-02	3.000000000000000e-06	3.000000000000000e-05
8.383958e+04	1.538547107129445e-01	8.049875704967539e-02	3.000000000000000e-06	3.000000000000000e-05
8.535103e+04	1.546086314068220e-01	8.090663723794848e-02	3.000000000000000e-06	3.000000000000000e-05
8.688948e+04	1.553662464671683e-01	8.131644676011368e-02	3.000000000000000e-06	3.000000000000000e-05
8.845543e+04	1.561275739756738e-01	8.172819532591856e-02	3.000000000000000e-06	3.000000000000000e-05
9.004936e+04	1.568926321025760e-01	8.214189269369042e-02	3.000000000000000e-06	3.000000000000000e-05
9.167178e+04	1.576614391070944e-01	8.255754867051122e-02	3.000000000000000e-06	3.000000000000000e-05
9.332319e+04	1.584340133378650e-01	8.297517311239494e-02	3.000000000000000e-06	3.000000000000000e-05
9.500411e+04	1.592103732333787e-01	8.339477592446728e-02	3.000000000000000e-06	3.000000000000000e-05
9.671507e+04	1.599905373224206e-01	8.381636706114769e-02	3.000000000000000e-06	3.000000000000000e-05
9.845661e+04	1.607745242245125e-01	8.423995652633386e-02	3.000000000000000e-06	3.000000000000000e-05
1.000000e+05	1.614606740462001e-01	8.461062953370033e-02	3.000000000000000e-06	3.000000000000000e-05
1.018043e+05	1.622536671482693e-01	8.503895891589650e-02	3.000000000000000e-06	3.000000000000000e-05
1.036367e+05	1.630487113644080e-01	8.546832943090088e-02	3.000000000000000e-06	3.000000000000000e-05
1.055020e+05	1.638476837199380e-01	8.589975496145111e-02	3.000000000000000e-06	3.000000000000000e-05
1.074005e+05	1.646505703702193e-01	8.633322797912676e-02	3.000000000000000e-06	3.000000000000000e-05
1.093330e+05	1.654573910597484e-01	8.676875909706493e-02	3.000000000000000e-06	3.000000000000000e-05
1.113000e+05	1.662681650335106e-01	8.720635865880484e-02	3.000000000000000e-06	3.000000000000000e-05
1.133022e+05	1.670829116412979e-01	8.764603706457900e-02	3.000000000000000e-06	3.000000000000000e-05
1.153402e+05	1.679016503274727e-01	8.808780476574056e-02	3.000000000000000e-06	3.000000000000000e-05
1.174146e+05	1.687244006316206e-01	8.853167226507082e-02	3.000000000000000e-06	3.000000000000000e-05
1.195261e+05	1.695511821890130e-01	8.897765011698530e-02	3.000000000000000e-06	3.000000000000000e-05
1.216753e+05	1.703820147310749e-01	8.942574892774395e-02	3.000000000000000e-06	3.000000000000000e-05
1.238629e+05	1.712169180858557e-01	8.987597935566348e-02	3.000000000000000e-06	3.000000000000000e-05
1.260897e+05	1.720559121785011e-01	9.032835211133218e-02	3.000000000000000e-06	3.000000000000000e-05
1.283562e+05	1.728990170317292e-01	9.078287795782677e-02	3.000000000000000e-06	3.000000000000000e-05
1.306633e+05	1.737462527663070e-01	9.123956771093164e-02	3.000000000000000e-06	3.000000000000000e-05
1.330116e+05	1.745976396015309e-01	9.169843223936004e-02	3.000000000000000e-06	3.000000000000000e-05
1.354019e+05	1.754531978557085e-01	9.215948246497760e-02	3.000000000000000e-06	3.000000000000000e-05
1.378349e+05	1.763129479466428e-01	9.262272936302787e-02	3.000000000000000e-06	3.000000000000000e-05
1.403114e+05	1.771769103921200e-01	9.308818396236003e-02	3.000000000000000e-06	3.000000000000000e-05
1.428322e+05	1.780451058103979e-01	9.355585734565862e-02	3.000000000000000e-06	3.000000000000000e-05
1.453981e+05	1.789175549206980e-01	9.402576064967537e-02	3.000000000000000e-06	3.000000000000000e-05
1.480099e+05	1.797942785436996e-01	9.449790506546313e-02	3.000000000000000e-06	3.000000000000000e-05
1.506684e+05	1.806752976020363e-01	9.497230183861174e-02	3.000000000000000e-06	3.000000000000000e-05
1.533744e+05	1.815606331207949e-01	9.544896226948606e-02	3.000000000000000e-06	3.000000000000000e-05
1.561288e+05	1.824503062280170e-01	9.592789771346587e-02	3.000000000000000e-06	3.000000000000000e-05
1.589324e+05	1.833443381552025e-01	9.640911958118795e-02	3.000000000000000e-06	3.000000000000000e-05
1.617863e+05	1.842427502378162e-01	9.689263933879001e-02	3.000000000000000e-06	3.000000000000000e-05
1.646911e+05	1.851455639157968e-01	9.737846850815667e-02	3.000000000000000e-06	3.000000000000000e-05
1.676479e+05	1.860528007340677e-01	9.786661866716745e-02	3.000000000000000e-06	3.000000000000000e-05
1.706576e+05	1.869644823430510e-01	9.835710144994668e-02	3.000000000000000e-06	3.000000000000000e-05
1.737212e+05	1.878806304991842e-01	9.884992854711541e-02	3.000000000000000e-06	3.000000000000000e-05
1.768395e+05	1.888012670654383e-01	9.934511170604526e-02	3.000000000000000e-06	3.000000000000000e-05
1.800137e+05	1.897264140118401e-01	9.984266273111421e-02	3.000000000000000e-06	3.000000000000000e-05
1.832446e+05	1.906560934159950e-01	1.003425934839643e-01	3.000000000000000e-06	3.000000000000000e-05
1.865333e+05	1.915903274636148e-01	1.008449158837616e-01	3.000000000000000e-06	3.000000000000000e-05
1.898809e+05	1.925291384490455e-01	1.013496419074573e-01	3.000000000000000e-06	3.000000000000000e-05
1.932884e+05	1.934725487757999e-01	1.018567835900516e-01	3.000000000000000e-06	3.000000000000000e-05
1.967568e+05	1.944205809570914e-01	1.023663530248594e-01	3.000000000000000e-06	3.000000000000000e-05
2.002874e+05	1.953732576163711e-01	1.028783623637771e-01	3.000000000000000e-06	3.000000000000000e-05
2.038811e+05	1.963306014878673e-01	1.033928238175523e-01	3.000000000000000e-06	3.000000000000000e-05
2.075391e+05	1.972926354171271e-01	1.039097496560548e-01	3.000000000000000e-06	3.000000000000000e-05
2.112627e+05	1.982593823615621e-01	1.044291522085499e-01	3.000000000000000e-06	3.000000000000000e-05
2.150528e+05	1.992308653909953e-01	1.049510438639730e-01	3.000000000000000e-06	3.000000000000000e-05
2.189109e+05	2.002071076882112e-01	1.054754370712069e-01	3.000000000000000e-06	3.000000000000000e-05
2.228380e+05	2.011881325495090e-01	1.060023443393605e-01	3.000000000000000e-06	3.000000000000000e-05
2.268354e+05	2.021739633852578e-01	1.065317782380490e-01	3.000000000000000e-06	3.000000000000000e-05
2.309043e+05	2.031646237204550e-01	1.070637513976772e-01	3.000000000000000e-06	3.000000000000000e-05
2.350462e+05	2.041601371952873e-01	1.075982765097232e-01	3.000000000000000e-06	3.000000000000000e-05
2.392622e+05	2.051605275656944e-01	1.081353663270250e-01	3.000000000000000e-06	3.000000000000000e-05
2.435537e+05	2.061658187039356e-01	1.086750336640689e-01	3.000000000000000e-06	3.000000000000000e-05
2.479220e+05	2.071760345991589e-01	1.092172913972791e-01	3.000000000000000e-06	3.000000000000000e-05
2.523687e+05	2.081911993579730e-01	1.097621524653098e-01	3.000000000000000e-06	3.000000000000000e-05
2.568949e+05	2.092113372050226e-01	1.103096298693391e-01	3.000000000000000e-06	3.000000000000000e-05
2.615022e+05	2.102364724835655e-01	1.108597366733646e-01	3.000000000000000e-06	3.000000000000000e-05
2.661921e+05	2.112666296560534e-01	1.114124860045006e-01	3.000000000000000e-06	3.000000000000000e-05
2.709660e+05	2.123018333047154e-01	1.119678910532780e-01	3.000000000000000e-06	3.000000000000000e-05
2.758254e+05	2.133421081321435e-01	1.125259650739451e-01	3.000000000000000e-06	3.000000000000000e-05
2.807720e+05	2.143874789618826e-01	1.130867213847710e-01	3.000000000000000e-06	3.000000000000000e-05
2.858071e+05	2.154379707390219e-01	1.136501733683503e-01	3.000000000000000e-06	3.000000000000000e-05
2.909325e+05	2.164936085307895e-01	1.142163344719102e-01	3.000000000000000e-06	3.000000000000000e-05
2.961497e+05	2.175544175271507e-01	1.147852182076189e-01	3.000000000000000e-06	3.000000000000000e-05
3.014605e+05	2.186204230414086e-01	1.153568381528966e-01	3.000000000000000e-06	3.000000000000000e-05
3.068664e+05	2.196916505108072e-01	1.159312079507273e-01	3.000000000000000e-06	3.000000000000000e-05
3.123693e+05	2.207681254971386e-01	1.165083413099736e-01	3.000000000000000e-06	3.000000000000000e-05
3.179708e+05	2.218498736873520e-01	1.170882520056926e-01	3.000000000000000e-06	3.000000000000000e-05
3.236727e+05	2.229369208941669e-01	1.176709538794540e-01	3.000000000000000e-06	3.000000000000000e-05
3.294769e+05	2.240292930566878e-01	1.182564608396598e-01	3.000000000000000e-06	3.000000000000000e-05
3.353851e+05	2.251270162410234e-01	1.188447868618662e-01	3.000000000000000e-06	3.000000000000000e-05
3.413993e+05	2.262301166409077e-01	1.194359459891072e-01	3.000000000000000e-06	3.000000000000000e-05
3.475214e+05	2.273386205783251e-01	1.200299523322201e-01	3.000000000000000e-06	3.000000000000000e-05
3.537533e+05	2.284525545041374e-01	1.206268200701726e-01	3.000000000000000e-06	3.000000000000000e-05
3.600969e+05	2.295719449987152e-01	1.212265634503923e-01	3.000000000000000e-06	3.000000000000000e-05
3.665544e+05	2.306968187725713e-01	1.218291967890977e-01	3.000000000000000e-06	3.000000000000000e-05
3.731277e+05	2.318272026669978e-01	1.224347344716312e-01	3.000000000000000e-06	3.000000000000000e-05
3.798189e+05	2.329631236547059e-01	1.230431909527936e-01	3.000000000000000e-06	3.000000000000000e-05
3.866302e+05	2.341046088404694e-01	1.236545807571816e-01	3.000000000000000e-06	3.000000000000000e-05
3.935638e+05	2.352516854617710e-01	1.242689184795256e-01	3.000000000000000e-06	3.000000000000000e-05
4.006217e+05	2.364043808894514e-01	1.248862187850307e-01	3.000000000000000e-06	3.000000000000000e-05
4.078064e+05	2.375627226283623e-01	1.255064964097188e-01	3.000000000000000e-06	3.000000000000000e-05
4.151200e+05	2.387267383180223e-01	1.261297661607731e-01	3.000000000000000e-06	3.000000000000000e-05
4.225648e+05	2.398964557332756e-01	1.267560429168844e-01	3.000000000000000e-06	3.000000000000000e-05
4.301434e+05	2.410719027849547e-01	1.273853416285985e-01	3.000000000000000e-06	3.000000000000000e-05
4.378580e+05	2.422531075205459e-01	1.280176773186673e-01	3.000000000000000e-06	3.000000000000000e-05
4.457111e+05	2.434400981248576e-01	1.286530650823995e-01	3.000000000000000e-06	3.000000000000000e-05
4.537052e+05	2.446329029206930e-01	1.292915200880153e-01	3.000000000000000e-06	3.000000000000000e-05
4.618429e+05	2.458315503695252e-01	1.299330575770017e-01	3.000000000000000e-06	3.000000000000000e-05
4.701268e+05	2.470360690721756e-01	1.305776928644701e-01	3.000000000000000e-06	3.000000000000000e-05
4.785594e+05	2.482464877694964e-01	1.312254413395164e-01	3.000000000000000e-06	3.000000000000000e-05
4.871435e+05	2.494628353430554e-01	1.318763184655815e-01	3.000000000000000e-06	3.000000000000000e-05
4.958819e+05	2.506851408158250e-01	1.325303397808159e-01	3.000000000000000e-06	3.000000000000000e-05
5.047772e+05	2.519134333528744e-01	1.331875208984440e-01	3.000000000000000e-06	3.000000000000000e-05
5.138323e+05	2.531477422620644e-01	1.338478775071321e-01	3.000000000000000e-06	3.000000000000000e-05
5.230502e+05	2.543880969947470e-01	1.345114253713575e-01	3.000000000000000e-06	3.000000000000000e-05
5.324337e+05	2.556345271464670e-01	1.351781803317796e-01	3.000000000000000e-06	3.000000000000000e-05
5.419859e+05	2.568870624576681e-01	1.358481583056129e-01	3.000000000000000e-06	3.000000000000000e-05
5.517098e+05	2.581457328144020e-01	1.365213752870026e-01	3.000000000000000e-06	3.000000000000000e-05
5.616085e+05	2.594105682490409e-01	1.371978473474013e-01	3.000000000000000e-06	3.000000000000000e-05
5.716851e+05	2.606815989409935e-01	1.378775906359481e-01	3.000000000000000e-06	3.000000000000000e-05
5.819429e+05	2.619588552174252e-01	1.385606213798501e-01	3.000000000000000e-06	3.000000000000000e-05
5.923851e+05	2.632423675539803e-01	1.392469558847645e-01	3.000000000000000e-06	3.000000000000000e-05
6.030152e+05	2.645321665755095e-01	1.399366105351848e-01	3.000000000000000e-06	3.000000000000000e-05
6.138364e+05	2.658282830567998e-01	1.406296017948269e-01	3.000000000000000e-06	3.000000000000000e-05
6.248522e+05	2.671307479233082e-01	1.413259462070185e-01	3.000000000000000e-06	3.000000000000000e-05
6.360662e+05	2.684395922518993e-01	1.420256603950902e-01	3.000000000000000e-06	3.000000000000000e-05
6.474819e+05	2.697548472715862e-01	1.427287610627683e-01	3.000000000000000e-06	3.000000000000000e-05
6.591030e+05	2.710765443642750e-01	1.434352649945702e-01	3.000000000000000e-06	3.000000000000000e-05
6.709332e+05	2.724047150655136e-01	1.441451890562013e-01	3.000000000000000e-06	3.000000000000000e-05
6.829762e+05	2.737393910652429e-01	1.448585501949542e-01	3.000000000000000e-06	3.000000000000000e-05
6.952360e+05	2.750806042085530e-01	1.455753654401098e-01	3.000000000000000e-06	3.000000000000000e-05
7.077165e+05	2.764283864964423e-01	1.462956519033408e-01	3.000000000000000e-06	3.000000000000000e-05
7.204216e+05	2.777827700865804e-01	1.470194267791168e-01	3.000000000000000e-06	3.000000000000000e-05
7.333554e+05	2.791437872940753e-01	1.477467073451115e-01	3.000000000000000e-06	3.000000000000000e-05
7.465220e+05	2.805114705922433e-01	1.484775109626126e-01	3.000000000000000e-06	3.000000000000000e-05
7.599257e+05	2.818858526133838e-01	1.492118550769328e-01	3.000000000000000e-06	3.000000000000000e-05
7.735708e+05	2.832669661495574e-01	1.499497572178240e-01	3.000000000000000e-06	3.000000000000000e-05
7.874616e+05	2.846548441533673e-01	1.506912349998922e-01	3.000000000000000e-06	3.000000000000000e-05
8.016025e+05	2.860495197387455e-01	1.514363061230163e-01	3.000000000000000e-06	3.000000000000000e-05
8.159982e+05	2.874510261817421e-01	1.521849883727669e-01	3.000000000000000e-06	3.000000000000000e-05
8.306531e+05	2.888593969213190e-01	1.529372996208294e-01	3.000000000000000e-06	3.000000000000000e-05
8.455721e+05	2.902746655601468e-01	1.536932578254274e-01	3.000000000000000e-06	3.000000000000000e-05
8.607599e+05	2.916968658654065e-01	1.544528810317493e-01	3.000000000000000e-06	3.000000000000000e-05
8.762213e+05	2.931260317695942e-01	1.552161873723768e-01	3.000000000000000e-06	3.000000000000000e-05
8.919614e+05	2.945621973713305e-01	1.559831950677152e-01	3.000000000000000e-06	3.000000000000000e-05
9.079851e+05	2.960053969361734e-01	1.567539224264265e-01	3.000000000000000e-06	3.000000000000000e-05
9.242977e+05	2.974556648974352e-01	1.575283878458640e-01	3.000000000000000e-06	3.000000000000000e-05
9.409043e+05	2.989130358570038e-01	1.583066098125097e-01	3.000000000000000e-06	3.000000000000000e-05
9.578103e+05	3.003775445861674e-01	1.590886069024132e-01	3.000000000000000e-06	3.000000000000000e-05
9.750210e+05	3.018492260264440e-01	1.598743977816336e-01	3.000000000000000e-06	3.000000000000000e-05
9.925421e+05	3.033281152904140e-01	1.606640012066828e-01	3.000000000000000e-06	3.000000000000000e-05
1.000000e+06	3.039503672531668e-01	1.609962205706873e-01	3.000000000000000e-06	3.000000000000000e-05
1.018159e+06	3.054550465831518e-01	1.617995422204377e-01	3.000000000000000e-06	3.000000000000000e-05
1.036454e+06	3.069513188847179e-01	1.625983397442322e-01	3.000000000000000e-06	3.000000000000000e-05
1.055083e+06	3.084552013853918e-01	1.634011646611961e-01	3.000000000000000e-06	3.000000000000000e-05
1.074048e+06	3.099664443024907e-01	1.642078836267042e-01	3.000000000000000e-06	3.000000000000000e-05
1.093355e+06	3.114850887990335e-01	1.650185186225104e-01	3.000000000000000e-06	3.000000000000000e-05
1.113010e+06	3.130111710163005e-01	1.658330889486644e-01	3.000000000000000e-06	3.000000000000000e-05
1.133020e+06	3.145447273658978e-01	1.666516140486579e-01	3.000000000000000e-06	3.000000000000000e-05
1.153391e+06	3.160857944360215e-01	1.674741134593836e-01	3.000000000000000e-06	3.000000000000000e-05
1.174130e+06	3.176344089940213e-01	1.683006068125018e-01	3.000000000000000e-06	3.000000000000000e-05
1.195243e+06	3.191906079872466e-01	1.691311138348905e-01	3.000000000000000e-06	3.000000000000000e-05
1.216737e+06	3.207544285439274e-01	1.699656543491143e-01	3.000000000000000e-06	3.000000000000000e-05
1.238619e+06	3.223259079740596e-01	1.708042482738956e-01	3.000000000000000e-06	3.000000000000000e-05
1.260896e+06	3.239050837702941e-01	1.716469156245879e-01	3.000000000000000e-06	3.000000000000000e-05
1.283576e+06	3.254919936088308e-01	1.724936765136520e-01	3.000000000000000e-06	3.000000000000000e-05
1.306665e+06	3.270866753503166e-01	1.733445511511348e-01	3.000000000000000e-06	3.000000000000000e-05
1.330171e+06	3.286891670407482e-01	1.741995598451499e-01	3.000000000000000e-06	3.000000000000000e-05
1.354102e+06	3.302995069123790e-01	1.750587230023610e-01	3.000000000000000e-06	3.000000000000000e-05
1.378465e+06	3.319177333846307e-01	1.759220611284679e-01	3.000000000000000e-06	3.000000000000000e-05
1.403268e+06	3.335438850650093e-01	1.767895948286947e-01	3.000000000000000e-06	3.000000000000000e-05
1.428520e+06	3.351780007500256e-01	1.776613448082801e-01	3.000000000000000e-06	3.000000000000000e-05
1.454227e+06	3.368201194261201e-01	1.785373318729710e-01	3.000000000000000e-06	3.000000000000000e-05
1.480400e+06	3.384702802705925e-01	1.794175769295178e-01	3.000000000000000e-06	3.000000000000000e-05
1.507045e+06	3.401285226525359e-01	1.803021009861725e-01	3.000000000000000e-06	3.000000000000000e-05
1.534172e+06	3.417948861337755e-01	1.811909251531892e-01	3.000000000000000e-06	3.000000000000000e-05
1.561789e+06	3.434694104698117e-01	1.820840706433266e-01	3.000000000000000e-06	3.000000000000000e-05
1.589905e+06	3.451521356107682e-01	1.829815587723540e-01	3.000000000000000e-06	3.000000000000000e-05
1.618530e+06	3.468431017023441e-01	1.838834109595590e-01	3.000000000000000e-06	3.000000000000000e-05
1.647673e+06	3.485423490867716e-01	1.847896487282577e-01	3.000000000000000e-06	3.000000000000000e-05
1.677343e+06	3.502499183037774e-01	1.857002937063076e-01	3.000000000000000e-06	3.000000000000000e-05
1.707549e+06	3.519658500915499e-01	1.866153676266235e-01	3.000000000000000e-06	3.000000000000000e-05
1.738301e+06	3.536901853877096e-01	1.875348923276947e-01	3.000000000000000e-06	3.000000000000000e-05
1.769610e+06	3.554229653302860e-01	1.884588897541062e-01	3.000000000000000e-06	3.000000000000000e-05
1.801486e+06	3.571642312586981e-01	1.893873819570610e-01	3.000000000000000e-06	3.000000000000000e-05
1.833938e+06	3.589140247147398e-01	1.903203910949064e-01	3.000000000000000e-06	3.000000000000000e-05
1.866977e+06	3.606723874435708e-01	1.912579394336617e-01	3.000000000000000e-06	3.000000000000000e-05
1.900614e+06	3.624393613947118e-01	1.922000493475493e-01	3.000000000000000e-06	3.000000000000000e-05
1.934860e+06	3.642149887230444e-01	1.931467433195276e-01	3.000000000000000e-06	3.000000000000000e-05
1.969726e+06	3.659993117898166e-01	1.940980439418275e-01	3.000000000000000e-06	3.000000000000000e-05
2.005224e+06	3.677923731636524e-01	1.950539739164905e-01	3.000000000000000e-06	3.000000000000000e-05
2.041363e+06	3.695942156215669e-01	1.960145560559103e-01	3.000000000000000e-06	3.000000000000000e-05
2.078158e+06	3.714048821499865e-01	1.969798132833763e-01	3.000000000000000e-06	3.000000000000000e-05
2.115618e+06	3.732244159457733e-01	1.979497686336204e-01	3.000000000000000e-06	3.000000000000000e-05
2.153757e+06	3.750528604172553e-01	1.989244452533663e-01	3.000000000000000e-06	3.000000000000000e-05
2.192587e+06	3.768902591852613e-01	1.999038664018810e-01	3.000000000000000e-06	3.000000000000000e-05
2.232120e+06	3.787366560841608e-01	2.008880554515295e-01	3.000000000000000e-06	3.000000000000000e-05
2.272369e+06	3.805920951629096e-01	2.018770358883324e-01	3.000000000000000e-06	3.000000000000000e-05
2.313348e+06	3.824566206860993e-01	2.028708313125255e-01	3.000000000000000e-06	3.000000000000000e-05
2.355069e+06	3.843302771350132e-01	2.038694654391227e-01	3.000000000000000e-06	3.000000000000000e-05
2.397546e+06	3.862131092086866e-01	2.048729620984815e-01	3.000000000000000e-06	3.000000000000000e-05
2.440793e+06	3.881051618249727e-01	2.058813452368714e-01	3.000000000000000e-06	3.000000000000000e-05
2.484824e+06	3.900064801216133e-01	2.068946389170445e-01	3.000000000000000e-06	3.000000000000000e-05
2.529653e+06	3.919171094573151e-01	2.079128673188098e-01	3.000000000000000e-06	3.000000000000000e-05
2.575295e+06	3.938370954128314e-01	2.089360547396094e-01	3.000000000000000e-06	3.000000000000000e-05
2.621764e+06	3.957664837920482e-01	2.099642255950983e-01	3.000000000000000e-06	3.000000000000000e-05
2.669076e+06	3.977053206230770e-01	2.109974044197264e-01	3.000000000000000e-06	3.000000000000000e-05
2.717246e+06	3.996536521593516e-01	2.120356158673234e-01	3.000000000000000e-06	3.000000000000000e-05
2.766290e+06	4.016115248807314e-01	2.130788847116875e-01	3.000000000000000e-06	3.000000000000000e-05
2.816223e+06	4.035789854946091e-01	2.141272358471752e-01	3.000000000000000e-06	3.000000000000000e-05
2.867062e+06	4.055560809370247e-01	2.151806942892959e-01	3.000000000000000e-06	3.000000000000000e-05
2.918823e+06	4.075428583737840e-01	2.162392851753080e-01	3.000000000000000e-06	3.000000000000000e-05
2.971523e+06	4.095393652015837e-01	2.173030337648184e-01	3.000000000000000e-06	3.000000000000000e-05
3.025180e+06	4.115456490491414e-01	2.183719654403850e-01	3.000000000000000e-06	3.000000000000000e-05
3.079810e+06	4.135617577783306e-01	2.194461057081224e-01	3.000000000000000e-06	3.000000000000000e-05
3.135432e+06	4.155877394853222e-01	2.205254801983095e-01	3.000000000000000e-06	3.000000000000000e-05
3.192064e+06	4.176236425017315e-01	2.216101146660016e-01	3.000000000000000e-06	3.000000000000000e-05
3.249723e+06	4.196695153957699e-01	2.227000349916438e-01	3.000000000000000e-06	3.000000000000000e-05
3.308430e+06	4.217254069734030e-01	2.237952671816892e-01	3.000000000000000e-06	3.000000000000000e-05
3.368202e+06	4.237913662795149e-01	2.248958373692181e-01	3.000000000000000e-06	3.000000000000000e-05
3.429060e+06	4.258674425990763e-01	2.260017718145624e-01	3.000000000000000e-06	3.000000000000000e-05
3.491023e+06	4.279536854583206e-01	2.271130969059309e-01	3.000000000000000e-06	3.000000000000000e-05
3.554112e+06	4.300501446259243e-01	2.282298391600395e-01	3.000000000000000e-06	3.000000000000000e-05
3.618346e+06	4.321568701141935e-01	2.293520252227431e-01	3.000000000000000e-06	3.000000000000000e-05
3.683747e+06	4.342739121802561e-01	2.304796818696715e-01	3.000000000000000e-06	3.000000000000000e-05
3.750337e+06	4.364013213272606e-01	2.316128360068676e-01	3.000000000000000e-06	3.000000000000000e-05
3.818136e+06	4.385391483055797e-01	2.327515146714295e-01	3.000000000000000e-06	3.000000000000000e-05
3.887167e+06	4.406874441140202e-01	2.338957450321554e-01	3.000000000000000e-06	3.000000000000000e-05
3.957453e+06	4.428462600010394e-01	2.350455543901911e-01	3.000000000000000e-06	3.000000000000000e-05
4.029017e+06	4.450156474659663e-01	2.362009701796819e-01	3.000000000000000e-06	3.000000000000000e-05
4.101881e+06	4.471956582602299e-01	2.373620199684262e-01	3.000000000000000e-06	3.000000000000000e-05
4.176070e+06	4.493863443885928e-01	2.385287314585336e-01	3.000000000000000e-06	3.000000000000000e-05
4.251608e+06	4.515877581103913e-01	2.397011324870854e-01	3.000000000000000e-06	3.000000000000000e-05
4.328519e+06	4.537999519407809e-01	2.408792510267985e-01	3.000000000000000e-06	3.000000000000000e-05
4.406829e+06	4.560229786519888e-01	2.420631151866926e-01	3.000000000000000e-06	3.000000000000000e-05
4.486563e+06	4.582568912745718e-01	2.432527532127607e-01	3.000000000000000e-06	3.000000000000000e-05
4.567747e+06	4.605017430986806e-01	2.444481934886429e-01	3.000000000000000e-06	3.000000000000000e-05
4.650408e+06	4.627575876753306e-01	2.456494645363030e-01	3.000000000000000e-06	3.000000000000000e-05
4.734573e+06	4.650244788176782e-01	2.468565950167093e-01	3.000000000000000e-06	3.000000000000000e-05
4.820269e+06	4.673024706023040e-01	2.480696137305179e-01	3.000000000000000e-06	3.000000000000000e-05
4.907524e+06	4.695916173705021e-01	2.492885496187594e-01	3.000000000000000e-06	3.000000000000000e-05
4.996368e+06	4.718919737295759e-01	2.505134317635299e-01	3.000000000000000e-06	3.000000000000000e-05
5.086828e+06	4.742035945541391e-01	2.517442893886839e-01	3.000000000000000e-06	3.000000000000000e-05
5.178934e+06	4.765265349874250e-01	2.529811518605316e-01	3.000000000000000e-06	3.000000000000000e-05
5.272717e+06	4.788608504426006e-01	2.542240486885394e-01	3.000000000000000e-06	3.000000000000000e-05
5.368208e+06	4.812065966040881e-01	2.554730095260336e-01	3.000000000000000e-06	3.000000000000000e-05
5.465437e+06	4.835638294288919e-01	2.567280641709079e-01	3.000000000000000e-06	3.000000000000000e-05
5.564436e+06	4.859326051479334e-01	2.579892425663337e-01	3.000000000000000e-06	3.000000000000000e-05
5.665238e+06	4.883129802673909e-01	2.592565748014746e-01	3.000000000000000e-06	3.000000000000000e-05
5.767876e+06	4.907050115700473e-01	2.605300911122039e-01	3.000000000000000e-06	3.000000000000000e-05
5.872384e+06	4.931087561166436e-01	2.618098218818258e-01	3.000000000000000e-06	3.000000000000000e-05
5.978795e+06	4.955242712472393e-01	2.630957976417999e-01	3.000000000000000e-06	3.000000000000000e-05
6.087145e+06	4.979516145825796e-01	2.643880490724699e-01	3.000000000000000e-06	3.000000000000000e-05
6.197468e+06	5.003908440254689e-01	2.656866070037945e-01	3.000000000000000e-06	3.000000000000000e-05
6.309802e+06	5.028420177621513e-01	2.669915024160836e-01	3.000000000000000e-06	3.000000000000000e-05
6.424183e+06	5.053051942636982e-01	2.683027664407366e-01	3.000000000000000e-06	3.000000000000000e-05
6.540649e+06	5.077804322874018e-01	2.696204303609850e-01	3.000000000000000e-06	3.000000000000000e-05
6.659237e+06	5.102677908781760e-01	2.709445256126386e-01	3.000000000000000e-06	3.000000000000000e-05
6.779987e+06	5.127673293699643e-01	2.722750837848353e-01	3.000000000000000e-06	3.000000000000000e-05
6.902938e+06	5.152791073871543e-01	2.736121366207945e-01	3.000000000000000e-06	3.000000000000000e-05
7.028131e+06	5.178031848459992e-01	2.749557160185738e-01	3.000000000000000e-06	3.000000000000000e-05
7.155607e+06	5.203396219560460e-01	2.763058540318303e-01	3.000000000000000e-06	3.000000000000000e-05
7.285407e+06	5.228884792215713e-01	2.776625828705848e-01	3.000000000000000e-06	3.000000000000000e-05
7.417575e+06	5.254498174430237e-01	2.790259349019900e-01	3.000000000000000e-06	3.000000000000000e-05
7.552153e+06	5.280236977184731e-01	2.803959426511023e-01	3.000000000000000e-06	3.000000000000000e-05
7.689185e+06	5.306101814450674e-01	2.817726388016579e-01	3.000000000000000e-06	3.000000000000000e-05
7.828718e+06	5.332093303204967e-01	2.831560561968520e-01	3.000000000000000e-06	3.000000000000000e-05
7.970797e+06	5.358212063444632e-01	2.845462278401222e-01	3.000000000000000e-06	3.000000000000000e-05
8.115467e+06	5.384458718201603e-01	2.859431868959353e-01	3.000000000000000e-06	3.000000000000000e-05
8.262778e+06	5.410833893557577e-01	2.873469666905787e-01	3.000000000000000e-06	3.000000000000000e-05
8.412777e+06	5.437338218658937e-01	2.887576007129551e-01	3.000000000000000e-06	3.000000000000000e-05
8.565514e+06	5.463972325731753e-01	2.901751226153807e-01	3.000000000000000e-06	3.000000000000000e-05
8.721039e+06	5.490736850096856e-01	2.915995662143884e-01	3.000000000000000e-06	3.000000000000000e-05
8.879403e+06	5.517632430184982e-01	2.930309654915340e-01	3.000000000000000e-06	3.000000000000000e-05
9.040658e+06	5.544659707551994e-01	2.944693545942065e-01	3.000000000000000e-06	3.000000000000000e-05
9.204857e+06	5.571819326894178e-01	2.959147678364426e-01	3.000000000000000e-06	3.000000000000000e-05
9.372055e+06	5.599111936063609e-01	2.973672396997450e-01	3.000000000000000e-06	3.000000000000000e-05
9.542306e+06	5.626538186083601e-01	2.988268048339049e-01	3.000000000000000e-06	3.000000000000000e-05
9.715667e+06	5.654098731164222e-01	3.002934980578281e-01	3.000000000000000e-06	3.000000000000000e-05
9.892194e+06	5.681794228717898e-01	3.017673543603652e-01	3.000000000000000e-06	3.000000000000000e-05
1.000000e+07	5.698502170482825e-01	3.026564823844018e-01	3.000000000000000e-06	3.000000000000000e-05
1.018304e+07	5.726617005565177e-01	3.041526242964271e-01	3.000000000000000e-06	3.000000000000000e-05
1.036807e+07	5.754663938259229e-01	3.056451342165350e-01	3.000000000000000e-06	3.000000000000000e-05
1.055652e+07	5.782851926343595e-01	3.071451319951998e-01	3.000000000000000e-06	3.000000000000000e-05
1.074840e+07	5.811177871013720e-01	3.086524527316196e-01	3.000000000000000e-06	3.000000000000000e-05
1.094380e+07	5.839642516222162e-01	3.101671360171970e-01	3.000000000000000e-06	3.000000000000000e-05
1.114276e+07	5.868246539703323e-01	3.116892179191154e-01	3.000000000000000e-06	3.000000000000000e-05
1.134537e+07	5.896990623774269e-01	3.132187347479624e-01	3.000000000000000e-06	3.000000000000000e-05
1.155167e+07	5.925875454069077e-01	3.147557229903794e-01	3.000000000000000e-06	3.000000000000000e-05
1.176175e+07	5.954901719578410e-01	3.163002193111663e-01	3.000000000000000e-06	3.000000000000000e-05
1.197567e+07	5.984070112665512e-01	3.178522605541323e-01	3.000000000000000e-06	3.000000000000000e-05
1.219350e+07	6.013381329082712e-01	3.194118837429748e-01	3.000000000000000e-06	3.000000000000000e-05
1.241531e+07	6.042836067988023e-01	3.209791260821607e-01	3.000000000000000e-06	3.000000000000000e-05
1.264118e+07	6.072435031961797e-01	3.225540249578144e-01	3.000000000000000e-06	3.000000000000000e-05
1.287118e+07	6.102178927023477e-01	3.241366179386080e-01	3.000000000000000e-06	3.000000000000000e-05
1.310539e+07	6.132068462648430e-01	3.257269427766574e-01	3.000000000000000e-06	3.000000000000000e-05
1.334389e+07	6.162104351784856e-01	3.273250374084223e-01	3.000000000000000e-06	3.000000000000000e-05
1.358675e+07	6.192287310870789e-01	3.289309399556106e-01	3.000000000000000e-06	3.000000000000000e-05
1.383405e+07	6.222618059851169e-01	3.305446887260873e-01	3.000000000000000e-06	3.000000000000000e-05
1.408588e+07	6.253097322195015e-01	3.321663222147881e-01	3.000000000000000e-06	3.000000000000000e-05
1.434231e+07	6.283725824912662e-01	3.337958791046370e-01	3.000000000000000e-06	3.000000000000000e-05
1.460344e+07	6.314504298573101e-01	3.354333982674687e-01	3.000000000000000e-06	3.000000000000000e-05
1.486935e+07	6.345433477321394e-01	3.370789187649558e-01	3.000000000000000e-06	3.000000000000000e-05
1.514013e+07	6.376514098896169e-01	3.387324798495399e-01	3.000000000000000e-06	3.000000000000000e-05
1.541586e+07	6.407746904647217e-01	3.403941209653678e-01	3.000000000000000e-06	3.000000000000000e-05
1.569665e+07	6.439132639553158e-01	3.420638817492317e-01	3.000000000000000e-06	3.000000000000000e-05
1.598257e+07	6.470672052239208e-01	3.437418020315150e-01	3.000000000000000e-06	3.000000000000000e-05
1.627373e+07	6.502365894995020e-01	3.454279218371412e-01	3.000000000000000e-06	3.000000000000000e-05
1.657023e+07	6.534214923792624e-01	3.471222813865290e-01	3.000000000000000e-06	3.000000000000000e-05
1.687215e+07	6.566219898304442e-01	3.488249210965510e-01	3.000000000000000e-06	3.000000000000000e-05
1.717961e+07	6.598381581921404e-01	3.505358815814977e-01	3.000000000000000e-06	3.000000000000000e-05
1.749270e+07	6.630700741771151e-01	3.522552036540457e-01	3.000000000000000e-06	3.000000000000000e-05
1.781152e+07	6.663178148736310e-01	3.539829283262309e-01	3.000000000000000e-06	3.000000000000000e-05
1.813619e+07	6.695814577472883e-01	3.557190968104268e-01	3.000000000000000e-06	3.000000000000000e-05
1.846681e+07	6.728610806428713e-01	3.574637505203265e-01	3.000000000000000e-06	3.000000000000000e-05
1.880348e+07	6.761567617862038e-01	3.592169310719310e-01	3.000000000000000e-06	3.000000000000000e-05
1.914633e+07	6.794685797860142e-01	3.609786802845409e-01	3.000000000000000e-06	3.000000000000000e-05
1.949546e+07	6.827966136358095e-01	3.627490401817537e-01	3.000000000000000e-06	3.000000000000000e-05
1.985099e+07	6.861409427157584e-01	3.645280529924662e-01	3.000000000000000e-06	3.000000000000000e-05
2.021304e+07	6.895016467945840e-01	3.663157611518810e-01	3.000000000000000e-06	3.000000000000000e-05
2.058173e+07	6.928788060314651e-01	3.681122073025184e-01	3.000000000000000e-06	3.000000000000000e-05
2.095718e+07	6.962725009779470e-01	3.699174342952333e-01	3.000000000000000e-06	3.000000000000000e-05
2.133951e+07	6.996828125798625e-01	3.717314851902370e-01	3.000000000000000e-06	3.000000000000000e-05
2.172886e+07	7.031098221792611e-01	3.735544032581237e-01	3.000000000000000e-06	3.000000000000000e-05
2.212535e+07	7.065536115163480e-01	3.753862319809024e-01	3.000000000000000e-06	3.000000000000000e-05
2.252911e+07	7.100142627314333e-01	3.772270150530337e-01	3.000000000000000e-06	3.000000000000000e-05
2.294027e+07	7.134918583668897e-01	3.790767963824716e-01	3.000000000000000e-06	3.000000000000000e-05
2.335898e+07	7.169864813691206e-01	3.809356200917103e-01	3.000000000000000e-06	3.000000000000000e-05
2.378538e+07	7.204982150905374e-01	3.828035305188364e-01	3.000000000000000e-06	3.000000000000000e-05
2.421959e+07	7.240271432915460e-01	3.846805722185861e-01	3.000000000000000e-06	3.000000000000000e-05
2.466178e+07	7.275733501425450e-01	3.865667899634075e-01	3.000000000000000e-06	3.000000000000000e-05
2.511208e+07	7.311369202259306e-01	3.884622287445279e-01	3.000000000000000e-06	3.000000000000000e-05
2.557065e+07	7.347179385381142e-01	3.903669337730270e-01	3.000000000000000e-06	3.000000000000000e-05
2.603764e+07	7.383164904915480e-01	3.922809504809145e-01	3.000000000000000e-06	3.000000000000000e-05
2.651319e+07	7.419326619167618e-01	3.942043245222134e-01	3.000000000000000e-06	3.000000000000000e-05
2.699748e+07	7.455665390644083e-01	3.961371017740488e-01	3.000000000000000e-06	3.000000000000000e-05
2.749066e+07	7.492182086073199e-01	3.980793283377412e-01	3.000000000000000e-06	3.000000000000000e-05
2.799290e+07	7.528877576425748e-01	4.000310505399064e-01	3.000000000000000e-06	3.000000000000000e-05
2.850436e+07	7.565752736935731e-01	4.019923149335595e-01	3.000000000000000e-06	3.000000000000000e-05
2.902522e+07	7.602808447121238e-01	4.039631682992251e-01	3.000000000000000e-06	3.000000000000000e-05
2.955564e+07	7.640045590805404e-01	4.059436576460526e-01	3.000000000000000e-06	3.000000000000000e-05
3.009581e+07	7.677465056137496e-01	4.079338302129371e-01	3.000000000000000e-06	3.000000000000000e-05
3.064590e+07	7.715067735614067e-01	4.099337334696455e-01	3.000000000000000e-06	3.000000000000000e-05
3.120610e+07	7.752854526100248e-01	4.119434151179486e-01	3.000000000000000e-06	3.000000000000000e-05
3.177658e+07	7.790826328851116e-01	4.139629230927583e-01	3.000000000000000e-06	3.000000000000000e-05
3.235756e+07	7.828984049533189e-01	4.159923055632703e-01	3.000000000000000e-06	3.000000000000000e-05
3.294921e+07	7.867328598246009e-01	4.180316109341128e-01	3.000000000000000e-06	3.000000000000000e-05
3.355173e+07	7.905860889543846e-01	4.200808878465005e-01	3.000000000000000e-06	3.000000000000000e-05
3.416533e+07	7.944581842457489e-01	4.221401851793943e-01	3.000000000000000e-06	3.000000000000000e-05
3.479021e+07	7.983492380516165e-01	4.242095520506666e-01	3.000000000000000e-06	3.000000000000000e-05
3.542658e+07	8.022593431769550e-01	4.262890378182726e-01	3.000000000000000e-06	3.000000000000000e-05
3.607464e+07	8.061885928809894e-01	4.283786920814268e-01	3.000000000000000e-06	3.000000000000000e-05
3.673462e+07	8.101370808794253e-01	4.304785646817859e-01	3.000000000000000e-06	3.000000000000000e-05
3.740674e+07	8.141049013466829e-01	4.325887057046366e-01	3.000000000000000e-06	3.000000000000000e-05
3.809122e+07	8.180921489181422e-01	4.347091654800903e-01	3.000000000000000e-06	3.000000000000000e-05
3.878829e+07	8.220989186923987e-01	4.368399945842826e-01	3.000000000000000e-06	3.000000000000000e-05
3.949818e+07	8.261253062335309e-01	4.389812438405795e-01	3.000000000000000e-06	3.000000000000000e-05
4.022113e+07	8.301714075733780e-01	4.411329643207886e-01	3.000000000000000e-06	3.000000000000000e-05
4.095738e+07	8.342373192138297e-01	4.432952073463775e-01	3.000000000000000e-06	3.000000000000000e-05
4.170717e+07	8.383231381291260e-01	4.454680244896965e-01	3.000000000000000e-06	3.000000000000000e-05
4.247076e+07	8.424289617681694e-01	4.476514675752089e-01	3.000000000000000e-06	3.000000000000000e-05
4.324840e+07	8.465548880568482e-01	4.498455886807259e-01	3.000000000000000e-06	3.000000000000000e-05
4.404035e+07	8.507010154003704e-01	4.520504401386491e-01	3.000000000000000e-06	3.000000000000000e-05
4.484688e+07	8.548674426856097e-01	4.542660745372172e-01	3.000000000000000e-06	3.000000000000000e-05
4.566825e+07	8.590542692834632e-01	4.564925447217602e-01	3.000000000000000e-06	3.000000000000000e-05
4.650474e+07	8.632615950512198e-01	4.587299037959596e-01	3.000000000000000e-06	3.000000000000000e-05
4.735663e+07	8.674895203349413e-01	4.609782051231138e-01	3.000000000000000e-06	3.000000000000000e-05
4.822420e+07	8.717381459718535e-01	4.632375023274110e-01	3.000000000000000e-06	3.000000000000000e-05
4.910775e+07	8.760075732927510e-01	4.655078492952070e-01	3.000000000000000e-06	3.000000000000000e-05
5.000757e+07	8.802979041244128e-01	4.677893001763106e-01	3.000000000000000e-06	3.000000000000000e-05
5.092396e+07	8.846092407920284e-01	4.700819093852739e-01	3.000000000000000e-06	3.000000000000000e-05
5.185722e+07	8.889416861216389e-01	4.723857316026903e-01	3.000000000000000e-06	3.000000000000000e-05
5.280767e+07	8.932953434425873e-01	4.747008217764972e-01	3.000000000000000e-06	3.000000000000000e-05
5.377563e+07	8.976703165899813e-01	4.770272351232869e-01	3.000000000000000e-06	3.000000000000000e-05
5.476143e+07	9.020667099071695e-01	4.793650271296227e-01	3.000000000000000e-06	3.000000000000000e-05
5.576538e+07	9.064846282482284e-01	4.817142535533614e-01	3.000000000000000e-06	3.000000000000000e-05
5.678783e+07	9.109241769804617e-01	4.840749704249831e-01	3.000000000000000e-06	3.000000000000000e-05
5.782912e+07	9.153854619869127e-01	4.864472340489267e-01	3.000000000000000e-06	3.000000000000000e-05
5.888960e+07	9.198685896688878e-01	4.888311010049322e-01	3.000000000000000e-06	3.000000000000000e-05
5.996962e+07	9.243736669484933e-01	4.912266281493898e-01	3.000000000000000e-06	3.000000000000000e-05
6.106954e+07	9.289008012711844e-01	4.936338726166953e-01	3.000000000000000e-06	3.000000000000000e-05
6.218975e+07	9.334501006083258e-01	4.960528918206121e-01	3.000000000000000e-06	3.000000000000000e-05
6.333059e+07	9.380216734597666e-01	4.984837434556400e-01	3.000000000000000e-06	3.000000000000000e-05
6.449248e+07	9.426156288564260e-01	5.009264854983907e-01	3.000000000000000e-06	3.000000000000000e-05
6.567578e+07	9.472320763628927e-01	5.033811762089700e-01	3.000000000000000e-06	3.000000000000000e-05
6.688090e+07	9.518711260800368e-01	5.058478741323668e-01	3.000000000000000e-06	3.000000000000000e-05
6.810824e+07	9.565328886476341e-01	5.083266380998483e-01	3.000000000000000e-06	3.000000000000000e-05
6.935821e+07	9.612174752470042e-01	5.108175272303634e-01	3.000000000000000e-06	3.000000000000000e-05
7.063124e+07	9.659249976036602e-01	5.133206009319516e-01	3.000000000000000e-06	3.000000000000000e-05
7.192775e+07	9.706555679899727e-01	5.158359189031592e-01	3.000000000000000e-06	3.000000000000000e-05
7.324817e+07	9.754092992278453e-01	5.183635411344625e-01	3.000000000000000e-06	3.000000000000000e-05
7.459295e+07	9.801863046914050e-01	5.209035279096982e-01	3.000000000000000e-06	3.000000000000000e-05
7.596254e+07	9.849866983097045e-01	5.234559398075008e-01	3.000000000000000e-06	3.000000000000000e-05
7.735739e+07	9.898105945694380e-01	5.260208377027462e-01	3.000000000000000e-06	3.000000000000000e-05
7.877798e+07	9.946581085176702e-01	5.285982827680031e-01	3.000000000000000e-06	3.000000000000000e-05
8.022479e+07	9.995293557645792e-01	5.311883364749918e-01	3.000000000000000e-06	3.000000000000000e-05
8.169830e+07	1.004424452486212e+00	5.337910605960487e-01	3.000000000000000e-06	3.000000000000000e-05
8.319900e+07	1.009343515427255e+00	5.364065172056003e-01	3.000000000000000e-06	3.000000000000000e-05
8.472740e+07	1.014286661903816e+00	5.390347686816417e-01	3.000000000000000e-06	3.000000000000000e-05
8.628401e+07	1.019254009806219e+00	5.416758777072245e-01	3.000000000000000e-06	3.000000000000000e-05
8.786936e+07	1.024245677601819e+00	5.443299072719506e-01	3.000000000000000e-06	3.000000000000000e-05
8.948397e+07	1.029261784337822e+00	5.469969206734746e-01	3.000000000000000e-06	3.000000000000000e-05
9.112840e+07	1.034302449644126e+00	5.496769815190119e-01	3.000000000000000e-06	3.000000000000000e-05
9.280319e+07	1.039367793736169e+00	5.523701537268556e-01	3.000000000000000e-06	3.000000000000000e-05
9.450890e+07	1.044457937417798e+00	5.550765015279001e-01	3.000000000000000e-06	3.000000000000000e-05
9.624612e+07	1.049573002084148e+00	5.577960894671723e-01	3.000000000000000e-06	3.000000000000000e-05
9.801542e+07	1.054713109724534e+00	5.605289824053706e-01	3.000000000000000e-06	3.000000000000000e-05
9.981739e+07	1.059878382925362e+00	5.632752455204105e-01	3.000000000000000e-06	3.000000000000000e-05
1.000000e+08	1.060395974236979e+00	5.635504368100863e-01	3.000000000000000e-06	3.000000000000000e-05
1.018692e+08	1.065675122629827e+00	5.663572338780820e-01	3.000000000000000e-06	3.000000000000000e-05
1.037418e+08	1.070892489859706e+00	5.691311735188008e-01	3.000000000000000e-06	3.000000000000000e-05
1.056495e+08	1.076137004717071e+00	5.719195371566295e-01	3.000000000000000e-06	3.000000000000000e-05
1.075925e+08	1.081407166850072e+00	5.747215270920594e-01	3.000000000000000e-06	3.000000000000000e-05
1.095714e+08	1.086703131702406e+00	5.775372259711332e-01	3.000000000000000e-06	3.000000000000000e-05
1.115869e+08	1.092025025031717e+00	5.803667006563658e-01	3.000000000000000e-06	3.000000000000000e-05
1.136396e+08	1.097372973768606e+00	5.832100186336664e-01	3.000000000000000e-06	3.000000000000000e-05
1.157303e+08	1.102747105454746e+00	5.860672477135953e-01	3.000000000000000e-06	3.000000000000000e-05
1.178595e+08	1.108147548256254e+00	5.889384560384793e-01	3.000000000000000e-06	3.000000000000000e-05
1.200282e+08	1.113574430966569e+00	5.918237120839349e-01	3.000000000000000e-06	3.000000000000000e-05
1.222369e+08	1.119027883009517e+00	5.947230846605026e-01	3.000000000000000e-06	3.000000000000000e-05
1.244865e+08	1.124508034442398e+00	5.976366429152872e-01	3.000000000000000e-06	3.000000000000000e-05
1.267777e+08	1.130015015959088e+00	6.005644563336056e-01	3.000000000000000e-06	3.000000000000000e-05
1.291112e+08	1.135548958893155e+00	6.035065947406439e-01	3.000000000000000e-06	3.000000000000000e-05
1.314879e+08	1.141109995220984e+00	6.064631283031211e-01	3.000000000000000e-06	3.000000000000000e-05
1.339085e+08	1.146698257564932e+00	6.094341275309622e-01	3.000000000000000e-06	3.000000000000000e-05
1.363739e+08	1.152313879196481e+00	6.124196632789787e-01	3.000000000000000e-06	3.000000000000000e-05
1.388849e+08	1.157956994039419e+00	6.154198067485581e-01	3.000000000000000e-06	3.000000000000000e-05
1.414424e+08	1.163627736673033e+00	6.184346294893608e-01	3.000000000000000e-06	3.000000000000000e-05
1.440471e+08	1.169326242335315e+00	6.214642034010258e-01	3.000000000000000e-06	3.000000000000000e-05
1.467001e+08	1.175052646926186e+00	6.245086007348849e-01	3.000000000000000e-06	3.000000000000000e-05
1.494021e+08	1.180807087010738e+00	6.275678940956849e-01	3.000000000000000e-06	3.000000000000000e-05
1.521541e+08	1.186589699822487e+00	6.306421564433183e-01	3.000000000000000e-06	3.000000000000000e-05
1.549571e+08	1.192400623266642e+00	6.337314610945627e-01	3.000000000000000e-06	3.000000000000000e-05
1.578119e+08	1.198239995923400e+00	6.368358817248283e-01	3.000000000000000e-06	3.000000000000000e-05
1.607195e+08	1.204107957051240e+00	6.399554923699146e-01	3.000000000000000e-06	3.000000000000000e-05
1.636810e+08	1.210004646590251e+00	6.430903674277750e-01	3.000000000000000e-06	3.000000000000000e-05
1.666973e+08	1.215930205165461e+00	6.462405816602904e-01	3.000000000000000e-06	3.000000000000000e-05
1.697694e+08	1.221884774090194e+00	6.494062101950515e-01	3.000000000000000e-06	3.000000000000000e-05
1.728984e+08	1.227868495369437e+00	6.525873285271496e-01	3.000000000000000e-06	3.000000000000000e-05
1.760853e+08	1.233881511703223e+00	6.557840125209762e-01	3.000000000000000e-06	3.000000000000000e-05
1.793312e+08	1.239923966490037e+00	6.589963384120316e-01	3.000000000000000e-06	3.000000000000000e-05
1.826372e+08	1.245996003830228e+00	6.622243828087422e-01	3.000000000000000e-06	3.000000000000000e-05
1.860045e+08	1.252097768529451e+00	6.654682226942868e-01	3.000000000000000e-06	3.000000000000000e-05
1.894341e+08	1.258229406102115e+00	6.687279354284316e-01	3.000000000000000e-06	3.000000000000000e-05
1.929272e+08	1.264391062774850e+00	6.720035987493742e-01	3.000000000000000e-06	3.000000000000000e-05
1.964850e+08	1.270582885489997e+00	6.752952907755970e-01	3.000000000000000e-06	3.000000000000000e-05
2.001087e+08	1.276805021909108e+00	6.786030900077296e-01	3.000000000000000e-06	3.000000000000000e-05
2.037995e+08	1.283057620416466e+00	6.819270753304191e-01	3.000000000000000e-06	3.000000000000000e-05
2.075588e+08	1.289340830122623e+00	6.852673260142118e-01	3.000000000000000e-06	3.000000000000000e-05
2.113876e+08	1.295654800867952e+00	6.886239217174422e-01	3.000000000000000e-06	3.000000000000000e-05
2.152874e+08	1.301999683226224e+00	6.919969424881319e-01	3.000000000000000e-06	3.000000000000000e-05
2.192595e+08	1.308375628508193e+00	6.953864687658979e-01	3.000000000000000e-06	3.000000000000000e-05
2.233052e+08	1.314782788765201e+00	6.987925813838701e-01	3.000000000000000e-06	3.000000000000000e-05
2.274258e+08	1.321221316792809e+00	7.022153615706184e-01	3.000000000000000e-06	3.000000000000000e-05
2.316228e+08	1.327691366134433e+00	7.056548909520882e-01	3.000000000000000e-06	3.000000000000000e-05
2.358976e+08	1.334193091085008e+00	7.091112515535476e-01	3.000000000000000e-06	3.000000000000000e-05
2.402517e+08	1.340726646694665e+00	7.125845258015413e-01	3.000000000000000e-06	3.000000000000000e-05
2.446864e+08	1.347292188772425e+00	7.160747965258564e-01	3.000000000000000e-06	3.000000000000000e-05
2.492034e+08	1.353889873889915e+00	7.195821469614962e-01	3.000000000000000e-06	3.000000000000000e-05
2.538041e+08	1.360519859385101e+00	7.231066607506652e-01	3.000000000000000e-06	3.000000000000000e-05
2.584902e+08	1.367182303366035e+00	7.266484219447620e-01	3.000000000000000e-06	3.000000000000000e-05
2.632631e+08	1.373877364714629e+00	7.302075150063834e-01	3.000000000000000e-06	3.000000000000000e-05
2.681245e+08	1.380605203090438e+00	7.337840248113379e-01	3.000000000000000e-06	3.000000000000000e-05
2.730761e+08	1.387365978934467e+00	7.373780366506685e-01	3.000000000000000e-06	3.000000000000000e-05
2.781195e+08	1.394159853472997e+00	7.409896362326862e-01	3.000000000000000e-06	3.000000000000000e-05
2.832565e+08	1.400986988721424e+00	7.446189096850131e-01	3.000000000000000e-06	3.000000000000000e-05
2.884887e+08	1.407847547488128e+00	7.482659435566352e-01	3.000000000000000e-06	3.000000000000000e-05
2.938180e+08	1.414741693378346e+00	7.519308248199659e-01	3.000000000000000e-06	3.000000000000000e-05
2.992462e+08	1.421669590798079e+00	7.556136408729186e-01	3.000000000000000e-06	3.000000000000000e-05
3.047751e+08	1.428631404958005e+00	7.593144795409906e-01	3.000000000000000e-06	3.000000000000000e-05
3.104066e+08	1.435627301877421e+00	7.630334290793566e-01	3.000000000000000e-06	3.000000000000000e-05
3.161425e+08	1.442657448388198e+00	7.667705781749722e-01	3.000000000000000e-06	3.000000000000000e-05
3.219849e+08	1.449722012138760e+00	7.705260159486881e-01	3.000000000000000e-06	3.000000000000000e-05
3.279358e+08	1.456821161598080e+00	7.742998319573748e-01	3.000000000000000e-06	3.000000000000000e-05
3.339971e+08	1.463955066059692e+00	7.780921161960568e-01	3.000000000000000e-06	3.000000000000000e-05
3.401708e+08	1.471123895645731e+00	7.819029591000582e-01	3.000000000000000e-06	3.000000000000000e-05
3.464592e+08	1.478327821310988e+00	7.857324515471589e-01	3.000000000000000e-06	3.000000000000000e-05
3.528643e+08	1.485567014846982e+00	7.895806848597597e-01	3.000000000000000e-06	3.000000000000000e-05
3.593883e+08	1.492841648886056e+00	7.934477508070605e-01	3.000000000000000e-06	3.000000000000000e-05
3.660335e+08	1.500151896905494e+00	7.973337416072469e-01	3.000000000000000e-06	3.000000000000000e-05
3.728020e+08	1.507497933231653e+00	8.012387499296888e-01	3.000000000000000e-06	3.000000000000000e-05
3.796962e+08	1.514879933044123e+00	8.051628688971494e-01	3.000000000000000e-06	3.000000000000000e-05
3.867184e+08	1.522298072379897e+00	8.091061920880049e-01	3.000000000000000e-06	3.000000000000000e-05
3.938710e+08	1.529752528137571e+00	8.130688135384752e-01	3.000000000000000e-06	3.000000000000000e-05
4.011565e+08	1.537243478081560e+00	8.170508277448654e-01	3.000000000000000e-06	3.000000000000000e-05
4.085773e+08	1.544771100846335e+00	8.210523296658182e-01	3.000000000000000e-06	3.000000000000000e-05
4.161359e+08	1.552335575940681e+00	8.250734147245781e-01	3.000000000000000e-06	3.000000000000000e-05
4.238349e+08	1.559937083751977e+00	8.291141788112648e-01	3.000000000000000e-06	3.000000000000000e-05
4.316770e+08	1.567575805550492e+00	8.331747182851604e-01	3.000000000000000e-06	3.000000000000000e-05
4.396647e+08	1.575251923493713e+00	8.372551299770050e-01	3.000000000000000e-06	3.000000000000000e-05
4.478009e+08	1.582965620630680e+00	8.413555111913058e-01	3.000000000000000e-06	3.000000000000000e-05
4.560882e+08	1.590717080906352e+00	8.454759597086561e-01	3.000000000000000e-06	3.000000000000000e-05
4.645295e+08	1.598506489165993e+00	8.496165737880661e-01	3.000000000000000e-06	3.000000000000000e-05
4.731277e+08	1.606334031159576e+00	8.537774521693053e-01	3.000000000000000e-06	3.000000000000000e-05
4.818857e+08	1.614199893546212e+00	8.579586940752560e-01	3.000000000000000e-06	3.000000000000000e-05
4.908064e+08	1.622104263898599e+00	8.621603992142788e-01	3.000000000000000e-06	3.000000000000000e-05
4.998930e+08	1.630047330707492e+00	8.663826677825885e-01	3.000000000000000e-06	3.000000000000000e-05
5.091484e+08	1.638029283386198e+00	8.706256004666437e-01	3.000000000000000e-06	3.000000000000000e-05
5.185759e+08	1.646050312275090e+00	8.748892984455459e-01	3.000000000000000e-06	3.000000000000000e-05
5.281787e+08	1.654110608646142e+00	8.791738633934513e-01	3.000000000000000e-06	3.000000000000000e-05
5.379600e+08	1.662210364707492e+00	8.834793974819951e-01	3.000000000000000e-06	3.000000000000000e-05
5.479231e+08	1.670349773608023e+00	8.878060033827265e-01	3.000000000000000e-06	3.000000000000000e-05
5.580715e+08	1.678529029441962e+00	8.921537842695560e-01	3.000000000000000e-06	3.000000000000000e-05
5.684087e+08	1.686748327253514e+00	8.965228438212148e-01	3.000000000000000e-06	3.000000000000000e-05
5.789380e+08	1.695007863041506e+00	9.009132862237262e-01	3.000000000000000e-06	3.000000000000000e-05
5.896632e+08	1.703307833764059e+00	9.053252161728893e-01	3.000000000000000e-06	3.000000000000000e-05
6.005879e+08	1.711648437343288e+00	9.097587388767739e-01	3.000000000000000e-06	3.000000000000000e-05
6.117157e+08	1.720029872670012e+00	9.142139600582294e-01	3.000000000000000e-06	3.000000000000000e-05
6.230505e+08	1.728452339608501e+00	9.186909859574037e-01	3.000000000000000e-06	3.000000000000000e-05
6.345962e+08	1.736916039001238e+00	9.231899233342765e-01	3.000000000000000e-06	3.000000000000000e-05
6.463567e+08	1.745421172673706e+00	9.277108794712038e-01	3.000000000000000e-06	3.000000000000000e-05
6.583360e+08	1.753967943439197e+00	9.322539621754750e-01	3.000000000000000e-06	3.000000000000000e-05
6.705382e+08	1.762556555103652e+00	9.368192797818830e-01	3.000000000000000e-06	3.000000000000000e-05
6.829674e+08	1.771187212470513e+00	9.414069411553059e-01	3.000000000000000e-06	3.000000000000000e-05
6.956279e+08	1.779860121345607e+00	9.460170556933031e-01	3.000000000000000e-06	3.000000000000000e-05
7.085240e+08	1.788575488542053e+00	9.506497333287217e-01	3.000000000000000e-06	3.000000000000000e-05
7.216601e+08	1.797333521885191e+00	9.553050845323178e-01	3.000000000000000e-06	3.000000000000000e-05
7.350407e+08	1.806134430217533e+00	9.599832203153892e-01	3.000000000000000e-06	3.000000000000000e-05
7.486704e+08	1.814978423403745e+00	9.646842522324220e-01	3.000000000000000e-06	3.000000000000000e-05
7.625538e+08	1.823865712335647e+00	9.694082923837494e-01	3.000000000000000e-06	3.000000000000000e-05
7.766956e+08	1.832796508937242e+00	9.741554534182236e-01	3.000000000000000e-06	3.000000000000000e-05
7.911006e+08	1.841771026169764e+00	9.789258485359014e-01	3.000000000000000e-06	3.000000000000000e-05
8.057739e+08	1.850789478036758e+00	9.837195914907421e-01	3.000000000000000e-06	3.000000000000000e-05
8.207203e+08	1.859852079589177e+00	9.885367965933191e-01	3.000000000000000e-06	3.000000000000000e-05
8.359451e+08	1.868959046930513e+00	9.933775787135449e-01	3.000000000000000e-06	3.000000000000000e-05
8.514533e+08	1.878110597221944e+00	9.982420532834088e-01	3.000000000000000e-06	3.000000000000000e-05
8.672504e+08	1.887306948687512e+00	1.003130336299729e+00	3.000000000000000e-06	3.000000000000000e-05
8.833416e+08	1.896548320619323e+00	1.008042544326916e+00	3.000000000000000e-06	3.000000000000000e-05
8.997326e+08	1.905834933382778e+00	1.012978794499753e+00	3.000000000000000e-06	3.000000000000000e-05
9.164288e+08	1.915167008421820e+00	1.017939204526187e+00	3.000000000000000e-06	3.000000000000000e-05
9.334360e+08	1.924544768264218e+00	1.022923892690136e+00	3.000000000000000e-06	3.000000000000000e-05
9.507601e+08	1.933968436526868e+00	1.027932977854304e+00	3.000000000000000e-06	3.000000000000000e-05
9.684068e+08	1.943438237921122e+00	1.032966579463021e+00	3.000000000000000e-06	3.000000000000000e-05
9.863824e+08	1.952954398258148e+00	1.038024817545082e+00	3.000000000000000e-06	3.000000000000000e-05
1.000000e+09	1.960070737637343e+00	1.041807446412650e+00	3.000000000000000e-06	3.000000000000000e-05
