#t[yr]	ecc	inc	eachmass	totalmass
0.000000e+00	3.000000000000000e-02	1.500000000000000e-02	3.000000000000000e-06	3.000000000000000e-06
1.000000e-03	3.000030853575197e-02	1.500006224785589e-02	3.000000000000000e-06	3.000000000000000e-06
1.000000e-02	3.000308515703617e-02	1.500062246525091e-02	3.000000000000000e-06	3.000000000000000e-06
1.000000e-01	3.003083206170760e-02	1.500622333741103e-02	3.000000000000000e-06	3.000000000000000e-06
5.863659e-01	3.018005796759412e-02	1.503644654886656e-02	3.000000000000000e-06	3.000000000000000e-06
1.000000e+00	3.030512140489527e-02	1.506206494157587e-02	3.000000000000000e-06	3.000000000000000e-06
1.498055e+00	3.045375558159162e-02	1.509281517708820e-02	3.000000000000000e-06	3.000000000000000e-06
2.004556e+00	3.060264153380148e-02	1.512397439439373e-02	3.000000000000000e-06	3.000000000000000e-06
2.521303e+00	3.075224390453742e-02	1.515564685771385e-02	3.000000000000000e-06	3.000000000000000e-06
3.048542e+00	3.090255640657606e-02	1.518784050327601e-02	3.000000000000000e-06	3.000000000000000e-06
3.586564e+00	3.105358212637761e-02	1.522056541855059e-02	3.000000000000000e-06	3.000000000000000e-06
4.135665e+00	3.120532396233722e-02	1.525383186377267e-02	3.000000000000000e-06	3.000000000000000e-06
4.696158e+00	3.135778481608797e-02	1.528765031669608e-02	3.000000000000000e-06	3.000000000000000e-06
5.268361e+00	3.151096758827583e-02	1.532203147640429e-02	3.000000000000000e-06	3.000000000000000e-06
5.852608e+00	3.166487517827624e-02	1.535698626804257e-02	3.000000000000000e-06	3.000000000000000e-06
6.449243e+00	3.181951048382579e-02	1.539252584761586e-02	3.000000000000000e-06	3.000000000000000e-06
7.058623e+00	3.197487640065159e-02	1.542866160686882e-02	3.000000000000000e-06	3.000000000000000e-06
7.681120e+00	3.213097582209749e-02	1.546540517824620e-02	3.000000000000000e-06	3.000000000000000e-06
8.317119e+00	3.228781163874830e-02	1.550276843993182e-02	3.000000000000000e-06	3.000000000000000e-06
8.967019e+00	3.244538673805300e-02	1.554076352096368e-02	3.000000000000000e-06	3.000000000000000e-06
9.631234e+00	3.260370400394844e-02	1.557940280642226e-02	3.000000000000000e-06	3.000000000000000e-06
1.000000e+01	3.269019194755109e-02	1.560075809756254e-02	3.000000000000000e-06	3.000000000000000e-06
1.069416e+01	3.285127700708342e-02	1.564081899570852e-02	3.000000000000000e-06	3.000000000000000e-06
1.139678e+01	3.301146709194586e-02	1.568115228607779e-02	3.000000000000000e-06	3.000000000000000e-06
1.211548e+01	3.317244626363185e-02	1.572218509102804e-02	3.000000000000000e-06	3.000000000000000e-06
1.285060e+01	3.333417985552157e-02	1.576392167792259e-02	3.000000000000000e-06	3.000000000000000e-06
1.360265e+01	3.349667157003277e-02	1.580637616439596e-02	3.000000000000000e-06	3.000000000000000e-06
1.437216e+01	3.365992423993044e-02	1.584956274167289e-02	3.000000000000000e-06	3.000000000000000e-06
1.515970e+01	3.382394071143580e-02	1.589349590308071e-02	3.000000000000000e-06	3.000000000000000e-06
1.596584e+01	3.398872382388986e-02	1.593819044450295e-02	3.000000000000000e-06	3.000000000000000e-06
1.679119e+01	3.415427640995349e-02	1.598366147007226e-02	3.000000000000000e-06	3.000000000000000e-06
1.763637e+01	3.432060129536900e-02	1.602992439772414e-02	3.000000000000000e-06	3.000000000000000e-06
1.850203e+01	3.448770129876911e-02	1.607699496471784e-02	3.000000000000000e-06	3.000000000000000e-06
1.938887e+01	3.465557923152797e-02	1.612488923310123e-02	3.000000000000000e-06	3.000000000000000e-06
2.029758e+01	3.482423789766137e-02	1.617362359509658e-02	3.000000000000000e-06	3.000000000000000e-06
2.122892e+01	3.499368009378341e-02	1.622321477838122e-02	3.000000000000000e-06	3.000000000000000e-06
2.218365e+01	3.516390860912804e-02	1.627367985123328e-02	3.000000000000000e-06	3.000000000000000e-06
2.316259e+01	3.533492622564462e-02	1.632503622750920e-02	3.000000000000000e-06	3.000000000000000e-06
2.416657e+01	3.550673571817778e-02	1.637730167141523e-02	3.000000000000000e-06	3.000000000000000e-06
2.519647e+01	3.567933985474300e-02	1.643049430203050e-02	3.000000000000000e-06	3.000000000000000e-06
2.625323e+01	3.585274139691044e-02	1.648463259753369e-02	3.000000000000000e-06	3.000000000000000e-06
2.733778e+01	3.602694310031113e-02	1.653973539907996e-02	3.000000000000000e-06	3.000000000000000e-06
2.845115e+01	3.620194771528088e-02	1.659582191426759e-02	3.000000000000000e-06	3.000000000000000e-06
2.959438e+01	3.637775798765906e-02	1.665291172012713e-02	3.000000000000000e-06	3.000000000000000e-06
3.076857e+01	3.655437665976115e-02	1.671102476555763e-02	3.000000000000000e-06	3.000000000000000e-06
3.197487e+01	3.673180647154591e-02	1.677018137312536e-02	3.000000000000000e-06	3.000000000000000e-06
3.321447e+01	3.691005016199984e-02	1.683040224013142e-02	3.000000000000000e-06	3.000000000000000e-06
3.448865e+01	3.708911047076448e-02	1.689170843884285e-02	3.000000000000000e-06	3.000000000000000e-06
3.579872e+01	3.726899014003383e-02	1.695412141577094e-02	3.000000000000000e-06	3.000000000000000e-06
3.714605e+01	3.744969191675224e-02	1.701766298986677e-02	3.000000000000000e-06	3.000000000000000e-06
3.853210e+01	3.763121855514594e-02	1.708235534949010e-02	3.000000000000000e-06	3.000000000000000e-06
3.995838e+01	3.781357281962391e-02	1.714822104799205e-02	3.000000000000000e-06	3.000000000000000e-06
4.142649e+01	3.799675748808763e-02	1.721528299773496e-02	3.000000000000000e-06	3.000000000000000e-06
4.293808e+01	3.818077535569183e-02	1.728356446235461e-02	3.000000000000000e-06	3.000000000000000e-06
4.449491e+01	3.836562923910238e-02	1.735308904704996e-02	3.000000000000000e-06	3.000000000000000e-06
4.609881e+01	3.855132198130061e-02	1.742388068666392e-02	3.000000000000000e-06	3.000000000000000e-06
4.775170e+01	3.873785645698704e-02	1.749596363129613e-02	3.000000000000000e-06	3.000000000000000e-06
4.945561e+01	3.892523557864116e-02	1.756936242916369e-02	3.000000000000000e-06	3.000000000000000e-06
5.121265e+01	3.911346230329718e-02	1.764410190640035e-02	3.000000000000000e-06	3.000000000000000e-06
5.302504e+01	3.930253964009914e-02	1.772020714345706e-02	3.000000000000000e-06	3.000000000000000e-06
5.489512e+01	3.949247065870148e-02	1.779770344773860e-02	3.000000000000000e-06	3.000000000000000e-06
5.682534e+01	3.968325849858382e-02	1.787661632208217e-02	3.000000000000000e-06	3.000000000000000e-06
5.881828e+01	3.987490637935047e-02	1.795697142865376e-02	3.000000000000000e-06	3.000000000000000e-06
6.087662e+01	4.006741761208571e-02	1.803879454780954e-02	3.000000000000000e-06	3.000000000000000e-06
6.300322e+01	4.026079561183585e-02	1.812211153144053e-02	3.000000000000000e-06	3.000000000000000e-06
6.520105e+01	4.045504391128691e-02	1.820694825029267e-02	3.000000000000000e-06	3.000000000000000e-06
6.747322e+01	4.065016617570264e-02	1.829333053473056e-02	3.000000000000000e-06	3.000000000000000e-06
6.982302e+01	4.084616621918159e-02	1.838128410839404e-02	3.000000000000000e-06	3.000000000000000e-06
7.225389e+01	4.104304802228196e-02	1.847083451418381e-02	3.000000000000000e-06	3.000000000000000e-06
7.476944e+01	4.124081575105028e-02	1.856200703200704e-02	3.000000000000000e-06	3.000000000000000e-06
7.737344e+01	4.143947377747240e-02	1.865482658772028e-02	3.000000000000000e-06	3.000000000000000e-06
8.006986e+01	4.163902670134288e-02	1.874931765272582e-02	3.000000000000000e-06	3.000000000000000e-06
8.286285e+01	4.183947937352061e-02	1.884550413371404e-02	3.000000000000000e-06	3.000000000000000e-06
8.575675e+01	4.204083692050332e-02	1.894340925210138e-02	3.000000000000000e-06	3.000000000000000e-06
8.875611e+01	4.224310477021164e-02	1.904305541279482e-02	3.000000000000000e-06	3.000000000000000e-06
9.186567e+01	4.244628867882227e-02	1.914446406202532e-02	3.000000000000000e-06	3.000000000000000e-06
9.509040e+01	4.265039475843076e-02	1.924765553413759e-02	3.000000000000000e-06	3.000000000000000e-06
9.843546e+01	4.285542950525562e-02	1.935264888740841e-02	3.000000000000000e-06	3.000000000000000e-06
1.000000e+02	4.294839817713772e-02	1.940087030587148e-02	3.000000000000000e-06	3.000000000000000e-06
1.036021e+02	4.315904174186361e-02	1.951071735305222e-02	3.000000000000000e-06	3.000000000000000e-06
1.072653e+02	4.336624389420166e-02	1.962014669720661e-02	3.000000000000000e-06	3.000000000000000e-06
1.110713e+02	4.357456526405207e-02	1.973151759837160e-02	3.000000000000000e-06	3.000000000000000e-06
1.150232e+02	4.378384356190200e-02	1.984475197333734e-02	3.000000000000000e-06	3.000000000000000e-06
1.191276e+02	4.399409431683141e-02	1.995986197778533e-02	3.000000000000000e-06	3.000000000000000e-06
1.233910e+02	4.420532690869343e-02	2.007685367500434e-02	3.000000000000000e-06	3.000000000000000e-06
1.278202e+02	4.441755153182161e-02	2.019573049863790e-02	3.000000000000000e-06	3.000000000000000e-06
1.324219e+02	4.463077893978884e-02	2.031649290244028e-02	3.000000000000000e-06	3.000000000000000e-06
1.372034e+02	4.484502045739935e-02	2.043913816481642e-02	3.000000000000000e-06	3.000000000000000e-06
1.421719e+02	4.506028797437703e-02	2.056366020051556e-02	3.000000000000000e-06	3.000000000000000e-06
1.473348e+02	4.527659393048358e-02	2.069004939065095e-02	3.000000000000000e-06	3.000000000000000e-06
1.526995e+02	4.549395129061223e-02	2.081829243654905e-02	3.000000000000000e-06	3.000000000000000e-06
1.582735e+02	4.571237350897795e-02	2.094837224348517e-02	3.000000000000000e-06	3.000000000000000e-06
1.640646e+02	4.593187448172417e-02	2.108026784049720e-02	3.000000000000000e-06	3.000000000000000e-06
1.700802e+02	4.615246848755832e-02	2.121395434239215e-02	3.000000000000000e-06	3.000000000000000e-06
1.763281e+02	4.637417011639644e-02	2.134940295971864e-02	3.000000000000000e-06	3.000000000000000e-06
1.828157e+02	4.659699418643407e-02	2.148658106183497e-02	3.000000000000000e-06	3.000000000000000e-06
1.894390e+02	4.681725398168259e-02	2.162315886623374e-02	3.000000000000000e-06	3.000000000000000e-06
1.961735e+02	4.703429140264730e-02	2.175863056710865e-02	3.000000000000000e-06	3.000000000000000e-06
2.030222e+02	4.724839651964055e-02	2.189307867723499e-02	3.000000000000000e-06	3.000000000000000e-06
2.099877e+02	4.745982536989944e-02	2.202657332107899e-02	3.000000000000000e-06	3.000000000000000e-06
2.170726e+02	4.766881753459965e-02	2.215918225766081e-02	3.000000000000000e-06	3.000000000000000e-06
2.242794e+02	4.787559726379647e-02	2.229097086511990e-02	3.000000000000000e-06	3.000000000000000e-06
2.316108e+02	4.808037471996877e-02	2.242200227604671e-02	3.000000000000000e-06	3.000000000000000e-06
2.390696e+02	4.828334708795202e-02	2.255233749701619e-02	3.000000000000000e-06	3.000000000000000e-06
2.466585e+02	4.848469957207287e-02	2.268203551659342e-02	3.000000000000000e-06	3.000000000000000e-06
2.543802e+02	4.868460629438952e-02	2.281115340305774e-02	3.000000000000000e-06	3.000000000000000e-06
2.622375e+02	4.888323110604350e-02	2.293974639298420e-02	3.000000000000000e-06	3.000000000000000e-06
2.702334e+02	4.908072832206335e-02	2.306786797168775e-02	3.000000000000000e-06	3.000000000000000e-06
2.783706e+02	4.927724338855411e-02	2.319556994642116e-02	3.000000000000000e-06	3.000000000000000e-06
2.866522e+02	4.947291349001318e-02	2.332290251311885e-02	3.000000000000000e-06	3.000000000000000e-06
2.950812e+02	4.966786810349617e-02	2.344991431739272e-02	3.000000000000000e-06	3.000000000000000e-06
3.036606e+02	4.986222950548834e-02	2.357665251041069e-02	3.000000000000000e-06	3.000000000000000e-06
3.123935e+02	5.005611323659286e-02	2.370316280022314e-02	3.000000000000000e-06	3.000000000000000e-06
3.212831e+02	5.024962852850769e-02	2.382948949904367e-02	3.000000000000000e-06	3.000000000000000e-06
3.303325e+02	5.044287869721130e-02	2.395567556693950e-02	3.000000000000000e-06	3.000000000000000e-06
3.395451e+02	5.063596150580148e-02	2.408176265234081e-02	3.000000000000000e-06	3.000000000000000e-06
3.489242e+02	5.082896950001856e-02	2.420779112973733e-02	3.000000000000000e-06	3.000000000000000e-06
3.584731e+02	5.102199031912602e-02	2.433380013489372e-02	3.000000000000000e-06	3.000000000000000e-06
3.681952e+02	5.121510698450996e-02	2.445982759788222e-02	3.000000000000000e-06	3.000000000000000e-06
3.780942e+02	5.140839816808668e-02	2.458591027420117e-02	3.000000000000000e-06	3.000000000000000e-06
3.881735e+02	5.160193844237044e-02	2.471208377422066e-02	3.000000000000000e-06	3.000000000000000e-06
3.984369e+02	5.179579851384516e-02	2.483838259117199e-02	3.000000000000000e-06	3.000000000000000e-06
4.088879e+02	5.199004544110252e-02	2.496484012787518e-02	3.000000000000000e-06	3.000000000000000e-06
4.195304e+02	5.218474283904785e-02	2.509148872237781e-02	3.000000000000000e-06	3.000000000000000e-06
4.303682e+02	5.237995107033579e-02	2.521835967265998e-02	3.000000000000000e-06	3.000000000000000e-06
4.414052e+02	5.257572742507322e-02	2.534548326054258e-02	3.000000000000000e-06	3.000000000000000e-06
4.526453e+02	5.277212628971836e-02	2.547288877492006e-02	3.000000000000000e-06	3.000000000000000e-06
4.640928e+02	5.296919930600882e-02	2.560060453442463e-02	3.000000000000000e-06	3.000000000000000e-06
4.757515e+02	5.316699552066643e-02	2.572865790961466e-02	3.000000000000000e-06	3.000000000000000e-06
4.876259e+02	5.336556152655202e-02	2.585707534476857e-02	3.000000000000000e-06	3.000000000000000e-06
4.997201e+02	5.356494159587669e-02	2.598588237935305e-02	3.000000000000000e-06	3.000000000000000e-06
5.120385e+02	5.376517780601796e-02	2.611510366922502e-02	3.000000000000000e-06	3.000000000000000e-06
5.245856e+02	5.396631015843705e-02	2.624476300761642e-02	3.000000000000000e-06	3.000000000000000e-06
5.373659e+02	5.416837669114764e-02	2.637488334594258e-02	3.000000000000000e-06	3.000000000000000e-06
5.503839e+02	5.437141358514582e-02	2.650548681446678e-02	3.000000000000000e-06	3.000000000000000e-06
5.636445e+02	5.457545526517475e-02	2.663659474284649e-02	3.000000000000000e-06	3.000000000000000e-06
5.771523e+02	5.478053449516557e-02	2.676822768058015e-02	3.000000000000000e-06	3.000000000000000e-06
5.909123e+02	5.498668246866766e-02	2.690040541736740e-02	3.000000000000000e-06	3.000000000000000e-06
6.049294e+02	5.519392889455570e-02	2.703314700339077e-02	3.000000000000000e-06	3.000000000000000e-06
6.192086e+02	5.540230207827916e-02	2.716647076952157e-02	3.000000000000000e-06	3.000000000000000e-06
6.337551e+02	5.561182899889898e-02	2.730039434744915e-02	3.000000000000000e-06	3.000000000000000e-06
6.485742e+02	5.582253538213880e-02	2.743493468972891e-02	3.000000000000000e-06	3.000000000000000e-06
6.636712e+02	5.603444576966202e-02	2.757010808974115e-02	3.000000000000000e-06	3.000000000000000e-06
6.790515e+02	5.624758358477145e-02	2.770593020155050e-02	3.000000000000000e-06	3.000000000000000e-06
6.947207e+02	5.646197119471569e-02	2.784241605965340e-02	3.000000000000000e-06	3.000000000000000e-06
7.106844e+02	5.667762996977461e-02	2.797958009859912e-02	3.000000000000000e-06	3.000000000000000e-06
7.269484e+02	5.689458033928599e-02	2.811743617246867e-02	3.000000000000000e-06	3.000000000000000e-06
7.435184e+02	5.711284184476582e-02	2.825599757419458e-02	3.000000000000000e-06	3.000000000000000e-06
7.604005e+02	5.733243319026651e-02	2.839527705470415e-02	3.000000000000000e-06	3.000000000000000e-06
7.776008e+02	5.755337229010885e-02	2.853528684186785e-02	3.000000000000000e-06	3.000000000000000e-06
7.951254e+02	5.777567631411707e-02	2.867603865923489e-02	3.000000000000000e-06	3.000000000000000e-06
8.129805e+02	5.799936173047933e-02	2.881754374453749e-02	3.000000000000000e-06	3.000000000000000e-06
8.311727e+02	5.822444434635012e-02	2.895981286794612e-02	3.000000000000000e-06	3.000000000000000e-06
8.497084e+02	5.845093934630537e-02	2.910285635005817e-02	3.000000000000000e-06	3.000000000000000e-06
8.685943e+02	5.867886132875599e-02	2.924668407960311e-02	3.000000000000000e-06	3.000000000000000e-06
8.878372e+02	5.890822434042035e-02	2.939130553084828e-02	3.000000000000000e-06	3.000000000000000e-06
9.074439e+02	5.913904190895204e-02	2.953672978068997e-02	3.000000000000000e-06	3.000000000000000e-06
9.274214e+02	5.937132707381467e-02	2.968296552541563e-02	3.000000000000000e-06	3.000000000000000e-06
9.477770e+02	5.960509241549145e-02	2.983002109712429e-02	3.000000000000000e-06	3.000000000000000e-06
9.685178e+02	5.984035008311344e-02	2.997790447979306e-02	3.000000000000000e-06	3.000000000000000e-06
9.896513e+02	6.007711182058664e-02	3.012662332497913e-02	3.000000000000000e-06	3.000000000000000e-06
1.000000e+03	6.019174117500162e-02	3.019859234971662e-02	3.000000000000000e-06	3.000000000000000e-06
1.021942e+03	6.043308252969484e-02	3.035002485913400e-02	3.000000000000000e-06	3.000000000000000e-06
1.044082e+03	6.067359589255521e-02	3.050082946209362e-02	3.000000000000000e-06	3.000000000000000e-06
1.066647e+03	6.091569591126298e-02	3.065252160455158e-02	3.000000000000000e-06	3.000000000000000e-06
1.089639e+03	6.115934760164442e-02	3.080507929589759e-02	3.000000000000000e-06	3.000000000000000e-06
1.113067e+03	6.140456173128489e-02	3.095850916289484e-02	3.000000000000000e-06	3.000000000000000e-06
1.136939e+03	6.165134793576239e-02	3.111281704956157e-02	3.000000000000000e-06	3.000000000000000e-06
1.161263e+03	6.189971561745235e-02	3.126800858254631e-02	3.000000000000000e-06	3.000000000000000e-06
1.186049e+03	6.214967394504611e-02	3.142408917313010e-02	3.000000000000000e-06	3.000000000000000e-06
1.211305e+03	6.240123186906795e-02	3.158106402939916e-02	3.000000000000000e-06	3.000000000000000e-06
1.237039e+03	6.265439813623033e-02	3.173893816781306e-02	3.000000000000000e-06	3.000000000000000e-06
1.263262e+03	6.290918130299751e-02	3.189771642437374e-02	3.000000000000000e-06	3.000000000000000e-06
1.289981e+03	6.316558974839598e-02	3.205740346539526e-02	3.000000000000000e-06	3.000000000000000e-06
1.317208e+03	6.342363168611392e-02	3.221800379787907e-02	3.000000000000000e-06	3.000000000000000e-06
1.344950e+03	6.368331517592986e-02	3.237952177949995e-02	3.000000000000000e-06	3.000000000000000e-06
1.373219e+03	6.394464813450842e-02	3.254196162820875e-02	3.000000000000000e-06	3.000000000000000e-06
1.402023e+03	6.420763834559957e-02	3.270532743145862e-02	3.000000000000000e-06	3.000000000000000e-06
1.431374e+03	6.447229346967522e-02	3.286962315506176e-02	3.000000000000000e-06	3.000000000000000e-06
1.461280e+03	6.473862105303578e-02	3.303485265168470e-02	3.000000000000000e-06	3.000000000000000e-06
1.491754e+03	6.500662853641755e-02	3.320101966899002e-02	3.000000000000000e-06	3.000000000000000e-06
1.522805e+03	6.527632326312960e-02	3.336812785743325e-02	3.000000000000000e-06	3.000000000000000e-06
1.554444e+03	6.554771248674782e-02	3.353618077772368e-02	3.000000000000000e-06	3.000000000000000e-06
1.586683e+03	6.582080337839218e-02	3.370518190795840e-02	3.000000000000000e-06	3.000000000000000e-06
1.619532e+03	6.609560303361146e-02	3.387513465043870e-02	3.000000000000000e-06	3.000000000000000e-06
1.653003e+03	6.637211847889872e-02	3.404604233817869e-02	3.000000000000000e-06	3.000000000000000e-06
1.687108e+03	6.665035667785926e-02	3.421790824111545e-02	3.000000000000000e-06	3.000000000000000e-06
1.721858e+03	6.693032453705168e-02	3.439073557203066e-02	3.000000000000000e-06	3.000000000000000e-06
1.757266e+03	6.721202891152130e-02	3.456452749219346e-02	3.000000000000000e-06	3.000000000000000e-06
1.793344e+03	6.749547661004431e-02	3.473928711673419e-02	3.000000000000000e-06	3.000000000000000e-06
1.830104e+03	6.778067440009969e-02	3.491501751975890e-02	3.000000000000000e-06	3.000000000000000e-06
1.867558e+03	6.806762901258513e-02	3.509172173921405e-02	3.000000000000000e-06	3.000000000000000e-06
1.905721e+03	6.835634714629200e-02	3.526940278151131e-02	3.000000000000000e-06	3.000000000000000e-06
1.944605e+03	6.864683547215389e-02	3.544806362592147e-02	3.000000000000000e-06	3.000000000000000e-06
1.984223e+03	6.893910063728174e-02	3.562770722874715e-02	3.000000000000000e-06	3.000000000000000e-06
2.024589e+03	6.923314926879866e-02	3.580833652728312e-02	3.000000000000000e-06	3.000000000000000e-06
2.065718e+03	6.952898797748563e-02	3.598995444357329e-02	3.000000000000000e-06	3.000000000000000e-06
2.107622e+03	6.982662336124983e-02	3.617256388797311e-02	3.000000000000000e-06	3.000000000000000e-06
2.150317e+03	7.012606200842546e-02	3.635616776252591e-02	3.000000000000000e-06	3.000000000000000e-06
2.193816e+03	7.042731050091723e-02	3.654076896416124e-02	3.000000000000000e-06	3.000000000000000e-06
2.238136e+03	7.073037541719530e-02	3.672637038772363e-02	3.000000000000000e-06	3.000000000000000e-06
2.283290e+03	7.103526333515059e-02	3.691297492883926e-02	3.000000000000000e-06	3.000000000000000e-06
2.329295e+03	7.134198083481831e-02	3.710058548662818e-02	3.000000000000000e-06	3.000000000000000e-06
2.376166e+03	7.165053450097729e-02	3.728920496626949e-02	3.000000000000000e-06	3.000000000000000e-06
2.423919e+03	7.196093092563217e-02	3.747883628142633e-02	3.000000000000000e-06	3.000000000000000e-06
2.472571e+03	7.227317671038520e-02	3.766948235653769e-02	3.000000000000000e-06	3.000000000000000e-06
2.522137e+03	7.258727846870357e-02	3.786114612898334e-02	3.000000000000000e-06	3.000000000000000e-06
2.572634e+03	7.290324282808840e-02	3.805383055112834e-02	3.000000000000000e-06	3.000000000000000e-06
2.624080e+03	7.322107643215064e-02	3.824753859225309e-02	3.000000000000000e-06	3.000000000000000e-06
2.676492e+03	7.354078594259901e-02	3.844227324037464e-02	3.000000000000000e-06	3.000000000000000e-06
2.729888e+03	7.386237804114480e-02	3.863803750396493e-02	3.000000000000000e-06	3.000000000000000e-06
2.784286e+03	7.418585943132802e-02	3.883483441357104e-02	3.000000000000000e-06	3.000000000000000e-06
2.839704e+03	7.451123684026900e-02	3.903266702334281e-02	3.000000000000000e-06	3.000000000000000e-06
2.896160e+03	7.483851702034948e-02	3.923153841247234e-02	3.000000000000000e-06	3.000000000000000e-06
2.953674e+03	7.516770675082680e-02	3.943145168655016e-02	3.000000000000000e-06	3.000000000000000e-06
3.012265e+03	7.549881283938474e-02	3.963240997884244e-02	3.000000000000000e-06	3.000000000000000e-06
3.071953e+03	7.583184212362400e-02	3.983441645149339e-02	3.000000000000000e-06	3.000000000000000e-06
3.132758e+03	7.616680147249580e-02	4.003747429665680e-02	3.000000000000000e-06	3.000000000000000e-06
3.194699e+03	7.650369778768094e-02	4.024158673756063e-02	3.000000000000000e-06	3.000000000000000e-06
3.257798e+03	7.684253800491739e-02	4.044675702950801e-02	3.000000000000000e-06	3.000000000000000e-06
3.322076e+03	7.718332909527867e-02	4.065298846081837e-02	3.000000000000000e-06	3.000000000000000e-06
3.387554e+03	7.752607806640553e-02	4.086028435371166e-02	3.000000000000000e-06	3.000000000000000e-06
3.454254e+03	7.787079196369311e-02	4.106864806513891e-02	3.000000000000000e-06	3.000000000000000e-06
3.522199e+03	7.821747787143550e-02	4.127808298756194e-02	3.000000000000000e-06	3.000000000000000e-06
3.591410e+03	7.856614291392999e-02	4.148859254968513e-02	3.000000000000000e-06	3.000000000000000e-06
3.661911e+03	7.891679425654249e-02	4.170018021714166e-02	3.000000000000000e-06	3.000000000000000e-06
3.733725e+03	7.926943910673606e-02	4.191284949313692e-02	3.000000000000000e-06	3.000000000000000e-06
3.806876e+03	7.962408471506421e-02	4.212660391905119e-02	3.000000000000000e-06	3.000000000000000e-06
3.881388e+03	7.998073837613040e-02	4.234144707500417e-02	3.000000000000000e-06	3.000000000000000e-06
3.957287e+03	8.033940742951513e-02	4.255738258038302e-02	3.000000000000000e-06	3.000000000000000e-06
4.034596e+03	8.070009926067231e-02	4.277441409433638e-02	3.000000000000000e-06	3.000000000000000e-06
4.113341e+03	8.106282130179583e-02	4.299254531623576e-02	3.000000000000000e-06	3.000000000000000e-06
4.193549e+03	8.142758103265774e-02	4.321177998610655e-02	3.000000000000000e-06	3.000000000000000e-06
4.275246e+03	8.179438598141923e-02	4.343212188503000e-02	3.000000000000000e-06	3.000000000000000e-06
4.358459e+03	8.216324372541549e-02	4.365357483551800e-02	3.000000000000000e-06	3.000000000000000e-06
4.443214e+03	8.253416189191534e-02	4.387614270186193e-02	3.000000000000000e-06	3.000000000000000e-06
4.529541e+03	8.290714815885690e-02	4.409982939045731e-02	3.000000000000000e-06	3.000000000000000e-06
4.617467e+03	8.328221025555996e-02	4.432463885010533e-02	3.000000000000000e-06	3.000000000000000e-06
4.707021e+03	8.365935596341614e-02	4.455057507229268e-02	3.000000000000000e-06	3.000000000000000e-06
4.798232e+03	8.403859311655770e-02	4.477764209145092e-02	3.000000000000000e-06	3.000000000000000e-06
4.891131e+03	8.441992960250556e-02	4.500584398519646e-02	3.000000000000000e-06	3.000000000000000e-06
4.985747e+03	8.480337336279770e-02	4.523518487455223e-02	3.000000000000000e-06	3.000000000000000e-06
5.082112e+03	8.518893239359827e-02	4.546566892415219e-02	3.000000000000000e-06	3.000000000000000e-06
5.180257e+03	8.557661474628855e-02	4.569730034242955e-02	3.000000000000000e-06	3.000000000000000e-06
5.280214e+03	8.596642852803998e-02	4.593008338178968e-02	3.000000000000000e-06	3.000000000000000e-06
5.382016e+03	8.635838190237037e-02	4.616402233876847e-02	3.000000000000000e-06	3.000000000000000e-06
5.485695e+03	8.675248308968352e-02	4.639912155417725e-02	3.000000000000000e-06	3.000000000000000e-06
5.591286e+03	8.714874036779310e-02	4.663538541323471e-02	3.000000000000000e-06	3.000000000000000e-06
5.698823e+03	8.754716207243135e-02	4.687281834568691e-02	3.000000000000000e-06	3.000000000000000e-06
5.808341e+03	8.794775659774297e-02	4.711142482591578e-02	3.000000000000000e-06	3.000000000000000e-06
5.919875e+03	8.835053239676501e-02	4.735120937303706e-02	3.000000000000000e-06	3.000000000000000e-06
6.033461e+03	8.875549798189304e-02	4.759217655098819e-02	3.000000000000000e-06	3.000000000000000e-06
6.149137e+03	8.916266192533429e-02	4.783433096860666e-02	3.000000000000000e-06	3.000000000000000e-06
6.266940e+03	8.957203285954800e-02	4.807767727969976e-02	3.000000000000000e-06	3.000000000000000e-06
6.386907e+03	8.998361947767383e-02	4.832222018310582e-02	3.000000000000000e-06	3.000000000000000e-06
6.509078e+03	9.039743053394837e-02	4.856796442274781e-02	3.000000000000000e-06	3.000000000000000e-06
6.633492e+03	9.081347484411040e-02	4.881491478767976e-02	3.000000000000000e-06	3.000000000000000e-06
6.760190e+03	9.123176128579541e-02	4.906307611212622e-02	3.000000000000000e-06	3.000000000000000e-06
6.889212e+03	9.165229879891958e-02	4.931245327551567e-02	3.000000000000000e-06	3.000000000000000e-06
7.020600e+03	9.207509638605375e-02	4.956305120250783e-02	3.000000000000000e-06	3.000000000000000e-06
7.154396e+03	9.250016311278776e-02	4.981487486301567e-02	3.000000000000000e-06	3.000000000000000e-06
7.290643e+03	9.292750810808553e-02	5.006792927222228e-02	3.000000000000000e-06	3.000000000000000e-06
7.429385e+03	9.335714056463119e-02	5.032221949059315e-02	3.000000000000000e-06	3.000000000000000e-06
7.570667e+03	9.378906973916680e-02	5.057775062388405e-02	3.000000000000000e-06	3.000000000000000e-06
7.714534e+03	9.422330495282165e-02	5.083452782314499e-02	3.000000000000000e-06	3.000000000000000e-06
7.861032e+03	9.465985559143397e-02	5.109255628472057e-02	3.000000000000000e-06	3.000000000000000e-06
8.010209e+03	9.509873110586495e-02	5.135184125024695e-02	3.000000000000000e-06	3.000000000000000e-06
8.162112e+03	9.553994101230558e-02	5.161238800664587e-02	3.000000000000000e-06	3.000000000000000e-06
8.316790e+03	9.598349489257667e-02	5.187420188611590e-02	3.000000000000000e-06	3.000000000000000e-06
8.474293e+03	9.642940239442227e-02	5.213728826612127e-02	3.000000000000000e-06	3.000000000000000e-06
8.634670e+03	9.687767323179672e-02	5.240165256937850e-02	3.000000000000000e-06	3.000000000000000e-06
8.797974e+03	9.732831718514584e-02	5.266730026384106e-02	3.000000000000000e-06	3.000000000000000e-06
8.964256e+03	9.778134410168234e-02	5.293423686268246e-02	3.000000000000000e-06	3.000000000000000e-06
9.133569e+03	9.823676389565576e-02	5.320246792427770e-02	3.000000000000000e-06	3.000000000000000e-06
9.305969e+03	9.869458654861742e-02	5.347199905218368e-02	3.000000000000000e-06	3.000000000000000e-06
9.481509e+03	9.915482210968016e-02	5.374283589511843e-02	3.000000000000000e-06	3.000000000000000e-06
9.660246e+03	9.961748069577379e-02	5.401498414693958e-02	3.000000000000000e-06	3.000000000000000e-06
9.842238e+03	1.000825724918959e-01	5.428844954662221e-02	3.000000000000000e-06	3.000000000000000e-06
1.000000e+04	1.004807584396085e-01	5.452248536538268e-02	3.000000000000000e-06	3.000000000000000e-06
1.018867e+04	1.009516350013520e-01	5.479914073553142e-02	3.000000000000000e-06	3.000000000000000e-06
1.038027e+04	1.014237065684263e-01	5.507638489442909e-02	3.000000000000000e-06	3.000000000000000e-06
1.057535e+04	1.018982741384172e-01	5.535498215585043e-02	3.000000000000000e-06	3.000000000000000e-06
1.077398e+04	1.023753249603235e-01	5.563492481436112e-02	3.000000000000000e-06	3.000000000000000e-06
1.097622e+04	1.028548700362335e-01	5.591621912051215e-02	3.000000000000000e-06	3.000000000000000e-06
1.118214e+04	1.033369200120382e-01	5.619887111895556e-02	3.000000000000000e-06	3.000000000000000e-06
1.139179e+04	1.038214856119596e-01	5.648288690355710e-02	3.000000000000000e-06	3.000000000000000e-06
1.160524e+04	1.043085776308308e-01	5.676827261282091e-02	3.000000000000000e-06	3.000000000000000e-06
1.182257e+04	1.047982069343591e-01	5.705503442998488e-02	3.000000000000000e-06	3.000000000000000e-06
1.204384e+04	1.052903844592588e-01	5.734317858302761e-02	3.000000000000000e-06	3.000000000000000e-06
1.226912e+04	1.057851212133975e-01	5.763271134467378e-02	3.000000000000000e-06	3.000000000000000e-06
1.249849e+04	1.062824282759519e-01	5.792363903239699e-02	3.000000000000000e-06	3.000000000000000e-06
1.273201e+04	1.067823167975703e-01	5.821596800842083e-02	3.000000000000000e-06	3.000000000000000e-06
1.296976e+04	1.072847980005428e-01	5.850970467971879e-02	3.000000000000000e-06	3.000000000000000e-06
1.321182e+04	1.077898831789759e-01	5.880485549801347e-02	3.000000000000000e-06	3.000000000000000e-06
1.345825e+04	1.082975836989722e-01	5.910142695977562e-02	3.000000000000000e-06	3.000000000000000e-06
1.370915e+04	1.088079109988134e-01	5.939942560622314e-02	3.000000000000000e-06	3.000000000000000e-06
1.396459e+04	1.093208765891467e-01	5.969885802332073e-02	3.000000000000000e-06	3.000000000000000e-06
1.422465e+04	1.098364920531741e-01	5.999973084178015e-02	3.000000000000000e-06	3.000000000000000e-06
1.448941e+04	1.103547690468437e-01	6.030205073706148e-02	3.000000000000000e-06	3.000000000000000e-06
1.475896e+04	1.108757192990429e-01	6.060582442937553e-02	3.000000000000000e-06	3.000000000000000e-06
1.503338e+04	1.113993546117942e-01	6.091105868368777e-02	3.000000000000000e-06	3.000000000000000e-06
1.531276e+04	1.119256868604514e-01	6.121776030972364e-02	3.000000000000000e-06	3.000000000000000e-06
1.559718e+04	1.124547279938983e-01	6.152593616197559e-02	3.000000000000000e-06	3.000000000000000e-06
1.588674e+04	1.129864900347484e-01	6.183559313971201e-02	3.000000000000000e-06	3.000000000000000e-06
1.618152e+04	1.135209850795451e-01	6.214673818698797e-02	3.000000000000000e-06	3.000000000000000e-06
1.648163e+04	1.140582252989649e-01	6.245937829265803e-02	3.000000000000000e-06	3.000000000000000e-06
1.678716e+04	1.145982229380197e-01	6.277352049039119e-02	3.000000000000000e-06	3.000000000000000e-06
1.709819e+04	1.151409903162620e-01	6.308917185868791e-02	3.000000000000000e-06	3.000000000000000e-06
1.741483e+04	1.156865398279906e-01	6.340633952089958e-02	3.000000000000000e-06	3.000000000000000e-06
1.773719e+04	1.162348839424570e-01	6.372503064525004e-02	3.000000000000000e-06	3.000000000000000e-06
1.806535e+04	1.167860352040746e-01	6.404525244485972e-02	3.000000000000000e-06	3.000000000000000e-06
1.839943e+04	1.173400062326273e-01	6.436701217777201e-02	3.000000000000000e-06	3.000000000000000e-06
1.873953e+04	1.178968097234808e-01	6.469031714698223e-02	3.000000000000000e-06	3.000000000000000e-06
1.908576e+04	1.184564584477951e-01	6.501517470047487e-02	3.000000000000000e-06	3.000000000000000e-06
1.943822e+04	1.190189652527376e-01	6.534159223123912e-02	3.000000000000000e-06	3.000000000000000e-06
1.979703e+04	1.195843430616987e-01	6.566957717732459e-02	3.000000000000000e-06	3.000000000000000e-06
2.016230e+04	1.201526048745080e-01	6.599913702187372e-02	3.000000000000000e-06	3.000000000000000e-06
2.053414e+04	1.207237637676531e-01	6.633027929316344e-02	3.000000000000000e-06	3.000000000000000e-06
2.091267e+04	1.212978328944993e-01	6.666301156464949e-02	3.000000000000000e-06	3.000000000000000e-06
2.129802e+04	1.218748254855113e-01	6.699734145501340e-02	3.000000000000000e-06	3.000000000000000e-06
2.169029e+04	1.224547548484764e-01	6.733327662821223e-02	3.000000000000000e-06	3.000000000000000e-06
2.208962e+04	1.230376343687301e-01	6.767082479353083e-02	3.000000000000000e-06	3.000000000000000e-06
2.249614e+04	1.236234775093829e-01	6.800999370563690e-02	3.000000000000000e-06	3.000000000000000e-06
2.290996e+04	1.242122978115492e-01	6.835079116463877e-02	3.000000000000000e-06	3.000000000000000e-06
2.333122e+04	1.248041088945784e-01	6.869322501614582e-02	3.000000000000000e-06	3.000000000000000e-06
2.376005e+04	1.253989244562881e-01	6.903730315133168e-02	3.000000000000000e-06	3.000000000000000e-06
2.419658e+04	1.259967582731985e-01	6.938303350700013e-02	3.000000000000000e-06	3.000000000000000e-06
2.464096e+04	1.265976242007703e-01	6.973042406565383e-02	3.000000000000000e-06	3.000000000000000e-06
2.509332e+04	1.272015361736432e-01	7.007948285556555e-02	3.000000000000000e-06	3.000000000000000e-06
2.555380e+04	1.278085082058783e-01	7.043021795085244e-02	3.000000000000000e-06	3.000000000000000e-06
2.602255e+04	1.284185543912012e-01	7.078263747155282e-02	3.000000000000000e-06	3.000000000000000e-06
2.649972e+04	1.290316889032481e-01	7.113674958370576e-02	3.000000000000000e-06	3.000000000000000e-06
2.698545e+04	1.296479259958147e-01	7.149256249943346e-02	3.000000000000000e-06	3.000000000000000e-06
2.747991e+04	1.302672800031061e-01	7.185008447702629e-02	3.000000000000000e-06	3.000000000000000e-06
2.798323e+04	1.308897653399907e-01	7.220932382103058e-02	3.000000000000000e-06	3.000000000000000e-06
2.849558e+04	1.315153965022552e-01	7.257028888233920e-02	3.000000000000000e-06	3.000000000000000e-06
2.901713e+04	1.321441880668630e-01	7.293298805828474e-02	3.000000000000000e-06	3.000000000000000e-06
2.954803e+04	1.327761546922145e-01	7.329742979273549e-02	3.000000000000000e-06	3.000000000000000e-06
3.008846e+04	1.334113111184103e-01	7.366362257619416e-02	3.000000000000000e-06	3.000000000000000e-06
3.063857e+04	1.340496721675168e-01	7.403157494589922e-02	3.000000000000000e-06	3.000000000000000e-06
3.119855e+04	1.346912527438342e-01	7.440129548592898e-02	3.000000000000000e-06	3.000000000000000e-06
3.176857e+04	1.353360678341675e-01	7.477279282730838e-02	3.000000000000000e-06	3.000000000000000e-06
3.234880e+04	1.359841325081002e-01	7.514607564811840e-02	3.000000000000000e-06	3.000000000000000e-06
3.293944e+04	1.366354619182698e-01	7.552115267360815e-02	3.000000000000000e-06	3.000000000000000e-06
3.354066e+04	1.372900713006472e-01	7.589803267630978e-02	3.000000000000000e-06	3.000000000000000e-06
3.415265e+04	1.379479759748180e-01	7.627672447615574e-02	3.000000000000000e-06	3.000000000000000e-06
3.477561e+04	1.386091913442665e-01	7.665723694059898e-02	3.000000000000000e-06	3.000000000000000e-06
3.540973e+04	1.392737328966633e-01	7.703957898473557e-02	3.000000000000000e-06	3.000000000000000e-06
3.605521e+04	1.399416162041543e-01	7.742375957143009e-02	3.000000000000000e-06	3.000000000000000e-06
3.671225e+04	1.406128569236540e-01	7.780978771144355e-02	3.000000000000000e-06	3.000000000000000e-06
3.738105e+04	1.412874707971405e-01	7.819767246356391e-02	3.000000000000000e-06	3.000000000000000e-06
3.806183e+04	1.419654736519535e-01	7.858742293473917e-02	3.000000000000000e-06	3.000000000000000e-06
3.875481e+04	1.426468814010958e-01	7.897904828021318e-02	3.000000000000000e-06	3.000000000000000e-06
3.946019e+04	1.433317100435367e-01	7.937255770366379e-02	3.000000000000000e-06	3.000000000000000e-06
4.017820e+04	1.440199756645192e-01	7.976796045734373e-02	3.000000000000000e-06	3.000000000000000e-06
4.090906e+04	1.447116944358691e-01	8.016526584222393e-02	3.000000000000000e-06	3.000000000000000e-06
4.165300e+04	1.454068826163080e-01	8.056448320813941e-02	3.000000000000000e-06	3.000000000000000e-06
4.241026e+04	1.461055565517685e-01	8.096562195393775e-02	3.000000000000000e-06	3.000000000000000e-06
4.318107e+04	1.468077326757125e-01	8.136869152762986e-02	3.000000000000000e-06	3.000000000000000e-06
4.396567e+04	1.475134275094525e-01	8.177370142654347e-02	3.000000000000000e-06	3.000000000000000e-06
4.476432e+04	1.482226576624757e-01	8.218066119747901e-02	3.000000000000000e-06	3.000000000000000e-06
4.557725e+04	1.489354398327715e-01	8.258958043686784e-02	3.000000000000000e-06	3.000000000000000e-06
4.640473e+04	1.496517908071610e-01	8.300046879093320e-02	3.000000000000000e-06	3.000000000000000e-06
4.724701e+04	1.503717274616307e-01	8.341333595585328e-02	3.000000000000000e-06	3.000000000000000e-06
4.810435e+04	1.510952667616680e-01	8.382819167792695e-02	3.000000000000000e-06	3.000000000000000e-06
4.897704e+04	1.518224257626004e-01	8.424504575374187e-02	3.000000000000000e-06	3.000000000000000e-06
4.986533e+04	1.525532216099378e-01	8.466390803034490e-02	3.000000000000000e-06	3.000000000000000e-06
5.076951e+04	1.532876715397169e-01	8.508478840541500e-02	3.000000000000000e-06	3.000000000000000e-06
5.168986e+04	1.540257928788496e-01	8.550769682743845e-02	3.000000000000000e-06	3.000000000000000e-06
5.262667e+04	1.547676030454739e-01	8.593264329588646e-02	3.000000000000000e-06	3.000000000000000e-06
5.358023e+04	1.555131195493077e-01	8.635963786139518e-02	3.000000000000000e-06	3.000000000000000e-06
5.455084e+04	1.562623599920064e-01	8.678869062594795e-02	3.000000000000000e-06	3.000000000000000e-06
5.553880e+04	1.570153420675220e-01	8.721981174305996e-02	3.000000000000000e-06	3.000000000000000e-06
5.654443e+04	1.577720835624671e-01	8.765301141796514e-02	3.000000000000000e-06	3.000000000000000e-06
5.756805e+04	1.585326023564804e-01	8.808829990780553e-02	3.000000000000000e-06	3.000000000000000e-06
5.860996e+04	1.592969164225961e-01	8.852568752182274e-02	3.000000000000000e-06	3.000000000000000e-06
5.967049e+04	1.600650438276159e-01	8.896518462155181e-02	3.000000000000000e-06	3.000000000000000e-06
6.074999e+04	1.608370027324844e-01	8.940680162101729e-02	3.000000000000000e-06	3.000000000000000e-06
6.184878e+04	1.616128113926672e-01	8.985054898693164e-02	3.000000000000000e-06	3.000000000000000e-06
6.296721e+04	1.623924881585323e-01	9.029643723889583e-02	3.000000000000000e-06	3.000000000000000e-06
6.410564e+04	1.631760514757345e-01	9.074447694960217e-02	3.000000000000000e-06	3.000000000000000e-06
6.526441e+04	1.639635198856026e-01	9.119467874503941e-02	3.000000000000000e-06	3.000000000000000e-06
6.644390e+04	1.647549120255302e-01	9.164705330470001e-02	3.000000000000000e-06	3.000000000000000e-06
6.764447e+04	1.655502466293689e-01	9.210161136178965e-02	3.000000000000000e-06	3.000000000000000e-06
6.886649e+04	1.663495425278254e-01	9.255836370343895e-02	3.000000000000000e-06	3.000000000000000e-06
7.011036e+04	1.671528186488606e-01	9.301732117091729e-02	3.000000000000000e-06	3.000000000000000e-06
7.137645e+04	1.679600940180928e-01	9.347849465984896e-02	3.000000000000000e-06	3.000000000000000e-06
7.266518e+04	1.687713877592034e-01	9.394189512043127e-02	3.000000000000000e-06	3.000000000000000e-06
7.397693e+04	1.695867190943454e-01	9.440753355765499e-02	3.000000000000000e-06	3.000000000000000e-06
7.531213e+04	1.704061073445563e-01	9.487542103152691e-02	3.000000000000000e-06	3.000000000000000e-06
7.667119e+04	1.712295719301723e-01	9.534556865729443e-02	3.000000000000000e-06	3.000000000000000e-06
7.805453e+04	1.720571323712468e-01	9.581798760567244e-02	3.000000000000000e-06	3.000000000000000e-06
7.946260e+04	1.728888082879717e-01	9.629268910307212e-02	3.000000000000000e-06	3.000000000000000e-06
8.089583e+04	1.737246194011016e-01	9.676968443183213e-02	3.000000000000000e-06	3.000000000000000e-06
8.235467e+04	1.745645855323814e-01	9.724898493045162e-02	3.000000000000000e-06	3.000000000000000e-06
8.383958e+04	1.754087266049765e-01	9.773060199382543e-02	3.000000000000000e-06	3.000000000000000e-06
8.535103e+04	1.762570626439067e-01	9.821454707348155e-02	3.000000000000000e-06	3.000000000000000e-06
8.688948e+04	1.771096137764829e-01	9.870083167782041e-02	3.000000000000000e-06	3.000000000000000e-06
8.845543e+04	1.779664002327468e-01	9.918946737235643e-02	3.000000000000000e-06	3.000000000000000e-06
9.004936e+04	1.788274423459138e-01	9.968046577996141e-02	3.000000000000000e-06	3.000000000000000e-06
9.167178e+04	1.796927605528192e-01	1.001738385811103e-01	3.000000000000000e-06	3.000000000000000e-06
9.332319e+04	1.805623753943673e-01	1.006695975141288e-01	3.000000000000000e-06	3.000000000000000e-06
9.500411e+04	1.814363075159836e-01	1.011677543754430e-01	3.000000000000000e-06	3.000000000000000e-06
9.671507e+04	1.823145776680701e-01	1.016683210198312e-01	3.000000000000000e-06	3.000000000000000e-06
9.845661e+04	1.831972067064639e-01	1.021713093606774e-01	3.000000000000000e-06	3.000000000000000e-06
1.000000e+05	1.839697336826191e-01	1.026115019791004e-01	3.000000000000000e-06	3.000000000000000e-06
1.018043e+05	1.848626051237932e-01	1.031202104145710e-01	3.000000000000000e-06	3.000000000000000e-06
1.036367e+05	1.857578403854087e-01	1.036302038569184e-01	3.000000000000000e-06	3.000000000000000e-06
1.055020e+05	1.866575527448984e-01	1.041426864394089e-01	3.000000000000000e-06	3.000000000000000e-06
1.074005e+05	1.875617265173559e-01	1.046576492525002e-01	3.000000000000000e-06	3.000000000000000e-06
1.093330e+05	1.884703838422472e-01	1.051751049337474e-01	3.000000000000000e-06	3.000000000000000e-06
1.113000e+05	1.893835462998725e-01	1.056950658003866e-01	3.000000000000000e-06	3.000000000000000e-06
1.133022e+05	1.903012355917714e-01	1.062175442369691e-01	3.000000000000000e-06	3.000000000000000e-06
1.153402e+05	1.912234735291144e-01	1.067425526887892e-01	3.000000000000000e-06	3.000000000000000e-06
1.174146e+05	1.921502820333683e-01	1.072701036622927e-01	3.000000000000000e-06	3.000000000000000e-06
1.195261e+05	1.930816831367535e-01	1.078002097253627e-01	3.000000000000000e-06	3.000000000000000e-06
1.216753e+05	1.940176989827146e-01	1.083328835076060e-01	3.000000000000000e-06	3.000000000000000e-06
1.238629e+05	1.949583518263986e-01	1.088681377006412e-01	3.000000000000000e-06	3.000000000000000e-06
1.260897e+05	1.959036640351410e-01	1.094059850583865e-01	3.000000000000000e-06	3.000000000000000e-06
1.283562e+05	1.968536580889570e-01	1.099464383973486e-01	3.000000000000000e-06	3.000000000000000e-06
1.306633e+05	1.978083565810397e-01	1.104895105969125e-01	3.000000000000000e-06	3.000000000000000e-06
1.330116e+05	1.987677822182626e-01	1.110352145996330e-01	3.000000000000000e-06	3.000000000000000e-06
1.354019e+05	1.997319578216876e-01	1.115835634115270e-01	3.000000000000000e-06	3.000000000000000e-06
1.378349e+05	2.007009063270772e-01	1.121345701023672e-01	3.000000000000000e-06	3.000000000000000e-06
1.403114e+05	2.016746507854112e-01	1.126882478059779e-01	3.000000000000000e-06	3.000000000000000e-06
1.428322e+05	2.026532143634075e-01	1.132446097205318e-01	3.000000000000000e-06	3.000000000000000e-06
1.453981e+05	2.036366203440466e-01	1.138036691088487e-01	3.000000000000000e-06	3.000000000000000e-06
1.480099e+05	2.046248921271004e-01	1.143654392986960e-01	3.000000000000000e-06	3.000000000000000e-06
1.506684e+05	2.056180532296641e-01	1.149299336830907e-01	3.000000000000000e-06	3.000000000000000e-06
1.533744e+05	2.066161272866923e-01	1.154971657206031e-01	3.000000000000000e-06	3.000000000000000e-06
1.561288e+05	2.076191380515380e-01	1.160671489356632e-01	3.000000000000000e-06	3.000000000000000e-06
1.589324e+05	2.086271093964957e-01	1.166398969188674e-01	3.000000000000000e-06	3.000000000000000e-06
1.617863e+05	2.096400653133475e-01	1.172154233272884e-01	3.000000000000000e-06	3.000000000000000e-06
1.646911e+05	2.106580299139130e-01	1.177937418847862e-01	3.000000000000000e-06	3.000000000000000e-06
1.676479e+05	2.116810274306022e-01	1.183748663823214e-01	3.000000000000000e-06	3.000000000000000e-06
1.706576e+05	2.127090822169719e-01	1.189588106782700e-01	3.000000000000000e-06	3.000000000000000e-06
1.737212e+05	2.137422187482859e-01	1.195455886987405e-01	3.000000000000000e-06	3.000000000000000e-06
1.768395e+05	2.147804616220774e-01	1.201352144378924e-01	3.000000000000000e-06	3.000000000000000e-06
1.800137e+05	2.158238355587163e-01	1.207277019582574e-01	3.000000000000000e-06	3.000000000000000e-06
1.832446e+05	2.168723654019785e-01	1.213230653910614e-01	3.000000000000000e-06	3.000000000000000e-06
1.865333e+05	2.179260761196193e-01	1.219213189365495e-01	3.000000000000000e-06	3.000000000000000e-06
1.898809e+05	2.189849928039496e-01	1.225224768643124e-01	3.000000000000000e-06	3.000000000000000e-06
1.932884e+05	2.200491406724161e-01	1.231265535136148e-01	3.000000000000000e-06	3.000000000000000e-06
1.967568e+05	2.211185450681843e-01	1.237335632937255e-01	3.000000000000000e-06	3.000000000000000e-06
2.002874e+05	2.221932314607248e-01	1.243435206842501e-01	3.000000000000000e-06	3.000000000000000e-06
2.038811e+05	2.232732254464035e-01	1.249564402354648e-01	3.000000000000000e-06	3.000000000000000e-06
2.075391e+05	2.243585527490748e-01	1.255723365686530e-01	3.000000000000000e-06	3.000000000000000e-06
2.112627e+05	2.254492392206778e-01	1.261912243764431e-01	3.000000000000000e-06	3.000000000000000e-06
2.150528e+05	2.265453108418367e-01	1.268131184231489e-01	3.000000000000000e-06	3.000000000000000e-06
2.189109e+05	2.276467937224639e-01	1.274380335451110e-01	3.000000000000000e-06	3.000000000000000e-06
2.228380e+05	2.287537141023666e-01	1.280659846510417e-01	3.000000000000000e-06	3.000000000000000e-06
2.268354e+05	2.298660983518574e-01	1.286969867223703e-01	3.000000000000000e-06	3.000000000000000e-06
2.309043e+05	2.309839729723672e-01	1.293310548135913e-01	3.000000000000000e-06	3.000000000000000e-06
2.350462e+05	2.321073645970627e-01	1.299682040526142e-01	3.000000000000000e-06	3.000000000000000e-06
2.392622e+05	2.332362999914662e-01	1.306084496411155e-01	3.000000000000000e-06	3.000000000000000e-06
2.435537e+05	2.343708060540799e-01	1.312518068548924e-01	3.000000000000000e-06	3.000000000000000e-06
2.479220e+05	2.355109098170128e-01	1.318982910442189e-01	3.000000000000000e-06	3.000000000000000e-06
2.523687e+05	2.366566384466115e-01	1.325479176342033e-01	3.000000000000000e-06	3.000000000000000e-06
2.568949e+05	2.378080192440944e-01	1.332007021251482e-01	3.000000000000000e-06	3.000000000000000e-06
2.615022e+05	2.389650796461892e-01	1.338566600929125e-01	3.000000000000000e-06	3.000000000000000e-06
2.661921e+05	2.401278472257740e-01	1.345158071892748e-01	3.000000000000000e-06	3.000000000000000e-06
2.709660e+05	2.412963496925220e-01	1.351781591422995e-01	3.000000000000000e-06	3.000000000000000e-06
2.758254e+05	2.424706148935497e-01	1.358437317567047e-01	3.000000000000000e-06	3.000000000000000e-06
2.807720e+05	2.436506708140681e-01	1.365125409142317e-01	3.000000000000000e-06	3.000000000000000e-06
2.858071e+05	2.448365455780382e-01	1.371846025740172e-01	3.000000000000000e-06	3.000000000000000e-06
2.909325e+05	2.460282674488299e-01	1.378599327729671e-01	3.000000000000000e-06	3.000000000000000e-06
2.961497e+05	2.472258648298834e-01	1.385385476261323e-01	3.000000000000000e-06	3.000000000000000e-06
3.014605e+05	2.484293662653759e-01	1.392204633270866e-01	3.000000000000000e-06	3.000000000000000e-06
3.068664e+05	2.496388004408907e-01	1.399056961483069e-01	3.000000000000000e-06	3.000000000000000e-06
3.123693e+05	2.508541961840896e-01	1.405942624415551e-01	3.000000000000000e-06	3.000000000000000e-06
3.179708e+05	2.520755824653904e-01	1.412861786382620e-01	3.000000000000000e-06	3.000000000000000e-06
3.236727e+05	2.533029883986461e-01	1.419814612499139e-01	3.000000000000000e-06	3.000000000000000e-06
3.294769e+05	2.545364432418297e-01	1.426801268684400e-01	3.000000000000000e-06	3.000000000000000e-06
3.353851e+05	2.557759763977207e-01	1.433821921666035e-01	3.000000000000000e-06	3.000000000000000e-06
3.413993e+05	2.570216174145966e-01	1.440876738983933e-01	3.000000000000000e-06	3.000000000000000e-06
3.475214e+05	2.582733959869277e-01	1.447965888994188e-01	3.000000000000000e-06	3.000000000000000e-06
3.537533e+05	2.595313419560753e-01	1.455089540873061e-01	3.000000000000000e-06	3.000000000000000e-06
3.600969e+05	2.607954853109939e-01	1.462247864620966e-01	3.000000000000000e-06	3.000000000000000e-06
3.665544e+05	2.620658561889370e-01	1.469441031066478e-01	3.000000000000000e-06	3.000000000000000e-06
3.731277e+05	2.633424848761665e-01	1.476669211870358e-01	3.000000000000000e-06	3.000000000000000e-06
3.798189e+05	2.646254018086659e-01	1.483932579529607e-01	3.000000000000000e-06	3.000000000000000e-06
3.866302e+05	2.659146375728579e-01	1.491231307381530e-01	3.000000000000000e-06	3.000000000000000e-06
3.935638e+05	2.672102229063238e-01	1.498565569607830e-01	3.000000000000000e-06	3.000000000000000e-06
4.006217e+05	2.685121886985297e-01	1.505935541238718e-01	3.000000000000000e-06	3.000000000000000e-06
4.078064e+05	2.698205659915530e-01	1.513341398157053e-01	3.000000000000000e-06	3.000000000000000e-06
4.151200e+05	2.711353859808160e-01	1.520783317102489e-01	3.000000000000000e-06	3.000000000000000e-06
4.225648e+05	2.724566800158208e-01	1.528261475675657e-01	3.000000000000000e-06	3.000000000000000e-06
4.301434e+05	2.737844796008896e-01	1.535776052342361e-01	3.000000000000000e-06	3.000000000000000e-06
4.378580e+05	2.751188163959079e-01	1.543327226437799e-01	3.000000000000000e-06	3.000000000000000e-06
4.457111e+05	2.764597222170718e-01	1.550915178170805e-01	3.000000000000000e-06	3.000000000000000e-06
4.537052e+05	2.778072290376400e-01	1.558540088628112e-01	3.000000000000000e-06	3.000000000000000e-06
4.618429e+05	2.791613689886881e-01	1.566202139778635e-01	3.000000000000000e-06	3.000000000000000e-06
4.701268e+05	2.805221743598682e-01	1.573901514477783e-01	3.000000000000000e-06	3.000000000000000e-06
4.785594e+05	2.818896776001718e-01	1.581638396471784e-01	3.000000000000000e-06	3.000000000000000e-06
4.871435e+05	2.832639113186964e-01	1.589412970402038e-01	3.000000000000000e-06	3.000000000000000e-06
4.958819e+05	2.846449082854169e-01	1.597225421809492e-01	3.000000000000000e-06	3.000000000000000e-06
5.047772e+05	2.860327014319600e-01	1.605075937139034e-01	3.000000000000000e-06	3.000000000000000e-06
5.138323e+05	2.874273238523832e-01	1.612964703743913e-01	3.000000000000000e-06	3.000000000000000e-06
5.230502e+05	2.888288088039577e-01	1.620891909890179e-01	3.000000000000000e-06	3.000000000000000e-06
5.324337e+05	2.902371897079550e-01	1.628857744761144e-01	3.000000000000000e-06	3.000000000000000e-06
5.419859e+05	2.916525001504377e-01	1.636862398461874e-01	3.000000000000000e-06	3.000000000000000e-06
5.517098e+05	2.930747738830547e-01	1.644906062023690e-01	3.000000000000000e-06	3.000000000000000e-06
5.616085e+05	2.945040448238401e-01	1.652988927408707e-01	3.000000000000000e-06	3.000000000000000e-06
5.716851e+05	2.959403470580159e-01	1.661111187514382e-01	3.000000000000000e-06	3.000000000000000e-06
5.819429e+05	2.973837148387994e-01	1.669273036178095e-01	3.000000000000000e-06	3.000000000000000e-06
5.923851e+05	2.988341825882146e-01	1.677474668181748e-01	3.000000000000000e-06	3.000000000000000e-06
6.030152e+05	3.002917848979073e-01	1.685716279256392e-01	3.000000000000000e-06	3.000000000000000e-06
6.138364e+05	3.017565565299645e-01	1.693998066086867e-01	3.000000000000000e-06	3.000000000000000e-06
6.248522e+05	3.032285324177385e-01	1.702320226316479e-01	3.000000000000000e-06	3.000000000000000e-06
6.360662e+05	3.047077476666746e-01	1.710682958551690e-01	3.000000000000000e-06	3.000000000000000e-06
6.474819e+05	3.061942375551429e-01	1.719086462366836e-01	3.000000000000000e-06	3.000000000000000e-06
6.591030e+05	3.076880375352751e-01	1.727530938308869e-01	3.000000000000000e-06	3.000000000000000e-06
6.709332e+05	3.091891832338045e-01	1.736016587902121e-01	3.000000000000000e-06	3.000000000000000e-06
6.829762e+05	3.106977104529111e-01	1.744543613653091e-01	3.000000000000000e-06	3.000000000000000e-06
6.952360e+05	3.122136551710707e-01	1.753112219055259e-01	3.000000000000000e-06	3.000000000000000e-06
7.077165e+05	3.137370535439081e-01	1.761722608593924e-01	3.000000000000000e-06	3.000000000000000e-06
7.204216e+05	3.152679419050544e-01	1.770374987751059e-01	3.000000000000000e-06	3.000000000000000e-06
7.333554e+05	3.168063567670099e-01	1.779069563010203e-01	3.000000000000000e-06	3.000000000000000e-06
7.465220e+05	3.183523348220096e-01	1.787806541861366e-01	3.000000000000000e-06	3.000000000000000e-06
7.599257e+05	3.199059129428942e-01	1.796586132805962e-01	3.000000000000000e-06	3.000000000000000e-06
7.735708e+05	3.214671281839853e-01	1.805408545361773e-01	3.000000000000000e-06	3.000000000000000e-06
7.874616e+05	3.230360177819646e-01	1.814273990067923e-01	3.000000000000000e-06	3.000000000000000e-06
8.016025e+05	3.246126191567580e-01	1.823182678489892e-01	3.000000000000000e-06	3.000000000000000e-06
8.159982e+05	3.261969699124242e-01	1.832134823224550e-01	3.000000000000000e-06	3.000000000000000e-06
8.306531e+05	3.277891078380468e-01	1.841130637905207e-01	3.000000000000000e-06	3.000000000000000e-06
8.455721e+05	3.293890709086324e-01	1.850170337206703e-01	3.000000000000000e-06	3.000000000000000e-06
8.607599e+05	3.309968972860120e-01	1.859254136850513e-01	3.000000000000000e-06	3.000000000000000e-06
8.762213e+05	3.326126253197473e-01	1.868382253609880e-01	3.000000000000000e-06	3.000000000000000e-06
8.919614e+05	3.342362935480418e-01	1.877554905314974e-01	3.000000000000000e-06	3.000000000000000e-06
9.079851e+05	3.358679406986561e-01	1.886772310858078e-01	3.000000000000000e-06	3.000000000000000e-06
9.242977e+05	3.375076056898277e-01	1.896034690198793e-01	3.000000000000000e-06	3.000000000000000e-06
9.409043e+05	3.391553276311964e-01	1.905342264369280e-01	3.000000000000000e-06	3.000000000000000e-06
9.578103e+05	3.408111458247325e-01	1.914695255479517e-01	3.000000000000000e-06	3.000000000000000e-06
9.750210e+05	3.424750997656716e-01	1.924093886722588e-01	3.000000000000000e-06	3.000000000000000e-06
9.925421e+05	3.441472291434526e-01	1.933538382379996e-01	3.000000000000000e-06	3.000000000000000e-06
1.000000e+06	3.448507954795320e-01	1.937512154083681e-01	3.000000000000000e-06	3.000000000000000e-06
1.018159e+06	3.465521219008147e-01	1.947121112644886e-01	3.000000000000000e-06	3.000000000000000e-06
1.036454e+06	3.482439682941805e-01	1.956676217090050e-01	3.000000000000000e-06	3.000000000000000e-06
1.055083e+06	3.499444450609298e-01	1.966279755576393e-01	3.000000000000000e-06	3.000000000000000e-06
1.074048e+06	3.516532697608897e-01	1.975930133035263e-01	3.000000000000000e-06	3.000000000000000e-06
1.093355e+06	3.533704889276217e-01	1.985627612375938e-01	3.000000000000000e-06	3.000000000000000e-06
1.113010e+06	3.550961434175873e-01	1.995372424433514e-01	3.000000000000000e-06	3.000000000000000e-06
1.133020e+06	3.568302743939147e-01	2.005164801763822e-01	3.000000000000000e-06	3.000000000000000e-06
1.153391e+06	3.585729232203539e-01	2.015004978045083e-01	3.000000000000000e-06	3.000000000000000e-06
1.174130e+06	3.603241314641308e-01	2.024893188094483e-01	3.000000000000000e-06	3.000000000000000e-06
1.195243e+06	3.620839408968682e-01	2.034829667873736e-01	3.000000000000000e-06	3.000000000000000e-06
1.216737e+06	3.638523934955535e-01	2.044814654494848e-01	3.000000000000000e-06	3.000000000000000e-06
1.238619e+06	3.656295314435160e-01	2.054848386225879e-01	3.000000000000000e-06	3.000000000000000e-06
1.260896e+06	3.674153971314134e-01	2.064931102496721e-01	3.000000000000000e-06	3.000000000000000e-06
1.283576e+06	3.692100331582274e-01	2.075063043904880e-01	3.000000000000000e-06	3.000000000000000e-06
1.306665e+06	3.710134823322662e-01	2.085244452221275e-01	3.000000000000000e-06	3.000000000000000e-06
1.330171e+06	3.728257876721749e-01	2.095475570396062e-01	3.000000000000000e-06	3.000000000000000e-06
1.354102e+06	3.746469924079527e-01	2.105756642564464e-01	3.000000000000000e-06	3.000000000000000e-06
1.378465e+06	3.764771399819764e-01	2.116087914052635e-01	3.000000000000000e-06	3.000000000000000e-06
1.403268e+06	3.783162740500298e-01	2.126469631383537e-01	3.000000000000000e-06	3.000000000000000e-06
1.428520e+06	3.801644384823400e-01	2.136902042282846e-01	3.000000000000000e-06	3.000000000000000e-06
1.454227e+06	3.820216773646187e-01	2.147385395684879e-01	3.000000000000000e-06	3.000000000000000e-06
1.480400e+06	3.838880349991095e-01	2.157919941738551e-01	3.000000000000000e-06	3.000000000000000e-06
1.507045e+06	3.857635559056410e-01	2.168505931813349e-01	3.000000000000000e-06	3.000000000000000e-06
1.534172e+06	3.876482848226854e-01	2.179143618505344e-01	3.000000000000000e-06	3.000000000000000e-06
1.561789e+06	3.895422667084221e-01	2.189833255643220e-01	3.000000000000000e-06	3.000000000000000e-06
1.589905e+06	3.914455467418078e-01	2.200575098294340e-01	3.000000000000000e-06	3.000000000000000e-06
1.618530e+06	3.933581703236509e-01	2.211369402770831e-01	3.000000000000000e-06	3.000000000000000e-06
1.647673e+06	3.952801830776926e-01	2.222216426635701e-01	3.000000000000000e-06	3.000000000000000e-06
1.677343e+06	3.972116308516918e-01	2.233116428708992e-01	3.000000000000000e-06	3.000000000000000e-06
1.707549e+06	3.991525597185172e-01	2.244069669073948e-01	3.000000000000000e-06	3.000000000000000e-06
1.738301e+06	4.011030159772437e-01	2.255076409083223e-01	3.000000000000000e-06	3.000000000000000e-06
1.769610e+06	4.030630461542548e-01	2.266136911365117e-01	3.000000000000000e-06	3.000000000000000e-06
1.801486e+06	4.050326970043499e-01	2.277251439829838e-01	3.000000000000000e-06	3.000000000000000e-06
1.833938e+06	4.070120155118575e-01	2.288420259675798e-01	3.000000000000000e-06	3.000000000000000e-06
1.866977e+06	4.090010488917546e-01	2.299643637395938e-01	3.000000000000000e-06	3.000000000000000e-06
1.900614e+06	4.109998445907901e-01	2.310921840784080e-01	3.000000000000000e-06	3.000000000000000e-06
1.934860e+06	4.130084502886147e-01	2.322255138941319e-01	3.000000000000000e-06	3.000000000000000e-06
1.969726e+06	4.150269138989167e-01	2.333643802282438e-01	3.000000000000000e-06	3.000000000000000e-06
2.005224e+06	4.170552835705627e-01	2.345088102542352e-01	3.000000000000000e-06	3.000000000000000e-06
2.041363e+06	4.190936076887438e-01	2.356588312782594e-01	3.000000000000000e-06	3.000000000000000e-06
2.078158e+06	4.211419348761286e-01	2.368144707397823e-01	3.000000000000000e-06	3.000000000000000e-06
2.115618e+06	4.232003139940207e-01	2.379757562122367e-01	3.000000000000000e-06	3.000000000000000e-06
2.153757e+06	4.252687941435223e-01	2.391427154036798e-01	3.000000000000000e-06	3.000000000000000e-06
2.192587e+06	4.273474246667039e-01	2.403153761574537e-01	3.000000000000000e-06	3.000000000000000e-06
2.232120e+06	4.294362551477789e-01	2.414937664528498e-01	3.000000000000000e-06	3.000000000000000e-06
2.272369e+06	4.315353354142853e-01	2.426779144057755e-01	3.000000000000000e-06	3.000000000000000e-06
2.313348e+06	4.336447155382718e-01	2.438678482694243e-01	3.000000000000000e-06	3.000000000000000e-06
2.355069e+06	4.357644458374907e-01	2.450635964349505e-01	3.000000000000000e-06	3.000000000000000e-06
2.397546e+06	4.378945768765964e-01	2.462651874321449e-01	3.000000000000000e-06	3.000000000000000e-06
2.440793e+06	4.400351594683497e-01	2.474726499301160e-01	3.000000000000000e-06	3.000000000000000e-06
2.484824e+06	4.421862446748282e-01	2.486860127379732e-01	3.000000000000000e-06	3.000000000000000e-06
2.529653e+06	4.443478838086425e-01	2.499053048055135e-01	3.000000000000000e-06	3.000000000000000e-06
2.575295e+06	4.465201284341585e-01	2.511305552239124e-01	3.000000000000000e-06	3.000000000000000e-06
2.621764e+06	4.487030303687259e-01	2.523617932264167e-01	3.000000000000000e-06	3.000000000000000e-06
2.669076e+06	4.508966416839122e-01	2.535990481890423e-01	3.000000000000000e-06	3.000000000000000e-06
2.717246e+06	4.531010147067435e-01	2.548423496312741e-01	3.000000000000000e-06	3.000000000000000e-06
2.766290e+06	4.553162020209505e-01	2.560917272167703e-01	3.000000000000000e-06	3.000000000000000e-06
2.816223e+06	4.575422564682217e-01	2.573472107540692e-01	3.000000000000000e-06	3.000000000000000e-06
2.867062e+06	4.597792311494622e-01	2.586088301973005e-01	3.000000000000000e-06	3.000000000000000e-06
2.918823e+06	4.620271794260582e-01	2.598766156468988e-01	3.000000000000000e-06	3.000000000000000e-06
2.971523e+06	4.642861549211488e-01	2.611505973503224e-01	3.000000000000000e-06	3.000000000000000e-06
3.025180e+06	4.665562115209035e-01	2.624308057027732e-01	3.000000000000000e-06	3.000000000000000e-06
3.079810e+06	4.688374033758056e-01	2.637172712479227e-01	3.000000000000000e-06	3.000000000000000e-06
3.135432e+06	4.711297849019426e-01	2.650100246786392e-01	3.000000000000000e-06	3.000000000000000e-06
3.192064e+06	4.734334107823026e-01	2.663090968377207e-01	3.000000000000000e-06	3.000000000000000e-06
3.249723e+06	4.757483359680771e-01	2.676145187186293e-01	3.000000000000000e-06	3.000000000000000e-06
3.308430e+06	4.780746156799705e-01	2.689263214662310e-01	3.000000000000000e-06	3.000000000000000e-06
3.368202e+06	4.804123054095155e-01	2.702445363775379e-01	3.000000000000000e-06	3.000000000000000e-06
3.429060e+06	4.827614609203951e-01	2.715691949024547e-01	3.000000000000000e-06	3.000000000000000e-06
3.491023e+06	4.851221382497720e-01	2.729003286445285e-01	3.000000000000000e-06	3.000000000000000e-06
3.554112e+06	4.874943937096229e-01	2.742379693617021e-01	3.000000000000000e-06	3.000000000000000e-06
3.618346e+06	4.898782838880808e-01	2.755821489670719e-01	3.000000000000000e-06	3.000000000000000e-06
3.683747e+06	4.922738656507832e-01	2.769328995296483e-01	3.000000000000000e-06	3.000000000000000e-06
3.750337e+06	4.946811961422273e-01	2.782902532751205e-01	3.000000000000000e-06	3.000000000000000e-06
3.818136e+06	4.971003327871311e-01	2.796542425866251e-01	3.000000000000000e-06	3.000000000000000e-06
3.887167e+06	4.995313332918024e-01	2.810249000055179e-01	3.000000000000000e-06	3.000000000000000e-06
3.957453e+06	5.019742556455136e-01	2.824022582321504e-01	3.000000000000000e-06	3.000000000000000e-06
4.029017e+06	5.044291581218830e-01	2.837863501266487e-01	3.000000000000000e-06	3.000000000000000e-06
4.101881e+06	5.068960992802646e-01	2.851772087096980e-01	3.000000000000000e-06	3.000000000000000e-06
4.176070e+06	5.093751379671422e-01	2.865748671633292e-01	3.000000000000000e-06	3.000000000000000e-06
4.251608e+06	5.118663333175327e-01	2.879793588317105e-01	3.000000000000000e-06	3.000000000000000e-06
4.328519e+06	5.143697447563949e-01	2.893907172219423e-01	3.000000000000000e-06	3.000000000000000e-06
4.406829e+06	5.168854320000453e-01	2.908089760048564e-01	3.000000000000000e-06	3.000000000000000e-06
4.486563e+06	5.194134550575819e-01	2.922341690158186e-01	3.000000000000000e-06	3.000000000000000e-06
4.567747e+06	5.219538742323134e-01	2.936663302555355e-01	3.000000000000000e-06	3.000000000000000e-06
4.650408e+06	5.245067501231973e-01	2.951054938908657e-01	3.000000000000000e-06	3.000000000000000e-06
4.734573e+06	5.270721436262827e-01	2.965516942556338e-01	3.000000000000000e-06	3.000000000000000e-06
4.820269e+06	5.296501159361627e-01	2.980049658514495e-01	3.000000000000000e-06	3.000000000000000e-06
4.907524e+06	5.322407285474323e-01	2.994653433485304e-01	3.000000000000000e-06	3.000000000000000e-06
4.996368e+06	5.348440432561539e-01	3.009328615865282e-01	3.000000000000000e-06	3.000000000000000e-06
5.086828e+06	5.374601221613299e-01	3.024075555753599e-01	3.000000000000000e-06	3.000000000000000e-06
5.178934e+06	5.400890276663829e-01	3.038894604960423e-01	3.000000000000000e-06	3.000000000000000e-06
5.272717e+06	5.427308224806427e-01	3.053786117015312e-01	3.000000000000000e-06	3.000000000000000e-06
5.368208e+06	5.453855696208412e-01	3.068750447175642e-01	3.000000000000000e-06	3.000000000000000e-06
5.465437e+06	5.480533324126134e-01	3.083787952435073e-01	3.000000000000000e-06	3.000000000000000e-06
5.564436e+06	5.507341744920079e-01	3.098898991532071e-01	3.000000000000000e-06	3.000000000000000e-06
5.665238e+06	5.534281598070020e-01	3.114083924958455e-01	3.000000000000000e-06	3.000000000000000e-06
5.767876e+06	5.561353526190270e-01	3.129343114967995e-01	3.000000000000000e-06	3.000000000000000e-06
5.872384e+06	5.588558175044994e-01	3.144676925585049e-01	3.000000000000000e-06	3.000000000000000e-06
5.978795e+06	5.615896193563595e-01	3.160085722613244e-01	3.000000000000000e-06	3.000000000000000e-06
6.087145e+06	5.643368233856187e-01	3.175569873644198e-01	3.000000000000000e-06	3.000000000000000e-06
6.197468e+06	5.670974951229134e-01	3.191129748066281e-01	3.000000000000000e-06	3.000000000000000e-06
6.309802e+06	5.698717004200666e-01	3.206765717073431e-01	3.000000000000000e-06	3.000000000000000e-06
6.424183e+06	5.726595054516579e-01	3.222478153673998e-01	3.000000000000000e-06	3.000000000000000e-06
6.540649e+06	5.754609767166002e-01	3.238267432699640e-01	3.000000000000000e-06	3.000000000000000e-06
6.659237e+06	5.782761810397253e-01	3.254133930814262e-01	3.000000000000000e-06	3.000000000000000e-06
6.779987e+06	5.811051855733756e-01	3.270078026522995e-01	3.000000000000000e-06	3.000000000000000e-06
6.902938e+06	5.839480577990059e-01	3.286100100181222e-01	3.000000000000000e-06	3.000000000000000e-06
7.028131e+06	5.868048655287906e-01	3.302200534003648e-01	3.000000000000000e-06	3.000000000000000e-06
7.155607e+06	5.896756769072408e-01	3.318379712073412e-01	3.000000000000000e-06	3.000000000000000e-06
7.285407e+06	5.925605604128279e-01	3.334638020351247e-01	3.000000000000000e-06	3.000000000000000e-06
7.417575e+06	5.954595848596164e-01	3.350975846684680e-01	3.000000000000000e-06	3.000000000000000e-06
7.552153e+06	5.983728193989035e-01	3.367393580817284e-01	3.000000000000000e-06	3.000000000000000e-06
7.689185e+06	6.013003335208678e-01	3.383891614397966e-01	3.000000000000000e-06	3.000000000000000e-06
7.828718e+06	6.042421970562248e-01	3.400470340990309e-01	3.000000000000000e-06	3.000000000000000e-06
7.970797e+06	6.071984801778928e-01	3.417130156081954e-01	3.000000000000000e-06	3.000000000000000e-06
8.115467e+06	6.101692534026637e-01	3.433871457094032e-01	3.000000000000000e-06	3.000000000000000e-06
8.262778e+06	6.131545875928852e-01	3.450694643390637e-01	3.000000000000000e-06	3.000000000000000e-06
8.412777e+06	6.161545539581491e-01	3.467600116288351e-01	3.000000000000000e-06	3.000000000000000e-06
8.565514e+06	6.191692240569888e-01	3.484588279065812e-01	3.000000000000000e-06	3.000000000000000e-06
8.721039e+06	6.221986697985853e-01	3.501659536973329e-01	3.000000000000000e-06	3.000000000000000e-06
8.879403e+06	6.252429634444805e-01	3.518814297242545e-01	3.000000000000000e-06	3.000000000000000e-06
9.040658e+06	6.283021776103000e-01	3.536052969096145e-01	3.000000000000000e-06	3.000000000000000e-06
9.204857e+06	6.313763852674842e-01	3.553375963757616e-01	3.000000000000000e-06	3.000000000000000e-06
9.372055e+06	6.344656597450272e-01	3.570783694461052e-01	3.000000000000000e-06	3.000000000000000e-06
9.542306e+06	6.375700747312251e-01	3.588276576461004e-01	3.000000000000000e-06	3.000000000000000e-06
9.715667e+06	6.406897042754316e-01	3.605855027042384e-01	3.000000000000000e-06	3.000000000000000e-06
9.892194e+06	6.438246227898244e-01	3.623519465530412e-01	3.000000000000000e-06	3.000000000000000e-06
1.000000e+07	6.457158400895424e-01	3.634175891117411e-01	3.000000000000000e-06	3.000000000000000e-06
1.018304e+07	6.488982460342919e-01	3.652107649102575e-01	3.000000000000000e-06	3.000000000000000e-06
1.036807e+07	6.520729792103341e-01	3.669996012665477e-01	3.000000000000000e-06	3.000000000000000e-06
1.055652e+07	6.552636921645812e-01	3.687974256578157e-01	3.000000000000000e-06	3.000000000000000e-06
1.074840e+07	6.584700341303354e-01	3.706040404439030e-01	3.000000000000000e-06	3.000000000000000e-06
1.094380e+07	6.616920893164636e-01	3.724194930767818e-01	3.000000000000000e-06	3.000000000000000e-06
1.114276e+07	6.649299344369161e-01	3.742438267846430e-01	3.000000000000000e-06	3.000000000000000e-06
1.134537e+07	6.681836467248957e-01	3.760770850876051e-01	3.000000000000000e-06	3.000000000000000e-06
1.155167e+07	6.714533037895531e-01	3.779193117170146e-01	3.000000000000000e-06	3.000000000000000e-06
1.176175e+07	6.747389836204307e-01	3.797705506179868e-01	3.000000000000000e-06	3.000000000000000e-06
1.197567e+07	6.780407645892481e-01	3.816308459504424e-01	3.000000000000000e-06	3.000000000000000e-06
1.219350e+07	6.813587254517500e-01	3.835002420901736e-01	3.000000000000000e-06	3.000000000000000e-06
1.241531e+07	6.846929453495673e-01	3.853787836299122e-01	3.000000000000000e-06	3.000000000000000e-06
1.264118e+07	6.880435038120908e-01	3.872665153804025e-01	3.000000000000000e-06	3.000000000000000e-06
1.287118e+07	6.914104807583568e-01	3.891634823714763e-01	3.000000000000000e-06	3.000000000000000e-06
1.310539e+07	6.947939564989444e-01	3.910697298531335e-01	3.000000000000000e-06	3.000000000000000e-06
1.334389e+07	6.981940117378840e-01	3.929853032966263e-01	3.000000000000000e-06	3.000000000000000e-06
1.358675e+07	7.016107275745760e-01	3.949102483955475e-01	3.000000000000000e-06	3.000000000000000e-06
1.383405e+07	7.050441855057209e-01	3.968446110669240e-01	3.000000000000000e-06	3.000000000000000e-06
1.408588e+07	7.084944674272590e-01	3.987884374523148e-01	3.000000000000000e-06	3.000000000000000e-06
1.434231e+07	7.119616556363203e-01	4.007417739189142e-01	3.000000000000000e-06	3.000000000000000e-06
1.460344e+07	7.154458328331854e-01	4.027046670606590e-01	3.000000000000000e-06	3.000000000000000e-06
1.486935e+07	7.189470821232549e-01	4.046771636993423e-01	3.000000000000000e-06	3.000000000000000e-06
1.514013e+07	7.224654870190302e-01	4.066593108857309e-01	3.000000000000000e-06	3.000000000000000e-06
1.541586e+07	7.260011314421035e-01	4.086511559006888e-01	3.000000000000000e-06	3.000000000000000e-06
1.569665e+07	7.295540997251581e-01	4.106527462563062e-01	3.000000000000000e-06	3.000000000000000e-06
1.598257e+07	7.331244766139776e-01	4.126641296970325e-01	3.000000000000000e-06	3.000000000000000e-06
1.627373e+07	7.367123472694670e-01	4.146853542008164e-01	3.000000000000000e-06	3.000000000000000e-06
1.657023e+07	7.403177972696822e-01	4.167164679802503e-01	3.000000000000000e-06	3.000000000000000e-06
1.687215e+07	7.439409126118697e-01	4.187575194837204e-01	3.000000000000000e-06	3.000000000000000e-06
1.717961e+07	7.475817797145169e-01	4.208085573965625e-01	3.000000000000000e-06	3.000000000000000e-06
1.749270e+07	7.512404854194121e-01	4.228696306422235e-01	3.000000000000000e-06	3.000000000000000e-06
1.781152e+07	7.549171169937149e-01	4.249407883834281e-01	3.000000000000000e-06	3.000000000000000e-06
1.813619e+07	7.586117621320360e-01	4.270220800233510e-01	3.000000000000000e-06	3.000000000000000e-06
1.846681e+07	7.623245089585280e-01	4.291135552067958e-01	3.000000000000000e-06	3.000000000000000e-06
1.880348e+07	7.660554460289867e-01	4.312152638213786e-01	3.000000000000000e-06	3.000000000000000e-06
1.914633e+07	7.698046623329611e-01	4.333272559987173e-01	3.000000000000000e-06	3.000000000000000e-06
1.949546e+07	7.735722472958760e-01	4.354495821156277e-01	3.000000000000000e-06	3.000000000000000e-06
1.985099e+07	7.773582907811627e-01	4.375822927953242e-01	3.000000000000000e-06	3.000000000000000e-06
2.021304e+07	7.811628830924018e-01	4.397254389086275e-01	3.000000000000000e-06	3.000000000000000e-06
2.058173e+07	7.849861149754760e-01	4.418790715751769e-01	3.000000000000000e-06	3.000000000000000e-06
2.095718e+07	7.888280776207330e-01	4.440432421646496e-01	3.000000000000000e-06	3.000000000000000e-06
2.133951e+07	7.926888626651596e-01	4.462180022979856e-01	3.000000000000000e-06	3.000000000000000e-06
2.172886e+07	7.965685621945661e-01	4.484034038486184e-01	3.000000000000000e-06	3.000000000000000e-06
2.212535e+07	8.004672687457812e-01	4.505994989437118e-01	3.000000000000000e-06	3.000000000000000e-06
2.252911e+07	8.043850753088588e-01	4.528063399654025e-01	3.000000000000000e-06	3.000000000000000e-06
2.294027e+07	8.083220753292936e-01	4.550239795520497e-01	3.000000000000000e-06	3.000000000000000e-06
2.335898e+07	8.122783627102493e-01	4.572524705994892e-01	3.000000000000000e-06	3.000000000000000e-06
2.378538e+07	8.162540318147973e-01	4.594918662622954e-01	3.000000000000000e-06	3.000000000000000e-06
2.421959e+07	8.202491774681655e-01	4.617422199550480e-01	3.000000000000000e-06	3.000000000000000e-06
2.466178e+07	8.242638949599994e-01	4.640035853536061e-01	3.000000000000000e-06	3.000000000000000e-06
2.511208e+07	8.282982800466333e-01	4.662760163963871e-01	3.000000000000000e-06	3.000000000000000e-06
2.557065e+07	8.323524289533728e-01	4.685595672856533e-01	3.000000000000000e-06	3.000000000000000e-06
2.603764e+07	8.364264383767890e-01	4.708542924888041e-01	3.000000000000000e-06	3.000000000000000e-06
2.651319e+07	8.405204054870233e-01	4.731602467396741e-01	3.000000000000000e-06	3.000000000000000e-06
2.699748e+07	8.446344279301041e-01	4.754774850398387e-01	3.000000000000000e-06	3.000000000000000e-06
2.749066e+07	8.487686038302740e-01	4.778060626599248e-01	3.000000000000000e-06	3.000000000000000e-06
2.799290e+07	8.529230317923291e-01	4.801460351409288e-01	3.000000000000000e-06	3.000000000000000e-06
2.850436e+07	8.570978109039699e-01	4.824974582955408e-01	3.000000000000000e-06	3.000000000000000e-06
2.902522e+07	8.612930407381627e-01	4.848603882094749e-01	3.000000000000000e-06	3.000000000000000e-06
2.955564e+07	8.655088213555138e-01	4.872348812428067e-01	3.000000000000000e-06	3.000000000000000e-06
3.009581e+07	8.697452533066542e-01	4.896209940313168e-01	3.000000000000000e-06	3.000000000000000e-06
3.064590e+07	8.740024376346375e-01	4.920187834878408e-01	3.000000000000000e-06	3.000000000000000e-06
3.120610e+07	8.782804758773473e-01	4.944283068036265e-01	3.000000000000000e-06	3.000000000000000e-06
3.177658e+07	8.825794700699183e-01	4.968496214496972e-01	3.000000000000000e-06	3.000000000000000e-06
3.235756e+07	8.868995227471692e-01	4.992827851782219e-01	3.000000000000000e-06	3.000000000000000e-06
3.294921e+07	8.912407369460457e-01	5.017278560238919e-01	3.000000000000000e-06	3.000000000000000e-06
3.355173e+07	8.956032162080774e-01	5.041848923053047e-01	3.000000000000000e-06	3.000000000000000e-06
3.416533e+07	8.999870645818463e-01	5.066539526263542e-01	3.000000000000000e-06	3.000000000000000e-06
3.479021e+07	9.043923866254664e-01	5.091350958776276e-01	3.000000000000000e-06	3.000000000000000e-06
3.542658e+07	9.088192874090768e-01	5.116283812378097e-01	3.000000000000000e-06	3.000000000000000e-06
3.607464e+07	9.132678725173460e-01	5.141338681750938e-01	3.000000000000000e-06	3.000000000000000e-06
3.673462e+07	9.177382480519887e-01	5.166516164485987e-01	3.000000000000000e-06	3.000000000000000e-06
3.740674e+07	9.222305206342956e-01	5.191816861097943e-01	3.000000000000000e-06	3.000000000000000e-06
3.809122e+07	9.267447974076742e-01	5.217241375039328e-01	3.000000000000000e-06	3.000000000000000e-06
3.878829e+07	9.312811860402040e-01	5.242790312714870e-01	3.000000000000000e-06	3.000000000000000e-06
3.949818e+07	9.358397947272022e-01	5.268464283495967e-01	3.000000000000000e-06	3.000000000000000e-06
4.022113e+07	9.404207321938032e-01	5.294263899735209e-01	3.000000000000000e-06	3.000000000000000e-06
4.095738e+07	9.450241076975501e-01	5.320189776780975e-01	3.000000000000000e-06	3.000000000000000e-06
4.170717e+07	9.496500310309995e-01	5.346242532992110e-01	3.000000000000000e-06	3.000000000000000e-06
4.247076e+07	9.542986125243390e-01	5.372422789752659e-01	3.000000000000000e-06	3.000000000000000e-06
4.324840e+07	9.589699630480165e-01	5.398731171486686e-01	3.000000000000000e-06	3.000000000000000e-06
4.404035e+07	9.636641940153836e-01	5.425168305673156e-01	3.000000000000000e-06	3.000000000000000e-06
4.484688e+07	9.683814173853514e-01	5.451734822860896e-01	3.000000000000000e-06	3.000000000000000e-06
4.566825e+07	9.731217456650596e-01	5.478431356683628e-01	3.000000000000000e-06	3.000000000000000e-06
4.650474e+07	9.778852919125578e-01	5.505258543875075e-01	3.000000000000000e-06	3.000000000000000e-06
4.735663e+07	9.826721697395013e-01	5.532217024284133e-01	3.000000000000000e-06	3.000000000000000e-06
4.822420e+07	9.874824933138590e-01	5.559307440890137e-01	3.000000000000000e-06	3.000000000000000e-06
4.910775e+07	9.923163773626347e-01	5.586530439818178e-01	3.000000000000000e-06	3.000000000000000e-06
5.000757e+07	9.971739371746027e-01	5.613886670354516e-01	3.000000000000000e-06	3.000000000000000e-06
5.092396e+07	1.002055288603055e+00	5.641376784962052e-01	3.000000000000000e-06	3.000000000000000e-06
5.185722e+07	1.006960548068565e+00	5.669001439295882e-01	3.000000000000000e-06	3.000000000000000e-06
5.280767e+07	1.011889832561759e+00	5.696761292218933e-01	3.000000000000000e-06	3.000000000000000e-06
5.377563e+07	1.016843259646109e+00	5.724657005817663e-01	3.000000000000000e-06	3.000000000000000e-06
5.476143e+07	1.021820947460734e+00	5.752689245417854e-01	3.000000000000000e-06	3.000000000000000e-06
5.576538e+07	1.026823014723214e+00	5.780858679600460e-01	3.000000000000000e-06	3.000000000000000e-06
5.678783e+07	1.031849580732423e+00	5.809165980217559e-01	3.000000000000000e-06	3.000000000000000e-06
5.782912e+07	1.036900765371370e+00	5.837611822408360e-01	3.000000000000000e-06	3.000000000000000e-06
5.888960e+07	1.041976689110061e+00	5.866196884615300e-01	3.000000000000000e-06	3.000000000000000e-06
5.996962e+07	1.047077473008365e+00	5.894921848600222e-01	3.000000000000000e-06	3.000000000000000e-06
6.106954e+07	1.052203238718904e+00	5.923787399460622e-01	3.000000000000000e-06	3.000000000000000e-06
6.218975e+07	1.057354108489953e+00	5.952794225645982e-01	3.000000000000000e-06	3.000000000000000e-06
6.333059e+07	1.062530205168352e+00	5.981943018974186e-01	3.000000000000000e-06	3.000000000000000e-06
6.449248e+07	1.067731652202434e+00	6.011234474648008e-01	3.000000000000000e-06	3.000000000000000e-06
6.567578e+07	1.072958573644972e+00	6.040669291271690e-01	3.000000000000000e-06	3.000000000000000e-06
6.688090e+07	1.078211094156130e+00	6.070248170867586e-01	3.000000000000000e-06	3.000000000000000e-06
6.810824e+07	1.083489339006441e+00	6.099971818892909e-01	3.000000000000000e-06	3.000000000000000e-06
6.935821e+07	1.088793434079786e+00	6.129840944256542e-01	3.000000000000000e-06	3.000000000000000e-06
7.063124e+07	1.094123505876404e+00	6.159856259335942e-01	3.000000000000000e-06	3.000000000000000e-06
7.192775e+07	1.099479681515898e+00	6.190018479994115e-01	3.000000000000000e-06	3.000000000000000e-06
7.324817e+07	1.104862088740272e+00	6.220328325596690e-01	3.000000000000000e-06	3.000000000000000e-06
7.459295e+07	1.110270855916972e+00	6.250786519029061e-01	3.000000000000000e-06	3.000000000000000e-06
7.596254e+07	1.115706112041950e+00	6.281393786713624e-01	3.000000000000000e-06	3.000000000000000e-06
7.735739e+07	1.121167986742734e+00	6.312150858627091e-01	3.000000000000000e-06	3.000000000000000e-06
7.877798e+07	1.126656610281522e+00	6.343058468317897e-01	3.000000000000000e-06	3.000000000000000e-06
8.022479e+07	1.132172113558286e+00	6.374117352923679e-01	3.000000000000000e-06	3.000000000000000e-06
8.169830e+07	1.137714628113892e+00	6.405328253188857e-01	3.000000000000000e-06	3.000000000000000e-06
8.319900e+07	1.143284286133236e+00	6.436691913482283e-01	3.000000000000000e-06	3.000000000000000e-06
8.472740e+07	1.148881220448394e+00	6.468209081814995e-01	3.000000000000000e-06	3.000000000000000e-06
8.628401e+07	1.154505564541791e+00	6.499880509858045e-01	3.000000000000000e-06	3.000000000000000e-06
8.786936e+07	1.160157452549379e+00	6.531706952960412e-01	3.000000000000000e-06	3.000000000000000e-06
8.948397e+07	1.165837019263838e+00	6.563689170167021e-01	3.000000000000000e-06	3.000000000000000e-06
9.112840e+07	1.171544400137789e+00	6.595827924236823e-01	3.000000000000000e-06	3.000000000000000e-06
9.280319e+07	1.177279731287018e+00	6.628123981660993e-01	3.000000000000000e-06	3.000000000000000e-06
9.450890e+07	1.183043149493729e+00	6.660578112681187e-01	3.000000000000000e-06	3.000000000000000e-06
9.624612e+07	1.188834792209796e+00	6.693191091307918e-01	3.000000000000000e-06	3.000000000000000e-06
9.801542e+07	1.194654797560046e+00	6.725963695338996e-01	3.000000000000000e-06	3.000000000000000e-06
9.981739e+07	1.200503304345548e+00	6.758896706378074e-01	3.000000000000000e-06	3.000000000000000e-06
1.000000e+08	1.201089360003980e+00	6.762196785488770e-01	3.000000000000000e-06	3.000000000000000e-06
1.018692e+08	1.207066812798163e+00	6.795855798211132e-01	3.000000000000000e-06	3.000000000000000e-06
1.037418e+08	1.212974319373624e+00	6.829120858362897e-01	3.000000000000000e-06	3.000000000000000e-06
1.056495e+08	1.218912571633262e+00	6.862558962875527e-01	3.000000000000000e-06	3.000000000000000e-06
1.075925e+08	1.224879870762829e+00	6.896160545750217e-01	3.000000000000000e-06	3.000000000000000e-06
1.095714e+08	1.230876392767604e+00	6.929926598081043e-01	3.000000000000000e-06	3.000000000000000e-06
1.115869e+08	1.236902280040228e+00	6.963857921687067e-01	3.000000000000000e-06	3.000000000000000e-06
1.136396e+08	1.242957676301681e+00	6.997955325864444e-01	3.000000000000000e-06	3.000000000000000e-06
1.157303e+08	1.249042725965054e+00	7.032219623803942e-01	3.000000000000000e-06	3.000000000000000e-06
1.178595e+08	1.255157574150692e+00	7.066651632676332e-01	3.000000000000000e-06	3.000000000000000e-06
1.200282e+08	1.261302366689429e+00	7.101252173650703e-01	3.000000000000000e-06	3.000000000000000e-06
1.222369e+08	1.267477250126070e+00	7.136022071914093e-01	3.000000000000000e-06	3.000000000000000e-06
1.244865e+08	1.273682371722869e+00	7.170962156691201e-01	3.000000000000000e-06	3.000000000000000e-06
1.267777e+08	1.279917879463046e+00	7.206073261264168e-01	3.000000000000000e-06	3.000000000000000e-06
1.291112e+08	1.286183922054303e+00	7.241356222992472e-01	3.000000000000000e-06	3.000000000000000e-06
1.314879e+08	1.292480648932376e+00	7.276811883332907e-01	3.000000000000000e-06	3.000000000000000e-06
1.339085e+08	1.298808210264585e+00	7.312441087859651e-01	3.000000000000000e-06	3.000000000000000e-06
1.363739e+08	1.305166756953424e+00	7.348244686284447e-01	3.000000000000000e-06	3.000000000000000e-06
1.388849e+08	1.311556440640145e+00	7.384223532476861e-01	3.000000000000000e-06	3.000000000000000e-06
1.414424e+08	1.317977413708382e+00	7.420378484484651e-01	3.000000000000000e-06	3.000000000000000e-06
1.440471e+08	1.324429829287779e+00	7.456710404554225e-01	3.000000000000000e-06	3.000000000000000e-06
1.467001e+08	1.330913841257638e+00	7.493220159151210e-01	3.000000000000000e-06	3.000000000000000e-06
1.494021e+08	1.337429604250590e+00	7.529908618981106e-01	3.000000000000000e-06	3.000000000000000e-06
1.521541e+08	1.343977273656279e+00	7.566776659010050e-01	3.000000000000000e-06	3.000000000000000e-06
1.549571e+08	1.350557005625067e+00	7.603825158485679e-01	3.000000000000000e-06	3.000000000000000e-06
1.578119e+08	1.357168957071754e+00	7.641055000958089e-01	3.000000000000000e-06	3.000000000000000e-06
1.607195e+08	1.363813285679323e+00	7.678467074300906e-01	3.000000000000000e-06	3.000000000000000e-06
1.636810e+08	1.370490149902693e+00	7.716062270732451e-01	3.000000000000000e-06	3.000000000000000e-06
1.666973e+08	1.377199708972500e+00	7.753841486837009e-01	3.000000000000000e-06	3.000000000000000e-06
1.697694e+08	1.383942122898892e+00	7.791805623586209e-01	3.000000000000000e-06	3.000000000000000e-06
1.728984e+08	1.390717552475342e+00	7.829955586360497e-01	3.000000000000000e-06	3.000000000000000e-06
1.760853e+08	1.397526159282482e+00	7.868292284970729e-01	3.000000000000000e-06	3.000000000000000e-06
1.793312e+08	1.404368105691954e+00	7.906816633679848e-01	3.000000000000000e-06	3.000000000000000e-06
1.826372e+08	1.411243554870281e+00	7.945529551224692e-01	3.000000000000000e-06	3.000000000000000e-06
1.860045e+08	1.418152670782757e+00	7.984431960837881e-01	3.000000000000000e-06	3.000000000000000e-06
1.894341e+08	1.425095618197355e+00	8.023524790269844e-01	3.000000000000000e-06	3.000000000000000e-06
1.929272e+08	1.432072562688653e+00	8.062808971810917e-01	3.000000000000000e-06	3.000000000000000e-06
1.964850e+08	1.439083670641784e+00	8.102285442313583e-01	3.000000000000000e-06	3.000000000000000e-06
2.001087e+08	1.446129109256400e+00	8.141955143214791e-01	3.000000000000000e-06	3.000000000000000e-06
2.037995e+08	1.453209046550659e+00	8.181819020558412e-01	3.000000000000000e-06	3.000000000000000e-06
2.075588e+08	1.460323651365228e+00	8.221878025017778e-01	3.000000000000000e-06	3.000000000000000e-06
2.113876e+08	1.467473093367309e+00	8.262133111918353e-01	3.000000000000000e-06	3.000000000000000e-06
2.152874e+08	1.474657543054684e+00	8.302585241260502e-01	3.000000000000000e-06	3.000000000000000e-06
2.192595e+08	1.481877171759780e+00	8.343235377742378e-01	3.000000000000000e-06	3.000000000000000e-06
2.233052e+08	1.489132151653750e+00	8.384084490782916e-01	3.000000000000000e-06	3.000000000000000e-06
2.274258e+08	1.496422655750579e+00	8.425133554544944e-01	3.000000000000000e-06	3.000000000000000e-06
2.316228e+08	1.503748857911208e+00	8.466383547958400e-01	3.000000000000000e-06	3.000000000000000e-06
2.358976e+08	1.511110932847679e+00	8.507835454743675e-01	3.000000000000000e-06	3.000000000000000e-06
2.402517e+08	1.518509056127298e+00	8.549490263435056e-01	3.000000000000000e-06	3.000000000000000e-06
2.446864e+08	1.525943404176823e+00	8.591348967404293e-01	3.000000000000000e-06	3.000000000000000e-06
2.492034e+08	1.533414154286664e+00	8.633412564884280e-01	3.000000000000000e-06	3.000000000000000e-06
2.538041e+08	1.540921484615116e+00	8.675682058992846e-01	3.000000000000000e-06	3.000000000000000e-06
2.584902e+08	1.548465574192600e+00	8.718158457756673e-01	3.000000000000000e-06	3.000000000000000e-06
2.632631e+08	1.556046602925935e+00	8.760842774135318e-01	3.000000000000000e-06	3.000000000000000e-06
2.681245e+08	1.563664751602623e+00	8.803736026045365e-01	3.000000000000000e-06	3.000000000000000e-06
2.730761e+08	1.571320201895159e+00	8.846839236384684e-01	3.000000000000000e-06	3.000000000000000e-06
2.781195e+08	1.579013136365365e+00	8.890153433056821e-01	3.000000000000000e-06	3.000000000000000e-06
2.832565e+08	1.586743738468737e+00	8.933679648995497e-01	3.000000000000000e-06	3.000000000000000e-06
2.884887e+08	1.594512192558820e+00	8.977418922189229e-01	3.000000000000000e-06	3.000000000000000e-06
2.938180e+08	1.602318683891603e+00	9.021372295706070e-01	3.000000000000000e-06	3.000000000000000e-06
2.992462e+08	1.610163398629936e+00	9.065540817718486e-01	3.000000000000000e-06	3.000000000000000e-06
3.047751e+08	1.618046523847963e+00	9.109925541528322e-01	3.000000000000000e-06	3.000000000000000e-06
3.104066e+08	1.625968247535586e+00	9.154527525591929e-01	3.000000000000000e-06	3.000000000000000e-06
3.161425e+08	1.633928758602945e+00	9.199347833545383e-01	3.000000000000000e-06	3.000000000000000e-06
3.219849e+08	1.641928246884918e+00	9.244387534229839e-01	3.000000000000000e-06	3.000000000000000e-06
3.279358e+08	1.649966903145652e+00	9.289647701717015e-01	3.000000000000000e-06	3.000000000000000e-06
3.339971e+08	1.658044919083103e+00	9.335129415334794e-01	3.000000000000000e-06	3.000000000000000e-06
3.401708e+08	1.666162487333612e+00	9.380833759692947e-01	3.000000000000000e-06	3.000000000000000e-06
3.464592e+08	1.674319801476493e+00	9.426761824708990e-01	3.000000000000000e-06	3.000000000000000e-06
3.528643e+08	1.682517056038647e+00	9.472914705634166e-01	3.000000000000000e-06	3.000000000000000e-06
3.593883e+08	1.690754446499202e+00	9.519293503079549e-01	3.000000000000000e-06	3.000000000000000e-06
3.660335e+08	1.699032169294170e+00	9.565899323042284e-01	3.000000000000000e-06	3.000000000000000e-06
3.728020e+08	1.707350421821131e+00	9.612733276931947e-01	3.000000000000000e-06	3.000000000000000e-06
3.796962e+08	1.715709402443936e+00	9.659796481597039e-01	3.000000000000000e-06	3.000000000000000e-06
3.867184e+08	1.724109310497438e+00	9.707090059351606e-01	3.000000000000000e-06	3.000000000000000e-06
3.938710e+08	1.732550346292243e+00	9.754615138001996e-01	3.000000000000000e-06	3.000000000000000e-06
4.011565e+08	1.741032711119481e+00	9.802372850873740e-01	3.000000000000000e-06	3.000000000000000e-06
4.085773e+08	1.749556607255612e+00	9.850364336838564e-01	3.000000000000000e-06	3.000000000000000e-06
4.161359e+08	1.758122237967239e+00	9.898590740341544e-01	3.000000000000000e-06	3.000000000000000e-06
4.238349e+08	1.766729807515958e+00	9.947053211428378e-01	3.000000000000000e-06	3.000000000000000e-06
4.316770e+08	1.775379521163226e+00	9.995752905772805e-01	3.000000000000000e-06	3.000000000000000e-06
4.396647e+08	1.784071585175255e+00	1.004469098470415e+00	3.000000000000000e-06	3.000000000000000e-06
4.478009e+08	1.792806206827926e+00	1.009386861523500e+00	3.000000000000000e-06	3.000000000000000e-06
4.560882e+08	1.801583594411730e+00	1.014328697008904e+00	3.000000000000000e-06	3.000000000000000e-06
4.645295e+08	1.810403957236737e+00	1.019294722772899e+00	3.000000000000000e-06	3.000000000000000e-06
4.731277e+08	1.819267505637580e+00	1.024285057238471e+00	3.000000000000000e-06	3.000000000000000e-06
4.818857e+08	1.828174450978472e+00	1.029299819408139e+00	3.000000000000000e-06	3.000000000000000e-06
4.908064e+08	1.837125005658243e+00	1.034339128866799e+00	3.000000000000000e-06	3.000000000000000e-06
4.998930e+08	1.846119383115402e+00	1.039403105784567e+00	3.000000000000000e-06	3.000000000000000e-06
5.091484e+08	1.855157797833226e+00	1.044491870919648e+00	3.000000000000000e-06	3.000000000000000e-06
5.185759e+08	1.864240465344875e+00	1.049605545621212e+00	3.000000000000000e-06	3.000000000000000e-06
5.281787e+08	1.873367602238522e+00	1.054744251832289e+00	3.000000000000000e-06	3.000000000000000e-06
5.379600e+08	1.882539426162524e+00	1.059908112092673e+00	3.000000000000000e-06	3.000000000000000e-06
5.479231e+08	1.891756155830605e+00	1.065097249541844e+00	3.000000000000000e-06	3.000000000000000e-06
5.580715e+08	1.901018011027071e+00	1.070311787921907e+00	3.000000000000000e-06	3.000000000000000e-06
5.684087e+08	1.910325212612049e+00	1.075551851580533e+00	3.000000000000000e-06	3.000000000000000e-06
5.789380e+08	1.919677982526750e+00	1.080817565473931e+00	3.000000000000000e-06	3.000000000000000e-06
5.896632e+08	1.929076543798762e+00	1.086109055169825e+00	3.000000000000000e-06	3.000000000000000e-06
6.005879e+08	1.938521120547363e+00	1.091426446850442e+00	3.000000000000000e-06	3.000000000000000e-06
6.117157e+08	1.948011937988866e+00	1.096769867315527e+00	3.000000000000000e-06	3.000000000000000e-06
6.230505e+08	1.957549222441987e+00	1.102139443985360e+00	3.000000000000000e-06	3.000000000000000e-06
6.345962e+08	1.967133201333236e+00	1.107535304903797e+00	3.000000000000000e-06	3.000000000000000e-06
6.463567e+08	1.976764103202343e+00	1.112957578741317e+00	3.000000000000000e-06	3.000000000000000e-06
6.583360e+08	1.986442157707703e+00	1.118406394798097e+00	3.000000000000000e-06	3.000000000000000e-06
6.705382e+08	1.996167595631851e+00	1.123881883007086e+00	3.000000000000000e-06	3.000000000000000e-06
6.829674e+08	2.005940648886960e+00	1.129384173937107e+00	3.000000000000000e-06	3.000000000000000e-06
6.956279e+08	2.015761550520375e+00	1.134913398795967e+00	3.000000000000000e-06	3.000000000000000e-06
7.085240e+08	2.025630534720163e+00	1.140469689433588e+00	3.000000000000000e-06	3.000000000000000e-06
7.216601e+08	2.035547836820696e+00	1.146053178345144e+00	3.000000000000000e-06	3.000000000000000e-06
7.350407e+08	2.045513693308260e+00	1.151663998674224e+00	3.000000000000000e-06	3.000000000000000e-06
7.486704e+08	2.055528341826697e+00	1.157302284216004e+00	3.000000000000000e-06	3.000000000000000e-06
7.625538e+08	2.065592021183063e+00	1.162968169420438e+00	3.000000000000000e-06	3.000000000000000e-06
7.766956e+08	2.075704971353323e+00	1.168661789395458e+00	3.000000000000000e-06	3.000000000000000e-06
7.911006e+08	2.085867433488071e+00	1.174383279910200e+00	3.000000000000000e-06	3.000000000000000e-06
8.057739e+08	2.096079649918277e+00	1.180132777398236e+00	3.000000000000000e-06	3.000000000000000e-06
8.207203e+08	2.106341864161069e+00	1.185910418960831e+00	3.000000000000000e-06	3.000000000000000e-06
8.359451e+08	2.116654320925526e+00	1.191716342370204e+00	3.000000000000000e-06	3.000000000000000e-06
8.514533e+08	2.127017266118523e+00	1.197550686072819e+00	3.000000000000000e-06	3.000000000000000e-06
8.672504e+08	2.137430946850585e+00	1.203413589192680e+00	3.000000000000000e-06	3.000000000000000e-06
8.833416e+08	2.147895611441780e+00	1.209305191534650e+00	3.000000000000000e-06	3.000000000000000e-06
8.997326e+08	2.158411509427638e+00	1.215225633587782e+00	3.000000000000000e-06	3.000000000000000e-06
9.164288e+08	2.168978891565096e+00	1.221175056528670e+00	3.000000000000000e-06	3.000000000000000e-06
9.334360e+08	2.179598009838481e+00	1.227153602224811e+00	3.000000000000000e-06	3.000000000000000e-06
9.507601e+08	2.190269117465509e+00	1.233161413237986e+00	3.000000000000000e-06	3.000000000000000e-06
9.684068e+08	2.200992468903327e+00	1.239198632827665e+00	3.000000000000000e-06	3.000000000000000e-06
9.863824e+08	2.211768319854574e+00	1.245265404954412e+00	3.000000000000000e-06	3.000000000000000e-06
1.000000e+09	2.219826678558186e+00	1.249802233524814e+00	3.000000000000000e-06	3.000000000000000e-06
