#t[yr]	ecc	inc	eachmass	totalmass
0.000000e+00	5.000000000000000e-02	2.500000000000000e-02	3.000000000000000e-08	3.000000000000000e-05
1.100000e-01	5.000265361242127e-02	2.500115009775339e-02	3.000000000000000e-08	3.000000000000000e-05
1.200000e-01	5.000289482817891e-02	2.500125464459594e-02	3.000000000000000e-08	3.000000000000000e-05
1.300000e-01	5.000313604031334e-02	2.500135919018851e-02	3.000000000000000e-08	3.000000000000000e-05
1.500000e-01	5.000361845371203e-02	2.500156827762350e-02	2.970297029702970e-08	2.970297029702970e-05
1.600000e-01	5.000385950138243e-02	2.500167266639317e-02	2.970297029702970e-08	2.970297029702970e-05
1.800000e-01	5.000434158589348e-02	2.500188144020141e-02	2.970297029702970e-08	2.970297029702970e-05
2.000000e-01	5.000482365596386e-02	2.500209020903452e-02	2.970297029702970e-08	2.970297029702970e-05
2.300000e-01	5.000554673399056e-02	2.500240335295502e-02	2.970297029702970e-08	2.970297029702970e-05
2.600000e-01	5.000626977951909e-02	2.500271648567939e-02	2.970297029702970e-08	2.970297029702970e-05
2.900000e-01	5.000699279254544e-02	2.500302960720637e-02	2.970297029702970e-08	2.970297029702970e-05
3.200000e-01	5.000771547210008e-02	2.500334241716278e-02	2.940888148220763e-08	2.940888148220763e-05
3.600000e-01	5.000867879378920e-02	2.500375927951123e-02	2.940888148220763e-08	2.940888148220763e-05
4.000000e-01	5.000964205789366e-02	2.500417612204824e-02	2.940888148220763e-08	2.940888148220763e-05
4.500000e-01	5.001084605703180e-02	2.500469714735523e-02	2.911770443782933e-08	2.911770443782933e-05
5.100000e-01	5.001228985270915e-02	2.500532145278921e-02	2.911770443782933e-08	2.911770443782933e-05
5.700000e-01	5.001373351923418e-02	2.500594571385035e-02	2.911770443782933e-08	2.911770443782933e-05
6.400000e-01	5.001541705579934e-02	2.500667338403914e-02	2.882941033448449e-08	2.882941033448449e-05
7.100000e-01	5.001709998367388e-02	2.500740056032767e-02	2.882941033448449e-08	2.882941033448449e-05
8.000000e-01	5.001926278298289e-02	2.500833470369511e-02	2.854397062820246e-08	2.854397062820246e-05
9.000000e-01	5.002166492546080e-02	2.500937189419524e-02	2.826135705762620e-08	2.826135705762620e-05
1.000000e+00	5.002406532520824e-02	2.501040757099063e-02	2.826135705762620e-08	2.826135705762620e-05
1.130000e+00	5.002718422698623e-02	2.501175267673844e-02	2.798154164121406e-08	2.798154164121406e-05
1.260000e+00	5.003030118514334e-02	2.501309622520421e-02	2.770449667446937e-08	2.770449667446937e-05
1.420000e+00	5.003413465900294e-02	2.501474756712037e-02	2.743019472719739e-08	2.743019472719739e-05
1.590000e+00	5.003820444617339e-02	2.501649947095506e-02	2.715860864078950e-08	2.715860864078950e-05
1.780000e+00	5.004274913397032e-02	2.501845434808729e-02	2.688971152553416e-08	2.688971152553416e-05
2.000000e+00	5.004800653795456e-02	2.502071402665783e-02	2.662347675795461e-08	2.662347675795461e-05
2.240000e+00	5.005373555962284e-02	2.502317401200605e-02	2.609888908729988e-08	2.609888908729988e-05
2.520000e+00	5.006041209438598e-02	2.502603826343300e-02	2.558463786618947e-08	2.558463786618947e-05
2.820000e+00	5.006755647177417e-02	2.502909992691199e-02	2.533132461998958e-08	2.533132461998958e-05
3.170000e+00	5.007588065592720e-02	2.503266338217608e-02	2.483219745122005e-08	2.483219745122005e-05
3.550000e+00	5.008490546489310e-02	2.503652234176049e-02	2.434290505952363e-08	2.434290505952362e-05
3.990000e+00	5.009533888681067e-02	2.504097803195414e-02	2.362698382271164e-08	2.362698382271164e-05
4.470000e+00	5.010670224784644e-02	2.504582482513109e-02	2.316143890080545e-08	2.316143890080545e-05
5.020000e+00	5.011969964191001e-02	2.505136113434102e-02	2.248026440894986e-08	2.248026440894986e-05
5.630000e+00	5.013408783454103e-02	2.505748150578091e-02	2.181912315813521e-08	2.181912315813521e-05
6.310000e+00	5.015009512169356e-02	2.506428102830901e-02	2.096774848881777e-08	2.096774848881776e-05
7.080000e+00	5.016818319389084e-02	2.507195380973203e-02	2.035109010747128e-08	2.035109010747127e-05
7.950000e+00	5.018857434556253e-02	2.508059111236932e-02	1.955699758207858e-08	1.955699758207858e-05
8.920000e+00	5.021125562544003e-02	2.509018498802772e-02	1.860781215195592e-08	1.860781215195592e-05
1.000000e+01	5.023644671158142e-02	2.510082600424934e-02	1.788174173185814e-08	1.788174173185813e-05
1.123000e+01	5.026506170747549e-02	2.511289740252311e-02	1.701386369250870e-08	1.701386369250869e-05
1.259000e+01	5.029661450883736e-02	2.512619170613582e-02	1.618810751704029e-08	1.618810751704028e-05
1.413000e+01	5.033224034217524e-02	2.514118470364761e-02	1.524992955421061e-08	1.524992955421060e-05
1.585000e+01	5.037190937218611e-02	2.515786191179264e-02	1.436612347450642e-08	1.436612347450641e-05
1.779000e+01	5.041650864196761e-02	2.517659467582115e-02	1.353353816823238e-08	1.353353816823237e-05
1.996000e+01	5.046622553991108e-02	2.519746080675745e-02	1.262297539357847e-08	1.262297539357847e-05
2.239000e+01	5.052169828316223e-02	2.522072839458524e-02	1.177367705371455e-08	1.177367705371454e-05
2.512000e+01	5.058377946883056e-02	2.524675633738255e-02	1.098152115829067e-08	1.098152115829066e-05
2.819000e+01	5.065330409014223e-02	2.527589766589218e-02	1.024266305248612e-08	1.024266305248612e-05
3.163000e+01	5.073086158859506e-02	2.530840397371648e-02	9.458927482510393e-09	9.458927482510393e-06
3.549000e+01	5.081747114647538e-02	2.534470959407696e-02	8.648674091856637e-09	8.648674091856637e-06
3.982000e+01	5.091412175497507e-02	2.538523879822992e-02	7.986905420547053e-09	7.986905420547051e-06
4.467000e+01	5.102176896919570e-02	2.543040561120971e-02	7.302745698443800e-09	7.302745698443797e-06
5.012000e+01	5.114198985143753e-02	2.548088893432997e-02	6.677191218383885e-09	6.677191218383882e-06
5.624000e+01	5.127608268299873e-02	2.553725634222628e-02	6.105221845033412e-09	6.105221845033409e-06
6.310000e+01	5.142528379738637e-02	2.560005571412533e-02	5.582247468733527e-09	5.582247468733523e-06
7.080000e+01	5.159140490635410e-02	2.567008462313668e-02	5.053535811312388e-09	5.053535811312384e-06
7.944000e+01	5.177615811517036e-02	2.574810853679374e-02	4.574900045054927e-09	4.574900045054922e-06
8.913000e+01	5.198135489169519e-02	2.583494587375884e-02	4.141597329812567e-09	4.141597329812561e-06
1.000100e+02	5.220929982090056e-02	2.593163726269423e-02	3.712211915119415e-09	3.712211915119411e-06
1.122100e+02	5.246191683892430e-02	2.603907783783970e-02	3.360617019813462e-09	3.360617019813459e-06
1.259000e+02	5.274176084511904e-02	2.615844914993192e-02	3.012200740352810e-09	3.012200740352807e-06
1.412600e+02	5.305134432233199e-02	2.629093664571677e-02	2.699906965502916e-09	2.699906965502913e-06
1.584900e+02	5.339329807530275e-02	2.643780100139036e-02	2.419990648271790e-09	2.419990648271788e-06
1.778300e+02	5.377070446108934e-02	2.660052546554221e-02	2.169095014217294e-09	2.169095014217292e-06
1.995300e+02	5.418643492844231e-02	2.678053503910601e-02	1.944211306792582e-09	1.944211306792580e-06
2.238800e+02	5.464366443952508e-02	2.697942141733157e-02	1.725388817964828e-09	1.725388817964827e-06
2.511900e+02	5.514540651359975e-02	2.719874475332279e-02	1.546506919481886e-09	1.546506919481886e-06
2.818400e+02	5.569533680672941e-02	2.744039693923428e-02	1.372446367561399e-09	1.372446367561399e-06
3.162300e+02	5.629675640689726e-02	2.770615192865939e-02	1.217976465610338e-09	1.217976465610338e-06
3.548200e+02	5.695320124589619e-02	2.799793417948257e-02	1.080892270797084e-09	1.080892270797084e-06
3.981100e+02	5.766796511863831e-02	2.831760831150392e-02	9.592370083139650e-10	9.592370083139651e-07
4.466900e+02	5.844478999583252e-02	2.866728695804472e-02	8.512741398738918e-10	8.512741398738920e-07
5.011900e+02	5.928688720126960e-02	2.904889088741541e-02	7.479827484349954e-10	7.479827484349955e-07
5.623500e+02	6.019788735168684e-02	2.946457312411349e-02	6.637967106103370e-10	6.637967106103369e-07
6.309600e+02	6.118074562894360e-02	2.991621689622820e-02	5.832533431333673e-10	5.832533431333672e-07
7.079500e+02	6.223889197285407e-02	3.040595361616574e-02	5.124828985118986e-10	5.124828985118984e-07
7.943300e+02	6.337516157654639e-02	3.093566411235437e-02	4.548025512460247e-10	4.548025512460247e-07
8.912600e+02	6.459256125885955e-02	3.150732256612294e-02	3.956613780530340e-10	3.956613780530340e-07
1.000010e+03	6.589353785904632e-02	3.212264426054198e-02	3.476528548717901e-10	3.476528548717901e-07
